6.56526058505767e-51 1.25304977900304e-96 1.96831123677998e-47 1
4.30582636120497e-32 1 4.96947408939211e-52 2.20914289666857e-69
4.29017357481085e-47 1 2.59609793429675e-72 2.88756992631945e-94
1.11591517271424e-44 1 2.59409875370147e-68 4.02476701169628e-94
5.00779740958171e-13 1.09855140600874e-71 0.999999999999499 1.05487285550578e-48
3.8331880534854e-15 5.58639132642663e-71 0.999999999999996 5.81397504470188e-38
7.09742643249511e-14 7.93234028407764e-64 0.999999999999929 1.48882417086666e-50
0.999999999999986 1.84773744941502e-31 1.37122154921425e-14 1.22805896167898e-39
1.13448399488001e-19 4.66386976780105e-76 1 4.29804175932732e-52
8.16264889950022e-44 1 3.5773422820546e-65 4.73995519314648e-95
1 5.84163557053933e-37 3.726724882924e-16 1.19944630573685e-36
1 5.37690295604528e-35 1.8168589272777e-23 3.79020170133476e-46
1 2.6209774582739e-39 2.55939571161592e-16 1.31534297775824e-51
2.00101080780948e-11 8.1577882313949e-67 0.99999999997999 8.53964952222799e-45
0.99999999999999 3.55051984542485e-43 1.02311501692835e-14 5.12034229152551e-43
3.46538167473486e-33 1.5875079225883e-70 1.25803880490607e-31 1
1 6.86196069697359e-32 1.58252485159758e-21 1.67182750197871e-55
2.93892684290698e-45 3.32897800451908e-81 2.90458486569999e-40 1
6.37723978408868e-44 1 1.71767320752528e-64 5.1412105602715e-85
1.78788288661617e-39 1 1.11447714370406e-62 6.98498359283097e-76
6.31969341506309e-17 9.23358850661554e-59 1 1.13247818297418e-44
1.06720480209801e-46 1 9.48747709340621e-76 3.89877235112904e-92
1.26127191980569e-57 6.84065428036781e-84 3.8125979813478e-54 1
1.38549441215172e-49 1.44812226798271e-86 1.33196280058629e-46 1
7.64387153075348e-52 4.07131587020178e-81 4.45940136152347e-47 1
2.0580594876822e-11 1.58023004099063e-48 0.999999999979419 5.8810888581263e-37
1.61536751060747e-44 1 1.84993890732954e-66 1.90757284943693e-85
0.999999999942911 8.47591087105991e-34 5.70892523314937e-11 1.44693091311651e-40
0.999999999998194 9.76450656865522e-48 1.80598242223658e-12 1.80613923326806e-40
2.01277016801575e-48 7.40804654446773e-88 3.22819897481581e-45 1
3.06916528058868e-41 1 7.15312050455641e-64 2.60602683293358e-84
1 4.0278121348397e-40 3.49790421699695e-16 1.9476071307336e-38
2.29507803721733e-15 9.6211886377945e-66 0.999999999999998 4.56407053123808e-43
1 6.85706415283615e-48 5.06468118587962e-16 2.08480265654865e-38
3.65186474341291e-44 4.62893781418417e-75 2.04340794336189e-43 1
2.66934946235829e-16 1.82939075960874e-58 1 6.52699121651671e-45
7.17594905844941e-47 1 1.34996949981433e-68 3.10292745946694e-78
1.67993143973727e-44 7.47233784929394e-78 2.1962501213223e-45 1
2.46625428127511e-31 1 1.18066339244184e-47 1.82998519461686e-65
1.41160285092164e-41 4.96624829056071e-80 2.41424425392766e-43 1
5.07949641245089e-43 3.32023135671902e-79 3.43252771126638e-44 1
1.04677406552623e-30 1 7.48171803640984e-58 3.49551148408867e-69
3.63532701538133e-42 9.25112412030256e-73 8.90717986782548e-41 1
5.9672900297855e-13 3.44377352386e-64 0.999999999999403 1.39757559464648e-32
2.27171342155155e-46 3.16026734295314e-90 6.7286405479535e-40 1
2.38544411497912e-39 1 3.28445341875442e-63 2.77446609530325e-75
2.6019341510585e-10 2.7665447004503e-61 0.999999999739807 6.14886032535642e-52
3.1669279232825e-41 1.32862027287043e-80 1.02845364502985e-38 1
1.36219207291186e-15 1.03154572516744e-64 0.999999999999999 2.20944863691255e-54
7.79905409872354e-46 1.29357572530561e-85 9.69768563913877e-50 1
1.87535132164279e-17 1.3079180140456e-65 1 3.02653705970934e-33
3.30887289937969e-12 2.38019824249662e-55 0.999999999996691 9.21504757964558e-50
6.52258280503206e-14 1.29439532509035e-68 0.999999999999935 3.89617182506118e-49
1.6729625130452e-50 8.1342840213926e-90 8.41087349442871e-53 1
9.2185811298623e-38 1 3.51091163499817e-54 1.46277166024929e-75
1.49693714232075e-19 3.13566349771511e-66 1 7.78649144325167e-40
6.38027194413154e-14 4.08933503339927e-66 0.999999999999936 1.17103076542043e-40
7.42599916825408e-38 1 6.20166085818714e-60 1.0195763071564e-73
2.81029854905328e-11 7.17888865793368e-57 0.999999999971897 2.19725803808072e-43
1.87432145973683e-15 4.1393013493443e-55 0.999999999999998 1.71309565230101e-36
1.14377648495615e-49 1.24652910421131e-80 2.33412474051998e-41 1
4.68123959239584e-47 1.42624128041515e-80 6.93277409848443e-45 1
4.72335188691205e-10 3.08383048365055e-60 0.999999999527665 8.86851248114757e-42
1.84843374103211e-13 1.54782005292393e-67 0.999999999999815 7.37544687079276e-48
2.50408723131642e-47 8.62099724381138e-90 2.39169830047845e-47 1
3.68072540879858e-46 3.40637750155802e-80 7.20384320072839e-42 1
3.47707235609408e-21 1.87989336512887e-58 1 1.46610692976154e-24
0.999999792858825 3.53868617772538e-42 2.07141175175147e-07 1.79670182815924e-41
1 1.37826808267589e-32 2.96190646066195e-20 6.18673047277072e-41
8.52639815207683e-37 1 2.51390039695534e-56 3.53460961618011e-75
2.81439073446578e-17 6.22194474141673e-63 1 5.43727649450953e-41
3.88546091475822e-13 1.76250752831672e-56 0.999999999999611 8.83103870376047e-48
1 3.85458513765966e-45 6.41313578869857e-19 2.87245012027633e-44
9.43311240279542e-35 1 2.59497668461773e-54 7.43312083005937e-71
5.86736523413745e-13 1.75276586781919e-57 0.999999999999413 8.0837302128164e-37
0.999999999999997 2.21285199451249e-48 3.08485720014664e-15 4.92379705009366e-52
3.55093315565305e-12 4.31655771399299e-63 0.999999999996449 4.64771347977025e-39
1.2159423737034e-15 1.41763423739107e-66 0.999999999999999 3.06639139655473e-38
2.05455473412998e-46 1 3.8558706107977e-72 1.87462835444391e-83
4.45181075686135e-41 1 1.46674590414972e-65 3.63650978664428e-73
4.75268973081919e-43 1 1.38418711307793e-64 3.18437085993026e-76
1.02269620714042e-40 1.0279749266104e-71 4.03266639373577e-39 1
1.89425892701413e-36 1.20882148246171e-74 2.51380673105141e-32 1
2.76586977088255e-44 1.86538587164384e-80 1.90752415868573e-43 1
5.75250396993201e-35 1 4.6675528551537e-56 6.16169383004466e-74
2.27653071972669e-53 2.31335935566508e-90 1.92294207633435e-48 1
5.06437059229785e-28 1 8.17324408003378e-48 4.84050026510432e-66
1.27934788761184e-35 1 1.55399579590145e-50 1.15766853276775e-81
7.85682089308943e-47 1 2.36993734275972e-68 1.16153556997526e-92
0.999999999996633 3.33434269040302e-40 3.36704205353213e-12 2.95581943984998e-45
1 8.77032137875325e-38 5.70187327042021e-17 1.28600497841918e-52
5.21833882032586e-33 1.58329272022759e-63 3.07774255054559e-28 1
9.71247158407653e-11 7.32696748142843e-51 0.999999999902875 5.68654433775839e-36
1.70470732058372e-44 1 8.47441926824303e-61 3.50995174356198e-80
1.77912883255872e-35 1 4.16769954482192e-58 7.07995547300536e-85
1.92018204467929e-54 5.19307118435567e-90 3.09556184228914e-46 1
6.02636867219044e-43 1 3.27501222956147e-64 1.71103878890364e-74
5.00212642056601e-42 1 6.22906383942174e-64 8.18042297024422e-82
1.67210083224247e-49 2.84759857283541e-82 7.67265872308353e-48 1
2.53620893184141e-27 1 7.84370782400924e-48 4.04815698053159e-59
1 5.15908608261043e-34 1.98944382467809e-16 7.35115544052634e-35
1 2.93281371240574e-40 2.04517495456363e-17 4.2371159905982e-51
1 4.50346502535161e-36 7.43009931437577e-19 5.04060777472181e-64
2.01266464737743e-40 1 7.59568483821501e-60 1.91529344822301e-74
2.96761389455446e-36 1 7.7708290122089e-54 6.55409035566079e-74
5.88339993750936e-37 1 3.67264910155913e-57 1.2834458913326e-74
0.999999976952588 2.13697573863209e-24 2.30474124399503e-08 4.38637107521531e-41
4.07695693787187e-54 3.86945787482338e-85 1.08655962726563e-49 1
4.03560697269768e-45 1 1.46305463722701e-67 1.34384847320017e-80
5.3185188556825e-38 1 2.01838951739711e-59 1.04031632122978e-76
4.52437782243813e-17 2.22116253998885e-69 1 1.70922019404519e-45
5.02742427666357e-20 7.3772644601735e-83 1 2.0806956001611e-50
3.06082629277076e-19 3.31441319398632e-66 1 2.82343528915205e-39
0.999999999881248 1.14173871068445e-33 1.18751784321994e-10 3.32864250757783e-41
2.03910113666343e-47 6.35501224976566e-85 5.85460765945125e-50 1
1.42710700195668e-14 9.74530866634874e-64 0.999999999999986 3.27894138012575e-43
1.74203089797032e-13 4.86222289960976e-59 0.999999999999826 3.4539007848066e-42
0.999999999999939 1.17157786279644e-45 6.08111129734519e-14 3.20502423891066e-40
6.29896956311693e-34 1 8.05110511708682e-57 7.05411136423611e-68
9.89191785331763e-53 1.86107601916368e-84 2.31351907634508e-53 1
6.32831492969551e-50 1 4.0806432085017e-71 2.16686750388567e-77
3.27045803672684e-13 1.04671347758579e-60 0.999999999999673 8.77353998670952e-46
1.66934847390086e-32 2.94939403385202e-60 6.72592718052957e-36 1
4.86302581527411e-40 1 5.13133331120756e-61 4.26733574927508e-84
0.999999999997166 1.5990209544292e-49 2.83342682901686e-12 1.34425412053297e-51
4.90294014592303e-19 6.01270488490561e-76 1 1.62279196991314e-50
7.98678575751492e-48 2.19646365733892e-87 2.4217006945535e-43 1
0.999999999999984 7.20603808188896e-34 1.62014356160591e-14 4.42024672652295e-50
3.65647141648638e-31 1 2.16051269028567e-54 2.81582160841824e-71
0.999999999940527 4.90699495512372e-41 5.9473259950366e-11 1.56312030242703e-55
3.54074617454722e-38 5.16234959883494e-85 6.91509479869669e-43 1
3.13930721009612e-43 1 1.20974315524396e-66 5.06865326761356e-84
1.44109668144194e-14 9.74010616485288e-66 0.999999999999986 4.52515325849714e-43
3.96198226332766e-46 1 5.66871111764334e-71 2.34376430264268e-84
1.33571097809484e-38 1 3.05062744015804e-63 1.31926808697289e-88
2.13192977702766e-12 1.42306354114397e-55 0.999999999997868 1.24532336853299e-55
7.79833800735321e-49 1 2.07234420157454e-68 2.64756161179201e-84
1.28935224880726e-40 1.88750004814224e-71 3.71001697391181e-39 1
6.05600080591854e-41 1 8.77874971537751e-62 3.09685672720017e-84
9.81212634437793e-21 2.42592751201494e-81 1 2.20771069318511e-53
2.27708883786181e-47 1 9.95063748216946e-75 4.21840904474972e-88
3.37881896859407e-13 3.60760622345762e-64 0.999999999999662 5.48313501189185e-43
1.78349060624456e-15 3.22577374690926e-68 0.999999999999998 5.38700812377083e-46
6.82979595121135e-46 1 3.35018850177802e-70 1.03715466581203e-88
4.22480122334424e-44 1 1.26668259879461e-70 5.76076075411782e-77
0.999999999999993 1.43225053741366e-44 6.76109929573895e-15 1.76637752041172e-41
0.99999993958482 2.92098467373572e-36 6.04151799152997e-08 2.72141041641175e-53
0.999999999999989 5.19202997899955e-46 1.1330904853152e-14 1.29017607392238e-55
0.999999999999331 1.06025631886378e-35 6.69461178988218e-13 2.95149307305218e-42
9.77930654730081e-50 1.07108616126375e-73 1.19822575242668e-42 1
1 1.24898174666294e-40 5.94338869482409e-17 7.02529205153193e-39
1.50743076621076e-39 1.70167878681989e-70 5.97624819833388e-40 1
2.9192337963071e-15 3.29090176819124e-59 0.999999999999997 2.84724139729965e-41
1.5637571517754e-49 1 2.47200406615303e-69 2.85674014162054e-84
1.1326179493715e-48 1 7.31167750925032e-79 9.44592828347553e-90
7.20283421797894e-33 1 1.65609701456551e-53 2.86127398462512e-59
1.39176844448094e-39 1 3.7423165690377e-63 1.4218897271167e-74
5.46911302238222e-48 7.32971889918595e-69 2.22434542923067e-44 1
1.52370830937315e-34 2.50839713806306e-59 9.33927179638575e-30 1
4.06847412568425e-13 7.21343087783243e-68 0.999999999999593 3.59257021703388e-51
0.999999999999935 3.95790402075975e-39 6.47446609563295e-14 3.40711203484425e-47
3.25610931859706e-45 6.30282912966902e-83 2.57020285990436e-46 1
4.39251875430505e-16 1.35029996565898e-53 1 4.77907655858106e-38
6.67299421077075e-42 1 1.7255856056113e-60 8.7009735548059e-81
0.999999992994412 2.01539549617339e-49 7.00558828104338e-09 2.87179206554991e-44
1.09751782040904e-41 4.2503190430304e-84 1.32923539477995e-41 1
1.97561741342881e-15 2.53288555057823e-57 0.999999999999998 4.73213587384921e-44
3.77895639466263e-13 1.18578894592183e-54 0.999999999999622 1.70031856567094e-36
2.24794773104011e-48 2.14152837362115e-80 2.2174746166081e-48 1
7.1541588295692e-48 1.23209074501701e-84 8.46848354664837e-42 1
2.39298514900344e-36 1 4.46217082676304e-58 1.34099592278314e-79
1.97067633024485e-11 5.28379675278233e-59 0.999999999980293 4.6798335232001e-39
7.80295686524004e-12 1.01764827831089e-66 0.999999999992197 2.98074394048204e-53
4.49655878874887e-62 5.46994587398574e-90 2.69645664661628e-56 1
2.36723264715709e-52 1.88296620891162e-78 7.3921122053884e-47 1
0.99999999997454 8.90961250270656e-38 2.54600900252564e-11 2.24849183927463e-47
1.688110625993e-14 2.79440833988521e-68 0.999999999999983 1.90580461643081e-39
7.91291964042733e-38 2.66284451243565e-76 2.1373752900735e-34 1
0.999999999915698 1.60000864738933e-48 8.43023082822697e-11 4.08547693617088e-46
1 1.89864393073819e-49 1.0469093030321e-16 5.41215527188335e-41
6.0908131016989e-40 8.10785623456598e-85 6.95478310870643e-41 1
1.30617715878933e-33 2.38220266936793e-64 1.25784838256593e-31 1
5.00436757452982e-17 4.61137515928322e-70 1 4.13198586666019e-45
2.47653412882217e-18 3.7789034184406e-62 1 4.34717179058557e-48
1.02210442025311e-38 2.89477803275564e-69 1.24370707757576e-37 1
4.18625363648527e-10 1.88960568449602e-45 0.999999999581375 1.20511386243922e-45
1.31940167778991e-49 2.27584091415335e-85 2.83781911861832e-47 1
2.05447616485377e-28 1 7.89147567637825e-45 1.57790163708166e-59
6.82791827739387e-15 2.29013179559443e-62 0.999999999999993 1.08645955256758e-42
1.87581233896381e-37 2.77408426084931e-84 2.10746838216264e-36 1
0.999999999999954 2.1747169448452e-43 4.54431914308764e-14 6.11207892325059e-38
5.04077728068174e-44 1 1.19602812301833e-67 4.65140740222755e-88
1 6.43525562484312e-37 1.14776383520177e-18 3.10627507619653e-56
1.06528248986185e-41 1.72501332197981e-71 2.09888592994227e-37 1
5.62557434893902e-45 4.54407096281101e-76 4.84545427156828e-43 1
3.68505365393542e-41 1 6.82172298402676e-61 8.97602339819794e-87
1.49197489670378e-40 1.09111709822975e-74 1.00259015729997e-42 1
1 3.77401604280053e-36 1.77522650054943e-17 3.31408364336127e-52
2.25931722366041e-15 3.64830534028989e-57 0.999999999999998 5.99248912063024e-52
1.0299864716039e-20 1.8433043406362e-68 1 3.71879401800549e-49
2.06869133648649e-40 6.81079747099456e-72 5.65132647842677e-39 1
1 5.29299763895169e-40 3.11916238388918e-24 1.45024750956283e-46
1.89256665397571e-11 7.63962823460963e-62 0.999999999981074 1.17093518717282e-44
1.65073660584728e-42 1 1.35025725763663e-71 1.32750662860903e-86
5.35475582023444e-45 1 2.77960323546044e-62 4.57034856348678e-83
1.20060422429989e-34 1 9.67020195024876e-55 7.28077376793606e-76
1.015070388851e-40 2.01678746395271e-77 1.39140114962888e-33 1
4.70822265838067e-50 7.02060525780716e-77 3.28851413925662e-51 1
0.999999999999683 1.44126289999391e-48 3.17159943148572e-13 1.11740058193768e-42
1.63260501944408e-53 1.38951354924232e-82 3.97177522224743e-50 1
1.12178738086757e-15 1.23372844604564e-66 0.999999999999999 7.94405661585558e-42
1 5.61440003879024e-32 1.38329005524924e-17 1.425310922413e-51
1 1.95231579130265e-33 2.06189057741351e-17 1.380760801292e-55
1.73717070143984e-08 1.44365147662608e-54 0.999999982628293 1.40548876669017e-52
3.11265344326327e-11 2.29665674819773e-52 0.999999999968874 1.44115760275901e-43
7.45912513036619e-50 1 3.05302576894429e-71 4.94947551602254e-80
2.80307914758701e-18 7.81899548236504e-56 1 5.36975245955204e-49
1.7488408740513e-35 9.96340769532912e-62 1.69157104276718e-43 1
1.18032066849275e-46 1.79777068853357e-75 2.53388733567593e-50 1
0.999999718637136 2.05638834541836e-46 2.81362863542823e-07 2.0914520410778e-40
1 1.42539335110894e-27 2.35162638789732e-17 1.54839908157222e-46
1.57711650426461e-56 4.8285946212648e-85 6.46669469624245e-52 1
1.40910090477789e-39 1 6.31136806560994e-63 4.06136331654406e-81
0.999999999999991 1.35212679114701e-43 9.20421737584303e-15 9.95406280335667e-51
2.7897929609388e-47 4.16891955463834e-86 1.49411714972387e-42 1
6.84193611592952e-13 4.39787820453251e-56 0.999999999999316 4.55245836071272e-39
2.11588283233103e-56 1.12719243958916e-86 1.61486122701858e-56 1
2.97118017481013e-44 1 1.29706365051011e-69 3.57830033271887e-82
2.09070673868486e-16 7.66882851070216e-77 1 1.76460062311754e-42
6.30418520732531e-16 9.40120577652985e-68 0.999999999999999 1.27703027332119e-44
8.42652092222993e-34 1 1.55486313955613e-52 1.99331567218164e-66
6.99399737916749e-48 1.00960288480762e-84 1.03278565220495e-41 1
0.99999799396119 1.04185648794105e-50 2.00603881007806e-06 9.96248519633025e-46
0.999999999463438 4.97307676536513e-45 5.36561866281419e-10 1.61522924328358e-42
1.27263065059111e-47 5.89973668935391e-84 7.2171304004488e-43 1
3.16911193831385e-44 1 1.39867868283524e-64 1.74649271917812e-82
2.97942968261371e-12 6.30113165132446e-54 0.999999999997021 3.3811579496913e-41
1 1.17990635981824e-29 1.12153421751138e-20 3.88526694831036e-41
4.12184355934401e-13 1.18237552897179e-67 0.999999999999588 2.99484848376966e-38
0.99999999999987 3.02898959873906e-46 1.29603419120449e-13 2.29770825758049e-39
7.05364306362028e-17 4.9180657485478e-56 1 5.93254996709521e-32
6.6588867728352e-19 8.48554118513174e-64 1 1.92561564527739e-46
5.592476159829e-38 1.28652548486157e-69 5.02562334816503e-47 1
1 1.51004522141007e-36 2.23758747747873e-17 1.97897044590981e-51
2.25313735781213e-48 1.10012474758334e-79 2.867938197047e-49 1
9.43101147783637e-42 1.78830981524796e-79 2.28181628308064e-37 1
5.63478196358153e-47 2.99614523019446e-84 5.2448833436628e-46 1
3.91928610213884e-41 3.39014370044154e-69 1.02184697733072e-40 1
7.18698087589578e-14 1.38046794441211e-60 0.999999999999928 1.41019787077434e-42
1 1.86898895560633e-44 7.50818687418092e-24 2.77941955406149e-48
7.79367209404115e-34 1 2.94099057391665e-54 1.76432872865136e-78
6.44641084186956e-17 5.08016035943997e-66 1 8.35546446904021e-48
1.1704192263603e-49 1.28215252221493e-80 1.05210127162928e-45 1
4.19022008736033e-20 1.9362435503286e-64 1 4.91285875579829e-44
6.30757126450569e-53 1.35643746687447e-85 1.89379069503017e-48 1
2.49081537563681e-40 1 2.19191848642812e-61 2.78013314090628e-83
0.999999999973528 2.41486531786258e-54 2.64719030337813e-11 4.47459922250925e-42
1.92481536977527e-11 2.07976764612538e-54 0.999999999980752 8.35800728344222e-39
2.52774892626645e-41 1 6.16493714166445e-63 1.61703040088947e-84
1.34597600327733e-36 1 4.47461721311609e-65 4.58189825665266e-77
2.26252963375107e-44 1 1.97374066044571e-68 4.75162436956297e-78
1.27836171170406e-36 1 1.33587463341488e-59 9.88034780298545e-69
1.88374634198483e-44 2.44607779118781e-81 1.73356012701631e-45 1
2.16530707030314e-15 1.83039107827163e-65 0.999999999999998 7.22774591693504e-43
0.999999990483911 1.2582237915343e-47 9.51608917086218e-09 1.78077268815254e-36
1.17425242887393e-13 3.97441421729952e-55 0.999999999999883 5.44749089246182e-36
1.33262149665913e-11 7.45074412588555e-59 0.999999999986674 5.8345837269663e-42
2.9408317284607e-39 1.49746710326747e-71 1.40618857860266e-35 1
2.18016877024561e-44 1 5.50387168971364e-72 3.17287466191427e-85
1 1.48143899256008e-45 1.87933822066538e-20 9.87940686175576e-46
4.19720320380091e-36 1.18099535874892e-59 5.4772886676639e-33 1
0.999999999995179 1.52044643821428e-36 4.82065007136706e-12 1.06580405404863e-45
5.52597530702653e-48 2.14666753174339e-89 1.49786935357796e-42 1
2.08525792766092e-46 1 9.81456032233677e-62 5.9025818701883e-77
9.39884490209134e-47 1.12329749241201e-80 2.45821223447818e-38 1
2.21469644827556e-11 9.61936881938407e-59 0.999999999977853 2.02379096594491e-41
7.05853636758828e-39 1 2.49698326185734e-58 2.10764079978924e-75
5.08291186930591e-19 6.6256198672016e-72 1 6.6793758038377e-50
1.34758522219758e-51 1.93407039029618e-87 1.68715477679632e-48 1
8.15377819308961e-54 1.20563433688271e-89 2.97561112499458e-49 1
1.14516539080829e-14 2.19130717617905e-59 0.999999999999988 1.78779739875136e-38
0.99999999999856 1.21481402736226e-41 1.4400272947678e-12 7.74297390416945e-42
1 4.42577849836072e-33 5.74487004618297e-17 3.46109553104994e-45
3.19875011009565e-53 8.30989626722597e-84 5.68285502971483e-53 1
4.18640436347734e-13 4.16544882524908e-62 0.999999999999581 3.81152351390705e-50
1.03963626109853e-18 2.24140872628957e-72 1 7.21733286237912e-46
3.97550585144815e-49 1 7.35849091014257e-73 2.72942471213284e-83
4.9732197680737e-37 1 7.52902755126148e-56 2.71819561797433e-92
0.989582462449252 2.15793153544782e-43 0.0104175375507476 7.60588350841119e-38
0.999999999999973 4.63796483053082e-41 2.66512970577192e-14 3.6192215012715e-40
7.64411071821447e-16 3.06707336134632e-62 0.999999999999999 2.45944373516764e-40
0.999999999999983 1.32324720728052e-48 1.71253663546332e-14 3.11025016235566e-50
2.12545084601843e-46 4.30559838747801e-85 1.28720133798807e-46 1
4.00646297145492e-14 7.41892908325822e-55 0.99999999999996 1.51058716229968e-45
4.45774107466054e-12 1.38737320354573e-55 0.999999999995542 1.33293339049793e-40
6.93247682029135e-17 4.49338911977813e-58 1 1.23039016281648e-41
0.99999999999971 2.67547561321505e-31 2.90292918855906e-13 1.94048052209934e-34
2.76451723173519e-53 3.28051248647916e-85 2.71352915362065e-50 1
1.92588712566353e-35 1.31919788118189e-68 2.29933836204242e-39 1
8.03807935079191e-43 1 3.28020176271666e-64 3.39268194645219e-91
