2.99484848376966e-38 1.18237552897163e-67 4.12184355934394e-13 0.999999999999588
1 1.86538587164389e-80 2.76586977088295e-44 1.907524158686e-43
1.34099592278303e-79 1 2.39298514900344e-36 4.46217082676266e-58
2.09145204107807e-40 2.05638834541839e-46 0.999999718637136 2.81362863542839e-07
2.60602683293358e-84 1 3.06916528058868e-41 7.15312050455601e-64
8.97602339819742e-87 1 3.68505365393532e-41 6.82172298402599e-61
1.76637752041177e-41 1.4322505374137e-44 0.999999999999993 6.76109929573919e-15
1 4.07131587020166e-81 7.64387153075435e-52 4.4594013615241e-47
1 7.02060525780737e-77 4.70822265838081e-50 3.28851413925694e-51
1 4.62893781418431e-75 3.65186474341343e-44 2.04340794336224e-43
2.87179206555011e-44 2.01539549617325e-49 0.999999992994412 7.00558828104348e-09
3.39268194645238e-91 1 8.03807935079213e-43 3.28020176271657e-64
3.02653705970968e-33 1.30791801404548e-65 1.87535132164291e-17 1
4.47459922250918e-42 2.41486531786234e-54 0.999999999973528 2.64719030337824e-11
1 6.81079747099417e-72 2.06869133648637e-40 5.65132647842677e-39
1 7.32971889918533e-69 5.4691130223823e-48 2.2243454292308e-44
4.84050026510432e-66 1 5.06437059229811e-28 8.17324408003378e-48
8.08373021281697e-37 1.75276586781919e-57 5.8673652341377e-13 0.999999999999413
9.21504757964624e-50 2.38019824249635e-55 3.30887289937977e-12 0.999999999996691
1 3.32897800451908e-81 2.93892684290731e-45 2.90458486570032e-40
9.87940686175632e-46 1.48143899256018e-45 1 1.87933822066551e-20
1.228058961679e-39 1.84773744941507e-31 0.999999999999986 1.37122154921426e-14
1.74649271917812e-82 1 3.16911193831376e-44 1.39867868283508e-64
1.9152934482229e-74 1 2.01266464737725e-40 7.59568483821393e-60
4.26733574927508e-84 1 4.86302581527411e-40 5.13133331120726e-61
1 1.38951354924232e-82 1.63260501944422e-53 3.97177522224799e-50
3.27894138012603e-43 9.74530866634819e-64 1.42710700195669e-14 0.999999999999986
1 1.78830981524786e-79 9.43101147783664e-42 2.28181628308083e-37
1.51058716229981e-45 7.41892908325727e-55 4.00646297145498e-14 0.99999999999996
3.53460961618001e-75 1 8.52639815207659e-37 2.51390039695512e-56
5.3697524595528e-49 7.81899548236426e-56 2.80307914758717e-18 1
1 3.86945787482327e-85 4.07695693787222e-54 1.08655962726579e-49
3.10292745946677e-78 1 7.1759490584488e-47 1.34996949981409e-68
1 1.20563433688268e-89 8.15377819309007e-54 2.975611124995e-49
5.38700812377137e-46 3.22577374690908e-68 1.78349060624465e-15 0.999999999999998
1 1.24652910421121e-80 1.14377648495624e-49 2.33412474052018e-41
2.77941955406145e-48 1.86898895560625e-44 1 7.5081868741814e-24
1.76432872865136e-78 1 7.79367209404137e-34 2.94099057391644e-54
2.95581943985003e-45 3.33434269040306e-40 0.999999999996633 3.36704205353229e-12
2.8612739846248e-59 1 7.20283421797874e-33 1.65609701456533e-53
2.95149307305231e-42 1.06025631886369e-35 0.999999999999331 6.69461178988244e-13
2.98074394048217e-53 1.01764827831072e-66 7.80295686524023e-12 0.999999999992197
1.28600497841918e-52 8.770321378753e-38 1 5.70187327042033e-17
6.67937580383837e-50 6.62561986720085e-72 5.08291186930598e-19 1
2.20944863691277e-54 1.03154572516729e-64 1.36219207291188e-15 0.999999999999999
5.04060777472224e-64 4.50346502535155e-36 1 7.43009931437577e-19
9.95406280335696e-51 1.35212679114695e-43 0.999999999999991 9.20421737584329e-15
1.45024750956291e-46 5.29299763895206e-40 1 3.11916238388938e-24
1 1.09111709822975e-74 1.49197489670391e-40 1.00259015730015e-42
5.99248912063058e-52 3.64830534028927e-57 2.25931722366041e-15 0.999999999999998
1 5.19307118435508e-90 1.92018204467946e-54 3.09556184228949e-46
5.68654433775871e-36 7.32696748142749e-51 9.71247158407632e-11 0.999999999902875
4.73213587384962e-44 2.53288555057802e-57 1.97561741342888e-15 0.999999999999998
1 4.30559838747813e-85 2.12545084601852e-46 1.28720133798818e-46
7.43312083005895e-71 1 9.43311240279582e-35 2.59497668461769e-54
1.01957630715635e-73 1 7.42599916825408e-38 6.20166085818697e-60
2.87245012027653e-44 3.85458513765972e-45 1 6.41313578869894e-19
1 1.86107601916363e-84 9.89191785331847e-53 2.31351907634548e-53
4.56407053123853e-43 9.62118863779423e-66 2.29507803721736e-15 0.999999999999998
4.13198586666048e-45 4.61137515928283e-70 5.00436757452996e-17 1
3.20502423891066e-40 1.17157786279641e-45 0.999999999999939 6.08111129734554e-14
3.81152351390754e-50 4.16544882524884e-62 4.18640436347744e-13 0.999999999999581
1 1.58329272022763e-63 5.21833882032615e-33 3.07774255054581e-28
1.05487285550588e-48 1.09855140600867e-71 5.00779740958183e-13 0.999999999999499
1.61703040088951e-84 1 2.52774892626649e-41 6.16493714166445e-63
1 3.28051248647925e-85 2.76451723173543e-53 2.713529153621e-50
1.61522924328367e-42 4.97307676536499e-45 0.999999999463438 5.36561866281438e-10
8.77353998671015e-46 1.0467134775857e-60 3.27045803672685e-13 0.999999999999673
5.12034229152559e-43 3.55051984542465e-43 0.99999999999999 1.02311501692837e-14
3.31408364336127e-52 3.77401604280047e-36 1 1.77522650054945e-17
1.32750662860899e-86 1 1.6507366058472e-42 1.35025725763655e-71
1 9.25112412030203e-73 3.63532701538164e-42 8.90717986782712e-41
2.72942471213299e-83 1 3.97550585144837e-49 7.35849091014215e-73
4.38637107521562e-41 2.136975738632e-24 0.999999976952588 2.30474124399507e-08
1 1.20882148246164e-74 1.89425892701424e-36 2.51380673105174e-32
7.05411136423491e-68 1 6.29896956311648e-34 8.05110511708567e-57
4.73995519314635e-95 1 8.16264889949976e-44 3.57734228205419e-65
1.90757284943672e-85 1 1.61536751060731e-44 1.84993890732928e-66
1 2.14666753174352e-89 5.52597530702716e-48 1.49786935357819e-42
1.80613923326821e-40 9.76450656865564e-48 0.999999999998194 1.8059824222367e-12
7.3754468707936e-48 1.54782005292376e-67 1.84843374103215e-13 0.999999999999815
1.71309565230111e-36 4.13930134934365e-55 1.87432145973681e-15 0.999999999999998
6.11207892325093e-38 2.17471694484517e-43 0.999999999999954 4.54431914308788e-14
1.7110387889034e-74 1 6.02636867219001e-43 3.27501222956091e-64
1 6.35501224976584e-85 2.03910113666355e-47 5.85460765945225e-50
8.83103870376097e-48 1.76250752831657e-56 3.88546091475831e-13 0.999999999999611
3.49551148408788e-69 1 1.0467740655261e-30 7.48171803640856e-58
1 2.89477803275548e-69 1.02210442025319e-38 1.2437070775759e-37
1 9.96340769532883e-62 1.7488408740515e-35 1.69157104276751e-43
1.33293339049802e-40 1.38737320354561e-55 4.45774107466051e-12 0.999999999995542
6.55409035566098e-74 1 2.9676138945545e-36 7.77082901220857e-54
1.82998519461676e-65 1 2.46625428127507e-31 1.18066339244176e-47
3.40711203484449e-47 3.95790402075953e-39 0.999999999999935 6.47446609563325e-14
3.38115794969144e-41 6.30113165132365e-54 2.97942968261377e-12 0.999999999997021
1.46610692976165e-24 1.87989336512855e-58 3.47707235609408e-21 1
4.04815698053136e-59 1 2.53620893184131e-27 7.84370782400858e-48
1.46277166024913e-75 1 9.21858112986178e-38 3.51091163499767e-54
1 3.32023135671893e-79 5.07949641245132e-43 3.43252771126687e-44
1.24532336853327e-55 1.42306354114393e-55 2.1319297770277e-12 0.999999999997868
2.88756992631937e-94 1 4.29017357481066e-47 2.59609793429638e-72
7.94405661585581e-42 1.23372844604547e-66 1.12178738086758e-15 0.999999999999999
9.88034780298461e-69 1 1.27836171170406e-36 1.33587463341476e-59
1.87462835444381e-83 1 2.05455473412993e-46 3.85587061079726e-72
1 3.39014370044125e-69 3.91928610213901e-41 1.02184697733079e-40
5.81397504470212e-38 5.58639132642567e-71 3.8331880534854e-15 0.999999999999996
7.78649144325278e-40 3.13566349771493e-66 1.49693714232079e-19 1
4.02476701169628e-94 1 1.11591517271424e-44 2.59409875370117e-68
4.7516243695627e-78 1 2.26252963375107e-44 1.9737406604456e-68
1 1.70167878681974e-70 1.50743076621071e-39 5.9762481983343e-40
1 1.07108616126372e-73 9.77930654730081e-50 1.19822575242675e-42
1.06580405404871e-45 1.52044643821426e-36 0.999999999995179 4.82065007136727e-12
4.5251532584974e-43 9.74010616485178e-66 1.441096681442e-14 0.999999999999986
1 1.28652548486168e-69 5.59247615982988e-38 5.02562334816632e-47
1 1.93407039029607e-87 1.34758522219761e-51 1.68715477679651e-48
3.79020170133471e-46 5.37690295604551e-35 1 1.81685892727779e-23
1 8.30989626722526e-84 3.19875011009565e-53 5.68285502971532e-53
4.23711599059856e-51 2.93281371240574e-40 1 2.04517495456361e-17
1 4.82859462126438e-85 1.57711650426475e-56 6.46669469624346e-52
6.16169383004501e-74 1 5.75250396993225e-35 4.6675528551537e-56
1.48882417086677e-50 7.93234028407697e-64 7.09742643249534e-14 0.999999999999929
1.78077268815257e-36 1.25822379153414e-47 0.999999990483911 9.51608917086258e-09
5.06865326761356e-84 1 3.13930721009616e-43 1.20974315524392e-66
1.67182750197873e-55 6.86196069697349e-32 1 1.58252485159766e-21
1 8.10785623456529e-85 6.0908131016989e-40 6.95478310870703e-41
4.42024672652339e-50 7.20603808188907e-34 0.999999999999984 1.62014356160594e-14
1.13247818297426e-44 9.23358850661449e-59 6.31969341506322e-17 1
1.94048052209937e-34 2.67547561321486e-31 0.99999999999971 2.90292918855906e-13
3.453900784807e-42 4.86222289960921e-59 1.74203089797035e-13 0.999999999999826
1.23039016281666e-41 4.49338911977775e-58 6.9324768202915e-17 1
1 1.79777068853362e-75 1.18032066849281e-46 2.53388733567622e-50
7.35115544052634e-35 5.15908608261043e-34 1 1.9894438246782e-16
1.17093518717294e-44 7.63962823460941e-62 1.89256665397578e-11 0.999999999981074
1 2.31335935566501e-90 2.27653071972691e-53 1.92294207633463e-48
5.9025818701883e-77 1 2.08525792766098e-46 9.81456032233621e-62
4.34717179058606e-48 3.77890341844006e-62 2.47653412882228e-18 1
1 4.96624829056042e-80 1.41160285092164e-41 2.41424425392786e-43
1 2.38220266936766e-64 1.30617715878926e-33 1.25784838256594e-31
1.31926808697274e-88 1 1.33571097809472e-38 3.05062744015752e-63
1 5.89973668935374e-84 1.27263065059118e-47 7.21713040044983e-43
2.16686750388567e-77 1 6.32831492969551e-50 4.08064320850159e-71
5.41215527188319e-41 1.8986439307383e-49 1 1.04690930303215e-16
4.9237970500938e-52 2.21285199451255e-48 0.999999999999997 3.08485720014672e-15
1 3.40637750155773e-80 3.68072540879868e-46 7.203843200729e-42
1.03715466581209e-88 1 6.82979595121193e-46 3.35018850177802e-70
1 5.16234959883494e-85 3.54074617454742e-38 6.91509479869767e-43
3.0968567271999e-84 1 6.05600080591819e-41 8.77874971537651e-62
1.54839908157228e-46 1.42539335110894e-27 1 2.35162638789735e-17
1.94760713073354e-38 4.02781213483941e-40 1 3.4979042169971e-16
1 4.16891955463834e-86 2.789792960939e-47 1.49411714972408e-42
1 1.88750004814224e-71 1.28935224880739e-40 3.71001697391244e-39
9.96248519633081e-46 1.04185648794099e-50 0.99999799396119 2.00603881007815e-06
8.86851248114795e-42 3.08383048365038e-60 4.72335188691207e-10 0.999999999527665
1.44115760275911e-43 2.2966567481977e-52 3.11265344326327e-11 0.999999999968874
1 1.18099535874889e-59 4.19720320380114e-36 5.47728866766436e-33
4.2184090447496e-88 1 2.27708883786175e-47 9.95063748216861e-75
3.57830033271877e-82 1 2.97118017481001e-44 1.29706365050996e-69
3.17287466191427e-85 1 2.18016877024561e-44 5.50387168971364e-72
1.2834458913326e-74 1 5.88339993750944e-37 3.67264910155902e-57
7.02529205153213e-39 1.24898174666301e-40 1 5.94338869482434e-17
3.46109553105004e-45 4.42577849836059e-33 1 5.74487004618305e-17
1.11740058193775e-42 1.44126289999389e-48 0.999999999999683 3.17159943148584e-13
1.04031632122964e-76 1 5.3185188556822e-38 2.01838951739676e-59
2.20771069318539e-53 2.42592751201473e-81 9.81212634437806e-21 1
1 2.14152837362097e-80 2.24794773104011e-48 2.21747461660836e-48
2.78013314090628e-83 1 2.49081537563695e-40 2.19191848642812e-61
3.88526694831036e-41 1.17990635981823e-29 1 1.12153421751138e-20
4.67983352320023e-39 5.28379675278143e-59 1.9706763302448e-11 0.999999999980293
2.08480265654862e-38 6.85706415283576e-48 1 5.06468118587976e-16
8.18042297024422e-82 1 5.00212642056587e-42 6.22906383942139e-64
1.42188972711654e-74 1 1.39176844448082e-39 3.74231656903706e-63
4.77907655858153e-38 1.35029996565886e-53 4.39251875430517e-16 1
2.10764079978906e-75 1 7.05853636758767e-39 2.49698326185698e-58
5.483135011892e-43 3.60760622345732e-64 3.37881896859414e-13 0.999999999999662
1.08645955256772e-42 2.2901317955943e-62 6.82791827739402e-15 0.999999999999993
1.97897044590984e-51 1.51004522140994e-36 1 2.23758747747866e-17
1 1.12719243958923e-86 2.11588283233133e-56 1.614861227019e-56
2.77446609530309e-75 1 2.38544411497912e-39 3.28445341875423e-63
4.55245836071324e-39 4.39787820453232e-56 6.84193611592972e-13 0.999999999999316
6.14886032535695e-52 2.76654470045007e-61 2.60193415105849e-10 0.999999999739807
1.70922019404543e-45 2.22116253998878e-69 4.52437782243832e-17 1
1 2.27584091415354e-85 1.3194016777901e-49 2.83781911861889e-47
3.10627507619657e-56 6.43525562484321e-37 1 1.14776383520178e-18
3.32864250757807e-41 1.14173871068446e-33 0.999999999881248 1.18751784321997e-10
2.64756161179216e-84 1 7.79833800735343e-49 2.07234420157448e-68
1 1.42624128041507e-80 4.68123959239624e-47 6.93277409848581e-45
1 8.62099724381138e-90 2.50408723131663e-47 2.39169830047896e-47
4.94947551602169e-80 1 7.45912513036545e-50 3.05302576894377e-71
3.59257021703398e-51 7.21343087783161e-68 4.06847412568422e-13 0.999999999999593
1 7.4080465444671e-88 2.01277016801581e-48 3.22819897481618e-45
1 4.54407096281076e-76 5.62557434893918e-45 4.84545427156883e-43
7.28077376793627e-76 1 1.20060422429994e-34 9.67020195024835e-55
1.27703027332134e-44 9.40120577652905e-68 6.30418520732562e-16 0.999999999999999
1.41019787077444e-42 1.38046794441195e-60 7.18698087589585e-14 0.999999999999928
3.8987723511287e-92 1 1.0672048020979e-46 9.48747709340459e-76
1 2.66284451243565e-76 7.91291964042823e-38 2.1373752900738e-34
1.79670182815921e-41 3.53868617772502e-42 0.999999792858825 2.07141175175149e-07
1 1.1001247475834e-79 2.25313735781226e-48 2.86793819704741e-49
8.53964952222811e-45 8.15778823139351e-67 2.00101080780943e-11 0.99999999997999
1 1.00960288480756e-84 6.99399737916829e-48 1.03278565220511e-41
1.57790163708152e-59 1 2.05447616485368e-28 7.89147567637735e-45
2.81582160841808e-71 1 3.65647141648622e-31 2.16051269028548e-54
1 1.32862027287024e-80 3.16692792328264e-41 1.02845364502997e-38
4.29804175932787e-52 4.66386976780079e-76 1.13448399488003e-19 1
2.34376430264241e-84 1 3.96198226332755e-46 5.6687111176427e-71
1.90580461643083e-39 2.79440833988498e-68 1.68811062599303e-14 0.999999999999983
7.07995547300556e-85 1 1.77912883255877e-35 4.16769954482181e-58
6.52699121651755e-45 1.82939075960868e-58 2.66934946235846e-16 1
6.18673047277107e-41 1.37826808267591e-32 1 2.96190646066216e-20
7.74297390416989e-42 1.21481402736226e-41 0.99999999999856 1.44002729476787e-12
5.4372764945103e-41 6.2219447414162e-63 2.81439073446582e-17 1
1 1.72501332197967e-71 1.06528248986188e-41 2.09888592994245e-37
1.40548876669035e-52 1.44365147662594e-54 1.73717070143985e-08 0.999999982628293
1.39757559464648e-32 3.44377352385931e-64 5.96729002978548e-13 0.999999999999403
2.24849183927485e-47 8.90961250270618e-38 0.99999999997454 2.54600900252558e-11
1 2.44607779118788e-81 1.8837463419851e-44 1.73356012701666e-45
5.76076075411717e-77 1 4.22480122334376e-44 1.26668259879436e-70
1.15766853276775e-81 1 1.2793478876118e-35 1.55399579590127e-50
3.1843708599299e-76 1 4.75268973081899e-43 1.38418711307777e-64
1 2.77408426084946e-84 1.87581233896402e-37 2.10746838216306e-36
3.61922150127155e-40 4.6379648305305e-41 0.999999999999973 2.66512970577204e-14
2.29770825758056e-39 3.02898959873923e-46 0.99999999999987 1.29603419120456e-13
1 1.88296620891145e-78 2.36723264715726e-52 7.39211220538903e-47
7.60588350841216e-38 2.15793153544776e-43 0.989582462449252 0.0104175375507478
1.70031856567111e-36 1.18578894592171e-54 3.77895639466275e-13 0.999999999999622
1.44693091311657e-40 8.47591087106015e-34 0.999999999942911 5.70892523314945e-11
3.89617182506163e-49 1.2943953250902e-68 6.52258280503236e-14 0.999999999999935
1 2.19646365733861e-87 7.98678575751492e-48 2.42170069455364e-43
3.50995174356188e-80 1 1.70470732058377e-44 8.47441926824231e-61
1.19944630573688e-36 5.8416355705395e-37 1 3.72672488292415e-16
1 1.25304977900293e-96 6.56526058505832e-51 1.96831123678031e-47
1 3.16026734295278e-90 2.27171342155162e-46 6.72864054795445e-40
1 2.84759857283549e-82 1.67210083224252e-49 7.6726587230843e-48
1.76460062311771e-42 7.66882851070151e-77 2.09070673868489e-16 1
4.65140740222675e-88 1 5.04077728068138e-44 1.19602812301812e-67
1.78779739875146e-38 2.19130717617886e-59 1.14516539080829e-14 0.999999999999988
1.20511386243936e-45 1.88960568449588e-45 4.18625363648536e-10 0.999999999581375
1 7.47233784929436e-78 1.67993143973744e-44 2.19625012132267e-45
1 2.50839713806292e-59 1.52370830937311e-34 9.33927179638601e-30
1 1.23209074501701e-84 7.15415882957002e-48 8.46848354665006e-42
1 1.29357572530553e-85 7.79905409872398e-46 9.69768563914042e-50
2.84724139729989e-41 3.29090176819086e-59 2.91923379630714e-15 0.999999999999997
6.98498359282998e-76 1 1.78788288661601e-39 1.11447714370387e-62
7.21733286237964e-46 2.24140872628944e-72 1.03963626109854e-18 1
1 1.31919788118178e-68 1.92588712566358e-35 2.29933836204262e-39
2.1972580380809e-43 7.17888865793307e-57 2.81029854905333e-11 0.999999999971897
4.91285875579906e-44 1.93624355032844e-64 4.1902200873606e-20 1
1 1.35643746687447e-85 6.30757126450641e-53 1.89379069503049e-48
8.35800728344294e-39 2.07976764612524e-54 1.92481536977534e-11 0.999999999980752
1 4.25031904303003e-84 1.09751782040911e-41 1.32923539478014e-41
1.34384847320002e-80 1 4.03560697269762e-45 1.46305463722688e-67
8.70097355480565e-81 1 6.67299421077066e-42 1.72558560561115e-60
1.42531092241308e-51 5.61440003879032e-32 1 1.3832900552493e-17
1.92561564527767e-46 8.48554118513102e-64 6.65888677283539e-19 1
4.57034856348704e-83 1 5.35475582023444e-45 2.7796032354602e-62
4.64771347977058e-39 4.31655771399238e-63 3.55093315565309e-12 0.999999999996449
3.71879401800618e-49 1.84330434063604e-68 1.02998647160395e-20 1
4.08547693617111e-46 1.60000864738924e-48 0.999999999915698 8.43023082822754e-11
1 5.46994587398605e-90 4.49655878874938e-62 2.69645664661674e-56
1 1.02797492661031e-71 1.02269620714048e-40 4.03266639373623e-39
1.1615355699751e-92 1 7.85682089308932e-47 2.36993734275945e-68
2.08069560016125e-50 7.37726446017245e-83 5.02742427666346e-20 1
1 1.5875079225883e-70 3.46538167473516e-33 1.25803880490625e-31
1 1.44812226798271e-86 1.38549441215184e-49 1.33196280058647e-46
1.29017607392246e-55 5.19202997899955e-46 0.999999999999989 1.13309048531525e-14
4.58189825665266e-77 1 1.34597600327739e-36 4.47461721311609e-65
5.88108885812689e-37 1.58023004099049e-48 2.05805948768222e-11 0.999999999979419
1.34425412053309e-51 1.59902095442927e-49 0.999999999997166 2.83342682901693e-12
1 2.99614523019446e-84 5.63478196358201e-47 5.24488334366354e-46
1.38076080129218e-55 1.95231579130288e-33 1 2.0618905774136e-17
3.06639139655495e-38 1.41763423739091e-66 1.21594237370343e-15 0.999999999999999
1 1.12329749241198e-80 9.39884490209241e-47 2.45821223447849e-38
1.17103076542057e-40 4.08933503339869e-66 6.38027194413183e-14 0.999999999999936
3.11025016235566e-50 1.32324720728046e-48 0.999999999999983 1.71253663546334e-14
4.06136331654418e-81 1 1.40910090477787e-39 6.31136806560958e-63
1 2.94939403385177e-60 1.66934847390103e-32 6.72592718053071e-36
1 1.49746710326721e-71 2.9408317284607e-39 1.40618857860268e-35
2.7181956179741e-92 1 4.97321976807342e-37 7.52902755126041e-56
2.85674014162078e-84 1 1.56375715177549e-49 2.47200406615296e-69
1.62279196991333e-50 6.01270488490476e-76 4.9029401459231e-19 1
1 8.13428402139283e-90 1.67296251304542e-50 8.4108734944305e-53
5.93254996709521e-32 4.9180657485469e-56 7.05364306362028e-17 1
2.45944373516789e-40 3.06707336134606e-62 7.64411071821479e-16 0.999999999999999
2.02379096594505e-41 9.61936881938353e-59 2.21469644827555e-11 0.999999999977853
8.35546446904021e-48 5.08016035943939e-66 6.44641084186979e-17 1
2.20914289666869e-69 1 4.3058263612049e-32 4.96947408939189e-52
1.31534297775824e-51 2.62097745827382e-39 1 2.55939571161596e-16
1 2.01678746395242e-77 1.01507038885103e-40 1.39140114962902e-33
9.44592828347526e-90 1 1.1326179493715e-48 7.31167750924949e-79
7.22774591693597e-43 1.83039107827132e-65 2.16530707030317e-15 0.999999999999998
3.63650978664366e-73 1 4.45181075686072e-41 1.46674590414947e-65
5.83458372696697e-42 7.45074412588449e-59 1.33262149665919e-11 0.999999999986674
1 6.30282912966938e-83 3.25610931859734e-45 2.57020285990487e-46
1.56312030242716e-55 4.90699495512365e-41 0.999999999940527 5.94732599503676e-11
5.44749089246213e-36 3.97441421729907e-55 1.17425242887397e-13 0.999999999999883
5.14121056027135e-85 1 6.37723978408841e-44 1.71767320752508e-64
1 1.28215252221475e-80 1.1704192263604e-49 1.05210127162943e-45
1 6.84065428036801e-84 1.26127191980583e-57 3.81259798134845e-54
2.82343528915225e-39 3.31441319398594e-66 3.06082629277076e-19 1
2.72141041641191e-53 2.92098467373555e-36 0.99999993958482 6.04151799152991e-08
1.9933156721813e-66 1 8.4265209222291e-34 1.55486313955585e-52
