8.46848354664765e-42 1.23209074501698e-84 7.15415882956788e-48 1
3.85587061079792e-72 1 2.05455473413033e-46 1.87462835444391e-83
0.999999999999997 3.29090176819133e-59 2.91923379630702e-15 2.84724139729912e-41
0.99999999997999 8.15778823139513e-67 2.00101080780938e-11 8.53964952222592e-45
2.5138067310512e-32 1.20882148246168e-74 1.89425892701384e-36 1
2.01838951739694e-59 1 5.31851885568281e-38 1.04031632122952e-76
3.51091163499792e-54 1 9.21858112986282e-38 1.46277166024904e-75
4.45940136152284e-47 4.07131587020131e-81 7.64387153075185e-52 1
1.40618857860242e-35 1.49746710326726e-71 2.94083172846003e-39 1
0.999999999999986 9.74010616485344e-66 1.44109668144193e-14 4.5251532584965e-43
1.96831123677981e-47 1.25304977900304e-96 6.56526058505646e-51 1
1 1.87989336512887e-58 3.47707235609389e-21 1.46610692976142e-24
2.06189057741342e-17 1.95231579130285e-33 1 1.38076080129173e-55
1.25803880490602e-31 1.58750792258826e-70 3.46538167473442e-33 1
1.35025725763671e-71 1 1.65073660584756e-42 1.32750662860896e-86
7.39211220538735e-47 1.8829662089114e-78 2.36723264715655e-52 1
0.999999999992197 1.01764827831095e-66 7.80295686524004e-12 2.9807439404814e-53
0.999999999999403 3.44377352386019e-64 5.96729002978526e-13 1.39757559464628e-32
6.22906383942245e-64 1 5.00212642056686e-42 8.18042297024376e-82
1 1.35029996565898e-53 4.39251875430492e-16 4.77907655858065e-38
0.999999999999988 2.19130717617911e-59 1.14516539080825e-14 1.78779739875116e-38
2.28181628308038e-37 1.78830981524781e-79 9.4310114778345e-42 1
0.999999999986674 7.45074412588598e-59 1.33262149665914e-11 5.83458372696539e-42
1.26668259879454e-70 1 4.2248012233446e-44 5.7607607541175e-77
2.39169830047828e-47 8.62099724381089e-90 2.50408723131599e-47 1
6.69461178988206e-13 1.06025631886391e-35 0.999999999999331 2.95149307305147e-42
1 1.8433043406362e-68 1.02998647160387e-20 3.71879401800507e-49
2.837819118618e-47 2.27584091415322e-85 1.31940167778967e-49 1
9.20421737584264e-15 1.35212679114722e-43 0.999999999999991 9.95406280335356e-51
2.41424425392745e-43 4.96624829056071e-80 1.4116028509214e-41 1
1.19602812301839e-67 1 5.04077728068253e-44 4.65140740222715e-88
1.02311501692832e-14 3.55051984542541e-43 0.99999999999999 5.12034229152449e-43
8.1732440800339e-48 1 5.06437059229832e-28 4.84050026510363e-66
7.43009931437519e-19 4.50346502535212e-36 1 5.04060777472038e-64
1 7.81899548236504e-56 2.80307914758699e-18 5.3697524595515e-49
1.61486122701854e-56 1.12719243958919e-86 2.11588283233079e-56 1
2.64719030337822e-11 2.41486531786293e-54 0.999999999973528 4.47459922250836e-42
2.00603881007808e-06 1.04185648794117e-50 0.99999799396119 9.96248519632826e-46
1.62014356160588e-14 7.20603808188948e-34 0.999999999999984 4.420246726522e-50
1.38418711307793e-64 1 4.75268973081973e-43 3.18437085993008e-76
0.999999999999998 9.62118863779478e-66 2.29507803721722e-15 4.56407053123762e-43
5.47728866766327e-33 1.18099535874879e-59 4.19720320380007e-36 1
3.35018850177783e-70 1 6.82979595121212e-46 1.03715466581185e-88
6.72864054795312e-40 3.16026734295296e-90 2.27171342155113e-46 1
2.59609793429682e-72 1 4.29017357481152e-47 2.88756992631929e-94
1.3319628005861e-46 1.44812226798246e-86 1.38549441215139e-49 1
4.47461721311634e-65 1 1.34597600327751e-36 4.58189825665214e-77
8.90717986782535e-41 9.25112412030256e-73 3.63532701538102e-42 1
1.14776383520169e-18 6.43525562484412e-37 1 3.10627507619578e-56
8.43023082822718e-11 1.60000864738956e-48 0.999999999915698 4.08547693617018e-46
8.47441926824327e-61 1 1.70470732058399e-44 3.50995174356178e-80
1.02184697733057e-40 3.39014370044106e-69 3.91928610213806e-41 1
0.999999999999998 4.1393013493443e-55 1.87432145973674e-15 1.71309565230074e-36
4.16769954482192e-58 1 1.77912883255895e-35 7.07995547300374e-85
7.50818687418081e-24 1.86898895560657e-44 1 2.77941955406078e-48
1.7255856056114e-60 1 6.67299421077161e-42 8.70097355480491e-81
1.87933822066536e-20 1.48143899256029e-45 1 9.87940686175366e-46
4.66755285515384e-56 1 5.75250396993274e-35 6.16169383004396e-74
2.23758747747853e-17 1.51004522141024e-36 1 1.97897044590931e-51
6.16493714166445e-63 1 2.52774892626674e-41 1.61703040088919e-84
5.36561866281426e-10 4.97307676536569e-45 0.999999999463438 1.61522924328335e-42
2.53388733567557e-50 1.79777068853341e-75 1.18032066849251e-46 1
0.999999999977853 9.61936881938435e-59 2.21469644827547e-11 2.02379096594456e-41
0.999999999995542 1.38737320354575e-55 4.45774107466038e-12 1.33293339049774e-40
7.84370782400913e-48 1 2.53620893184161e-27 4.04815698053101e-59
0.999999999981074 7.63962823461028e-62 1.8925666539757e-11 1.17093518717267e-44
0.999999999999883 3.97441421729946e-55 1.17425242887391e-13 5.44749089246105e-36
1 2.42592751201501e-81 9.81212634437751e-21 2.20771069318477e-53
6.82172298402696e-61 1 3.685053653936e-41 8.97602339819691e-87
2.47200406615324e-69 1 1.56375715177571e-49 2.85674014162086e-84
2.55939571161585e-16 2.62097745827416e-39 1 1.31534297775794e-51
2.1919184864283e-61 1 2.49081537563723e-40 2.78013314090596e-83
0.999999999999999 1.41763423739111e-66 1.21594237370335e-15 3.06639139655456e-38
3.05062744015778e-63 1 1.33571097809491e-38 1.31926808697259e-88
2.04340794336154e-43 4.62893781418352e-75 3.65186474341208e-44 1
1 4.91806574854788e-56 7.05364306361998e-17 5.9325499670947e-32
2.42170069455336e-43 2.19646365733886e-87 7.98678575751378e-48 1
2.13737529007341e-34 2.66284451243565e-76 7.91291964042655e-38 1
2.51390039695541e-56 1 8.52639815207804e-37 3.53460961617981e-75
2.29933836204216e-39 1.31919788118182e-68 1.9258871256632e-35 1
0.999999999999993 2.2901317955945e-62 6.82791827739373e-15 1.08645955256743e-42
3.05302576894429e-71 1 7.45912513036693e-50 4.94947551602198e-80
7.89147567637814e-45 1 2.05447616485392e-28 1.57790163708148e-59
1 9.23358850661528e-59 6.31969341506282e-17 1.13247818297399e-44
2.5949766846178e-54 1 9.43311240279663e-35 7.43312083005852e-71
1.0469093030321e-16 1.89864393073862e-49 1 5.41215527188227e-41
1.5825248515975e-21 6.86196069697408e-32 1 1.67182750197811e-55
5.65132647842629e-39 6.81079747099437e-72 2.06869133648617e-40 1
1.55399579590147e-50 1 1.27934788761198e-35 1.15766853276755e-81
2.07141175175144e-07 3.53868617772573e-42 0.999999792858825 1.7967018281588e-41
1 1.9362435503286e-64 4.19022008736024e-20 4.91285875579766e-44
1.32923539477995e-41 4.2503190430304e-84 1.09751782040893e-41 1
0.999999999971897 7.17888865793388e-57 2.8102985490532e-11 2.19725803808034e-43
2.96190646066184e-20 1.37826808267606e-32 1 6.1867304727694e-41
2.97561112499407e-49 1.2056343368825e-89 8.15377819308729e-54 1
0.999999999999929 7.93234028407787e-64 7.09742643249511e-14 1.48882417086643e-50
0.999999999980293 5.28379675278248e-59 1.97067633024477e-11 4.67983352319917e-39
1 7.37726446017371e-83 5.02742427666314e-20 2.08069560016066e-50
9.51608917086218e-09 1.25822379153444e-47 0.999999990483911 1.78077268815219e-36
0.0104175375507475 2.15793153544807e-43 0.989582462449253 7.60588350840979e-38
3.43252771126614e-44 3.32023135671883e-79 5.07949641245016e-43 1
0.999999982628293 1.44365147662612e-54 1.73717070143981e-08 1.40548876668983e-52
1 6.01270488490596e-76 4.90294014592289e-19 1.62279196991282e-50
0.999999999999996 5.58639132642679e-71 3.83318805348521e-15 5.81397504470088e-38
2.3516263878972e-17 1.42539335110902e-27 1 1.54839908157171e-46
5.74487004618272e-17 4.42577849836116e-33 1 3.46109553104916e-45
3.28851413925629e-51 7.02060525780657e-77 4.7082226583798e-50 1
0.999999999980752 2.0797676461255e-54 1.92481536977529e-11 8.35800728344092e-39
6.31136806561048e-63 1 1.40910090477817e-39 4.06136331654429e-81
3.5773422820546e-65 1 8.16264889950138e-44 4.73995519314621e-95
1.28720133798788e-46 4.30559838747801e-85 2.12545084601798e-46 1
5.02562334816474e-47 1.28652548486161e-69 5.59247615982853e-38 1
0.999999999999983 2.79440833988553e-68 1.68811062599294e-14 1.90580461643048e-39
5.94732599503645e-11 4.90699495512414e-41 0.999999999940527 1.56312030242663e-55
2.8334268290168e-12 1.59902095442943e-49 0.999999999997166 1.34425412053272e-51
0.999999999999588 1.18237552897176e-67 4.12184355934385e-13 2.99484848376893e-38
0.999999999996691 2.38019824249662e-55 3.30887289937966e-12 9.21504757964401e-50
0.999999999999673 1.04671347758582e-60 3.27045803672677e-13 8.7735399867079e-46
2.59409875370154e-68 1 1.11591517271446e-44 4.02476701169559e-94
1.68715477679603e-48 1.93407039029591e-87 1.34758522219717e-51 1
2.90458486569975e-40 3.32897800451898e-81 2.93892684290656e-45 1
6.47446609563284e-14 3.9579040207602e-39 0.999999999999935 3.40711203484357e-47
1.02845364502973e-38 1.32862027287024e-80 3.16692792328183e-41 1
1.49411714972361e-42 4.16891955463798e-86 2.78979296093809e-47 1
3.36704205353211e-12 3.33434269040349e-40 0.999999999996633 2.95581943984923e-45
2.71352915361996e-50 3.2805124864786e-85 2.76451723173421e-53 1
2.81362863542821e-07 2.05638834541865e-46 0.999999718637136 2.09145204107748e-40
6.46669469624134e-52 4.82859462126411e-85 1.57711650426426e-56 1
1.38329005524917e-17 5.61440003879072e-32 1 1.42531092241259e-51
1 1.82939075960879e-58 2.66934946235825e-16 6.52699121651634e-45
6.04151799152984e-08 2.92098467373597e-36 0.99999993958482 2.72141041641113e-53
1.3358746334148e-59 1 1.27836171170416e-36 9.88034780298404e-69
0.999999999999999 3.06707336134658e-62 7.64411071821425e-16 2.45944373516747e-40
1.46674590414964e-65 1 4.45181075686161e-41 3.63650978664346e-73
0.999999999968874 2.29665674819786e-52 3.11265344326316e-11 1.44115760275886e-43
0.999999999999936 4.08933503339904e-66 6.38027194413117e-14 1.17103076542027e-40
1.77522650054928e-17 3.77401604280112e-36 1 3.31408364336028e-52
1.97374066044577e-68 1 2.2625296337514e-44 4.75162436956243e-78
6.08111129734506e-14 1.17157786279661e-45 0.999999999999939 3.20502423890984e-40
7.59568483821566e-60 1 2.01266464737774e-40 1.9152934482229e-74
0.999999999999935 1.29439532509053e-68 6.52258280503217e-14 3.89617182506063e-49
8.05110511708682e-57 1 6.29896956311747e-34 7.05411136423511e-68
0.999999999999928 1.38046794441215e-60 7.18698087589547e-14 1.41019787077408e-42
2.33412474051958e-41 1.24652910421114e-80 1.14377648495588e-49 1
1.92294207633411e-48 2.31335935566508e-90 2.27653071972627e-53 1
2.94099057391644e-54 1 7.7936720940417e-34 1.76432872865091e-78
0.999999999999998 3.64830534028979e-57 2.25931722366035e-15 5.99248912062896e-52
1.03278565220485e-41 1.00960288480753e-84 6.9939973791662e-48 1
3.28445341875461e-63 1 2.38544411497952e-39 2.77446609530301e-75
1.89379069502992e-48 1.35643746687428e-85 6.30757126450426e-53 1
0.999999999999999 1.03154572516744e-64 1.36219207291183e-15 2.20944863691217e-54
6.93277409848384e-45 1.42624128041495e-80 4.68123959239491e-47 1
3.09556184228843e-46 5.19307118435493e-90 1.92018204467872e-54 1
1 3.31441319398632e-66 3.06082629277056e-19 2.82343528915153e-39
1 4.66386976780158e-76 1.13448399487995e-19 4.29804175932677e-52
7.52902755126126e-56 1 4.97321976807419e-37 2.71819561797356e-92
0.999999999996449 4.31655771399336e-63 3.55093315565298e-12 4.64771347976973e-39
9.81456032233733e-62 1 2.08525792766124e-46 5.90258187018796e-77
5.13133331120726e-61 1 4.86302581527453e-40 4.26733574927423e-84
0.999999999999593 7.21343087783263e-68 4.06847412568413e-13 3.59257021703321e-51
6.41313578869848e-19 3.85458513766027e-45 1 2.8724501202758e-44
2.16051269028561e-54 1 3.65647141648658e-31 2.81582160841792e-71
1.39867868283524e-64 1 3.16911193831434e-44 1.74649271917812e-82
1 7.6688285107026e-77 2.09070673868475e-16 1.76460062311734e-42
7.48171803641005e-58 1 1.04677406552632e-30 3.49551148408828e-69
7.15312050455723e-64 1 3.06916528058929e-41 2.60602683293358e-84
0.999999999999413 1.75276586781929e-57 5.86736523413737e-13 8.08373021281536e-37
0.999999999999662 3.60760622345773e-64 3.378818968594e-13 5.4831350118906e-43
0.999999999527665 3.08383048365073e-60 4.72335188691192e-10 8.86851248114568e-42
0.999999999999316 4.39787820453269e-56 6.84193611592933e-13 4.5524583607122e-39
7.67265872308255e-48 2.84759857283541e-82 1.67210083224211e-49 1
2.19625012132192e-45 7.4723378492933e-78 1.67993143973689e-44 1
8.7787497153785e-62 1 6.05600080591965e-41 3.09685672719999e-84
1.19822575242641e-42 1.07108616126351e-73 9.77930654729789e-50 1
0.999999999999998 1.83039107827163e-65 2.16530707030305e-15 7.2277459169335e-43
1 3.7789034184406e-62 2.4765341288221e-18 4.34717179058495e-48
1.3499694998144e-68 1 7.17594905845043e-47 3.10292745946694e-78
2.57020285990392e-46 6.30282912966866e-83 3.25610931859623e-45 1
1.39140114962872e-33 2.01678746395253e-77 1.01507038885077e-40 1
0.999999999739807 2.76654470045046e-61 2.60193415105843e-10 6.14886032535546e-52
0.999999999999998 2.53288555057831e-57 1.97561741342882e-15 4.73213587384841e-44
0.999999999999986 9.74530866634902e-64 1.42710700195662e-14 3.27894138012533e-43
2.07234420157472e-68 1 7.79833800735476e-49 2.64756161179194e-84
2.49698326185734e-58 1 7.05853636758888e-39 2.10764079978894e-75
4.96947408939211e-52 1 4.30582636120539e-32 2.20914289666844e-69
3.28020176271704e-64 1 8.03807935079373e-43 3.39268194645219e-91
6.95478310870574e-41 8.10785623456598e-85 6.09081310169795e-40 1
2.90292918855902e-13 2.67547561321532e-31 0.99999999999971 1.94048052209901e-34
3.74231656903727e-63 1 1.39176844448098e-39 1.42188972711646e-74
7.21713040044819e-43 5.89973668935391e-84 1.27263065059087e-47 1
1.11447714370406e-62 1 1.78788288661632e-39 6.98498359282978e-76
6.20166085818714e-60 1 7.42599916825493e-38 1.01957630715626e-73
1 1.30791801404571e-65 1.87535132164274e-17 3.026537059709e-33
1.24370707757567e-37 2.89477803275556e-69 1.02210442025299e-38 1
1.81685892727761e-23 5.37690295604597e-35 1 3.79020170133352e-46
1 2.24140872628957e-72 1.03963626109847e-18 7.2173328623783e-46
2.66512970577192e-14 4.63796483053155e-41 0.999999999999973 3.61922150127073e-40
9.48747709340675e-76 1 1.06720480209819e-46 3.89877235112881e-92
2.21747461660766e-48 2.14152837362066e-80 2.2479477310394e-48 1
4.46217082676304e-58 1 2.39298514900371e-36 1.34099592278288e-79
1 6.62561986720198e-72 5.08291186930576e-19 6.67937580383647e-50
1.84993890732949e-66 1 1.61536751060759e-44 1.9075728494365e-85
1 4.49338911977813e-58 6.9324768202911e-17 1.23039016281636e-41
1.71767320752523e-64 1 6.37723978408941e-44 5.14121056027106e-85
2.22434542923033e-44 7.32971889918533e-69 5.46911302238098e-48 1
3.17159943148568e-13 1.44126289999406e-48 0.999999999999683 1.1174005819374e-42
1.37122154921419e-14 1.8477374494152e-31 0.999999999999986 1.22805896167875e-39
5.85460765945075e-50 6.35501224976548e-85 2.03910113666305e-47 1
2.54600900252545e-11 8.9096125027077e-38 0.99999999997454 2.24849183927418e-47
7.77082901220934e-54 1 2.96761389455488e-36 6.55409035566042e-74
2.77960323546044e-62 1 5.3547558202352e-45 4.57034856348665e-83
3.27501222956138e-64 1 6.02636867219104e-43 1.71103878890354e-74
1.69157104276701e-43 9.96340769532827e-62 1.74884087405106e-35 1
0.999999999999611 1.76250752831677e-56 3.88546091475814e-13 8.83103870375896e-48
9.69768563913808e-50 1.29357572530557e-85 7.79905409872221e-46 1
0.999999999999999 1.23372844604571e-66 1.12178738086755e-15 7.94405661585377e-42
3.7100169739116e-39 1.88750004814219e-71 1.28935224880708e-40 1
1.29603419120446e-13 3.02898959873958e-46 0.99999999999987 2.29770825758004e-39
1.90752415868546e-43 1.86538587164394e-80 2.76586977088212e-44 1
5.68285502971386e-53 8.30989626722526e-84 3.19875011009483e-53 1
1 3.13566349771511e-66 1.49693714232069e-19 7.78649144325156e-40
9.6702019502489e-55 1 1.20060422430006e-34 7.28077376793544e-76
1 8.48554118513174e-64 6.65888677283501e-19 1.92561564527723e-46
1.73356012701624e-45 2.44607779118788e-81 1.88374634198457e-44 1
1.05210127162913e-45 1.28215252221475e-80 1.17041922636009e-49 1
0.999999999999581 4.16544882524931e-62 4.18640436347732e-13 3.81152351390662e-50
2.09888592994203e-37 1.72501332197962e-71 1.06528248986167e-41 1
3.4979042169969e-16 4.02781213484021e-40 1 1.94760713073321e-38
3.67264910155934e-57 1 5.88339993751019e-37 1.28344589133253e-74
0.999999999999499 1.09855140600886e-71 5.00779740958157e-13 1.05487285550564e-48
1.12153421751132e-20 1.17990635981843e-29 1 3.88526694830948e-41
1.18751784321991e-10 1.14173871068458e-33 0.999999999881248 3.32864250757712e-41
5.24488334366235e-46 2.99614523019429e-84 5.63478196358057e-47 1
1.18066339244176e-47 1 2.46625428127514e-31 1.82998519461645e-65
6.72592718052957e-36 2.94939403385202e-60 1.66934847390076e-32 1
0.999999999997021 6.30113165132437e-54 2.97942968261365e-12 3.38115794969057e-41
2.86793819704659e-49 1.10012474758321e-79 2.25313735781156e-48 1
0.999999999999999 9.40120577653038e-68 6.30418520732526e-16 1.27703027332101e-44
1.13309048531517e-14 5.19202997900021e-46 0.999999999999989 1.29017607392202e-55
0.999999999999826 4.8622228996099e-59 1.74203089797028e-13 3.45390078480611e-42
5.50387168971396e-72 1 2.18016877024589e-44 3.172874661914e-85
9.95063748216918e-75 1 2.277088837862e-47 4.21840904474924e-88
1 6.22194474141673e-63 2.81439073446562e-17 5.43727649450891e-41
5.06468118587948e-16 6.85706415283712e-48 1 2.08480265654818e-38
1.49786935357781e-42 2.14666753174339e-89 5.52597530702551e-48 1
7.00558828104333e-09 2.01539549617362e-49 0.999999992994412 2.87179206554942e-44
0.999999999979419 1.5802300409907e-48 2.05805948768217e-11 5.8810888581258e-37
5.97624819833303e-40 1.70167878681974e-70 1.50743076621039e-39 1
1.0025901572999e-42 1.09111709822975e-74 1.49197489670357e-40 1
1.55486313955618e-52 1 8.42652092223101e-34 1.99331567218147e-66
1.44002729476776e-12 1.21481402736239e-41 0.99999999999856 7.74297390416791e-42
0.99999999999996 7.41892908325822e-55 4.0064629714548e-14 1.51058716229944e-45
1.46305463722696e-67 1 4.03560697269814e-45 1.34384847320002e-80
2.30474124399496e-08 2.13697573863218e-24 0.999999976952588 4.38637107521443e-41
2.31351907634475e-53 1.86107601916347e-84 9.89191785331524e-53 1
1.98944382467806e-16 5.15908608261116e-34 1 7.35115544052509e-35
1.80598242223661e-12 9.76450656865703e-48 0.999999999998194 1.8061392332678e-40
1.08655962726543e-49 3.86945787482261e-85 4.07695693787072e-54 1
6.91509479869619e-43 5.16234959883553e-85 3.54074617454677e-38 1
3.22819897481517e-45 7.40804654446584e-88 2.0127701680151e-48 1
7.20384320072716e-42 3.40637750155734e-80 3.68072540879764e-46 1
3.08485720014657e-15 2.21285199451274e-48 0.999999999999997 4.92379705009212e-52
0.999999999999622 1.18578894592188e-54 3.77895639466258e-13 1.70031856567074e-36
2.36993734275959e-68 1 7.8568208930901e-47 1.16153556997487e-92
0.999999999999998 3.22577374690954e-68 1.78349060624452e-15 5.38700812377037e-46
9.33927179638389e-30 2.50839713806264e-59 1.52370830937272e-34 1
2.04517495456351e-17 2.93281371240615e-40 1 4.23711599059711e-51
2.69645664661597e-56 5.46994587398574e-90 4.49655878874798e-62 1
1 5.08016035944011e-66 6.44641084186938e-17 8.35546446903831e-48
3.8125979813471e-54 6.84065428036665e-84 1.26127191980533e-57 1
5.70892523314928e-11 8.47591087106087e-34 0.999999999942911 1.44693091311629e-40
1.25784838256584e-31 2.38220266936786e-64 1.30617715878919e-33 1
0.999999999997868 1.42306354114405e-55 2.13192977702762e-12 1.2453233685328e-55
0.999999999581375 1.88960568449602e-45 4.18625363648518e-10 1.20511386243906e-45
5.943388694824e-17 1.24898174666311e-40 1 7.02529205153114e-39
7.31167750925032e-79 1 1.13261794937166e-48 9.44592828347472e-90
1 4.61137515928348e-70 5.00436757452961e-17 4.13198586665972e-45
2.45821223447797e-38 1.12329749241189e-80 9.39884490208974e-47 1
3.97177522224681e-50 1.38951354924208e-82 1.63260501944366e-53 1
0.999999999902875 7.32696748142832e-51 9.71247158407604e-11 5.68654433775774e-36
3.72672488292381e-16 5.84163557053999e-37 1 1.19944630573659e-36
1.20974315524389e-66 1 3.13930721009639e-43 5.0686532676124e-84
1.7125366354633e-14 1.32324720728069e-48 0.999999999999983 3.11025016235495e-50
4.82065007136699e-12 1.52044643821448e-36 0.999999999995179 1.06580405404846e-45
7.35849091014299e-73 1 3.97550585144877e-49 2.72942471213276e-83
5.70187327041984e-17 8.77032137875425e-38 1 1.28600497841874e-52
3.11916238388907e-24 5.29299763895229e-40 1 1.45024750956246e-46
1.65609701456549e-53 1 7.20283421797945e-33 2.86127398462496e-59
4.03266639373566e-39 1.02797492661031e-71 1.02269620714031e-40 1
1.29706365051004e-69 1 2.97118017481038e-44 3.57830033271847e-82
3.07774255054529e-28 1.58329272022759e-63 5.21833882032512e-33 1
0.999999999999815 1.54782005292402e-67 1.84843374103205e-13 7.3754468707914e-48
8.41087349442787e-53 8.13428402139237e-90 1.67296251304487e-50 1
5.66871111764334e-71 1 3.96198226332817e-46 2.34376430264241e-84
2.10746838216249e-36 2.77408426084946e-84 1.87581233896349e-37 1
6.76109929573871e-15 1.43225053741388e-44 0.999999999999993 1.76637752041137e-41
1 2.2211625399891e-69 4.5243778224381e-17 1.70922019404506e-45
4.54431914308762e-14 2.17471694484551e-43 0.999999999999954 6.11207892324928e-38
4.84545427156746e-43 4.5440709628105e-76 5.62557434893766e-45 1
4.08064320850217e-71 1 6.32831492969677e-50 2.16686750388579e-77
