7.34324684021682e-43 5.06414732358692e-31 3.33391919073014e-65 1
1.82195473138655e-43 2.30574015249037e-34 8.32603918702544e-62 1
3.16028383598218e-37 1.58141283726943e-38 1 3.12560908925047e-59
4.50460339335715e-48 1.18770758180792e-39 1 2.66584830429154e-65
4.15512378398967e-12 0.999999999995845 1.56055206483514e-32 2.58000604833965e-36
1.14680175871675e-32 5.09152982947036e-31 1 1.18751748463442e-54
1.27946389098002e-39 5.81562795426373e-33 1 1.01842420789886e-67
1.83430328226291e-42 1.37334795996402e-41 1 1.97457225707292e-67
1.2129678496765e-07 0.999999878703215 4.85400233169619e-36 9.82360930446093e-33
0.999999999999728 2.71529136654283e-13 9.68862379096543e-47 8.94530949016382e-38
5.04372206933436e-43 1.84669748355316e-41 1 6.94103545219961e-69
7.43780408688352e-42 1.16075519438277e-41 1 1.5991141307879e-72
0.999999999903085 9.6915233835875e-11 1.64363460743807e-37 4.09049782735614e-52
1.10062710480592e-50 2.88533436098107e-48 1 2.11105170215322e-65
4.58966014596108e-12 0.99999999999541 2.95595498915899e-41 1.00055308584418e-24
7.86096815349363e-57 4.04002091723252e-41 3.5328760045216e-66 1
1.13020339941358e-09 0.999999998869797 8.09895075157328e-38 7.32560278871605e-27
7.78642339092653e-37 7.20112598931318e-38 1 1.37244848998876e-58
1.81886407680389e-39 6.61023006627679e-31 3.09518986560436e-54 1
2.92704653138312e-41 9.58298129844743e-40 1 2.8769410519628e-66
0.999999999999952 4.77343419262061e-14 5.03188146359479e-47 1.11995692542293e-47
7.72105607589647e-11 0.99999999992279 1.78597587887915e-35 3.59253018306722e-42
0.99999999985663 1.43370440480213e-10 9.62326192245422e-42 3.70509805626638e-43
4.31948778999574e-47 1.09230387495085e-36 2.43357490960025e-68 1
0.999999994447284 5.55271622680366e-09 9.43575436449025e-47 6.83163519813824e-41
0.999999999999692 3.08119297354849e-13 2.76188583841597e-40 2.22836870904082e-53
0.99999999999186 8.14032780554096e-12 1.33626925737047e-35 3.63737734463298e-57
4.39320168578516e-08 0.999999956067983 4.34115537369565e-39 1.01422824663654e-36
5.8742714953297e-42 5.30023767025626e-31 2.66597252948989e-63 1
3.89135948650272e-28 9.07494379628051e-30 1 4.48216444063907e-57
0.999999999598031 4.01968710072588e-10 1.28396511750033e-35 5.19398560946647e-42
1.59378173823472e-45 8.49494419217867e-42 1 2.03186762765595e-60
2.67434085762138e-46 2.46052287152181e-36 1.10314251008896e-61 1
6.59947837776162e-55 1.9561164369974e-41 3.35377208572071e-69 1
1.50192615868032e-33 5.09636353577681e-35 1 4.73177562004246e-55
4.69958814816956e-49 8.08452860301054e-47 1 2.91954227528731e-68
4.51895145839224e-54 1.281727363552e-42 7.2868553967618e-59 1
3.73280519518448e-47 1.28500917515142e-35 4.96496913937321e-60 1
1.44898538499597e-12 0.999999999998551 5.14338692235413e-33 3.26217738948261e-32
2.45054801401142e-05 0.99997549451986 1.24034734273971e-36 5.41166747871127e-37
1.07166078113434e-37 2.70513186838582e-38 1 2.86941881657369e-63
6.88874251495755e-54 6.97163339940014e-45 2.86080799432781e-67 1
6.07921775979112e-15 0.999999999999994 9.25696996780085e-40 3.988749291811e-41
3.13040277840143e-50 1.77612845047645e-40 9.11454856584614e-68 1
5.64696913906582e-53 1.45778717124951e-42 7.66953734656239e-75 1
2.14595171974286e-32 1.23469567151497e-31 1 3.53697929528612e-42
1.99660634346093e-13 0.9999999999998 6.27996934313396e-55 2.51896928640392e-34
4.54655309398475e-57 6.40720121616531e-42 1.10906743588847e-62 1
2.2073268900432e-46 2.54358625183251e-42 7.29507526264844e-60 1
1.98595265486979e-58 2.29553521173152e-47 2.79210143298723e-70 1
2.63983104198079e-13 0.999999999999736 5.36273436267756e-46 1.89765097389203e-32
9.06731701737301e-43 7.25539220863977e-34 2.10016523320282e-58 1
1.20273715858368e-12 0.999999999998797 3.57729333462651e-35 6.01864797540007e-40
5.17954638415568e-40 1.93178406892522e-40 1 2.41490562745887e-60
0.196700435729262 0.803299564270738 6.10467653051959e-35 8.93594322806195e-37
7.6118077131441e-39 9.18093482582866e-31 2.14034644315787e-51 1
3.550958817938e-12 0.999999999996449 3.25178693181883e-33 1.61316004585444e-32
7.11005651868578e-37 1.53355010220272e-36 1 1.39626791012807e-56
5.29807214465579e-46 2.94246494201772e-45 1 1.79484536003175e-59
1.31942142857745e-27 6.05539010383918e-32 1 8.3900073954503e-47
3.91483040735092e-09 0.99999999608517 1.17280092406923e-40 5.32242143986679e-43
0.999999999999065 9.35148837048991e-13 2.83318100571881e-44 8.76626642087485e-52
4.63925167884567e-53 2.70698119022673e-54 1 6.90090363147932e-68
3.04074819409389e-14 0.99999999999997 5.32456156539825e-36 2.74185972942215e-44
0.999999999999984 1.57982929986441e-14 3.66483588230384e-45 9.7176859078221e-56
1.74114239512485e-51 3.95785005462452e-33 9.16584957916226e-60 1
0.999999991366207 8.63379325498383e-09 5.44740798048853e-40 1.16906244985453e-39
1.92820485838353e-11 0.999999999980718 4.44584607152125e-53 2.60269928945074e-40
0.999999999999369 6.30944211708906e-13 4.46685538925041e-30 1.57091713323737e-48
1.21273726810309e-43 2.2224978558889e-43 1 2.83628272018546e-75
1.10480166908768e-13 0.999999999999889 9.13372274560965e-44 6.44136416037778e-33
3.77863267335834e-10 0.999999999622137 1.85085266295679e-33 4.25370698481394e-45
8.74578868813961e-46 5.60747289863437e-34 6.44666245643462e-66 1
0.999999999998987 1.01304217695875e-12 2.71206390552522e-39 6.68802675064436e-53
3.56833170183459e-36 7.62499454703742e-39 1 3.17192613737749e-53
1.13732361355919e-44 3.94734194834549e-34 4.38146775824341e-59 1
1.35705055507986e-16 1 3.54398229975006e-39 9.05752737675024e-34
0.999999999999987 1.33686337488543e-14 8.39559543123362e-49 4.29287276820284e-61
1.64162529928104e-48 1.45479171930003e-49 1 1.03352238736886e-69
0.999999992045333 7.95466748600654e-09 1.72688836756445e-41 2.11314340272168e-48
0.999999999988083 1.19172706637345e-11 5.87903839211709e-36 2.52248346393965e-46
0.999999988185446 1.18145535481458e-08 8.14355969357605e-37 5.40993467547328e-48
5.35133994855832e-17 1 2.18029700500197e-51 2.06650635758858e-31
0.999999823586725 1.76413274964911e-07 4.81939100772386e-37 3.23149548722365e-43
0.999999999981077 1.8922965455208e-11 2.62484658888858e-40 2.59497638615148e-47
4.95160697822041e-31 9.58761474728875e-30 1 2.51314633267309e-48
0.999999999759664 2.40335939764779e-10 1.23249275867483e-39 6.90983740580816e-40
1.12695244760504e-17 1 1.6617729043358e-40 6.71983430194885e-43
7.62907434751651e-48 2.35014760256774e-36 1.04031462257033e-64 1
0.999999999999265 7.34744737307173e-13 1.41356095021775e-41 1.28867836617288e-55
0.999999999967999 3.20007828247263e-11 8.1300518305836e-28 5.88001786003373e-37
5.26059335424647e-07 0.999999473940665 1.14250496077697e-35 8.60326567519607e-41
4.22910123779858e-10 0.99999999957709 4.05135542362326e-37 1.66857128937501e-36
3.23035374312214e-54 1.72427740712437e-40 2.09563085070431e-65 1
0.999999999495065 5.04935451700755e-10 2.23612347604067e-53 9.86822907433862e-43
0.999999993433097 6.56690315328368e-09 1.12134153072379e-47 4.64366069575562e-46
2.78122647277559e-12 0.999999999997219 2.34770929699432e-43 1.79683308753779e-36
2.24454159454256e-39 2.27357914182751e-29 1.07545157427267e-51 1
4.14400338178489e-42 6.46988599729455e-35 5.84083763427376e-60 1
2.08790368085271e-42 2.24255574216343e-39 1 1.56780683954993e-60
1.98902708022331e-12 0.999999999998011 5.90846297702758e-47 2.50354733389661e-38
4.73579324444893e-37 4.70651954800381e-32 1 9.29980070687243e-55
2.01930990475835e-41 8.23835187998975e-31 8.47971275794176e-48 1
4.75304063597663e-36 6.78601793557732e-39 1 1.67055643723621e-68
3.8197896563008e-45 1.22909263874276e-43 1 2.23418663459152e-63
0.99999941595209 5.84047909498356e-07 2.53542742218109e-42 1.6369999988928e-31
0.999999999956878 4.31217364154003e-11 1.69663200880519e-45 3.22888584709696e-44
1.77863849993465e-36 2.62719492902293e-33 1 9.40848531084365e-66
0.999999999906628 9.33721126839622e-11 1.07971036928181e-28 2.33822176188575e-52
2.09357682071641e-46 1.04362546425871e-37 1.40227876631673e-55 1
7.21562067594508e-48 1.80875044971097e-42 1 1.39182701675661e-67
3.22815046775972e-41 2.90665704024716e-42 1 7.5775265985395e-65
1.58799740564358e-14 0.999999999999984 2.08890982334398e-47 2.96698671588517e-35
0.999999998549977 1.45002276705948e-09 3.72783320397884e-52 6.25589872901272e-54
5.31128562222903e-52 4.88918325082091e-52 1 3.07970962506775e-67
9.58006408948109e-11 0.999999999904199 1.0507126330336e-41 5.42265616832354e-35
2.15602704117068e-36 7.56349966660212e-28 1.82108509438605e-40 1
3.40589378882983e-06 0.999996594106211 1.41375420767832e-47 1.1549977818302e-38
8.78697766668789e-11 0.99999999991213 7.88180877655909e-33 4.03397632308711e-39
0.999997662255247 2.33774475304204e-06 1.2709309420364e-37 3.17103027162428e-40
8.50111762328384e-44 1.31506303262314e-45 1 4.3414445633733e-63
1.79121783392344e-12 0.999999999998209 3.98903921560882e-44 2.1438567084043e-35
8.16791998267067e-13 0.999999999999183 9.21302224497087e-51 8.3030493268934e-30
2.73125293249427e-12 0.999999999997269 8.24531418055985e-38 4.4508133779773e-39
0.999999999998252 1.74831368527035e-12 2.22653566088709e-35 2.94583081939812e-38
0.999999999992666 7.33382491755044e-12 4.83887091890798e-44 2.05240186247624e-50
1.6000234413325e-40 6.64362810658966e-42 1 3.49358342837813e-62
3.90407641645265e-49 3.46602908190444e-36 6.38232933416262e-60 1
0.999999998665865 1.33413451758125e-09 1.70975989096668e-35 6.86078092573659e-39
4.3654647180709e-52 7.56072448900486e-54 1 1.11016225985207e-68
1.2248131629232e-17 1 6.42045154111274e-38 4.16235815021872e-39
0.000100884398961292 0.999899115601039 1.34054067796006e-36 3.68810050920409e-41
5.43477261269411e-13 0.999999999999456 8.81136342156139e-45 4.47046974378214e-28
0.999999999999941 5.85350367629258e-14 7.04562471283104e-47 1.47310666582757e-62
2.62817757861471e-52 1.32853526082801e-40 2.10494658740748e-61 1
7.03554696815877e-15 0.999999999999993 4.06266993227762e-40 1.3441660747417e-42
2.37423292530706e-42 2.70380083581465e-40 1 7.25345688620049e-59
3.21268693462468e-11 0.999999999967873 1.01579691076891e-43 1.89608440408033e-30
2.67423277876552e-41 7.13812179566311e-42 1 5.73374045213354e-68
1.95914849394476e-09 0.999999998040852 1.90863220677547e-44 1.38742935747795e-46
0.99999999403077 5.96922948923626e-09 4.91771322756485e-36 1.22945416099908e-50
0.999999970606913 2.93930871512284e-08 1.04903767239787e-35 1.6368049770079e-40
0.999999999594919 4.05080994321938e-10 1.26864331913465e-41 5.20501953001833e-48
8.76073567658121e-42 3.29447540010696e-33 6.48535161316252e-59 1
0.999999999911923 8.80766657530413e-11 4.12818032202937e-46 2.91172839245628e-50
0.99999999999981 1.89997730980655e-13 4.51582849521753e-45 5.32791958417833e-44
5.92095112067488e-50 3.70520339682948e-38 6.94081094486956e-62 1
9.08839799738726e-43 8.75631473359005e-41 1 6.19346708979426e-71
1.5003327899025e-10 0.999999999849967 4.0086660475983e-41 7.83325246966091e-31
6.60544716418685e-13 0.999999999999339 5.93339439599515e-45 3.47503015026425e-27
3.36274324448044e-44 1.72478223319739e-38 1 5.87779270717428e-64
1.93135317888523e-32 2.14500960943929e-29 1 1.52808266826629e-61
3.81262453526078e-51 5.5133487074437e-48 1 3.69518371700098e-65
0.999999999999957 4.3244205814147e-14 8.32654659268354e-35 4.5710877984824e-44
2.04478279471208e-41 1.4287131503782e-42 1 8.36512849193805e-51
0.000698743394167221 0.999301256605833 6.94392553721419e-34 2.41039595759127e-32
0.999999999987954 1.20463999750151e-11 1.47257387613466e-38 6.77694680842582e-48
1.56267869852465e-45 3.8225801260793e-46 1 9.42733425323639e-65
0.999999999999999 1.2010512722317e-15 9.05892220627986e-41 3.17785312531867e-67
0.999999940646795 5.93532051379066e-08 6.93008056877877e-38 1.50952176347913e-44
1.18304479052043e-58 2.34436515000043e-43 2.23514818676667e-69 1
1.673641923047e-47 3.5339228647842e-35 2.84193183811918e-60 1
2.06226967251508e-38 4.71030956326823e-33 1.01128251233242e-66 1
0.999999811261201 1.88738798736471e-07 1.72383146368242e-31 1.41141750834018e-33
3.91202721475529e-32 3.63545867553377e-28 1 4.23299665664969e-45
4.69280580418882e-37 2.55617282744598e-26 1.69489072750168e-53 1
4.47648738001169e-42 8.28042218133492e-38 4.84644499738039e-58 1
1.79049432731615e-06 0.999998209505673 6.70965514006789e-41 4.85555937765072e-44
1.51460753350451e-34 2.21264942414353e-33 1 3.74124527392764e-51
0.999999950027744 4.99722556867216e-08 3.1159821789827e-35 5.28506061970659e-37
1.90178487499608e-37 6.32622516358191e-36 1 2.84316232004228e-66
3.4213160844705e-55 4.39370389014839e-45 1.795258374829e-57 1
5.27802841681231e-41 6.3934256340658e-44 1 1.23359284375374e-56
2.36448980980796e-45 5.083977962105e-36 2.61733967340306e-60 1
0.999999999534823 4.65176638221281e-10 6.14510012317888e-40 1.34300457741224e-48
3.9164856173099e-46 6.6633885010302e-44 1 7.48102302216912e-59
4.03906839650343e-06 0.999995960931603 2.28450342376856e-41 3.66495908031518e-35
0.999999999999998 1.92826272650844e-15 3.66395497641482e-23 1.91462460979892e-38
0.999999999996999 3.00065169364119e-12 5.34275529321949e-43 1.82150587144979e-51
0.999999999999985 1.49829469050681e-14 2.60552748750222e-40 8.16505399976794e-45
0.99999999977423 2.25770162435896e-10 9.2055729438066e-39 2.78702781721521e-46
0.999999999988868 1.11316631147737e-11 3.38071277135388e-38 9.24836295366587e-54
1.96891707102997e-51 2.02182222983434e-41 1.16122599102386e-68 1
1.10247722061475e-41 7.14510181854789e-43 1 9.60857913327205e-66
1.17263521345523e-44 3.3629691226008e-34 6.98015792396321e-51 1
0.99999999999949 5.09640686867006e-13 2.58882774554315e-49 8.60889666120418e-53
2.06672392342363e-42 1.12451811123693e-37 1 1.06776259877206e-60
1.02968949075738e-41 4.04780443169816e-46 1 2.64469002913875e-67
1.89917823690273e-45 2.58937267788207e-47 1 8.66967705438244e-68
0.99999999999998 1.96235054370662e-14 1.12640036644328e-38 1.19775272211137e-45
0.999999999999938 6.19769110988391e-14 3.76178491394798e-46 4.50371623055073e-45
0.999998623239669 1.37676033099726e-06 3.41955163081978e-38 1.22146179528043e-45
2.09722580585012e-40 5.98561415533255e-36 1 3.30264962767681e-56
6.39048472205875e-51 3.55218732189219e-40 1.3140343935448e-67 1
0.999999997933086 2.06691411770833e-09 7.66769371196133e-42 3.61834967441677e-48
2.07814385515602e-42 1.09442146712462e-32 2.99540497348526e-55 1
7.29246422412926e-45 2.36882190260496e-45 1 1.89008278272752e-66
1 5.50596245806953e-17 3.82227992140145e-39 9.86078794379547e-53
1.18161719565232e-46 3.97848326182924e-43 1 6.80448819120167e-62
0.999999999989695 1.03053095996148e-11 6.4774243340108e-42 9.38056365375847e-43
1.87558604870851e-07 0.999999812441395 3.0056948044537e-34 1.43201898531376e-40
3.12419852600574e-31 5.60912925115937e-32 1 1.33393134686777e-50
0.999999999996647 3.35315942085466e-12 7.99674394683465e-41 8.24312841847956e-51
3.09246846029705e-17 1 3.99938269124404e-37 1.39256115127434e-24
2.1637607547855e-49 1.43398652916747e-35 7.19812633212743e-58 1
1.85986139043314e-41 1.27975528435768e-31 7.50384703111132e-56 1
0.999999999974059 2.59414514601645e-11 8.04928738179156e-37 2.78732747485046e-49
3.47704829588626e-52 5.58386872996376e-49 1 1.11824387104848e-68
2.86075229782121e-35 8.74989829829009e-40 1 1.72668080352307e-59
8.38439816306744e-09 0.999999991615602 4.51805219813857e-29 1.24974970622347e-27
5.83205126551911e-45 2.020960317209e-35 2.59664747979789e-59 1
3.63328723985842e-55 3.58066353247107e-38 3.93683226710249e-70 1
2.89612898357227e-38 9.42393120273555e-40 1 3.54180042175138e-65
0.99999999999993 7.03944904087721e-14 1.37718406036855e-38 6.01631749433266e-46
1.5979388119574e-12 0.999999999998402 1.64691793366584e-48 6.31684136186921e-42
2.54462631210044e-53 1.21960914734422e-38 7.67076959662377e-66 1
2.75151305383321e-12 0.999999999997248 4.47463898857942e-37 2.60870558589215e-38
0.999999999999981 1.90197414568345e-14 1.42298641407866e-41 1.5377977584622e-47
6.11844559051129e-33 1.58170685263019e-35 1 2.22578155021433e-53
0.99999998973695 1.02630495512119e-08 2.46140946555523e-44 8.66932163705754e-53
1.13231982931793e-44 1.52569018258115e-39 4.94147350635352e-60 1
2.07903854151236e-15 0.999999999999998 8.0918309758673e-34 1.46018043285994e-34
2.7680131300622e-36 9.14831939450065e-36 1 7.14827002179508e-55
2.39192354131139e-46 3.20467493663705e-48 1 2.5589569738115e-72
1.67772906883436e-58 1.0696405390673e-43 2.29562422691153e-78 1
1.0503998206559e-42 5.0619809764265e-42 1 2.45769663162845e-67
0.99999999993781 6.21898737320011e-11 6.42722487046205e-39 3.22259487668081e-49
0.999999999999378 6.21963594096388e-13 1.8255983470681e-45 2.57018114615225e-45
0.99999999718107 2.81892942449529e-09 7.86962253057023e-47 1.92416596020771e-49
1.19316658267781e-08 0.999999988068334 2.31932094765356e-48 3.67659092328167e-44
1.04498270136385e-38 2.91911581008892e-30 9.39256773582713e-59 1
0.999999997020368 2.97963215832501e-09 1.15410694041363e-39 3.96036855148954e-40
1.78174308274002e-51 9.69274579671171e-38 6.32842136263262e-70 1
9.8275423107966e-48 9.96381239435645e-39 1.12595412556242e-64 1
6.32631309988448e-38 1.3537961351548e-28 9.29492286388702e-50 1
4.66509119091959e-46 1.29950663905333e-36 4.77913989939433e-61 1
1.34294133111257e-37 1.17669558451204e-35 1 2.81518668700963e-55
2.21853110204423e-11 0.999999999977815 9.37190234484e-41 9.99831849335828e-42
0.999999999977114 2.28864139323367e-11 2.91592190876445e-48 2.83879252511466e-51
5.49682502538871e-43 7.70490998147734e-35 6.39554603368816e-63 1
0.999951837946191 4.81620538092492e-05 1.90454676772993e-47 3.19172086575735e-43
2.57909492559008e-39 9.81653184779145e-34 1 3.94829086945647e-54
2.3835076934273e-48 1.29225182811486e-38 3.91170407915427e-75 1
3.79812602915811e-36 2.83228684630683e-35 1 1.45667697763911e-54
2.74297777387996e-44 5.29994229893851e-31 3.38463147625027e-52 1
8.16184024938516e-52 4.778059619621e-40 5.08736747312539e-76 1
0.999999997134571 2.86542855633239e-09 3.18092642302055e-49 3.03641814004081e-52
7.61003213650437e-51 8.85293768380661e-40 1.09333427882587e-59 1
7.67353604146269e-43 3.57396109878931e-39 1 2.7954321381658e-63
0.999999998497249 1.50275050185443e-09 3.35072388387145e-35 3.34553186169276e-41
2.89555694780395e-43 4.445839546034e-29 8.40229752269486e-58 1
8.3147533406162e-31 6.53232423923613e-33 1 9.22775156822016e-60
1.41717706105449e-45 1.0316517510504e-47 1 7.93374824950437e-65
3.62633295919499e-50 2.34695137917387e-39 3.99384874760058e-76 1
5.31094914805777e-12 0.999999999994689 4.14278252756737e-31 4.3747706112205e-30
9.06497012070872e-47 1.05479556243566e-40 1 4.25813604428209e-57
0.999999990610022 9.38997821514434e-09 3.5051234957053e-35 3.71438064086041e-40
3.99599138919236e-39 3.10273892820626e-29 1.04814832490234e-55 1
5.41480439650565e-43 1.03179528357443e-43 1 1.69041287652345e-67
2.58722072819039e-14 0.999999999999974 1.03849132975641e-44 1.27746488145291e-32
6.57944058914179e-10 0.999999999342056 2.30374044345755e-38 6.49726588590103e-48
5.06867050848794e-42 7.21103664501493e-31 4.02186667208419e-63 1
7.41587136310724e-37 2.67265937312509e-36 1 6.77401582152541e-63
0.000108860753041384 0.999891139246959 1.21650794486319e-46 3.98513842512758e-32
7.65612409873843e-58 8.93082246623606e-47 1.23793216025568e-64 1
4.15876170831561e-55 1.78861298933408e-41 7.00695332498972e-65 1
4.09045298922072e-37 2.81545690965042e-40 1 3.46131185483822e-64
0.999999227633377 7.72366623137642e-07 2.70980892440604e-45 2.25261137661988e-51
1.20933279475859e-36 6.56763200912108e-38 1 4.76350228745319e-63
6.3502216806732e-45 7.58672101079895e-28 1.25948219986306e-54 1
0.99999999999994 6.04758673823449e-14 1.21021749843779e-38 4.02911951696104e-48
7.15490886268343e-14 0.999999999999929 3.35026678331874e-36 4.83968422421976e-34
1.69735286363128e-37 7.71747788705471e-31 1.73737553146305e-68 1
2.36929597364359e-29 8.8124808265937e-32 1 1.34501091051924e-53
7.4549371186081e-50 1.47993435183886e-44 1 5.82857814889796e-71
0.999999999999982 1.76498641779479e-14 2.91118663768223e-39 3.11903056704065e-47
5.5206184564982e-32 1.0973351701784e-22 2.44060994208954e-40 1
8.75498087934948e-39 1.47866243170962e-44 1 1.38565159537974e-70
1.06577578672491e-09 0.999999998934224 7.25447298591049e-35 8.3377195070492e-28
0.99999999941256 5.8744026954545e-10 3.44169311029268e-37 7.31234686656884e-42
3.79203286876194e-40 6.08708198044314e-40 1 1.827903360636e-65
4.78551843432149e-41 5.51928888987291e-41 1 9.54349821031961e-63
0.999999999999998 1.77727578405979e-15 1.15863020542915e-49 4.02839695956e-60
0.99999998718807 1.28119300882039e-08 1.78513643466018e-47 1.40291336259104e-49
3.0554138097145e-59 1.77069466043671e-41 2.11673110135843e-70 1
2.52554604156538e-10 0.999999999747445 1.75102698049214e-33 3.44376883181119e-42
1.1901951631712e-43 1.44918855140748e-44 1 1.00899875919177e-69
0.027426707786099 0.972573292213901 2.70456362049634e-32 2.41805260167973e-23
0.999999987547727 1.24522725115618e-08 2.78665522861524e-42 5.85915402780301e-43
6.57372521075917e-40 2.4692627941964e-43 1 1.65483306039924e-53
5.86482060955758e-44 1.62916362179168e-35 9.54782468263159e-64 1
1.33897096345826e-43 4.57473020768708e-36 5.30918343535778e-68 1
7.22340001052995e-57 1.4946438717846e-44 1.25401881051526e-65 1
0.999999999967245 3.27545779502533e-11 7.80796350082911e-46 1.1746390999169e-54
1.64419869742276e-55 1.38394882774554e-40 1.08877791980191e-62 1
0.999999999999987 1.29628267416338e-14 2.0221888838246e-41 8.31243276394157e-57
1.47628051677569e-06 0.999998523719483 4.79884951912675e-42 3.30196749492984e-43
0.999999999999653 3.47013796773108e-13 1.02276788161018e-32 1.91272961987621e-46
6.52279575596706e-44 9.00954499791319e-36 2.82694102429552e-55 1
0.999999999997553 2.44676367869489e-12 3.56341919408351e-45 1.16177565179187e-48
