9.78410024346411e-31 0.999999999638415 3.61584741696416e-10 2.24001140216693e-37
1.25123508799341e-67 6.94734866007498e-36 9.34330664317631e-39 1
3.87234837083345e-30 0.999999999942459 5.7541083455514e-11 1.11527252042154e-24
1.97019254359581e-45 7.89758715051006e-14 0.999999999999921 4.35891735289434e-37
8.04636537777122e-50 9.11535466062133e-12 0.999999999990885 1.08664799253377e-42
1 9.27458489347544e-34 6.48996049441235e-44 4.17810934875508e-54
1.4598000549362e-33 0.999999999999461 5.38912975045477e-13 2.54316486681622e-31
3.17876282272684e-60 1.53213858306119e-33 9.92566735593587e-37 1
2.33678232995443e-52 3.97545442519402e-32 2.77215953012941e-38 1
1.17523900259213e-55 5.85919787772641e-34 4.60837670596476e-35 1
1.35244554522159e-61 1.53496090915249e-40 1.79131405591622e-41 1
7.95865886763498e-48 1.41654010262972e-09 0.99999999858346 8.29521002130175e-40
3.22743450567788e-32 0.999972738568608 2.72614313922223e-05 3.47918075040034e-46
1.61236056860648e-47 2.39229617519412e-12 0.999999999997608 1.24414901512884e-36
1.82978924564753e-51 5.30942990097761e-12 0.99999999999469 1.04187956020366e-40
1.08707341399706e-39 1.61771888294504e-08 0.999999983822811 1.16222716086627e-37
1.26899817860549e-36 0.999999999547683 4.5231676676169e-10 2.77105067362525e-34
1.33926604923401e-59 2.41016915471909e-36 3.10318730226163e-42 1
8.46738704485367e-53 4.08685726506184e-33 1.86381241933408e-36 1
1.15339740308835e-43 4.0830160144005e-13 0.999999999999592 1.84215751979341e-43
4.54613349473261e-68 3.58212551866666e-43 9.72855643158726e-44 1
8.03166812544587e-62 5.74692267317101e-36 4.11963744349061e-37 1
1 2.95235684877489e-39 1.02359443420348e-44 6.18563091005965e-58
1 1.16201357843791e-42 6.72157230372478e-55 2.26133351826671e-59
1 7.56944898048231e-23 3.38504266446728e-31 8.90983349234433e-35
5.3530192463826e-56 1.36729398756519e-34 1.83920693372276e-35 1
1.09972725804098e-36 0.819348747881891 0.180651252118109 9.75726433441644e-33
1 7.28942299827719e-42 3.81570545661808e-55 3.64201342575178e-62
1.33421827108377e-40 0.999997271562133 2.728437867169e-06 7.31236542852746e-31
1 4.62208964227777e-29 6.80696345296537e-39 1.1274010614841e-47
1 2.71795379921351e-35 7.27160901589667e-45 1.46774183365603e-56
1.86463431743519e-43 9.27287188178602e-13 0.999999999999073 1.42471406124722e-34
1.96651307679979e-37 1.59015537835157e-13 0.999999999999841 1.204585872582e-44
3.38781725478115e-38 3.91977681684929e-15 0.999999999999996 2.2632819674956e-21
1.32978707553509e-51 2.29353532556843e-31 2.60290566059854e-34 1
3.17822196320415e-44 3.56234994053167e-11 0.999999999964376 6.70418695709103e-43
1.86776073015737e-45 8.17507403416608e-12 0.999999999991825 3.30356348689508e-33
1 4.81712145177433e-42 4.44218560350404e-58 8.59015929062479e-64
1.81292826795801e-39 6.33350976953175e-09 0.99999999366649 1.22079428033321e-38
2.09487458635418e-32 0.999999999999256 7.44118711901622e-13 4.0013924043721e-39
2.05259562733005e-41 1.52009278515651e-30 1.93368474724367e-32 1
1.73657115735343e-67 1.00573646545239e-40 5.77936440007244e-43 1
1.98117076971496e-61 4.44185068714802e-40 8.02477595302207e-42 1
1.32648763978506e-62 2.27603825820799e-14 0.999999999999977 6.3450207542513e-44
3.78218062743043e-52 3.59385772012689e-35 1.05993097839813e-43 1
1 1.21648440615668e-35 1.07555552969937e-43 3.76420035524714e-60
7.03778520354081e-44 7.30651844250672e-06 0.999992693481558 5.04396214920772e-43
2.62648904324341e-47 8.86892570615045e-09 0.999999991131074 1.4486514880005e-41
1 2.83413566947185e-32 2.21010845453398e-51 1.27334113830612e-57
1 4.00780959105734e-29 2.24825632234489e-38 1.60479833961252e-50
7.25822227647425e-64 1.66342631218154e-42 7.62368751441626e-40 1
7.66744028456269e-66 1.8064565714167e-43 9.50087100305279e-48 1
1 3.69484662639133e-38 3.12128133821411e-48 1.36610662073201e-72
5.14974366692401e-40 5.36355185573466e-08 0.999999946364482 2.50639350081161e-34
6.88451510660179e-63 5.47938223716919e-49 5.07405139249216e-50 1
1.21393154395368e-67 1.78223564352689e-40 6.22429959399037e-48 1
5.01500101966608e-30 0.999999999572921 4.27079566558798e-10 7.98139882946592e-38
9.6691755545e-63 5.96636928373507e-32 1.90636607417845e-35 1
1.79317420309055e-44 1.22619859753077e-11 0.999999999987738 1.26946597568635e-45
4.997008093099e-52 1.2151702618301e-08 0.999999987848297 1.17460420261162e-47
1.48792207655233e-42 5.27195213444722e-08 0.999999947280479 4.68886454995355e-41
1.229413878036e-41 0.999999999977588 2.24118509022995e-11 2.1705155014446e-38
1.18193352240603e-55 6.60629479069236e-10 0.99999999933937 1.64164498534169e-37
3.24467733439443e-56 6.22936503242156e-35 6.57297869933524e-40 1
2.1499510898017e-55 9.73256368588423e-28 1.65670153347485e-27 1
1 2.44745197900949e-36 4.895862693727e-46 3.05255181434796e-62
2.204585344711e-52 2.89461862529272e-11 0.999999999971054 4.73849445434287e-34
1 1.35673503506924e-41 2.24587895915419e-54 1.38444655241722e-64
1.41600424490034e-53 6.07935875316288e-09 0.999999993920641 7.79607645895663e-51
8.30993543056654e-44 0.999999999999766 2.33710670273445e-13 4.3177385601998e-31
7.23960929249168e-34 0.999999999999992 7.46440460657879e-15 1.61399946845985e-30
1 5.25218512522555e-31 7.94198968798418e-39 1.32777029299188e-48
2.81746963320502e-66 1.66081317756426e-40 8.00995752954939e-41 1
4.78951480454515e-60 5.735117731283e-15 0.999999999999994 9.81393597724829e-48
1.37516201739033e-39 0.999999999995832 4.1674449535046e-12 2.553603149842e-31
2.13906893610944e-46 7.13887285350476e-14 0.999999999999929 8.39979316840298e-39
4.31856374079796e-42 0.999999999999986 1.4455964563179e-14 2.26648391792168e-37
1 3.96375831054655e-43 1.055645987414e-58 3.0026356697969e-67
1.02464560454706e-47 3.49943095650704e-08 0.99999996500569 3.19388121942064e-35
3.24194013265466e-57 4.64665770618025e-30 1.47709819338136e-29 1
1.46959167046063e-65 3.54281448945311e-45 1.98786251351092e-50 1
1 8.74688817041149e-35 3.4300646843398e-41 3.57610312290429e-54
1.89989314026091e-38 1 3.54446948510884e-17 6.70936847611224e-35
7.23971421792253e-54 1.04866647696322e-34 3.0318769457931e-39 1
5.03066296517492e-40 0.999999999897502 1.02498540194339e-10 2.08937337670614e-48
6.71239442849792e-33 0.999753489358726 0.000246510641273951 4.88919749213626e-32
5.66614522141401e-49 2.60737617269315e-31 1.16025366775034e-33 1
1.95796057187323e-52 2.68394464929118e-16 1 8.88142706445922e-38
1 8.89005957335366e-32 1.69545197802804e-41 2.08455711940933e-58
7.55492361617269e-60 4.71590340148724e-35 2.02672257518097e-34 1
1 2.96564919567779e-38 3.46241875850726e-47 1.46905239948672e-60
2.5991620915117e-41 0.999999998681108 1.31889226425225e-09 5.70273743947646e-30
2.98802014136618e-31 0.999999999999999 7.64766675802331e-16 6.69818908879566e-45
3.87060452758952e-73 6.76799010225836e-41 1.10628607076625e-42 1
1 1.41366707326555e-30 1.19475907052368e-38 9.45718451127649e-56
8.76153288570566e-43 1 6.98749124243771e-17 2.81806920238182e-35
1 7.62872395114984e-38 6.20834855996642e-50 1.42316082963658e-59
9.56452434992032e-44 0.999999951452327 4.85476730518362e-08 2.36791300454222e-44
5.48946762156669e-42 0.999999997124876 2.87512415849263e-09 1.94547608210637e-27
8.00542872978235e-55 2.21005885040215e-10 0.999999999778994 9.49876039819007e-44
1 2.33921675688409e-30 1.27847734674001e-41 2.03350578270269e-46
1.47804547049904e-48 1.88098120012117e-29 2.63231765655439e-30 1
3.07421897846987e-62 4.51424994892768e-36 2.1379813599825e-46 1
5.03113253942546e-34 1 3.21542015294018e-16 8.09674991483868e-35
5.71495647178731e-37 0.99999995165316 4.83468397701563e-08 5.68649310009094e-36
7.6612403332216e-64 1.3429560608849e-37 3.08341112573876e-40 1
2.38941446536227e-28 0.99999999845936 1.54064005994429e-09 5.65943516065642e-28
1.6509325799732e-36 0.999999999997509 2.49088719602758e-12 5.91462640576814e-41
3.08451023963815e-59 3.73995002499333e-27 1.87025193694395e-31 1
7.44994114130669e-32 0.99999999998881 1.11903434238102e-11 7.09608991549578e-28
3.61794959858471e-38 0.999999999997067 2.93262486851128e-12 1.01527617260366e-34
1.27268374142818e-43 8.95206782339183e-08 0.999999910479322 1.54120895039811e-33
8.18935428121952e-56 8.0474823092964e-13 0.999999999999195 9.64711663141093e-39
2.4895061300349e-31 3.21658112037448e-07 0.999999678341888 6.49497568927009e-40
1 5.95385673300735e-31 2.14440839501818e-39 2.02364681963965e-51
2.88205287898522e-50 1.59369991028864e-29 4.28180718359899e-37 1
1.01680310389678e-42 2.55581921345363e-10 0.999999999744418 1.25062833418041e-50
7.29915161570158e-53 7.02836556490351e-12 0.999999999992972 6.66578196903733e-40
2.68396300180619e-51 7.88879436269568e-12 0.999999999992111 1.85244522190199e-43
5.48061119470342e-35 0.999999999889859 1.10140666921185e-10 5.60112045961798e-39
1 2.71459967675776e-32 9.55128549030518e-43 2.47778690010798e-54
1 2.03816907224748e-44 2.28440303809545e-55 3.40381215002297e-56
1.04812818221629e-45 5.25108156299087e-13 0.999999999999475 2.79203636528374e-37
1 9.82044280677012e-42 8.88540453273869e-59 5.95052863962644e-66
6.28106887201663e-48 7.40243150580324e-15 0.999999999999993 5.3777555707903e-38
3.8508947788479e-50 2.90814020093025e-11 0.999999999970919 2.1361073873803e-43
1 1.04127676521884e-33 1.7177148659102e-43 5.78090446164442e-60
5.00726219743173e-27 0.99999999999475 5.250132073397e-12 2.10022025996607e-39
1.55827559562549e-56 5.26265286552646e-37 3.72801072546102e-43 1
1 2.31484041410676e-39 4.6912457779735e-49 1.67900248384864e-69
2.81359807920072e-60 5.55403678139300e-35 2.88970082140333e-35 1
4.75285075876517e-61 5.57435731856217e-35 8.82052204461362e-36 1
7.34669363950842e-64 4.04261674023863e-46 4.26499177181809e-50 1
1 4.03932820057711e-35 8.92465489992206e-47 3.97408467321352e-55
1 3.79552523460967e-31 8.09035657607276e-44 8.0081087441884e-48
7.86870238713127e-32 0.999999999995022 4.97789418741729e-12 6.77695004452036e-40
1 3.53787176246981e-33 6.4533442695387e-39 5.7766169773058e-66
1.27383746129245e-49 6.73094971236873e-09 0.99999999326905 2.51408366421738e-44
6.26053339333724e-25 1 9.00659810664302e-17 2.87467958575162e-32
1.47778736152378e-55 4.96968445086065e-35 1.08359454284973e-36 1
1 5.38927372920982e-46 4.29781855973662e-57 4.85074805873714e-60
1.35718719230451e-45 6.86174996414732e-09 0.99999999313825 4.99873083435946e-46
2.61238398355352e-53 4.35799484333174e-29 3.15476613714882e-32 1
1 4.87902705461564e-36 1.54473273636459e-46 2.58396852623737e-60
1 1.79912744272523e-47 9.26384084165508e-59 6.71361860534488e-69
3.58460416143337e-67 3.44119870525296e-37 1.140397587625e-35 1
4.31454378569857e-46 4.18968033197864e-11 0.999999999958103 2.38663956298116e-34
1 1.10118491528339e-30 1.59819583344403e-36 1.63310475484259e-62
6.85509721890295e-60 7.6222565203618e-13 0.999999999999238 5.10782912126867e-50
1 9.0159161819821e-29 3.37816501955499e-43 2.58996307327608e-55
4.62855303748538e-57 5.0125294047732e-15 0.999999999999995 4.37915099348489e-38
1 3.44969316735325e-43 7.9597051507968e-53 3.13937631385124e-71
1 4.11010108915989e-36 6.68598359278622e-48 1.26930437876712e-62
1 6.56743702924337e-41 3.05722175259261e-52 2.2186198760821e-58
1 6.28285433443624e-40 2.04379747598605e-53 1.98990330011624e-60
1 1.24926502829526e-40 2.38144325921005e-56 2.55191017606673e-62
3.81502429102122e-45 7.87747056266399e-30 5.7288956041289e-27 1
9.45903269388733e-56 1.63770239001127e-15 0.999999999999998 9.15526608295781e-42
1.14200544741617e-28 0.999999999920155 7.98446836132402e-11 5.76364705949029e-43
1 2.28475828025382e-36 3.06896963516374e-49 1.22827681663246e-57
1 7.91484830726889e-36 3.00278700388769e-46 5.45849185675432e-54
1 1.05779684181468e-34 2.56142228406994e-42 4.6265475922756e-58
3.90505308898516e-61 1.23142209328646e-41 2.31155918019977e-43 1
2.09838880732101e-38 9.87929758049416e-09 0.999999990120703 1.25590996352506e-34
5.76969955859267e-48 7.45454460065429e-37 2.52892836207954e-36 1
1 1.1257145333734e-30 9.64729733436363e-43 1.46998726971685e-62
8.06015274353088e-25 0.999999999994239 5.76133814826684e-12 3.29072538837451e-38
5.12039770592256e-40 7.15869087523875e-23 4.67290365997913e-29 1
2.45847324055669e-43 1.09881310521552e-12 0.999999999998901 1.70879398687986e-37
1.00275380616714e-40 0.999999999999979 2.12199107115354e-14 5.70870821375364e-36
9.41307885496674e-62 4.35973447248778e-29 3.46574107324378e-34 1
3.58173335736157e-40 4.59482484985606e-06 0.99999540517515 1.82654447261102e-35
1 2.77006241911129e-41 7.49387992597304e-51 3.98488267600736e-64
2.33244423450887e-50 1.2764059426747e-30 1.18263570914764e-33 1
1 1.52301957896407e-37 9.02916376377741e-42 1.22986093486403e-54
1 7.33488926595579e-37 1.78070395062814e-45 3.61312330340734e-56
1 3.33430076597502e-38 1.14153273379828e-52 2.63264713029009e-61
2.16511740582442e-69 1.79058688653727e-43 1.27849178153824e-38 1
1 1.70678672504225e-37 2.47281993315991e-50 2.07272598179973e-63
5.51339702080283e-43 0.999994371359523 5.62864047734903e-06 8.6183074811762e-38
5.68541454870752e-52 1.14488549357698e-11 0.999999999988551 3.22271823555411e-44
4.22625629054778e-23 0.993385237693006 0.00661476230699376 1.63541011505679e-32
1.27250108609749e-35 0.999999999997745 2.25517096778018e-12 7.81625881890266e-41
1 1.28837841750141e-35 2.14341944214659e-44 1.09858419204803e-54
2.41123619404262e-52 1.4099912747151e-11 0.9999999999859 8.48879732627086e-39
2.92613205229945e-61 1.47225687554376e-37 5.1376661174289e-39 1
3.53836511084844e-60 1.23279354871822e-37 1.14600736539565e-39 1
4.62276666478798e-48 1.57601450475222e-29 1.40181856588204e-29 1
4.62991451757628e-60 5.56137354631951e-36 3.51842962219004e-41 1
3.37212931772034e-65 1.7353247063657e-39 6.71263251902737e-41 1
8.83527285086114e-36 0.99999999998213 1.78696294256404e-11 1.18704360522259e-28
1 1.75806423929343e-35 2.42775590579429e-49 2.98911141427883e-55
1 1.31426045960355e-39 3.67561131512565e-51 1.75164106791284e-66
8.56711846384588e-53 8.40331957321806e-30 3.13667767425248e-36 1
6.76946426775463e-49 7.36941692169654e-11 0.999999999926306 1.54750906522401e-43
1.38374075089149e-40 0.99935783727195 0.000642162728049858 3.67904747823051e-32
5.49395647304106e-38 2.21294124146576e-11 0.999999999977871 2.50643900150511e-34
2.48068547437366e-52 1.26423208143202e-10 0.999999999873577 2.41230609297064e-26
9.7470775273227e-49 1.82478662476689e-10 0.999999999817521 4.85044681169533e-36
1.46820745337026e-57 3.02856750403034e-42 8.76245424074941e-46 1
1.10429896637544e-63 6.05942399644301e-37 2.20977336807285e-40 1
3.96859252285746e-52 2.4354596476805e-07 0.999999756454035 3.12510567139911e-44
1 1.3751437844538e-33 4.72410876363754e-42 4.63384042137998e-57
8.31928248203511e-33 1.42445612454417e-06 0.999998575543875 3.784907468207e-31
2.88503895165228e-43 4.2406061542305e-11 0.999999999957594 1.43480684204085e-38
1.50484844044725e-34 0.999999999999614 3.85824084915671e-13 5.91983126371459e-51
3.30514084551567e-38 0.999999999973689 2.63106990410173e-11 1.60923271626093e-40
1.13207374223817e-62 2.52937455225032e-37 5.69577503578959e-44 1
1.0237447253915e-54 7.74214576789e-35 1.98996398226707e-32 1
1 1.40446545623558e-43 7.85309540386852e-58 1.75588137073715e-73
1 2.32898600154468e-40 1.25150062299962e-55 8.16379976538978e-61
1.99538896206322e-48 2.21281147429426e-09 0.999999997787189 2.46964202710674e-38
7.50353685789479e-28 0.999999984006225 1.59937751367903e-08 6.31309824114343e-28
2.02792221257816e-44 0.999999999541735 4.58264859266378e-10 7.19428852568647e-32
1 4.15156596009268e-40 4.55848458762591e-50 5.62411555666049e-65
5.83385470138904e-60 1.1572884956856e-42 1.15943904635046e-42 1
2.17768694782769e-40 9.56414684228546e-09 0.999999990435853 2.31603874781786e-45
1.20658736965654e-66 1.61017439988269e-14 0.999999999999984 2.66755005040282e-40
9.10423387747925e-42 3.71534847475493e-09 0.999999996284652 1.48430106476904e-35
1.23036537616598e-44 1.89774536632954e-25 7.08161764944656e-29 1
2.90645325639334e-40 0.999999784534604 2.15465396138243e-07 4.50636535816077e-32
1.00315231541212e-38 0.999999999992625 7.3745904484198e-12 2.40118591945608e-34
1 1.94255816877196e-33 2.94231679235787e-45 6.20716005198167e-62
4.35922714229843e-65 7.58797791747152e-30 2.89338510550962e-38 1
7.97197762946904e-54 1.29366337164743e-11 0.999999999987063 1.25933698752046e-35
2.7658447347218e-38 0.99999999980447 1.95529820786977e-10 1.49096425309859e-30
6.52530716299771e-57 8.1132172365782e-42 1.32113744876502e-44 1
5.41856542535935e-37 1.22783858969019e-10 0.999999999877216 9.39261240412261e-26
1.39855926793125e-47 2.53125545636054e-11 0.999999999974687 6.68264378062933e-37
5.88856122476184e-46 6.319528417453e-15 0.999999999999994 3.64705302355258e-41
1.00866052800036e-45 9.88865510966515e-07 0.999999011134489 2.10165798743477e-35
2.68946137277654e-41 1.02777667710122e-09 0.999999998972223 2.25731889725181e-32
2.49433007090743e-48 1.11142199046652e-08 0.99999998888578 3.09229010868002e-39
1.16755111118604e-52 5.75758587776041e-39 1.49643745044226e-38 1
3.51604698237936e-50 3.03096381710005e-11 0.99999999996969 2.69542413713234e-40
1.12545346446476e-60 1.57100310888738e-39 6.76072400243922e-40 1
1.34621277578214e-49 8.25974239597743e-35 4.12189022796917e-34 1
1.39291589800614e-37 0.999989147611097 1.08523889035019e-05 2.33438610967038e-34
3.43564058713303e-42 0.999999999996188 3.81158185085805e-12 4.00703228155829e-44
1 3.8454425406709e-28 4.9643776725153e-44 1.47866401885029e-48
1 5.22529047041991e-40 7.66831769398757e-51 5.80211724124433e-57
3.33876435609276e-53 2.3648959215988e-13 0.999999999999764 9.20932124279831e-46
1 3.08961458428719e-44 1.82598351501867e-54 1.86064911987037e-67
5.72819584345596e-60 3.67948217014959e-39 4.38649416646223e-43 1
4.24080697314133e-61 4.66203360705385e-37 1.06694595928364e-38 1
1 1.72650112535216e-33 3.71579900822119e-42 5.82953374204468e-54
5.34279613568773e-63 6.54142551418577e-48 1.46164615286773e-48 1
4.46743148254351e-48 3.71791376251889e-12 0.999999999996282 4.57702231950665e-29
1 1.49530656630786e-37 1.91605875016957e-46 2.39248120755093e-53
2.81798995193939e-35 0.999998899003501 1.1009964985119e-06 9.8207634374177e-41
2.44358528953168e-47 1.63261919685311e-13 0.999999999999837 1.34524723259668e-45
2.00795036847537e-59 7.37671426334324e-42 1.50310266654486e-47 1
9.20735121553285e-49 9.73484613108139e-10 0.999999999026515 2.76760349353652e-38
5.37137820870734e-62 1.41283191407858e-46 8.31964955561209e-49 1
3.55099060574646e-46 2.09415845096396e-10 0.999999999790584 2.05664940846061e-36
1.6017703908754e-54 3.94519079817362e-34 9.29918283757157e-34 1
1.50102020570534e-43 0.999997232608083 2.76739191699281e-06 1.40237916274731e-38
1 1.26727349971319e-30 2.84986084923619e-41 4.68660720940808e-58
8.18097552402019e-48 0.999999999721752 2.78247657385041e-10 2.04892620394913e-37
3.27514081825292e-51 1.00282274792022e-06 0.999998997177252 3.54511440742935e-43
8.99156996801449e-39 0.999999016648697 9.83351302867174e-07 7.34856444271018e-47
1 2.06523164028322e-27 1.19961838157826e-36 2.80468074797367e-39
6.8645488552655e-33 0.99999980759328 1.92406720010599e-07 1.66041875258992e-32
3.76669977107917e-64 9.87698184111979e-39 5.67691935795777e-46 1
1 2.34093198505545e-28 6.70875275426413e-38 2.31644403981411e-47
1 6.31192710838466e-42 1.20020449561831e-45 5.54731270153371e-55
6.19856140007618e-33 0.999999999999965 3.45854711420291e-14 3.66063742176226e-41
1 2.29765869392813e-38 4.07926412509464e-55 2.89457178185587e-67
6.41681433003119e-44 1.61937300768124e-07 0.999999838062699 6.73371678388488e-37
7.00741115055006e-62 1.22753200814803e-37 1.81738527323674e-39 1
1.55788236243115e-41 9.34404477121507e-09 0.999999990655955 3.57621422841296e-35
2.21043994526623e-66 4.59828463379849e-38 1.15022277424739e-41 1
6.06557635411603e-37 1.54461508249742e-07 0.999999845538492 2.92255176586739e-33
1.36655627372303e-59 3.78461279067988e-40 1.70887298767484e-45 1
1 4.30805225415138e-44 6.7322643879243e-57 1.23813501577056e-63
3.15484830885312e-53 1.15719910911041e-30 1.38903544522568e-29 1
2.07391318769367e-50 3.83197747200628e-08 0.999999961680225 1.20617593891628e-34
5.56185721792076e-66 3.11083798870601e-35 1.07909541378455e-39 1
4.62180260460267e-44 1.82914857172692e-13 0.999999999999817 4.03498449446446e-40
1.20802614053251e-42 0.999999992517099 7.48290081537414e-09 9.41375753570141e-38
1 1.12694760943755e-25 1.34677114523509e-37 1.48510505119429e-53
1 1.00578478771926e-33 1.55850065395874e-44 2.47493729737531e-48
5.78061722846011e-32 0.99999999997607 2.39305181673773e-11 1.19715615171952e-28
3.33554750013553e-49 8.95645494636192e-08 0.99999991043545 2.17877682629338e-46
1.73369199256079e-58 1.46191560647244e-38 2.4744490859161e-39 1
7.62069497768488e-47 0.999999998962423 1.03757712269612e-09 1.75701669939267e-42
1 3.93030188406616e-35 3.16122378336818e-43 6.22061709011731e-65
6.72385431529253e-40 7.01752312588883e-10 0.999999999298248 1.63976385556593e-37
7.0848761423694e-48 7.61755614835678e-39 9.03838805178499e-40 1
7.43067588375247e-27 0.999999989606588 1.03934116119198e-08 9.29160390286009e-32
1 6.19788617897774e-31 5.22041051336765e-41 2.75673819369751e-52
9.81468929102576e-48 1.93326445123638e-13 0.999999999999807 2.81110580041339e-37
4.8791307357629e-40 3.64101849181189e-08 0.999999963589815 2.1082071502425e-33
5.59884470225965e-28 0.999999999999533 4.66526579161126e-13 1.0816268878617e-42
1.5547077478835e-61 1.68880926528385e-43 3.27234355431934e-43 1
3.79309556841577e-63 3.38591510205702e-36 1.23301245577106e-37 1
1 1.08880435673366e-39 5.1666270660969e-52 1.47923490276469e-74
2.56453410054637e-64 2.7691575665614e-43 4.7881147751524e-45 1
1 3.83745655550904e-36 1.31749155158602e-45 1.25421162865348e-58
8.46988152964145e-35 0.999999999999919 8.14473728597142e-14 4.23792596580721e-43
