"LD1" "LD2" "LD3"
9.17929864760723 3.5764017533881 -1.09944968633091
3.05994683400487 -4.55142587847726 4.37955868398623
-1.86537512568816 -6.14337043735935 -3.15079515066293
-3.31975833622645 -6.42981517037222 -1.75957010766604
-2.82390437039974 -6.65016669758479 -1.6963897298049
-0.0576307344297072 -5.31856930443156 4.05411300099548
10.4861208320221 2.19345127116033 -0.718646742541838
-4.05876475815736 -5.155701413395 -3.03206605948563
12.2965180105434 3.14328203378391 -1.64781272228954
-8.65159395364108 7.21106536940546 -0.845406703375126
-8.1674139464364 6.01373371152305 0.553704390352718
0.720775627564772 -5.47749477125326 5.21301930307828
-7.63016822952354 6.32400432555421 -0.217955092355347
0.397819288097165 -2.88497519233899 5.03656149002224
-8.31274337350557 5.12653379913882 0.379140868561799
-8.66583565373104 5.31163052220401 1.32938728258431
-8.89090399216781 6.36610809337875 0.0788325312580795
-10.1548332087402 5.83353137270131 0.773435095130173
-7.33004110274462 7.51550163685072 1.10710514560964
10.1406431789646 3.91221608983394 -0.588980147172786
0.432672592323168 -5.9239504272325 4.51493199259405
-1.50098361913342 -7.84068663297037 -0.984568868459092
-4.00060203882032 -8.81669845215663 -2.86494005581473
-2.80227918900624 -7.30089376736859 -4.04034133738147
-3.45269470154211 -8.32497801730996 -2.97008348702314
-3.04841745122444 -7.20307250700742 -2.15577583679031
-2.41920118413979 -6.40676226089896 -0.924812812852803
-1.24493308575432 -5.99258312293691 -2.10120978122844
-9.23567483154907 6.79803916731795 -0.432959560976633
1.86502939790005 -4.59989000113109 4.65824000765579
8.9421516695205 2.84841504481649 -1.53569588690721
-6.88360347899726 5.63824266832158 -0.0772903269955246
-8.36528307556875 7.71648259070237 0.246678872272015
-4.51777273920755 -7.29878760434692 -1.65864690659849
1.46203267343857 -4.20616886063473 3.27052609110392
-0.339813050780861 -4.51191311342854 4.74151073542553
-8.76405658193457 5.04079031959839 1.82938029826087
-1.01151173620087 -4.24100813488899 3.47172378156234
-2.00063209857887 -5.48434160751056 -1.95409598712862
-2.36844011202307 -4.95690094312111 -3.31870430360879
-0.991057539491402 -6.98496505813148 -2.21108736164912
-2.75925326260746 -6.55749838459835 -2.23346981551817
-6.69946751247424 7.24338864253114 -1.61529644893644
11.4706104569778 4.90034463655851 -0.405459964132517
-1.1908355948711 -6.51398291905931 -4.34833068367324
12.0289359047422 4.70337972133516 -0.0734460274680459
2.40524605877901 -3.21394261794018 1.15541398824695
-3.13639087824486 -6.95302336505407 -2.353350755319
-7.20273173197845 5.64046951650846 -1.00459842785242
-2.69857808554194 -5.59098315576268 -2.64648118354143
-3.02785668617803 -6.68567700653333 -2.0431571161063
11.4944259774292 2.50187707931501 -1.60129445961049
0.389170151721805 -3.46817589170662 4.34561484327387
-3.59608381850938 -8.14573632383304 -2.74137822137068
-0.56330912170015 -7.55538048500385 -0.962356772041492
11.2608136959024 1.98482495582182 -0.301301511022104
-8.67230543215 6.26495569513539 1.09223950996834
-4.08651483747618 -3.20780824081023 -4.99345335761727
-8.78775293176347 5.7104975562357 -0.795243948240035
11.9403966589056 0.763576515183738 -1.52378442810593
-2.6118969622917 -5.34082301747333 -2.19878080157654
-0.604369130167127 -3.48643497733683 5.46782858851037
-2.91346260556167 -6.01864067556417 -3.26947757961631
-4.49496148478303 -8.57279734505713 -2.44782340723169
0.448644518868378 -3.66503417187877 5.96229186068293
11.3366042378403 3.26433260796272 -0.801679172889173
10.6759750851428 1.35146559384038 -2.39722986962197
-8.59101188652084 6.2782325542841 0.63899906679571
-9.5462756249408 4.930033153033 -0.247194577351218
-8.0904724123951 5.85070068210804 1.4614094146824
-3.03666715121592 -6.63261938105196 -2.3300857658752
-2.81662288148715 -6.35343101013008 -4.16586576865075
9.4857681629537 2.99144136790037 -0.640444633069399
-0.375547895703201 -3.83794758074631 4.6504736617239
-1.8184886911099 -7.47322784831659 -1.90227301569659
-2.75784693344552 -7.76076036929297 -1.57541908912283
-0.201317286091258 -3.86377599712031 4.67945137977846
-2.00218680953921 -7.60358099303893 -2.02095440442321
-8.70568636067249 5.1943071537781 3.02955299985071
-7.48182136070386 6.39745798331027 0.0822748716509565
-6.409466258359 4.3437855383995 -1.12159204504946
0.429611772586714 -3.94975829767808 4.63959505580069
12.4876266337987 4.25840653176632 0.42085494021258
-0.0135607278957252 -4.69002806763866 3.52979648165625
-0.426933711287372 -5.40797201609895 3.62692328892156
10.2228810306455 2.66992329345251 -0.862878791061642
2.36668330117836 -4.2841141304204 4.67377718004962
11.0526077821823 5.46358265633564 -1.86800522746162
-8.94397151309606 5.67055783680105 -0.238713297577006
-2.87950782858105 -5.9742746723254 -2.81377477095993
1.00078691245696 -2.12427120817995 3.18242789460636
-8.38817507902597 5.43411795170037 -1.70859885731712
-8.30364574801198 6.85226599713539 0.0429574017193969
-0.531030890738872 -4.97465288161984 1.41661548874079
-7.51268494534241 7.76388809264075 0.256645873837058
2.23231913490999 -4.22263941762644 4.68868414846755
0.154848826626648 -4.7072667462739 2.56314275898067
10.312915790076 4.75389937112257 -1.26146386330217
8.32884119146474 3.4657367804062 -0.00133786718741468
10.4401136675418 4.11757035478138 -0.437140808129673
-1.73428564040537 -8.07258305886715 -2.58069179522032
10.2379238594489 5.00144364609015 -0.211998343015401
-9.36861385883032 5.47569619687004 -0.183449427499624
-2.23965746300409 -6.22701326227755 -1.61414246502847
-7.72028986445078 4.33781223418363 -0.201819572288135
1.11505366299402 -3.45588575274127 7.21714897744647
-8.43019224891004 7.69179419310255 0.590796141737016
-9.25412781335638 6.08573432727303 1.39831564873746
10.5037429373127 4.57991751348864 -1.20765587556974
9.62441172125655 4.45729461748297 -0.202792220757101
-2.257878250289 -6.14642729064481 -2.27679578442705
9.47016983870424 3.99844126085912 0.014550982301546
-9.10800294998417 7.07076076982953 1.7441115867516
-1.19961974648151 -5.12783251506648 4.76390147168564
1.74194155947417 -2.10262760136531 5.16855536531217
-8.6327303637058 7.23638954295319 -0.374875825415819
2.8643039350469 -2.9049781292084 3.87095420360073
1.4554408107931 -4.62615839621462 3.17846940710657
-2.28765498927856 -5.07671195581558 -2.53142163157145
-1.44481721960726 -4.80471486822784 -2.48424428339894
3.64780250279833 -5.68096772303349 4.96701832402221
-8.03650053907858 6.99182335405339 0.420292191397081
-3.02213434818287 -6.5834322721586 -2.36415619258394
1.17773410862168 -5.01712546010652 4.64229847258614
-8.95884941387608 6.70546928042795 -0.0464830249580208
9.68813185198183 3.29344306907573 -0.985560306523777
8.47809795345467 4.62113128554933 -0.452823922509555
12.3239770365795 5.15499524770948 0.57383176031786
11.3788748758887 3.82995578610407 -0.76093073390749
-1.96976131414105 -5.77161993193707 -2.08398021088986
10.7700324853302 5.40861374657871 0.0556866739553123
-2.33814960734186 -6.82142729068272 -1.29568549888131
-1.34925686115797 -6.73817233611382 -2.42738117412451
11.3263840405831 3.10875977305103 -1.08846919849136
-3.64573189228838 -6.02235962127024 -2.32054902144441
-6.61088449001521 6.90028115502791 2.78341773989315
-7.87842209917713 7.18172775346429 -1.61061184814463
-3.38965024615489 -7.11581366557433 -2.535938495517
-7.97167104966945 6.12764795937563 1.09474707029972
10.1427121028357 2.83790009743589 -2.13578749962486
-9.3492079555752 6.6004887016013 -0.425964362078111
-8.21369249842527 6.25058668470492 1.1332345188757
-8.5892868320409 7.69492019501348 -1.11668774139217
-0.520132022867314 -6.04953814455167 3.06844103077896
-7.18964448744318 5.7487777235493 -0.0744717264711876
3.38366853434576 -3.84108842536901 5.3570521739371
-2.39168377663773 -5.91710881733047 -2.89477875214029
1.35060464265807 -4.33174482412113 4.01424836853036
-7.77479544244661 6.49507136852833 0.759933801357743
-7.42226483692394 6.0868511861878 1.15991882744007
-0.488286141442534 -4.25967880508743 4.47153760044067
-3.28171076862987 -6.50963390112003 -2.35037820313143
10.3189647508154 4.36926870568288 -0.338730487753409
-8.39558733386955 6.30251818191784 1.23392333710177
-8.20449692005271 5.93296052409864 -0.576771252643405
-5.79058249261419 5.50936157270293 -1.3049593243493
-1.83673708856884 -6.29554175452958 -1.69284380304997
-8.20483567205406 6.98355912368353 -1.11700403937483
2.72619476331555 -4.71612700108441 5.04459879398938
-1.02549123235516 -7.20391516270024 -3.1950845991548
11.2317034141937 2.80726108319374 -1.14682348900195
2.14941205007103 -1.8546802563053 5.00681550839982
12.4675918138375 2.79733207320316 -0.892407467099158
-2.27944860533021 -6.16043997463136 -1.54164037236523
1.56340286595409 -2.65063765028854 3.52589357615874
-8.80168500937347 5.69253284187674 -0.814170600623179
11.9569290773712 3.87864053056254 -0.779831518249311
-8.63001301068912 6.63361363186863 2.1963664766411
-6.71086574785834 5.71591738193865 1.51338779977214
-9.08555070876368 5.72524157006617 -0.0988177336041124
-3.62129281520392 -7.27647989683857 -2.92960487143635
10.4529010587041 4.29801030086808 -3.19942402585399
-2.08800070964495 -6.85114631983737 -3.76863456694242
12.4686312198882 2.16750390922035 -1.4431884226212
1.37478856508778 -5.86841649276439 4.81340967426623
10.7039633195461 2.75230849218898 -0.589596690627784
-0.412493444012881 -7.78263961216283 -2.29633424883985
11.0357144757434 4.54910039255222 -1.17012428409872
-1.38411543926358 -6.25139540471371 -2.92116861358374
2.18501199301107 -4.53177349765174 4.6864254742045
0.481052281529276 -5.35627064742684 5.04247933184512
10.7737794961299 5.80768119275343 -1.91123389276191
-8.21887040875322 5.05274367061957 -0.283538589779127
0.391064172938273 -2.89729800503686 4.78169471737328
-3.72614507720942 -6.38655673136019 -1.75646410545275
11.7869931690439 2.41850691709631 -0.0502426157136258
-9.12681906302969 8.32317046879629 -1.45531711087733
10.8073726945389 4.96797395817306 -0.646886726102172
11.1566601953865 2.98921505738208 -1.14556917936364
-3.26356570251799 -7.11465057892827 -2.61829574155352
0.098899104904012 -3.81847698173274 4.82944314964216
11.6689233127126 4.50429463956031 0.270903348680252
2.33825647133376 -4.25052918041058 3.66577694792629
-9.38791384124505 6.38346550099428 -1.4476614899908
-8.66357764424191 5.89602725216511 -0.477372929307197
-9.08939057526582 5.99718335313837 0.24125059985305
-8.37709255090428 5.57045952893504 -0.594688450416989
2.15027870851045 -5.79569120613579 2.07785939850855
11.8172737103399 4.13766647970681 0.832823523667534
-2.55821854103704 -5.85638141100158 -1.52037708690124
9.76932891320473 3.00962511463164 0.326226768294849
10.1832062818749 3.13090672399479 -1.20030754333203
-2.06986697676153 -8.3163285668181 -1.03117356964572
11.5080213430623 3.69652445421645 -1.28454916297584
11.4511046433579 5.20483816178993 -1.1857642026584
9.97466381516052 2.91212478881217 -1.67616103811803
11.528483709565 4.59313160372479 -0.626828157588356
-5.84062752785841 4.96992538487972 -1.65502856251407
1.24044720298459 -3.55657914285055 3.44708023685271
-8.38001985788659 8.16951717164494 -1.01206751810785
11.8231397601576 3.47955054743602 -0.798805318819173
-7.24715785212004 5.21410096841674 -0.617403233548448
1.87540113599171 -6.02136124087214 3.33206830256747
0.43120855087765 -3.9833366784554 3.91710155561299
11.2626918431282 2.95759022982002 -1.26453738737763
11.4120573524511 4.41509037285256 -2.30028378596133
-8.1656706671121 6.67976460130562 -0.750986398836892
-7.87581274132133 4.60235918647396 0.0216248706186125
2.01173263231214 -3.18195444895236 4.29117135082347
0.956352137143212 -4.39263868336417 3.65956476346779
-8.71693119610111 6.55089854813008 0.141932747935253
10.4325818169768 3.4442624907525 -0.80005719124752
-8.82006072062214 4.27707652545094 1.45357787653287
11.1415991768201 3.81038624908412 -1.67251445030722
-2.4053508423748 -5.00947214916485 -2.66647418906652
12.5912235050985 3.50731263666258 -0.672673933295626
-2.74901255063966 -7.53891310882035 -1.50552139904325
10.8077586255978 5.13222440357036 -1.50327824574934
-2.44422806718312 -8.0340630355522 -1.37207541415522
-3.75716716218423 -6.27082945887486 -1.30774190065961
10.8529431835025 3.30357059907297 -1.94036645163299
10.0633246111246 3.13920864759619 -0.606717539917373
9.67088195935263 3.75506209124917 1.44788272508752
-2.22542196636745 -5.77527944205304 -3.58895235680479
1.72773457511842 -4.44480519226539 5.05010577018923
0.804110821901128 -1.93026174925907 4.29764090406793
-8.64333609837626 8.22169719304784 0.337739752513612
-3.47441359578734 -5.95341432726698 -3.77164482073403
-0.511453120094186 -3.853110813976 5.78436069171138
-0.1454403394621 -3.37077700506599 4.51539899340054
-2.95533245230384 -7.20649868800345 -0.820840109033907
-7.12935590736345 5.82090908821266 -0.140182686092624
-3.52636749761528 -5.89658339440705 -3.65842570511461
11.432359857254 4.59728233544006 -2.29965350848732
-8.30666148516492 7.42084410506051 -0.749164289737049
10.7751409036832 3.60150390793682 -2.78632833333926
-1.83699974491234 -4.88744112419111 -2.01595662796632
-3.08449804957588 -6.10745369671388 -1.40453918002842
-2.41778321922266 -6.28707715939925 -2.27250254816916
-0.139863045693886 -5.84093546728216 -2.35743247811289
-4.22930191843064 -6.34116008468876 -1.72539657499186
-2.47378105783073 -6.71160295871228 -3.80876780859815
10.1511456162525 3.33624511843218 -1.02697231160861
8.26149961480783 3.05548434069792 -1.21602125344674
2.08272146176498 -2.5274282835748 6.23757616460306
-8.16158008547672 6.3939597950771 -0.04122437085748
10.2524464549233 3.52374464712116 -1.40560979660469
-5.70086028593841 6.81181173349178 1.97939513634893
10.6699244733434 4.10767582584477 1.24518089764123
-6.97146083816803 5.93299800727883 0.371068277891116
-8.31088772835168 6.06100582896865 -1.93865570059579
11.4041455311466 3.43514667061827 -1.60358780758098
-7.16505877896346 5.80306077034387 -0.161520750559579
10.9903324346254 3.45135665440978 -0.440455936643039
-3.90349585152782 -5.26034353597925 -1.53909647750954
-2.64213291612323 -6.36523353005917 -2.47428720185498
-3.18432822061884 -7.98642501268683 -0.965242347000496
1.24307476694215 -3.46303658201769 2.75257197973502
-8.07315018477238 4.59620651364101 -1.13679930361109
-5.73603031620115 5.6405383892022 0.842250265561833
-2.20011623548081 -5.54680120335822 -2.32055756151953
-1.99820433171339 -6.23374490805456 -3.55825328462806
1.3152022739061 -3.58513760812796 2.64960081114512
0.598330565391537 -3.67530946019027 6.41004589178332
-2.09410386343686 -6.7732660931364 -2.04459470079239
-8.73888866721892 6.92205875467122 -0.712607379340276
11.1185743951168 3.45578417319438 -2.58118532473653
-7.18847357481134 4.32410001820084 0.395891227143745
-6.40788021194451 4.80558158834815 -0.336925589601191
-0.498273406605038 -4.89291195191566 2.93156254444368
1.51515166223512 -2.84246724909821 6.9139354250084
11.2752639397033 4.57063624220754 -0.30813368385027
11.0719524129951 3.66291137421461 -1.05320362997249
-7.38795610906576 6.75803391943532 -2.2628459089045
-3.14610626596528 -7.76694912926911 -3.11152045257796
-1.92957921961874 -6.28584245081575 -3.36225249786553
-8.55030475211712 6.82056767006045 1.62104038067036
-2.59557145755174 -7.19086478897091 -2.89320688482669
2.8346696040612 -3.87672164531133 4.31541802473231
-7.91684961750065 7.17034503988385 0.596136327850635
9.03949817795028 2.5732124748903 -0.302449221695602
-2.97067714532567 -4.31622126352862 -3.71600467989228
10.3967230298192 4.2658058982898 -0.243500085215017
-6.79642853772598 6.24271522198604 -0.112836483618626
0.606206628798165 -2.42708699258845 4.48863416074868
12.0466402774693 2.48607688172428 -1.32317086190199
10.1881364588279 3.97178858345161 -1.54242196885561
-1.69911176478607 -5.7189519146809 -2.30649461045284
-7.25730019903966 6.05812015451415 -0.133812691125027
-2.021026723613 -5.01426540878852 -3.69780985379636
