1.66041875259037e-32 1.92406720010634e-07 0.99999980759328 6.8645488552653e-33
1.54120895039828e-33 0.999999910479322 8.95206782339259e-08 1.27268374142831e-43
1 8.02477595302356e-42 4.44185068714909e-40 1.98117076971529e-61
2.66755005040305e-40 0.999999999999984 1.61017439988278e-14 1.20658736965671e-66
2.10820715024274e-33 0.999999963589815 3.64101849181185e-08 4.87913073576311e-40
1.11527252042177e-24 5.75410834555175e-11 0.999999999942459 3.87234837083284e-30
5.62411555666129e-65 4.55848458762649e-50 4.15156596009203e-40 1
3.00263566979741e-67 1.05564598741412e-58 3.96375831054621e-43 1
1 4.78811477515369e-45 2.76915756656214e-43 2.56453410054688e-64
1 3.72801072546165e-43 5.26265286552744e-37 1.55827559562563e-56
3.29072538837535e-38 5.76133814826684e-12 0.999999999994239 8.0601527435299e-25
1 1.2330124557713e-37 3.38591510205746e-36 3.79309556841599e-63
5.70273743947727e-30 1.31889226425217e-09 0.999999998681108 2.5991620915113e-41
9.41375753570342e-38 7.48290081537478e-09 0.999999992517099 1.20802614053243e-42
4.68660720940941e-58 2.84986084923668e-41 1.26727349971306e-30 1
1 3.08341112573911e-40 1.34295606088505e-37 7.66124033322225e-64
2.69542413713254e-40 0.99999999996969 3.03096381710023e-11 3.51604698237981e-50
7.98139882946751e-38 4.27079566558804e-10 0.999999999572921 5.01500101966543e-30
5.95052863962762e-66 8.8854045327402e-59 9.82044280676957e-42 1
1.01527617260391e-34 2.93262486851161e-12 0.999999999997067 3.6179495985845e-38
2.55360314984229e-31 4.16744495350433e-12 0.999999999995832 1.37516201739009e-39
4.63384042138063e-57 4.72410876363781e-42 1.37514378445373e-33 1
5.91462640576932e-41 2.49088719602763e-12 0.999999999997509 1.65093257997303e-36
7.31236542852829e-31 2.72843786716904e-06 0.999997271562133 1.33421827108369e-40
1 2.89338510551024e-38 7.58797791747378e-30 4.35922714229905e-65
1.24414901512917e-36 0.999999999997608 2.39229617519418e-12 1.61236056860669e-47
1.08162688786193e-42 4.66526579161146e-13 0.999999999999533 5.59884470225921e-28
1 2.13798135998286e-46 4.51424994892884e-36 3.07421897847013e-62
1 8.76245424075166e-46 3.02856750403129e-42 1.46820745337064e-57
2.46964202710712e-38 0.999999997787189 2.21281147429433e-09 1.99538896206348e-48
1 2.52892836207997e-36 7.45454460065641e-37 5.76969955859439e-48
9.15526608296041e-42 0.999999999999998 1.63770239001143e-15 9.45903269388921e-56
8.59015929062625e-64 4.44218560350442e-58 4.81712145177385e-42 1
3.09229010868046e-39 0.99999998888578 1.11142199046658e-08 2.49433007090764e-48
5.70870821375486e-36 2.12199107115361e-14 0.999999999999979 1.002753806167e-40
1 1.86381241933434e-36 4.08685726506236e-33 8.46738704485451e-53
2.33438610967084e-34 1.08523889035029e-05 0.999989147611097 1.39291589800604e-37
2.3164440398144e-47 6.70875275426509e-38 2.34093198505529e-28 1
1 1.38903544522585e-29 1.15719910911057e-30 3.15484830885366e-53
1 3.2723435543198e-43 1.68880926528409e-43 1.55470774788368e-61
4.57702231950717e-29 0.999999999996282 3.71791376251891e-12 4.4674314825439e-48
2.50643900150539e-34 0.999999999977871 2.21294124146591e-11 5.49395647304223e-38
1.47866401885048e-48 4.964377672516e-44 3.84544254067068e-28 1
1 1.50310266654514e-47 7.37671426334502e-42 2.00795036847565e-59
1.40237916274769e-38 2.76739191699305e-06 0.999997232608083 1.50102020570529e-43
3.13937631385231e-71 7.95970515079838e-53 3.44969316735276e-43 1
2.05664940846105e-36 0.999999999790584 2.09415845096403e-10 3.55099060574686e-46
6.20716005198237e-62 2.94231679235804e-45 1.94255816877158e-33 1
3.6420134257524e-62 3.81570545661884e-55 7.28942299827647e-42 1
9.82076343742036e-41 1.10099649851195e-06 0.999998899003501 2.81798995193935e-35
1 1.81738527323697e-39 1.22753200814829e-37 7.00741115055065e-62
8.29521002130305e-40 0.99999999858346 1.41654010262972e-09 7.95865886763612e-48
3.64705302355326e-41 0.999999999999994 6.31952841745255e-15 5.88856122476225e-46
8.88142706445973e-38 1 2.68394464929118e-16 1.95796057187346e-52
3.9848826760077e-64 7.49387992597294e-51 2.77006241911074e-41 1
1 1.18263570914779e-33 1.27640594267482e-30 2.332444234509e-50
2.21861987608248e-58 3.057221752593e-52 6.56743702924243e-41 1
2.54316486681695e-31 5.38912975045542e-13 0.999999999999461 1.45980005493607e-33
1 8.00995752954985e-41 1.66081317756452e-40 2.81746963320542e-66
2.2613335182669e-59 6.72157230372497e-55 1.16201357843779e-42 1
1 1.32113744876539e-44 8.11321723658005e-42 6.52530716299901e-57
1.84215751979375e-43 0.999999999999592 4.08301601440046e-13 1.15339740308853e-43
7.79607645895751e-51 0.999999993920641 6.07935875316247e-09 1.41600424490038e-53
4.50636535816192e-32 2.15465396138265e-07 0.999999784534604 2.90645325639318e-40
1 6.57297869933617e-40 6.22936503242306e-35 3.24467733439498e-56
1 1.16025366775045e-33 2.60737617269333e-31 5.66614522141417e-49
2.07272598179996e-63 2.47281993315991e-50 1.70678672504208e-37 1
1 2.02672257518146e-34 4.71590340148777e-35 7.55492361617312e-60
1.20617593891646e-34 0.999999961680225 3.83197747200646e-08 2.07391318769397e-50
1.63976385556632e-37 0.999999999298248 7.01752312588952e-10 6.72385431529368e-40
8.16379976539117e-61 1.25150062299975e-55 2.32898600154455e-40 1
1 9.72855643158864e-44 3.58212551866753e-43 4.54613349473352e-68
6.69818908879766e-45 7.6476667580238e-16 0.999999999999999 2.98802014136597e-31
6.66578196903789e-40 0.999999999992972 7.02836556490363e-12 7.29915161570231e-53
1 2.77215953012988e-38 3.97545442519459e-32 2.33678232995463e-52
1 4.11963744349143e-37 5.74692267317248e-36 8.03166812544724e-62
1 8.31964955561339e-49 1.41283191407884e-46 5.3713782087081e-62
2.08455711940981e-58 1.69545197802823e-41 8.89005957335265e-32 1
1 1.49643745044265e-38 5.75758587776074e-39 1.16755111118624e-52
1 1.46164615286802e-48 6.54142551418744e-48 5.34279613568879e-63
5.10782912126962e-50 0.999999999999238 7.62225652036215e-13 6.85509721890373e-60
2.31603874781842e-45 0.999999990435853 9.56414684228525e-09 2.17768694782788e-40
2.98911141427922e-55 2.42775590579446e-49 1.75806423929323e-35 1
3.19388121942105e-35 0.99999996500569 3.4994309565072e-08 1.02464560454711e-47
7.34856444271153e-47 9.83351302867101e-07 0.999999016648697 8.99156996801346e-39
1.46998726971718e-62 9.64729733436446e-43 1.1257145333733e-30 1
6.3130982411441e-28 1.59937751367893e-08 0.999999984006225 7.50353685789399e-28
2.0489262039495e-37 2.78247657385072e-10 0.999999999721752 8.18097552401937e-48
9.39261240412321e-26 0.999999999877216 1.22783858969016e-10 5.41856542535996e-37
1.19715615171966e-28 2.39305181673752e-11 0.99999999997607 5.78061722845912e-32
2.63264713029091e-61 1.14153273379862e-52 3.33430076597479e-38 1
3.67904747823098e-32 0.000642162728049796 0.99935783727195 1.38374075089137e-40
2.87467958575228e-32 9.0065981066443e-17 1 6.26053339333671e-25
3.6606374217633e-41 3.45854711420318e-14 0.999999999999965 6.19856140007592e-33
1.98990330011658e-60 2.04379747598632e-53 6.2828543344357e-40 1
3.61312330340785e-56 1.78070395062837e-45 7.33488926595486e-37 1
1 8.82052204461437e-36 5.57435731856352e-35 4.75285075876585e-61
6.68264378063019e-37 0.999999999974687 2.53125545636057e-11 1.39855926793135e-47
4.73849445434368e-34 0.999999999971054 2.89461862529259e-11 2.20458534471109e-52
2.02364681963977e-51 2.1444083950183e-39 5.95385673300642e-31 1
5.80211724124482e-57 7.6683176939879e-51 5.22529047041917e-40 1
2.50639350081207e-34 0.999999946364482 5.36355185573466e-08 5.14974366692452e-40
1.0985841920482e-54 2.14341944214683e-44 1.28837841750132e-35 1
1 1.27849178153853e-38 1.7905868865377e-43 2.16511740582491e-69
1 5.72889560412943e-27 7.87747056266534e-30 3.81502429102187e-45
3.12510567139955e-44 0.999999756454035 2.43545964768059e-07 3.96859252285779e-52
1.26946597568662e-45 0.999999999987738 1.22619859753089e-11 1.79317420309098e-44
1 1.14039758762526e-35 3.44119870525384e-37 3.58460416143429e-67
2.51408366421756e-44 0.99999999326905 6.73094971236799e-09 1.2738374612924e-49
1 5.13766611743006e-39 1.47225687554412e-37 2.92613205229995e-61
1.22079428033344e-38 0.99999999366649 6.33350976953146e-09 1.81292826795825e-39
1 5.0740513924931e-50 5.47938223717074e-49 6.88451510660336e-63
4.68886454995442e-41 0.999999947280479 5.27195213444707e-08 1.48792207655237e-42
3.76420035524779e-60 1.07555552969949e-43 1.21648440615661e-35 1
4.31773856020016e-31 2.33710670273439e-13 0.999999999999766 8.30993543056524e-44
1 9.3433066431783e-39 6.94734866007666e-36 1.25123508799359e-67
1 4.60837670596561e-35 5.85919787772724e-34 1.17523900259224e-55
1 1.70887298767518e-45 3.78461279068112e-40 1.36655627372322e-59
2.75673819369787e-52 5.22041051336839e-41 6.19788617897721e-31 1
5.37775557079099e-38 0.999999999999993 7.40243150580372e-15 6.28106887201752e-48
1.47923490276515e-74 5.1666270660977e-52 1.08880435673358e-39 1
1.86064911987058e-67 1.82598351501864e-54 3.08961458428666e-44 1
3.05255181434857e-62 4.89586269372769e-46 2.44745197900925e-36 1
9.75726433441783e-33 0.180651252118108 0.819348747881892 1.09972725804092e-36
2.170515501445e-38 2.24118509022999e-11 0.999999999977588 1.22941387803584e-41
1.63310475484296e-62 1.59819583344434e-36 1.10118491528323e-30 1
1.23813501577081e-63 6.73226438792583e-57 4.30805225415059e-44 1
2.81110580041379e-37 0.999999999999807 1.93326445123645e-13 9.8146892910273e-48
1.82654447261133e-35 0.99999540517515 4.59482484985579e-06 3.58173335736168e-40
4.17810934875567e-54 6.48996049441318e-44 9.27458489347425e-34 1
4.00703228155914e-44 3.8115818508584e-12 0.999999999996188 3.43564058713269e-42
1.12740106148418e-47 6.80696345296595e-39 4.62208964227738e-29 1
1.63541011505723e-32 0.00661476230699425 0.993385237693006 4.22625629054792e-23
1 1.79131405591648e-41 1.53496090915263e-40 1.35244554522175e-61
1.67900248384912e-69 4.69124577797377e-49 2.31484041410663e-39 1
5.54731270153387e-55 1.20020449561836e-45 6.31192710838322e-42 1
1.75588137073755e-73 7.85309540386897e-58 1.40446545623542e-43 1
2.47493729737549e-48 1.55850065395896e-44 1.00578478771918e-33 1
5.76364705949127e-43 7.984468361323e-11 0.999999999920155 1.14200544741601e-28
4.03498449446492e-40 0.999999999999817 1.82914857172681e-13 4.621802604603e-44
3.30356348689541e-33 0.999999999991825 8.17507403416669e-12 1.86776073015766e-45
1 2.47444908591624e-39 1.46191560647271e-38 1.73369199256094e-58
1 6.71263251902851e-41 1.73532470636609e-39 3.37212931772091e-65
1.85244522190228e-43 0.999999999992111 7.88879436269599e-12 2.68396300180649e-51
2.89457178185644e-67 4.07926412509522e-55 2.2976586939279e-38 1
1.2045858725823e-44 0.999999999999841 1.59015537835153e-13 1.96651307680018e-37
1 1.4018185658822e-29 1.5760145047524e-29 4.62276666478857e-48
2.10022025996658e-39 5.25013207339728e-12 0.99999999999475 5.00726219743155e-27
5.91983126371636e-51 3.85824084915717e-13 0.999999999999614 1.5048484404471e-34
1 2.88970082140358e-35 5.55403678139363e-35 2.8135980792008e-60
1 7.62368751441734e-40 1.66342631218164e-42 7.25822227647487e-64
2.40118591945642e-34 7.37459044841954e-12 0.999999999992625 1.00315231541197e-38
1.22986093486408e-54 9.02916376377792e-42 1.5230195789639e-37 1
9.2916039028618e-32 1.03934116119197e-08 0.999999989606588 7.43067588375184e-27
9.64711663141217e-39 0.999999999999195 8.04748230929697e-13 8.18935428122022e-56
4.37915099348552e-38 0.999999999999995 5.01252940477348e-15 4.6285530374863e-57
1 1.47709819338157e-29 4.64665770618098e-30 3.24194013265493e-57
3.40381215002317e-56 2.28440303809565e-55 2.03816907224713e-44 1
1.44865148800076e-41 0.999999991131074 8.86892570615134e-09 2.62648904324382e-47
1 5.69577503579072e-44 2.52937455225075e-37 1.13207374223824e-62
1 1.93368474724378e-32 1.5200927851566e-30 2.05259562733023e-41
4.2379259658083e-43 8.14473728597113e-14 0.999999999999919 8.46988152964049e-35
5.68649310009183e-36 4.83468397701563e-08 0.99999995165316 5.71495647178666e-37
2.36791300454246e-44 4.85476730518328e-08 0.999999951452327 9.56452434991869e-44
1 2.60290566059902e-34 2.29353532556895e-31 1.32978707553534e-51
1.60479833961278e-50 2.24825632234498e-38 4.007809591057e-29 1
1 3.46574107324412e-34 4.35973447248839e-29 9.413078854967e-62
6.3450207542522e-44 0.999999999999977 2.27603825820817e-14 1.32648763978525e-62
9.4571845112777e-56 1.19475907052374e-38 1.41366707326533e-30 1
1.38444655241753e-64 2.24587895915454e-54 1.35673503506907e-41 1
1.43480684204112e-38 0.999999999957594 4.2406061542305e-11 2.88503895165253e-43
4.62654759227652e-58 2.56142228407008e-42 1.05779684181465e-34 1
2.25731889725222e-32 0.999999998972223 1.02777667710128e-09 2.68946137277696e-41
1 5.77936440007309e-43 1.00573646545256e-40 1.73657115735358e-67
2.58396852623796e-60 1.54473273636483e-46 4.87902705461523e-36 1
8.00810874418966e-48 8.09035657607402e-44 3.79552523460935e-31 1
2.79203636528393e-37 0.999999999999475 5.25108156299081e-13 1.04812818221639e-45
1.08664799253403e-42 0.999999999990885 9.11535466062169e-12 8.04636537777317e-50
1.17460420261189e-47 0.999999987848297 1.21517026183021e-08 4.99700809309964e-52
1 1.15022277424765e-41 4.59828463379986e-38 2.2104399452666e-66
6.7093684761132e-35 3.54446948510854e-17 1 1.89989314026045e-38
1 1.98996398226733e-32 7.74214576789088e-35 1.02374472539166e-54
5.77661697730678e-66 6.45334426953907e-39 3.53787176246911e-33 1
1.42471406124724e-34 0.999999999999073 9.27287188178519e-13 1.86463431743527e-43
1 1.90636607417872e-35 5.96636928373592e-32 9.66917555450055e-63
1.04187956020377e-40 0.99999999999469 5.30942990097763e-12 1.82978924564766e-51
4.88919749213668e-32 0.000246510641273946 0.999753489358726 6.71239442849715e-33
1.327770292992e-48 7.94198968798485e-39 5.25218512522488e-31 1
1.64164498534178e-37 0.99999999933937 6.60629479069213e-10 1.18193352240601e-55
1 3.10318730226238e-42 2.41016915471943e-36 1.33926604923412e-59
6.77695004452228e-40 4.97789418741768e-12 0.999999999995022 7.8687023871306e-32
1.18704360522284e-28 1.78696294256435e-11 0.99999999998213 8.83527285086026e-36
1.75701669939287e-42 1.03757712269607e-09 0.999999998962423 7.62069497768337e-47
5.45849185675518e-54 3.00278700388812e-46 7.91484830726776e-36 1
7.194288525688e-32 4.5826485926637e-10 0.999999999541735 2.02792221257784e-44
1 1.07909541378472e-39 3.11083798870698e-35 5.56185721792139e-66
1 4.12189022796963e-34 8.25974239597825e-35 1.34621277578229e-49
4.35891735289471e-37 0.999999999999921 7.89758715050978e-14 1.97019254359606e-45
3.54511440743006e-43 0.999998997177252 1.00282274792029e-06 3.27514081825339e-51
9.8139359772501e-48 0.999999999999994 5.73511773128312e-15 4.78951480454569e-60
1.2693043787673e-62 6.68598359278669e-48 4.11010108915936e-36 1
1.48510505119463e-53 1.34677114523547e-37 1.12694760943741e-25 1
2.17877682629391e-46 0.99999991043545 8.95645494636221e-08 3.33554750013587e-49
3.22271823555466e-44 0.999999999988551 1.14488549357705e-11 5.68541454870849e-52
6.71361860534584e-69 9.26384084165561e-59 1.79912744272469e-47 1
1.36610662073239e-72 3.1212813382146e-48 3.69484662639081e-38 1
1 3.03187694579378e-39 1.04866647696357e-34 7.23971421792428e-54
1 1.15943904635066e-42 1.15728849568588e-42 5.83385470139037e-60
1 4.38649416646304e-43 3.67948217015022e-39 5.72819584345645e-60
1 1.05993097839831e-43 3.59385772012786e-35 3.78218062743091e-52
6.22061709011802e-65 3.16122378336849e-43 3.93030188406554e-35 1
1.22827681663263e-57 3.06896963516404e-49 2.28475828025353e-36 1
2.10165798743501e-35 0.999999011134489 9.8886551096648e-07 1.00866052800033e-45
8.61830748117791e-38 5.62864047734877e-06 0.999994371359523 5.51339702080268e-43
5.60112045961925e-39 1.10140666921191e-10 0.999999999889859 5.48061119470295e-35
1.25933698752061e-35 0.999999999987063 1.29366337164728e-11 7.97197762946915e-54
1 1.06694595928393e-38 4.66203360705537e-37 4.24080697314242e-61
5.78090446164525e-60 1.71771486591044e-43 1.0412767652187e-33 1
1.25421162865359e-58 1.3174915515861e-45 3.83745655550855e-36 1
9.49876039819142e-44 0.999999999778994 2.21005885040229e-10 8.00542872978303e-55
1 1.65670153347511e-27 9.7325636858861e-28 2.14995108980191e-55
1.25590996352522e-34 0.999999990120703 9.87929758049356e-09 2.09838880732119e-38
2.80468074797399e-39 1.19961838157854e-36 2.06523164028303e-27 1
6.73371678388641e-37 0.999999838062699 1.61937300768118e-07 6.41681433003192e-44
2.3924812075512e-53 1.91605875016982e-46 1.49530656630774e-37 1
1.54750906522408e-43 0.999999999926306 7.36941692169615e-11 6.76946426775482e-49
2.81806920238238e-35 6.98749124243855e-17 1 8.76153288570441e-43
1 3.15476613714918e-32 4.35799484333267e-29 2.61238398355378e-53
2.3866395629814e-34 0.999999999958103 4.18968033197891e-11 4.31454378569906e-46
3.57610312290474e-54 3.4300646843398e-41 8.74688817041025e-35 1
8.48879732627207e-39 0.9999999999859 1.40999127471516e-11 2.4112361940429e-52
1 9.29918283757316e-34 3.94519079817396e-34 1.60177039087549e-54
1 2.63231765655458e-30 1.88098120012149e-29 1.47804547049927e-48
5.82953374204526e-54 3.7157990082213e-42 1.72650112535197e-33 1
8.39979316840453e-39 0.999999999999929 7.13887285350534e-14 2.13906893610992e-46
1.48430106476919e-35 0.999999996284652 3.71534847475496e-09 9.10423387748015e-42
7.09608991549729e-28 1.11903434238109e-11 0.99999999998881 7.44994114130563e-32
1 3.13667767425275e-36 8.40331957321842e-30 8.56711846384588e-53
8.90983349234534e-35 3.38504266446747e-31 7.56944898048167e-23 1
1 1.87025193694424e-31 3.73995002499444e-27 3.0845102396385e-59
1 4.28180718359953e-37 1.59369991028891e-29 2.88205287898542e-50
1.60923271626138e-40 2.63106990410178e-11 0.999999999973689 3.30514084551534e-38
1.49096425309888e-30 1.95529820786978e-10 0.99999999980447 2.76584473472137e-38
1.16222716086644e-37 0.999999983822811 1.61771888294527e-08 1.08707341399725e-39
2.26328196749595e-21 0.999999999999996 3.91977681684946e-15 3.38781725478178e-38
4.85044681169615e-36 0.999999999817521 1.82478662476696e-10 9.7470775273238e-49
2.58996307327656e-55 3.37816501955557e-43 9.01591618198159e-29 1
1 2.3115591802001e-43 1.23142209328678e-41 3.90505308898594e-61
1 1.08359454284988e-36 4.96968445086164e-35 1.47778736152389e-55
2.13610738738081e-43 0.999999999970919 2.90814020093045e-11 3.8508947788485e-50
9.20932124280014e-46 0.999999999999764 2.36489592159871e-13 3.33876435609318e-53
1.61399946846002e-30 7.46440460657884e-15 0.999999999999992 7.23960929249045e-34
6.49497568927148e-40 0.999999678341888 3.21658112037437e-07 2.48950613003518e-31
1.34524723259695e-45 0.999999999999837 1.63261919685303e-13 2.44358528953192e-47
1 3.51842962219064e-41 5.56137354632015e-36 4.62991451757654e-60
2.03350578270287e-46 1.27847734674017e-41 2.33921675688382e-30 1
1.75164106791314e-66 3.67561131512618e-51 1.31426045960342e-39 1
1 2.20977336807339e-40 6.05942399644465e-37 1.10429896637563e-63
1 9.03838805178615e-40 7.61755614835765e-39 7.0848761423704e-48
8.09674991483995e-35 3.21542015294011e-16 1 5.03113253942439e-34
1 1.1062860707665e-42 6.76799010225999e-41 3.87060452759029e-73
6.70418695709189e-43 0.999999999964376 3.56234994053146e-11 3.17822196320424e-44
1 6.2242995939917e-48 1.78223564352715e-40 1.21393154395379e-67
4.99873083436067e-46 0.99999999313825 6.86174996414773e-09 1.35718719230468e-45
1.7087939868802e-37 0.999999999998901 1.0988131052155e-12 2.458473240557e-43
3.47918075040138e-46 2.72614313922246e-05 0.999972738568608 3.22743450567798e-32
4.00139240437319e-39 7.44118711901686e-13 0.999999999999256 2.09487458635388e-32
1 1.14600736539587e-39 1.23279354871852e-37 3.53836511084894e-60
2.24001140216741e-37 3.61584741696437e-10 0.999999999638415 9.78410024346356e-31
2.4123060929708e-26 0.999999999873577 1.26423208143192e-10 2.48068547437355e-52
1.46774183365611e-56 7.27160901589759e-45 2.7179537992132e-35 1
3.57621422841336e-35 0.999999990655955 9.3440447712147e-09 1.55788236243128e-41
1 4.264991771819e-50 4.04261674023944e-46 7.34669363950946e-64
2.47778690010808e-54 9.55128549030559e-43 2.71459967675745e-32 1
1.25062833418068e-50 0.999999999744418 2.55581921345346e-10 1.01680310389682e-42
2.77105067362561e-34 4.52316766761674e-10 0.999999999547683 1.26899817860535e-36
2.92255176586785e-33 0.999999845538492 1.54461508249738e-07 6.06557635411637e-37
1 9.50087100305495e-48 1.80645657141714e-43 7.66744028456443e-66
1 4.67290365997966e-29 7.1586908752386e-23 5.12039770592241e-40
3.97408467321391e-55 8.92465489992231e-47 4.03932820057677e-35 1
2.76760349353699e-38 0.999999999026515 9.73484613108108e-10 9.20735121553364e-49
2.2664839179219e-37 1.44559645631772e-14 0.999999999999986 4.31856374079692e-42
2.08937337670668e-48 1.02498540194342e-10 0.999999999897502 5.03066296517421e-40
6.18563091006e-58 1.02359443420351e-44 2.95235684877443e-39 1
1.46905239948693e-60 3.46241875850761e-47 2.96564919567746e-38 1
1 7.08161764944676e-29 1.89774536632987e-25 1.23036537616605e-44
1 9.92566735593855e-37 1.53213858306172e-33 3.17876282272757e-60
1 6.76072400244056e-40 1.57100310888774e-39 1.12545346446499e-60
1.42316082963687e-59 6.20834855996703e-50 7.62872395114984e-38 1
1.9454760821066e-27 2.87512415849267e-09 0.999999997124876 5.48946762156583e-42
3.78490746820764e-31 0.999998575543875 1.42445612454422e-06 8.31928248203605e-33
7.81625881890466e-41 2.25517096778041e-12 0.999999999997745 1.27250108609736e-35
1 5.67691935795842e-46 9.87698184112147e-39 3.76669977107917e-64
1 1.83920693372308e-35 1.36729398756542e-34 5.35301924638306e-56
4.85074805873714e-60 4.29781855973699e-57 5.38927372920874e-46 1
2.55191017606717e-62 2.38144325921045e-56 1.24926502829517e-40 1
1 1.98786251351145e-50 3.54281448945382e-45 1.46959167046084e-65
1.27334113830634e-57 2.21010845453442e-51 2.83413566947169e-32 1
5.65943516065747e-28 1.54064005994453e-09 0.99999999845936 2.38941446536219e-28
5.04396214920887e-43 0.999992693481558 7.30651844250744e-06 7.03778520354171e-44
