5.38912975045502e-13 1.45980005493626e-33 2.5431648668164e-31 0.999999999999461
2.25517096778034e-12 1.27250108609754e-35 7.81625881890355e-41 0.999999999997745
2.24587895915489e-54 1 1.38444655241749e-64 1.35673503506942e-41
0.999999999992111 2.68396300180684e-51 1.8524452219021e-43 7.88879436269593e-12
0.00661476230699395 4.22625629054832e-23 1.63541011505693e-32 0.993385237693006
7.37459044842001e-12 1.00315231541217e-38 2.40118591945618e-34 0.999999999992625
2.1444083950186e-39 1 2.02364681963965e-51 5.95385673300752e-31
2.28440303809597e-55 1 3.40381215002326e-56 2.03816907224768e-44
0.999998575543875 8.31928248203653e-33 3.78490746820726e-31 1.42445612454415e-06
1.05993097839828e-43 3.78218062743075e-52 1 3.5938577201274e-35
1.02359443420368e-44 1 6.18563091006e-58 2.95235684877506e-39
0.000642162728049848 1.3837407508917e-40 3.67904747823072e-32 0.99935783727195
2.84986084923708e-41 1 4.68660720940901e-58 1.26727349971333e-30
2.47281993316026e-50 1 2.07272598179973e-63 1.7067867250423e-37
1.54473273636501e-46 1 2.58396852623781e-60 4.8790270546162e-36
2.31155918019987e-43 3.90505308898549e-61 1 1.2314220932865e-41
3.16122378336889e-43 1 6.22061709011784e-65 3.93030188406644e-35
1.03934116119201e-08 7.43067588375289e-27 9.29160390286048e-32 0.999999989606588
4.6652657916112e-13 5.59884470226005e-28 1.08162688786178e-42 0.999999999999533
0.999999963589815 4.87913073576352e-40 2.10820715024259e-33 3.64101849181185e-08
0.999999999790584 3.55099060574712e-46 2.05664940846082e-36 2.09415845096397e-10
1.90636607417861e-35 9.6691755545011e-63 1 5.9663692837355e-32
1.08359454284979e-36 1.47778736152378e-55 1 4.96968445086065e-35
9.34330664317737e-39 1.25123508799359e-67 1 6.94734866007577e-36
2.87512415849273e-09 5.48946762156708e-42 1.94547608210648e-27 0.999999997124876
3.10318730226185e-42 1.33926604923408e-59 1 2.41016915471926e-36
1.65670153347501e-27 2.14995108980194e-55 1 9.73256368588479e-28
4.29781855973785e-57 1 4.85074805873769e-60 5.38927372921043e-46
2.02672257518106e-34 7.55492361617269e-60 1 4.71590340148737e-35
1.14153273379867e-52 1 2.63264713029061e-61 3.33430076597554e-38
2.4744490859161e-39 1.73369199256084e-58 1 1.4619156064724e-38
2.49088719602766e-12 1.65093257997334e-36 5.91462640576839e-41 0.999999999997509
2.89338510550995e-38 4.3592271422993e-65 1 7.58797791747249e-30
0.999999845538492 6.06557635411681e-37 2.92255176586751e-33 1.54461508249742e-07
0.99999996500569 1.02464560454724e-47 3.19388121942077e-35 3.49943095650702e-08
1.95529820786987e-10 2.76584473472204e-38 1.49096425309869e-30 0.99999999980447
0.999999999999995 4.6285530374867e-57 4.37915099348527e-38 5.0125294047737e-15
1.31749155158621e-45 1 1.25421162865345e-58 3.83745655550899e-36
0.999999993920641 1.4160042449007e-53 7.79607645895696e-51 6.07935875316314e-09
6.20834855996818e-50 1 1.42316082963682e-59 7.6287239511507e-38
0.99999540517515 3.58173335736219e-40 1.82654447261115e-35 4.59482484985611e-06
2.04379747598658e-53 1 1.98990330011635e-60 6.28285433443659e-40
6.22429959399108e-48 1.21393154395382e-67 1 1.78223564352705e-40
6.71263251902737e-41 3.37212931772044e-65 1 1.7353247063657e-39
0.999999983822811 1.08707341399731e-39 1.16222716086634e-37 1.61771888294507e-08
6.7322643879264e-57 1 1.23813501577074e-63 4.30805225415212e-44
3.61584741696431e-10 9.78410024346481e-31 2.24001140216697e-37 0.999999999638415
3.00278700388846e-46 1 5.45849185675494e-54 7.91484830726956e-36
4.55848458762695e-50 1 5.62411555666113e-65 4.15156596009292e-40
0.999999999999993 6.28106887201823e-48 5.37775557079084e-38 7.40243150580377e-15
0.99999999996969 3.51604698238036e-50 2.6954241371325e-40 3.0309638171003e-11
9.02916376377882e-42 1 1.229860934864e-54 1.52301957896416e-37
0.999999997787189 1.99538896206365e-48 2.46964202710691e-38 2.21281147429432e-09
5.67691935795826e-46 3.76669977107906e-64 1 9.87698184111993e-39
0.999999999999238 6.85509721890529e-60 5.10782912126925e-50 7.6222565203624e-13
0.999999910479322 1.27268374142838e-43 1.54120895039815e-33 8.95206782339198e-08
0.999999999999994 5.88856122476284e-46 3.64705302355289e-41 6.31952841745295e-15
2.12199107115356e-14 1.0027538061672e-40 5.70870821375389e-36 0.999999999999979
0.999999999873577 2.48068547437394e-52 2.41230609297075e-26 1.264232081432e-10
2.15465396138256e-07 2.90645325639359e-40 4.50636535816115e-32 0.999999784534604
1.08523889035022e-05 1.3929158980062e-37 2.33438610967044e-34 0.999989147611097
2.72614313922224e-05 3.22743450567834e-32 3.47918075040054e-46 0.999972738568608
3.46574107324402e-34 9.41307885496754e-62 1 4.35973447248796e-29
2.72843786716898e-06 1.33421827108392e-40 7.31236542852767e-31 0.999997271562133
1.06694595928379e-38 4.24080697314205e-61 1 4.66203360705445e-37
8.0247759530223e-42 1.98117076971501e-61 1 4.44185068714815e-40
1.93368474724369e-32 2.05259562733008e-41 1 1.52009278515651e-30
2.77215953012956e-38 2.33678232995453e-52 1 3.97545442519419e-32
0.99999998888578 2.49433007090803e-48 3.09229010868037e-39 1.11142199046659e-08
1.25150062299991e-55 1 8.16379976539024e-61 2.32898600154488e-40
1.46164615286779e-48 5.34279613568804e-63 1 6.54142551418586e-48
7.62368751441615e-40 7.25822227647446e-64 1 1.66342631218154e-42
4.60837670596542e-35 1.17523900259221e-55 1 5.85919787772666e-34
9.64729733436528e-43 1 1.46998726971693e-62 1.12571453337343e-30
0.999992693481558 7.03778520354221e-44 5.04396214920787e-43 7.3065184425069e-06
6.45334426953989e-39 1 5.77661697730645e-66 3.53787176246996e-33
1.70887298767504e-45 1.36655627372314e-59 1 3.78461279068026e-40
0.99999999933937 1.1819335224062e-55 1.64164498534174e-37 6.60629479069243e-10
7.4411871190167e-13 2.0948745863543e-32 4.00139240437267e-39 0.999999999999256
0.999999756454035 3.96859252285853e-52 3.1251056713992e-44 2.43545964768054e-07
4.26499177181858e-50 7.34669363950863e-64 1 4.04261674023898e-46
0.999999990120703 2.09838880732143e-38 1.2559099635251e-34 9.87929758049444e-09
0.999999990655955 1.55788236243141e-41 3.57621422841316e-35 9.34404477121507e-09
0.000246510641273963 6.71239442849839e-33 4.88919749213647e-32 0.999753489358726
0.999998997177252 3.27514081825385e-51 3.54511440742955e-43 1.00282274792027e-06
7.64766675802347e-16 2.98802014136635e-31 6.69818908879613e-45 0.999999999999999
2.63106990410182e-11 3.305140845516e-38 1.60923271626111e-40 0.999999999973689
0.999999999970919 3.85089477884883e-50 2.13610738738057e-43 2.90814020093046e-11
1.92406720010612e-07 6.86454885526598e-33 1.66041875259004e-32 0.99999980759328
1.40181856588208e-29 4.62276666478837e-48 1 1.57601450475231e-29
6.57297869933561e-40 3.24467733439484e-56 1 6.22936503242191e-35
1.27849178153826e-38 2.1651174058246e-69 1 1.79058688653735e-43
0.999999987848297 4.99700809309992e-52 1.17460420261164e-47 1.21517026183011e-08
1.05564598741433e-58 1 3.00263566979733e-67 3.96375831054717e-43
6.76072400243989e-40 1.12545346446492e-60 1 1.57100310888756e-39
2.88970082140341e-35 2.8135980792008e-60 1 5.55403678139315e-35
3.4624187585081e-47 1 1.46905239948693e-60 2.96564919567813e-38
2.21010845453448e-51 1 1.2733411383062e-57 2.83413566947209e-32
4.89586269372825e-46 1 3.05255181434822e-62 2.44745197900974e-36
1.78696294256413e-11 8.83527285086139e-36 1.18704360522262e-28 0.99999999998213
0.999999998972223 2.68946137277707e-41 2.25731889725197e-32 1.02777667710124e-09
9.55128549030722e-43 1 2.47778690010819e-54 2.71459967675787e-32
1.79131405591627e-41 1.35244554522167e-61 1 1.53496090915249e-40
0.999999999999807 9.81468929102813e-48 2.81110580041355e-37 1.9332644512365e-13
1.19961838157861e-36 1 2.80468074797399e-39 2.06523164028352e-27
0.999999999817521 9.74707752732491e-49 4.85044681169581e-36 1.82478662476697e-10
4.4421856035053e-58 1 8.59015929062625e-64 4.81712145177487e-42
1.16025366775039e-33 5.66614522141409e-49 1 2.60737617269322e-31
0.999999999958103 4.31454378569937e-46 2.38663956298116e-34 4.1896803319787e-11
3.45854711420294e-14 6.19856140007662e-33 3.66063742176252e-41 0.999999999999965
2.60290566059887e-34 1.32978707553532e-51 1 2.29353532556872e-31
0.999999838062699 6.41681433003284e-44 6.73371678388546e-37 1.61937300768132e-07
0.999999999987063 7.97197762947062e-54 1.25933698752057e-35 1.2936633716475e-11
1.71771486591066e-43 1 5.78090446164508e-60 1.04127676521895e-33
8.14473728597125e-14 8.46988152964205e-35 4.23792596580745e-43 0.999999999999919
7.27160901589832e-45 1 1.46774183365607e-56 2.71795379921374e-35
3.54446948510894e-17 1.89989314026099e-38 6.70936847611272e-35 1
0.999999999999837 2.44358528953213e-47 1.34524723259681e-45 1.63261919685309e-13
5.69577503579023e-44 1.13207374223817e-62 1 2.52937455225046e-37
1.81738527323677e-39 7.00741115055006e-62 1 1.22753200814803e-37
8.88540453274121e-59 1 5.95052863962745e-66 9.82044280677124e-42
6.72157230372573e-55 1 2.26133351826684e-59 1.16201357843794e-42
0.999999999997608 1.61236056860685e-47 1.24414901512905e-36 2.39229617519413e-12
0.999999999744418 1.01680310389698e-42 1.25062833418056e-50 2.55581921345369e-10
3.15476613714909e-32 2.61238398355371e-53 1 4.35799484333193e-29
8.31964955561209e-49 5.37137820870734e-62 1 1.41283191407858e-46
1.20020449561856e-45 1 5.54731270153418e-55 6.31192710838502e-42
0.99999999366649 1.81292826795848e-39 1.22079428033335e-38 6.33350976953211e-09
2.33710670273448e-13 8.30993543056713e-44 4.31773856019992e-31 0.999999999999766
0.999999961680225 2.07391318769421e-50 1.20617593891639e-34 3.83197747200653e-08
4.28180718359941e-37 2.8820528789855e-50 1 1.59369991028875e-29
3.72801072546128e-43 1.55827559562558e-56 1 5.26265286552684e-37
2.42775590579484e-49 1 2.98911141427909e-55 1.75806423929353e-35
7.98446836132419e-11 1.14200544741632e-28 5.76364705949061e-43 0.999999999920155
6.98749124243781e-17 8.76153288570591e-43 2.81806920238182e-35 1
2.2482563223453e-38 1 1.60479833961262e-50 4.00780959105757e-29
1.82598351501898e-54 1 1.86064911987048e-67 3.08961458428723e-44
0.999999947280479 1.48792207655261e-42 4.68886454995388e-41 5.27195213444733e-08
2.14341944214708e-44 1 1.09858419204809e-54 1.28837841750145e-35
1.27847734674032e-41 1 2.03350578270281e-46 2.33921675688429e-30
1.31889226425225e-09 2.59916209151193e-41 5.70273743947694e-30 0.999999998681108
0.99999999858346 7.95865886763725e-48 8.29521002130234e-40 1.41654010262984e-09
0.999999999999817 4.62180260460352e-44 4.03498449446469e-40 1.82914857172694e-13
2.7824765738504e-10 8.18097552402077e-48 2.04892620394924e-37 0.999999999721752
8.76245424075091e-46 1.46820745337047e-57 1 3.02856750403069e-42
3.12128133821487e-48 1 1.36610662073216e-72 3.69484662639165e-38
4.96437767251649e-44 1 1.47866401885034e-48 3.84544254067123e-28
0.999999999999996 3.38781725478183e-38 2.26328196749579e-21 3.91977681684929e-15
2.63231765655447e-30 1.47804547049919e-48 1 1.88098120012125e-29
2.20977336807311e-40 1.1042989663755e-63 1 6.05942399644362e-37
3.43006468434039e-41 1 3.57610312290469e-54 8.74688817041174e-35
1.54064005994433e-09 2.38941446536234e-28 5.65943516065658e-28 0.99999999845936
0.999999991131074 2.62648904324404e-47 1.44865148800056e-41 8.8689257061508e-09
0.999999999974687 1.39855926793152e-47 6.68264378062952e-37 2.53125545636059e-11
1.86381241933421e-36 8.46738704485439e-53 1 4.08685726506207e-33
1.07909541378458e-39 5.56185721792108e-66 1 3.11083798870609e-35
3.37816501955581e-43 1 2.58996307327623e-55 9.01591618198312e-29
0.999999999999592 1.15339740308861e-43 1.84215751979351e-43 4.08301601440067e-13
2.13798135998259e-46 3.07421897846995e-62 1 4.51424994892794e-36
1.91605875016998e-46 1 2.39248120755113e-53 1.49530656630799e-37
0.999999999999977 1.32648763978543e-62 6.34502075425202e-44 2.27603825820809e-14
4.83468397701592e-08 5.71495647178796e-37 5.68649310009143e-36 0.99999995165316
1.69545197802838e-41 1 2.08455711940951e-58 8.89005957335404e-32
1.50310266654499e-47 2.00795036847554e-59 1 7.37671426334377e-42
9.83351302867199e-07 8.99156996801576e-39 7.34856444271091e-47 0.999999016648697
0.999999999999984 1.20658736965685e-66 2.66755005040286e-40 1.61017439988278e-14
1.32113744876524e-44 6.52530716299864e-57 1 8.11321723657924e-42
5.13766611742948e-39 2.92613205229962e-61 1 1.47225687554389e-37
0.999999011134489 1.00866052800047e-45 2.10165798743483e-35 9.88865510966508e-07
0.999999999999073 1.86463431743548e-43 1.4247140612472e-34 9.27287188178598e-13
4.58264859266396e-10 2.02792221257842e-44 7.19428852568708e-32 0.999999999541735
0.999999999999195 8.18935428122068e-56 9.64711663141121e-39 8.04748230929626e-13
1.19475907052389e-38 1 9.45718451127676e-56 1.41366707326559e-30
2.52892836207961e-36 5.7696995585934e-48 1 7.45454460065472e-37
0.999999678341888 2.48950613003546e-31 6.49497568927065e-40 3.21658112037463e-07
1.59937751367908e-08 7.50353685789532e-28 6.31309824114361e-28 0.999999984006225
0.999999999996282 4.46743148254421e-48 4.57702231950698e-29 3.71791376251889e-12
4.97789418741761e-12 7.86870238713194e-32 6.77695004452094e-40 0.999999999995022
6.70875275426585e-38 1 2.3164440398143e-47 2.34093198505569e-28
4.69124577797463e-49 1 1.67900248384883e-69 2.31484041410692e-39
5.25013207339707e-12 5.00726219743215e-27 2.10022025996622e-39 0.99999999999475
1.14039758762509e-35 3.58460416143399e-67 1 3.44119870525326e-37
3.08341112573885e-40 7.66124033322225e-64 1 1.34295606088496e-37
5.07405139249231e-50 6.88451510660238e-63 1 5.47938223716934e-49
0.999999990435853 2.17768694782815e-40 2.31603874781816e-45 9.56414684228562e-09
0.999999999964376 3.1782219632046e-44 6.70418695709141e-43 3.56234994053167e-11
4.16744495350461e-12 1.37516201739045e-39 2.55360314984215e-31 0.999999999995832
1.98786251351109e-50 1.46959167046072e-65 1 3.54281448945332e-45
2.9326248685112e-12 3.61794959858491e-38 1.0152761726037e-34 0.999999999997067
7.49387992597421e-51 1 3.98488267600758e-64 2.77006241911137e-41
0.999999999999841 1.96651307680029e-37 1.20458587258212e-44 1.59015537835165e-13
9.2638408416564e-59 1 6.71361860534546e-69 1.79912744272528e-47
0.180651252118108 1.09972725804109e-36 9.75726433441699e-33 0.819348747881892
7.48290081537428e-09 1.20802614053257e-42 9.41375753570155e-38 0.999999992517099
4.27079566558813e-10 5.01500101966636e-30 7.98139882946637e-38 0.999999999572921
5.76133814826733e-12 8.06015274353139e-25 3.29072538837489e-38 0.999999999994239
1.55850065395914e-44 1 2.47493729737552e-48 1.00578478771938e-33
9.50087100305279e-48 7.66744028456269e-66 1 1.8064565714167e-43
3.81570545661916e-55 1 3.6420134257524e-62 7.28942299827781e-42
2.24118509023003e-11 1.2294138780361e-41 2.17051550144472e-38 0.999999999977588
0.999999999957594 2.88503895165282e-43 1.43480684204096e-38 4.24060615423052e-11
0.999999999991825 1.86776073015779e-45 3.30356348689522e-33 8.17507403416637e-12
0.999999999026515 9.20735121553468e-49 2.7676034935366e-38 9.73484613108167e-10
0.9999999999859 2.4112361940431e-52 8.48879732627122e-39 1.4099912747151e-11
0.999999946364482 5.14974366692496e-40 2.50639350081171e-34 5.36355185573479e-08
8.00995752954962e-41 2.81746963320534e-66 1 1.66081317756438e-40
3.85824084915669e-13 1.5048484404473e-34 5.91983126371485e-51 0.999999999999614
1.11903434238107e-11 7.44994114130701e-32 7.09608991549628e-28 0.99999999998881
4.07926412509557e-55 1 2.89457178185595e-67 2.29765869392833e-38
7.08161764944656e-29 1.230365376166e-44 1 1.89774536632954e-25
3.13667767425261e-36 8.567118463846e-53 1 8.40331957321818e-30
5.62864047734893e-06 5.51339702080354e-43 8.61830748117681e-38 0.999994371359523
1.44559645631795e-14 4.31856374079827e-42 2.26648391792184e-37 0.999999999999986
0.999999999999929 2.1390689361101e-46 8.39979316840357e-39 7.13887285350544e-14
9.29918283757197e-34 1.60177039087538e-54 1 3.94519079817373e-34
1.4770981933814e-29 3.24194013265475e-57 1 4.64665770618031e-30
3.71579900822161e-42 1 5.82953374204452e-54 1.72650112535216e-33
9.72855643158753e-44 4.54613349473287e-68 1 3.58212551866666e-43
1.15943904635056e-42 5.8338547013897e-60 1 1.15728849568569e-42
4.85476730518366e-08 9.56452434992141e-44 2.36791300454222e-44 0.999999951452327
0.999999999877216 5.41856542536027e-37 9.39261240412287e-26 1.2278385896902e-10
2.9423167923585e-45 1 6.2071600519822e-62 1.9425581687721e-33
4.11963744349102e-37 8.03166812544655e-62 1 5.74692267317158e-36
0.999999999992972 7.29915161570314e-53 6.66578196903761e-40 7.02836556490386e-12
4.12189022796928e-34 1.3462127757822e-49 1 8.25974239597755e-35
5.16662706609792e-52 1 1.47923490276486e-74 1.08880435673372e-39
1.23301245577115e-37 3.79309556841577e-63 1 3.38591510205712e-36
0.999999999971054 2.20458534471144e-52 4.73849445434334e-34 2.89461862529278e-11
6.48996049441382e-44 1 4.17810934875543e-54 9.27458489347623e-34
7.85309540386986e-58 1 1.7558813707372e-73 1.40446545623562e-43
0.999999999999998 9.45903269389002e-56 9.15526608295911e-42 1.63770239001132e-15
1.03757712269616e-09 7.62069497768543e-47 1.75701669939277e-42 0.999999998962423
3.38504266446786e-31 1 8.90983349234509e-35 7.5694489804828e-23
4.38649416646267e-43 5.72819584345645e-60 1 3.67948217014986e-39
2.56142228407059e-42 1 4.62654759227652e-58 1.05779684181479e-34
0.99999991043545 3.33554750013639e-49 2.17877682629357e-46 8.95645494636221e-08
8.92465489992358e-47 1 3.97408467321374e-55 4.03932820057734e-35
0.99999999326905 1.27383746129265e-49 2.51408366421742e-44 6.73094971236885e-09
0.999999999990885 8.04636537777374e-50 1.08664799253386e-42 9.11535466062214e-12
7.46440460657873e-15 7.23960929249189e-34 1.61399946845995e-30 0.999999999999992
4.67290365997906e-29 5.12039770592241e-40 1 7.1586908752385e-23
9.00659810664353e-17 6.2605333933372e-25 2.87467958575175e-32 1
2.39305181673785e-11 5.7806172284606e-32 1.19715615171963e-28 0.99999999997607
3.06896963516435e-49 1 1.22827681663256e-57 2.28475828025399e-36
0.999999999987738 1.79317420309106e-44 1.26946597568642e-45 1.22619859753084e-11
1.18263570914769e-33 2.33244423450896e-50 1 1.27640594267471e-30
2.76739191699283e-06 1.50102020570551e-43 1.40237916274737e-38 0.999997232608083
0.99999999999469 1.8297892456479e-51 1.04187956020372e-40 5.30942990097761e-12
0.999999996284652 9.10423387748106e-42 1.48430106476908e-35 3.71534847475506e-09
0.999999999999475 1.04812818221653e-45 2.79203636528393e-37 5.25108156299117e-13
1.02498540194348e-10 5.03066296517542e-40 2.08937337670629e-48 0.999999999897502
0.999999999977871 5.49395647304247e-38 2.50643900150507e-34 2.21294124146582e-11
1 1.95796057187362e-52 8.88142706445897e-38 2.68394464929125e-16
5.7288956041291e-27 3.81502429102155e-45 1 7.87747056266422e-30
1.07555552969958e-43 1 3.76420035524768e-60 1.21648440615678e-35
1.15022277424747e-41 2.21043994526641e-66 1 4.59828463379875e-38
0.999999999778994 8.00542872978406e-55 9.49876039819075e-44 2.2100588504022e-10
1.14600736539581e-39 3.53836511084884e-60 1 1.23279354871836e-37
1.10628607076637e-42 3.87060452758996e-73 1 6.76799010225913e-41
0.999999999298248 6.72385431529397e-40 1.63976385556607e-37 7.01752312588892e-10
1.59819583344439e-36 1 1.63310475484273e-62 1.10118491528346e-30
7.94198968798576e-39 1 1.32777029299196e-48 5.25218512522593e-31
1.3467711452354e-37 1 1.48510505119442e-53 1.12694760943767e-25
1.10140666921189e-10 5.48061119470373e-35 5.60112045961814e-39 0.999999999889859
1.83920693372287e-35 5.3530192463826e-56 1 1.3672939875652e-34
4.72410876363835e-42 1 4.63384042138024e-57 1.37514378445384e-33
3.27234355431957e-43 1.55470774788359e-61 1 1.68880926528387e-43
7.6683176939891e-51 1 5.80211724124466e-57 5.22529047042006e-40
5.22041051336891e-41 1 2.75673819369767e-52 6.19788617897827e-31
5.75410834555195e-11 3.87234837083345e-30 1.11527252042169e-24 0.999999999942459
4.78811477515267e-45 2.56453410054666e-64 1 2.76915756656155e-43
8.82052204461387e-36 4.75285075876557e-61 1 5.57435731856241e-35
6.68598359278774e-48 1 1.26930437876726e-62 4.1101010891603e-36
3.81158185085798e-12 3.43564058713318e-42 4.00703228155834e-44 0.999999999996188
1.98996398226716e-32 1.02374472539162e-54 1 7.74214576789044e-35
3.2154201529404e-16 5.03113253942567e-34 8.09674991483949e-35 1
9.92566735593742e-37 3.17876282272721e-60 1 1.53213858306139e-33
1.78070395062855e-45 1 3.61312330340775e-56 7.33488926595642e-37
0.999999999988551 5.68541454870881e-52 3.2227182355542e-44 1.144885493577e-11
7.95970515079872e-53 1 3.13937631385169e-71 3.44969316735344e-43
5.77936440007276e-43 1.73657115735353e-67 1 1.00573646545246e-40
3.03187694579344e-39 7.23971421792367e-54 1 1.04866647696334e-34
9.03838805178589e-40 7.08487614237e-48 1 7.61755614835722e-39
2.38144325921059e-56 1 2.55191017606688e-62 1.24926502829536e-40
0.99999999313825 1.35718719230486e-45 4.99873083435989e-46 6.86174996414761e-09
0.999999999926306 6.76946426775549e-49 1.54750906522392e-43 7.36941692169618e-11
8.09035657607483e-44 1 8.00810874418954e-48 3.79552523461005e-31
0.999999999998901 2.45847324055714e-43 1.70879398687998e-37 1.09881310521554e-12
1.49643745044228e-38 1.16755111118609e-52 1 5.75758587776058e-39
3.05722175259339e-52 1 2.21861987608254e-58 6.56743702924402e-41
6.80696345296692e-39 1 1.12740106148413e-47 4.62208964227803e-29
4.52316766761702e-10 1.26899817860562e-36 2.77105067362541e-34 0.999999999547683
0.999999999999764 3.33876435609352e-53 9.20932124279909e-46 2.36489592159889e-13
1.87025193694414e-31 3.08451023963859e-59 1 3.73995002499364e-27
3.51842962219029e-41 4.62991451757654e-60 1 5.56137354631967e-36
0.999999999999994 4.7895148045461e-60 9.81393597724857e-48 5.73511773128296e-15
1.38903544522573e-29 3.15484830885352e-53 1 1.15719910911049e-30
0.999999999999921 1.97019254359631e-45 4.35891735289453e-37 7.89758715051051e-14
3.6756113151267e-51 1 1.75164106791314e-66 1.3142604596037e-39
1.10099649851189e-06 2.81798995193967e-35 9.82076343741868e-41 0.999998899003501
