1.3854944121516e-49 1 1.33196280058613e-46 1.44812226798267e-86
7.45912513036884e-50 4.9494755160231e-80 3.05302576894499e-71 1
2.76586977088263e-44 1 1.90752415868562e-43 1.86538587164426e-80
6.67299421077237e-42 8.7009735548059e-81 1.7255856056115e-60 1
1.26127191980561e-57 1 3.81259798134742e-54 6.84065428036801e-84
4.45181075686218e-41 3.63650978664408e-73 1.46674590414976e-65 1
3.47707235609418e-21 1.46610692976156e-24 1 1.87989336512908e-58
2.81439073446582e-17 5.43727649450945e-41 1 6.22194474141779e-63
2.36723264715696e-52 1 7.39211220538756e-47 1.88296620891145e-78
1.06720480209834e-46 3.8987723511297e-92 9.48747709340782e-76 1
0.999999999999935 3.4071120348442e-47 6.47446609563307e-14 3.95790402076082e-39
0.99999799396119 9.96248519632982e-46 2.00603881007811e-06 1.04185648794133e-50
1.28935224880734e-40 1 3.71001697391191e-39 1.88750004814251e-71
4.86302581527591e-40 4.26733574927605e-84 5.13133331120901e-61 1
5.00779740958164e-13 1.05487285550567e-48 0.999999999999499 1.09855140600899e-71
1.63260501944403e-53 1 3.9717752222472e-50 1.38951354924232e-82
0.999999999999984 4.42024672652276e-50 1.62014356160593e-14 7.2060380818903e-34
1.11591517271466e-44 4.02476701169719e-94 2.59409875370213e-68 1
6.84193611592982e-13 4.55245836071265e-39 0.999999999999316 4.39787820453344e-56
4.49655878874862e-62 1 2.69645664661609e-56 5.46994587398574e-90
7.79833800735654e-49 2.64756161179277e-84 2.07234420157525e-68 1
0.999999999999991 9.95406280335667e-51 9.20421737584342e-15 1.3521267911474e-43
4.18625363648527e-10 1.20511386243915e-45 0.999999999581375 1.88960568449615e-45
1 3.88526694831008e-41 1.12153421751135e-20 1.17990635981846e-29
1.34597600327789e-36 4.5818982566537e-77 4.47461721311774e-65 1
3.0691652805896e-41 2.60602683293387e-84 7.15312050455763e-64 1
2.38544411497973e-39 2.77446609530333e-75 3.28445341875489e-63 1
4.70822265838067e-50 1 3.28851413925638e-51 7.02060525780776e-77
1 5.41215527188289e-41 1.04690930303212e-16 1.89864393073892e-49
3.11265344326338e-11 1.44115760275897e-43 0.999999999968874 2.29665674819825e-52
3.83318805348524e-15 5.81397504470155e-38 0.999999999999996 5.58639132642726e-71
7.1541588295692e-48 1 8.46848354664825e-42 1.23209074501712e-84
2.50408723131628e-47 1 2.39169830047835e-47 8.62099724381163e-90
1.02998647160388e-20 3.71879401800539e-49 1 1.84330434063631e-68
2.46625428127584e-31 1.82998519461707e-65 1.1806633924421e-47 1
1.03963626109855e-18 7.21733286237851e-46 1 2.24140872629008e-72
1.7047073205844e-44 3.50995174356258e-80 8.47441926824544e-61 1
4.90294014592313e-19 1.62279196991312e-50 1 6.01270488490698e-76
0.989582462449253 7.60588350841119e-38 0.0104175375507474 2.15793153544835e-43
7.85682089309199e-47 1.16153556997533e-92 2.36993734276026e-68 1
3.77895639466273e-13 1.70031856567089e-36 0.999999999999622 1.18578894592201e-54
9.43101147783611e-42 1 2.28181628308051e-37 1.78830981524811e-79
1 1.31534297775815e-51 2.55939571161596e-16 2.62097745827445e-39
5.46911302238176e-48 1 2.22434542923042e-44 7.32971889918512e-69
2.25313735781201e-48 1 2.86793819704684e-49 1.10012474758343e-79
4.19720320380079e-36 1 5.47728866766359e-33 1.18099535874889e-59
2.91923379630706e-15 2.84724139729936e-41 0.999999999999997 3.29090176819161e-59
3.9619822633289e-46 2.34376430264281e-84 5.66871111764431e-71 1
2.06869133648626e-40 1 5.65132647842597e-39 6.81079747099495e-72
1.74203089797034e-13 3.45390078480665e-42 0.999999999999826 4.86222289961073e-59
2.25931722366043e-15 5.99248912062964e-52 0.999999999999998 3.64830534029031e-57
2.81029854905332e-11 2.19725803808075e-43 0.999999999971897 7.17888865793511e-57
4.97321976807448e-37 2.71819561797402e-92 7.52902755126159e-56 1
8.15377819308868e-54 1 2.97561112499424e-49 1.20563433688264e-89
2.94083172846045e-39 1 1.40618857860246e-35 1.49746710326747e-71
1.49693714232077e-19 7.78649144325178e-40 1 3.13566349771555e-66
3.97550585144956e-49 2.7294247121333e-83 7.35849091014425e-73 1
5.31851885568371e-38 1.04031632122978e-76 2.01838951739734e-59 1
5.96729002978533e-13 1.39757559464632e-32 0.999999999999403 3.44377352386039e-64
1 1.54839908157219e-46 2.35162638789728e-17 1.42539335110923e-27
1 3.4610955310498e-45 5.7448700461828e-17 4.42577849836166e-33
3.68072540879826e-46 1 7.20384320072736e-42 3.40637750155802e-80
3.55093315565304e-12 4.64771347977032e-39 0.999999999996449 4.31655771399373e-63
1.87581233896391e-37 1 2.10746838216273e-36 2.77408426085025e-84
4.03560697269894e-45 1.34384847320033e-80 1.46305463722726e-67 1
2.47653412882217e-18 4.34717179058551e-48 1 3.77890341844103e-62
6.52258280503206e-14 3.89617182506107e-49 0.999999999999935 1.29439532509057e-68
2.27171342155155e-46 1 6.7286405479534e-40 3.16026734295359e-90
0.999999999999997 4.92379705009331e-52 3.08485720014668e-15 2.21285199451324e-48
9.89191785331679e-53 1 2.31351907634489e-53 1.86107601916363e-84
2.12545084601813e-46 1 1.28720133798785e-46 4.30559838747825e-85
3.6564714164871e-31 2.81582160841824e-71 2.16051269028588e-54 1
7.05853636758978e-39 2.10764079978924e-75 2.49698326185755e-58 1
1.92588712566336e-35 1 2.29933836204216e-39 1.31919788118182e-68
3.37881896859416e-13 5.48313501189146e-43 0.999999999999662 3.60760622345855e-64
2.21469644827556e-11 2.02379096594482e-41 0.999999999977853 9.61936881938599e-59
1.50743076621063e-39 1 5.9762481983332e-40 1.70167878682003e-70
0.999999999995179 1.06580405404859e-45 4.82065007136716e-12 1.52044643821459e-36
0.99999993958482 2.7214104164116e-53 6.04151799152997e-08 2.9209846737363e-36
1 1.45024750956285e-46 3.11916238388922e-24 5.29299763895326e-40
1.78349060624459e-15 5.38700812377083e-46 0.999999999999998 3.22577374690991e-68
4.18640436347738e-13 3.81152351390705e-50 0.999999999999581 4.1654488252499e-62
1.88374634198486e-44 1 1.73356012701631e-45 2.44607779118809e-81
1 3.7902017013346e-46 1.81685892727765e-23 5.37690295604665e-35
1.12178738086757e-15 7.94405661585502e-42 0.999999999999999 1.23372844604585e-66
2.13192977702766e-12 1.24532336853301e-55 0.999999999997868 1.42306354114417e-55
9.4331124027985e-35 7.43312083006021e-71 2.59497668461832e-54 1
1.14377648495602e-49 1 2.33412474051965e-41 1.24652910421114e-80
5.00436757452989e-17 4.13198586665995e-45 1 4.61137515928414e-70
6.30757126450515e-53 1 1.89379069502995e-48 1.35643746687435e-85
2.09070673868489e-16 1.76460062311746e-42 1 7.66882851070434e-77
0.999999999999973 3.6192215012714e-40 2.66512970577196e-14 4.63796483053214e-41
0.999999999999939 3.20502423891034e-40 6.08111129734519e-14 1.17157786279683e-45
3.63532701538133e-42 1 8.90717986782535e-41 9.25112412030335e-73
1 1.67182750197866e-55 1.5825248515976e-21 6.86196069697506e-32
1 1.28600497841909e-52 5.70187327042012e-17 8.77032137875537e-38
1.3326214966591e-11 5.83458372696614e-42 0.999999999986674 7.45074412588598e-59
3.30887289937967e-12 9.21504757964532e-50 0.999999999996691 2.38019824249682e-55
1.097517820409e-41 1 1.32923539477987e-41 4.25031904303064e-84
3.1691119383147e-44 1.74649271917822e-82 1.3986786828354e-64 1
1.41160285092164e-41 1 2.41424425392752e-43 4.96624829056198e-80
7.64387153075326e-52 1 4.45940136152303e-47 4.07131587020189e-81
1 6.18673047277063e-41 2.96190646066187e-20 1.37826808267634e-32
6.82791827739387e-15 1.08645955256756e-42 0.999999999999993 2.29013179559489e-62
4.07695693787141e-54 1 1.08655962726548e-49 3.86945787482327e-85
1.36219207291186e-15 2.20944863691239e-54 0.999999999999999 1.03154572516761e-64
6.38027194413163e-14 1.17103076542042e-40 0.999999999999936 4.08933503339997e-66
7.09742643249493e-14 1.4888241708666e-50 0.999999999999929 7.93234028407832e-64
5.63478196358121e-47 1 5.24488334366235e-46 2.99614523019446e-84
7.4259991682564e-38 1.01957630715652e-73 6.20166085818855e-60 1
5.52597530702669e-48 1 1.49786935357798e-42 2.1466675317437e-89
1.74884087405125e-35 1 1.69157104276703e-43 9.9634076953294e-62
7.1869808758958e-14 1.41019787077432e-42 0.999999999999928 1.38046794441238e-60
0.999999999996633 2.95581943984973e-45 3.36704205353218e-12 3.33434269040401e-40
1 2.77941955406138e-48 7.50818687418124e-24 1.86898895560686e-44
3.19875011009538e-53 1 5.68285502971419e-53 8.30989626722597e-84
0.99999999999999 5.12034229152522e-43 1.02311501692835e-14 3.55051984542586e-43
1.27934788761213e-35 1.15766853276781e-81 1.5539957959016e-50 1
1.27263065059107e-47 1 7.2171304004485e-43 5.89973668935441e-84
4.75268973082081e-43 3.18437085993098e-76 1.38418711307824e-64 1
2.27653071972656e-53 1 1.92294207633413e-48 2.31335935566521e-90
0.999999999999989 1.29017607392236e-55 1.13309048531523e-14 5.19202997900102e-46
3.88546091475831e-13 8.83103870375997e-48 0.999999999999611 1.76250752831702e-56
1.87535132164285e-17 3.02653705970938e-33 1 1.30791801404597e-65
1 1.97897044590973e-51 2.23758747747876e-17 1.51004522141031e-36
1.52370830937307e-34 1 9.33927179638495e-30 2.50839713806314e-59
1 7.02529205153134e-39 5.94338869482404e-17 1.24898174666333e-40
6.6588867728353e-19 1.92561564527739e-46 1 8.48554118513319e-64
1.92481536977531e-11 8.3580072834421e-39 0.999999999980752 2.07976764612574e-54
4.72335188691199e-10 8.86851248114694e-42 0.999999999527665 3.08383048365116e-60
3.91928610213862e-41 1 1.0218469773306e-40 3.39014370044144e-69
6.30418520732531e-16 1.27703027332118e-44 0.999999999999999 9.40120577653118e-68
1.73717070143989e-08 1.40548876669007e-52 0.999999982628293 1.44365147662645e-54
2.01266464737803e-40 1.91529344822322e-74 7.59568483821652e-60 1
1 2.08480265654868e-38 5.06468118587962e-16 6.8570641528382e-48
9.39884490209188e-47 1 2.45821223447818e-38 1.12329749241214e-80
2.39298514900426e-36 1.34099592278333e-79 4.46217082676405e-58 1
7.79367209404292e-34 1.76432872865136e-78 2.94099057391702e-54 1
2.76451723173504e-53 1 2.71352915362034e-50 3.28051248647934e-85
1 4.23711599059832e-51 2.04517495456363e-17 2.93281371240661e-40
1.56375715177591e-49 2.85674014162103e-84 2.47200406615352e-69 1
1.20060422430022e-34 7.28077376793668e-76 9.67020195025e-55 1
2.97942968261366e-12 3.38115794969096e-41 0.999999999997021 6.30113165132473e-54
1.49197489670374e-40 1 1.00259015729992e-42 1.09111709822984e-74
1.31940167778991e-49 1 2.83781911861816e-47 2.27584091415354e-85
2.16530707030312e-15 7.22774591693494e-43 0.999999999999998 1.83039107827184e-65
5.592476159829e-38 1 5.02562334816496e-47 1.28652548486172e-69
1.21594237370341e-15 3.06639139655469e-38 0.999999999999999 1.41763423739123e-66
2.26252963375191e-44 4.75162436956378e-78 1.97374066044627e-68 1
6.02636867219189e-43 1.71103878890374e-74 3.27501222956175e-64 1
6.82979595121397e-46 1.03715466581221e-88 3.35018850177897e-70 1
5.04077728068303e-44 4.65140740222728e-88 1.19602812301846e-67 1
1.06528248986173e-41 1 2.09888592994197e-37 1.72501332197962e-71
4.52437782243826e-17 1.70922019404516e-45 1 2.22116253998935e-69
9.81212634437793e-21 2.20771069318499e-53 1 2.42592751201542e-81
7.80295686523981e-12 2.9807439404817e-53 0.999999999992197 1.01764827831101e-66
3.27045803672684e-13 8.77353998670915e-46 0.999999999999673 1.04671347758597e-60
5.00212642056729e-42 8.18042297024469e-82 6.22906383942245e-64 1
9.2185811298644e-38 1.46277166024929e-75 3.51091163499847e-54 1
4.00646297145494e-14 1.51058716229966e-45 0.99999999999996 7.41892908325938e-55
2.27708883786233e-47 4.21840904474972e-88 9.95063748217031e-75 1
2.60193415105839e-10 6.14886032535581e-52 0.999999999739807 2.7665447004507e-61
6.9324768202916e-17 1.23039016281648e-41 1 4.4933891197789e-58
4.12184355934399e-13 2.9948484837694e-38 0.999999999999588 1.18237552897203e-67
4.45774107466068e-12 1.33293339049793e-40 0.999999999995542 1.38737320354602e-55
6.44641084186956e-17 8.35546446903914e-48 1 5.08016035944069e-66
0.999999999942911 1.44693091311641e-40 5.70892523314926e-11 8.47591087106183e-34
0.99999999999856 7.74297390416912e-42 1.4400272947678e-12 1.21481402736258e-41
1.67296251304523e-50 1 8.41087349442871e-53 8.13428402139376e-90
9.71247158407635e-11 5.68654433775814e-36 0.999999999902875 7.32696748142895e-51
0.99999999999987 2.2977082575804e-39 1.29603419120451e-13 3.02898959874009e-46
1.92018204467908e-54 1 3.09556184228861e-46 5.19307118435582e-90
1.14516539080831e-14 1.78779739875128e-38 0.999999999999988 2.19130717617942e-59
1 3.10627507619635e-56 1.14776383520182e-18 6.43525562484449e-37
0.99999999999971 1.94048052209918e-34 2.90292918855895e-13 2.67547561321559e-31
2.66934946235844e-16 6.52699121651671e-45 1 1.82939075960905e-58
8.52639815207949e-37 3.53460961618061e-75 2.51390039695584e-56 1
2.53620893184183e-27 4.04815698053182e-59 7.84370782400958e-48 1
1.77912883255925e-35 7.07995547300576e-85 4.16769954482264e-58 1
7.79905409872332e-46 1 9.69768563913877e-50 1.29357572530575e-85
1.13448399488e-19 4.29804175932744e-52 1 4.66386976780224e-76
6.29896956311836e-34 7.05411136423611e-68 8.05110511708773e-57 1
2.05805948768221e-11 5.88108885812614e-37 0.999999999979419 1.58023004099079e-48
1.17425242887396e-13 5.44749089246151e-36 0.999999999999883 3.97441421730008e-55
6.99399737916769e-48 1 1.03278565220499e-41 1.00960288480767e-84
1 1.19944630573683e-36 3.72672488292397e-16 5.84163557054082e-37
8.03807935079533e-43 3.39268194645315e-91 3.28020176271778e-64 1
5.02742427666335e-20 2.08069560016087e-50 1 7.37726446017476e-83
6.56526058505748e-51 1 1.96831123677992e-47 1.25304977900325e-96
1.66934847390079e-32 1 6.72592718052918e-36 2.94939403385186e-60
5.8673652341377e-13 8.08373021281582e-37 0.999999999999413 1.75276586781959e-57
7.98678575751424e-48 1 2.42170069455315e-43 2.19646365733905e-87
5.21833882032556e-33 1 3.07774255054524e-28 1.58329272022773e-63
1 1.42531092241289e-51 1.38329005524922e-17 5.61440003879144e-32
0.999999999463438 1.61522924328353e-42 5.36561866281422e-10 4.97307676536661e-45
3.54074617454712e-38 1 6.91509479869649e-43 5.16234959883597e-85
2.29507803721738e-15 4.56407053123788e-43 0.999999999999998 9.62118863779642e-66
1.04677406552641e-30 3.49551148408848e-69 7.48171803641047e-58 1
1 2.87245012027637e-44 6.41313578869876e-19 3.85458513766098e-45
7.64411071821447e-16 2.45944373516764e-40 0.999999999999999 3.06707336134675e-62
1.13261794937183e-48 9.44592828347606e-90 7.31167750925115e-79 1
1 3.31408364336108e-52 1.77522650054943e-17 3.77401604280154e-36
0.999999792858825 1.79670182815901e-41 2.07141175175148e-07 3.53868617772623e-42
1.18032066849268e-46 1 2.53388733567568e-50 1.79777068853352e-75
1.78788288661652e-39 6.98498359283058e-76 1.11447714370413e-62 1
9.77930654730026e-50 1 1.19822575242655e-42 1.07108616126363e-73
1.44109668144194e-14 4.52515325849688e-43 0.999999999999986 9.74010616485454e-66
1.3357109780951e-38 1.31926808697289e-88 3.0506274401583e-63 1
0.999999976952588 4.38637107521518e-41 2.30474124399494e-08 2.13697573863249e-24
2.78979296093856e-47 1 1.49411714972374e-42 4.16891955463869e-86
0.999999718637136 2.0914520410778e-40 2.81362863542822e-07 2.05638834541903e-46
5.08291186930587e-19 6.67937580383751e-50 1 6.62561986720292e-72
0.999999999973528 4.47459922250893e-42 2.64719030337827e-11 2.41486531786334e-54
2.9676138945553e-36 6.55409035566154e-74 7.77082901221022e-54 1
1.17041922636023e-49 1 1.05210127162919e-45 1.28215252221482e-80
5.35475582023581e-45 4.5703485634873e-83 2.77960323546075e-62 1
1.40910090477831e-39 4.06136331654475e-81 6.31136806561101e-63 1
0.999999999999683 1.11740058193764e-42 3.17159943148577e-13 1.44126289999426e-48
0.999999999997166 1.34425412053295e-51 2.83342682901685e-12 1.59902095442973e-49
2.18016877024635e-44 3.17287466191482e-85 5.50387168971521e-72 1
6.09081310169821e-40 1 6.95478310870545e-41 8.10785623456621e-85
2.00101080780943e-11 8.53964952222738e-45 0.99999999997999 8.15778823139676e-67
8.1626488995022e-44 4.73995519314675e-95 3.577342282055e-65 1
5.62557434893854e-45 1 4.84545427156773e-43 4.54407096281114e-76
2.52774892626721e-41 1.61703040088965e-84 6.1649371416655e-63 1
1 1.94760713073352e-38 3.497904216997e-16 4.02781213484067e-40
1.61536751060795e-44 1.90757284943704e-85 1.84993890732991e-66 1
1 1.380760801292e-55 2.06189057741347e-17 1.95231579130315e-33
1 9.87940686175562e-46 1.87933822066543e-20 1.48143899256054e-45
2.80307914758709e-18 5.36975245955196e-49 1 7.81899548236592e-56
1.688110625993e-14 1.90580461643067e-39 0.999999999999983 2.79440833988585e-68
2.24794773103998e-48 1 2.21747461660798e-48 2.14152837362109e-80
1.34758522219746e-51 1 1.68715477679615e-48 1.93407039029629e-87
0.999999999999954 6.11207892325093e-38 4.54431914308781e-14 2.17471694484591e-43
5.75250396993356e-35 6.16169383004536e-74 4.66755285515457e-56 1
7.17594905845176e-47 3.10292745946765e-78 1.34996949981456e-68 1
0.99999999997454 2.24849183927469e-47 2.54600900252555e-11 8.90961250270858e-38
0.999999999940527 1.56312030242698e-55 5.94732599503666e-11 4.90699495512498e-41
1.4271070019567e-14 3.27894138012551e-43 0.999999999999986 9.74530866635068e-64
4.39251875430517e-16 4.77907655858106e-38 1 1.35029996565913e-53
8.42652092223173e-34 1.99331567218164e-66 1.55486313955622e-52 1
3.06082629277087e-19 2.82343528915193e-39 1 3.31441319398698e-66
1.87432145973689e-15 1.71309565230087e-36 0.999999999999998 4.13930134934488e-55
3.46538167473496e-33 1 1.25803880490604e-31 1.58750792258853e-70
5.0794964124506e-43 1 3.43252771126609e-44 3.32023135671902e-79
0.999999999999331 2.9514930730521e-42 6.69461178988206e-13 1.06025631886406e-35
1.97067633024481e-11 4.6798335231999e-39 0.999999999980293 5.28379675278278e-59
4.30582636120613e-32 2.20914289666901e-69 4.96947408939295e-52 1
0.999999999998194 1.80613923326806e-40 1.80598242223661e-12 9.76450656865939e-48
2.05447616485421e-28 1.57790163708166e-59 7.89147567637903e-45 1
2.0852579276616e-46 5.9025818701888e-77 9.81456032233845e-62 1
4.19022008736042e-20 4.91285875579808e-44 1 1.93624355032882e-64
4.68123959239597e-47 1 6.93277409848463e-45 1.42624128041523e-80
3.16692792328237e-41 1 1.02845364502979e-38 1.32862027287054e-80
2.97118017481089e-44 3.57830033271908e-82 1.29706365051018e-69 1
1 7.35115544052613e-35 1.98944382467806e-16 5.15908608261175e-34
1.67210083224233e-49 1 7.67265872308288e-48 2.84759857283541e-82
3.68505365393636e-41 8.97602339819794e-87 6.82172298402735e-61 1
5.06437059229911e-28 4.84050026510432e-66 8.17324408003506e-48 1
1.67993143973711e-44 1 2.19625012132202e-45 7.47233784929394e-78
4.22480122334532e-44 5.76076075411815e-77 1.26668259879472e-70 1
2.01277016801553e-48 1 3.22819897481544e-45 7.40804654446731e-88
1.30617715878924e-33 1 1.25784838256578e-31 2.382202669368e-64
7.20283421798048e-33 2.86127398462496e-59 1.65609701456561e-53 1
1.02210442025309e-38 1 1.2437070775757e-37 2.89477803275556e-69
3.25610931859688e-45 1 2.57020285990418e-46 6.30282912966992e-83
3.65186474341291e-44 1 2.04340794336177e-43 4.62893781418417e-75
2.05455473413077e-46 1.87462835444423e-83 3.85587061079879e-72 1
1.39176844448122e-39 1.4218897271167e-74 3.74231656903791e-63 1
2.49081537563755e-40 2.78013314090644e-83 2.19191848642855e-61 1
2.93892684290698e-45 1 2.90458486569983e-40 3.32897800451927e-81
1.27836171170442e-36 9.88034780298629e-69 1.33587463341507e-59 1
1.02269620714039e-40 1 4.03266639373566e-39 1.02797492661037e-71
1.97561741342879e-15 4.73213587384894e-44 0.999999999999998 2.53288555057838e-57
0.999999999999983 3.11025016235557e-50 1.71253663546338e-14 1.3232472072809e-48
4.06847412568417e-13 3.59257021703352e-51 0.999999999999593 7.21343087783386e-68
7.91291964042711e-38 1 2.13737529007344e-34 2.66284451243572e-76
1.89256665397579e-11 1.17093518717279e-44 0.999999999981074 7.6396282346118e-62
7.05364306362018e-17 5.93254996709487e-32 1 4.91806574854808e-56
1.01507038885094e-40 1 1.3914011496288e-33 2.01678746395259e-77
0.999999999915698 4.08547693617082e-46 8.43023082822766e-11 1.60000864738974e-48
6.05600080592026e-41 3.09685672720017e-84 8.7787497153785e-62 1
6.37723978409059e-44 5.14121056027208e-85 1.71767320752552e-64 1
2.03910113666326e-47 1 5.85460765945075e-50 6.35501224976638e-85
0.999999999999986 1.22805896167891e-39 1.37122154921421e-14 1.84773744941544e-31
2.11588283233109e-56 1 1.61486122701858e-56 1.12719243958926e-86
1.89425892701408e-36 1 2.51380673105127e-32 1.20882148246188e-74
1.65073660584777e-42 1.32750662860911e-86 1.3502572576369e-71 1
0.999999990483911 1.78077268815254e-36 9.51608917086225e-09 1.25822379153464e-47
6.32831492969776e-50 2.16686750388604e-77 4.08064320850263e-71 1
4.29017357481194e-47 2.88756992631962e-94 2.59609793429697e-72 1
0.999999999999993 1.76637752041172e-41 6.76109929573904e-15 1.43225053741408e-44
3.13930721009706e-43 5.06865326761413e-84 1.20974315524417e-66 1
1 5.04060777472152e-64 7.43009931437556e-19 4.50346502535283e-36
0.999999999881248 3.3286425075776e-41 1.18751784321988e-10 1.14173871068477e-33
1.57711650426452e-56 1 6.46669469624199e-52 4.82859462126452e-85
0.999999992994412 2.87179206554995e-44 7.00558828104345e-09 2.01539549617402e-49
6.31969341506318e-17 1.13247818297408e-44 1 9.23358850661685e-59
5.88339993751128e-37 1.28344589133275e-74 3.67264910155996e-57 1
1.84843374103212e-13 7.37544687079245e-48 0.999999999999815 1.54782005292428e-67
