1 7.37726446017371e-83 2.08069560016037e-50 5.02742427666342e-20
1 3.13566349771511e-66 7.78649144325034e-40 1.49693714232072e-19
0.99999999999996 7.41892908325832e-55 1.51058716229927e-45 4.0064629714549e-14
3.49790421699685e-16 4.02781213483981e-40 1.94760713073296e-38 1
2.77960323546075e-62 1 4.57034856348652e-83 5.35475582023505e-45
1.25803880490588e-31 1.58750792258808e-70 1 3.46538167473407e-33
1.81685892727773e-23 5.37690295604536e-35 3.79020170133352e-46 1
2.47200406615338e-69 1 2.8567401416207e-84 1.5637571517756e-49
1.46305463722688e-67 1 1.34384847319972e-80 4.03560697269745e-45
7.21713040044696e-43 5.8997366893529e-84 1 1.27263065059066e-47
7.20384320072613e-42 3.40637750155696e-80 1 3.68072540879717e-46
9.67020195024918e-55 1 7.28077376793441e-76 1.20060422429994e-34
4.45940136152201e-47 4.07131587020074e-81 1 7.64387153075044e-52
2.66512970577193e-14 4.63796483053102e-41 3.61922150127027e-40 0.999999999999973
5.74487004618293e-17 4.42577849836084e-33 3.46109553104886e-45 1
3.07774255054487e-28 1.58329272022741e-63 1 5.21833882032437e-33
1 1.93624355032871e-64 4.91285875579697e-44 4.19022008736048e-20
1 8.48554118513198e-64 1.9256156452769e-46 6.65888677283525e-19
1 2.24140872628951e-72 7.21733286237738e-46 1.03963626109852e-18
1.61486122701808e-56 1.12719243958881e-86 1 2.11588283233013e-56
2.55939571161594e-16 2.62097745827393e-39 1.3153429777577e-51 1
1.13309048531519e-14 5.19202997899962e-46 1.29017607392187e-55 0.999999999999989
7.35849091014383e-73 1 2.72942471213284e-83 3.97550585144888e-49
3.05062744015795e-63 1 1.31926808697244e-88 1.33571097809486e-38
1.44002729476783e-12 1.21481402736227e-41 7.74297390416703e-42 0.99999999999856
5.24488334366153e-46 2.99614523019403e-84 1 5.63478196357993e-47
4.03266639373497e-39 1.02797492661016e-71 1 1.02269620714015e-40
0.999999999999998 9.6211886377945e-66 4.56407053123698e-43 2.29507803721728e-15
1.20974315524403e-66 1 5.0686532676124e-84 3.13930721009625e-43
5.70892523314951e-11 8.47591087106039e-34 1.4469309131161e-40 0.999999999942911
3.51091163499797e-54 1 1.46277166024879e-75 9.21858112986178e-38
4.46217082676329e-58 1 1.3409959227828e-79 2.39298514900358e-36
6.95478310870456e-41 8.1078562345646e-85 1 6.090813101697e-40
0.999999999999998 4.13930134934447e-55 1.71309565230065e-36 1.87432145973686e-15
9.48747709340675e-76 1 3.89877235112837e-92 1.06720480209807e-46
6.72592718052823e-36 2.94939403385144e-60 1 1.66934847390046e-32
9.33927179638323e-30 2.50839713806249e-59 1 1.52370830937261e-34
0.999999999999403 3.44377352386029e-64 1.39757559464614e-32 5.96729002978556e-13
6.76109929573904e-15 1.43225053741378e-44 1.76637752041122e-41 0.999999999999993
4.96947408939232e-52 1 2.20914289666825e-69 4.30582636120509e-32
1.18066339244196e-47 1 1.82998519461666e-65 2.46625428127525e-31
0.999999999999998 3.22577374690945e-68 5.3870081237696e-46 1.78349060624458e-15
5.66871111764366e-71 1 2.34376430264215e-84 3.96198226332778e-46
1 6.01270488490596e-76 1.62279196991268e-50 4.90294014592313e-19
0.999999999999986 9.74530866634847e-64 3.27894138012491e-43 1.42710700195667e-14
2.5949766846178e-54 1 7.43312083005725e-71 9.43311240279555e-35
1.0327856522047e-41 1.00960288480744e-84 1 6.9939973791654e-48
5.70187327042004e-17 8.77032137875338e-38 1.28600497841861e-52 1
0.999999999999999 1.41763423739107e-66 3.06639139655399e-38 1.21594237370337e-15
0.999999999999929 7.9323402840781e-64 1.48882417086618e-50 7.09742643249528e-14
2.59609793429667e-72 1 2.88756992631863e-94 4.29017357481085e-47
0.999999999999983 2.79440833988545e-68 1.90580461643029e-39 1.68811062599298e-14
1.04690930303212e-16 1.89864393073841e-49 5.4121552718815e-41 1
8.41087349442596e-53 8.13428402139075e-90 1 1.67296251304456e-50
2.39169830047794e-47 8.62099724381016e-90 1 2.50408723131564e-47
6.46669469624042e-52 4.82859462126329e-85 1 1.57711650426399e-56
1.26668259879461e-70 1 5.76076075411684e-77 4.22480122334412e-44
2.90292918855903e-13 2.67547561321502e-31 1.94048052209882e-34 0.99999999999971
1.35025725763671e-71 1 1.32750662860873e-86 1.65073660584732e-42
1.96831123677936e-47 1.25304977900275e-96 1 6.56526058505525e-51
0.999999999999996 5.58639132642695e-71 5.81397504470006e-38 3.83318805348543e-15
4.47461721311698e-65 1 4.5818982566524e-77 1.34597600327754e-36
2.83781911861752e-47 2.27584091415303e-85 1 1.31940167778948e-49
1 1.35029996565898e-53 4.77907655857997e-38 4.39251875430492e-16
6.93277409848295e-45 1.42624128041483e-80 1 4.68123959239444e-47
7.59568483821501e-60 1 1.91529344822257e-74 2.0126646473774e-40
6.31136806561065e-63 1 4.06136331654371e-81 1.40910090477803e-39
0.999999999527665 3.08383048365073e-60 8.86851248114492e-42 4.72335188691207e-10
3.85587061079803e-72 1 1.8746283544437e-83 2.0545547341301e-46
2.42170069455281e-43 2.19646365733849e-87 1 7.9867857575122e-48
1.8499389073296e-66 1 1.90757284943639e-85 1.61536751060745e-44
2.81362863542829e-07 2.05638834541857e-46 2.09145204107724e-40 0.999999718637136
6.91509479869541e-43 5.16234959883421e-85 1 3.54074617454632e-38
1 1.82939075960884e-58 6.52699121651523e-45 2.66934946235829e-16
1.11447714370403e-62 1 6.98498359282899e-76 1.78788288661612e-39
0.999999999999936 4.08933503339915e-66 1.17103076542014e-40 6.38027194413165e-14
3.08485720014664e-15 2.21285199451261e-48 4.92379705009128e-52 0.999999999999997
2.04340794336143e-43 4.62893781418352e-75 1 3.65186474341188e-44
2.07141175175144e-07 3.53868617772532e-42 1.7967018281585e-41 0.999999792858825
2.00603881007815e-06 1.04185648794104e-50 9.96248519632727e-46 0.99999799396119
1.39140114962853e-33 2.0167874639523e-77 1 1.01507038885068e-40
2.94099057391665e-54 1 1.76432872865076e-78 7.79367209404137e-34
1.29706365051015e-69 1 3.57830033271826e-82 2.97118017481017e-44
2.299338362042e-39 1.31919788118167e-68 1 1.92588712566306e-35
0.999999999999997 3.29090176819142e-59 2.84724139729888e-41 2.91923379630716e-15
0.999999999999998 2.53288555057823e-57 4.73213587384773e-44 1.97561741342882e-15
3.28020176271704e-64 1 3.39268194645161e-91 8.03807935079271e-43
0.999999999999662 3.60760622345793e-64 5.48313501188982e-43 3.3788189685941e-13
0.999999999995542 1.38737320354579e-55 1.33293339049759e-40 4.45774107466044e-12
6.82172298402696e-61 1 8.97602339819538e-87 3.68505365393558e-41
0.999999999996691 2.38019824249665e-55 9.21504757964309e-50 3.30887289937971e-12
2.83342682901692e-12 1.59902095442936e-49 1.34425412053253e-51 0.999999999997166
1.73356012701587e-45 2.44607779118733e-81 1 1.88374634198427e-44
2.97561112499348e-49 1.20563433688223e-89 1 8.15377819308555e-54
1 2.42592751201487e-81 2.20771069318455e-53 9.81212634437779e-21
2.01838951739716e-59 1 1.04031632122952e-76 5.31851885568266e-38
5.50387168971427e-72 1 3.17287466191391e-85 2.18016877024579e-44
5.47728866766257e-33 1.18099535874865e-59 1 4.19720320379959e-36
1.3499694998144e-68 1 3.10292745946659e-78 7.17594905844941e-47
1 6.62561986720236e-72 6.67937580383561e-50 5.08291186930591e-19
8.17324408003471e-48 1 4.84050026510363e-66 5.06437059229846e-28
6.41313578869848e-19 3.85458513765983e-45 2.87245012027543e-44 1
2.51380673105091e-32 1.20882148246147e-74 1 1.89425892701365e-36
2.53388733567521e-50 1.79777068853311e-75 1 1.18032066849233e-46
2.49698326185734e-58 1 2.1076407997887e-75 7.05853636758808e-39
7.67265872308048e-48 2.84759857283444e-82 1 1.67210083224169e-49
0.999999999992197 1.01764827831089e-66 2.9807439404809e-53 7.80295686524018e-12
5.97624819833201e-40 1.7016787868195e-70 1 1.50743076621018e-39
3.05302576894429e-71 1 4.94947551602141e-80 7.45912513036598e-50
1 4.91806574854788e-56 5.93254996709411e-32 7.05364306362008e-17
0.999999999902875 7.32696748142811e-51 5.68654433775717e-36 9.71247158407618e-11
1 3.31441319398651e-66 2.82343528915137e-39 3.06082629277071e-19
2.35162638789735e-17 1.425393351109e-27 1.54839908157167e-46 1
2.22434542922976e-44 7.32971889918324e-69 1 5.46911302237958e-48
7.43009931437556e-19 4.50346502535129e-36 5.04060777471966e-64 1
0.999999999980752 2.07976764612553e-54 8.35800728343985e-39 1.92481536977532e-11
1 9.2335885066158e-59 1.13247818297386e-44 6.31969341506327e-17
2.07234420157489e-68 1 2.64756161179186e-84 7.79833800735421e-49
0.999999999981074 7.63962823460985e-62 1.17093518717242e-44 1.89256665397573e-11
1 1.30791801404567e-65 3.02653705970874e-33 1.87535132164278e-17
0.999999999986674 7.45074412588576e-59 5.83458372696465e-42 1.33262149665919e-11
3.7423165690377e-63 1 1.42188972711646e-74 1.39176844448096e-39
3.2844534187547e-63 1 2.77446609530262e-75 2.38544411497925e-39
5.02562334816424e-47 1.28652548486153e-69 1 5.59247615982789e-38
0.999999999997868 1.42306354114405e-55 1.24532336853267e-55 2.13192977702769e-12
6.72864054795178e-40 3.16026734295251e-90 1 2.27171342155078e-46
7.50818687418087e-24 1.86898895560625e-44 2.77941955406043e-48 1
2.28181628308005e-37 1.78830981524755e-79 1 9.43101147783329e-42
5.36561866281424e-10 4.97307676536527e-45 1.61522924328307e-42 0.999999999463438
1 3.77890341844082e-62 4.34717179058452e-48 2.47653412882219e-18
1.14776383520175e-18 6.43525562484321e-37 3.10627507619538e-56 1
1.08655962726525e-49 3.86945787482206e-85 1 4.07695693787008e-54
7.39211220538567e-47 1.88296620891097e-78 1 2.36723264715612e-52
1.49411714972353e-42 4.16891955463775e-86 1 2.78979296093793e-47
1 1.87989336512892e-58 1.4661069297614e-24 3.47707235609394e-21
2.59409875370176e-68 1 4.02476701169536e-94 1.11591517271438e-44
7.15312050455763e-64 1 2.60602683293313e-84 3.06916528058912e-41
1.24370707757546e-37 2.89477803275507e-69 1 1.02210442025282e-38
1.65609701456549e-53 1 2.86127398462447e-59 7.20283421797904e-33
1.18751784321995e-10 1.14173871068451e-33 3.32864250757684e-41 0.999999999881248
1.28720133798759e-46 4.30559838747678e-85 1 2.12545084601752e-46
1 7.6688285107026e-77 1.76460062311706e-42 2.09070673868489e-16
1.89379069502955e-48 1.35643746687405e-85 1 6.307571264503e-53
7.31167750925094e-79 1 9.44592828347445e-90 1.13261794937162e-48
0.999999999999986 9.74010616485288e-66 4.52515325849585e-43 1.44109668144195e-14
2.19625012132174e-45 7.47233784929287e-78 1 1.67993143973673e-44
1.68715477679579e-48 1.9340703902958e-87 1 1.34758522219706e-51
1.4061885786023e-35 1.49746710326721e-71 1 2.94083172845986e-39
1.97374066044582e-68 1 4.75162436956189e-78 2.26252963375114e-44
3.97177522224596e-50 1.38951354924193e-82 1 1.63260501944336e-53
6.20166085818767e-60 1 1.01957630715623e-73 7.4259991682544e-38
1.98944382467812e-16 5.15908608261094e-34 7.35115544052467e-35 1
3.17159943148574e-13 1.44126289999398e-48 1.1174005819373e-42 0.999999999999683
1 6.22194474141655e-63 5.43727649450845e-41 2.81439073446574e-17
0.999999999999993 2.29013179559456e-62 1.08645955256727e-42 6.82791827739378e-15
2.71352915361973e-50 3.28051248647841e-85 1 2.76451723173409e-53
0.999999999977853 9.6193688193838e-59 2.02379096594427e-41 2.2146964482755e-11
1.90752415868522e-43 1.86538587164357e-80 1 2.76586977088177e-44
1 4.66386976780132e-76 4.29804175932622e-52 1.13448399488001e-19
1 2.22116253998904e-69 1.7092201940448e-45 4.52437782243819e-17
0.999999999999593 7.21343087783263e-68 3.59257021703239e-51 4.0684741256842e-13
0.999999999997021 6.30113165132446e-54 3.38115794969024e-41 2.97942968261373e-12
2.57020285990356e-46 6.30282912966795e-83 1 3.25610931859576e-45
7.77082901220956e-54 1 6.55409035565967e-74 2.96761389455463e-36
3.67264910155965e-57 1 1.28344589133246e-74 5.88339993751003e-37
4.54431914308773e-14 2.17471694484539e-43 6.1120789232492e-38 0.999999999999954
1.38329005524924e-17 5.61440003879032e-32 1.42531092241245e-51 1
6.16493714166515e-63 1 1.61703040088919e-84 2.52774892626663e-41
5.6513264784254e-39 6.81079747099379e-72 1 2.06869133648587e-40
7.52902755126126e-56 1 2.71819561797309e-92 4.9732197680737e-37
7.84370782400947e-48 1 4.0481569805309e-59 2.53620893184145e-27
1 5.08016035943997e-66 8.355464469037e-48 6.44641084186947e-17
3.36704205353222e-12 3.33434269040321e-40 2.95581943984893e-45 0.999999999996633
2.21747461660735e-48 2.14152837362042e-80 1 2.24794773103912e-48
1.77522650054938e-17 3.7740160428009e-36 3.31408364335991e-52 1
0.999999999968874 2.29665674819777e-52 1.44115760275858e-43 3.11265344326308e-11
9.20421737584296e-15 1.35212679114709e-43 9.954062803353e-51 0.999999999999991
0.999999999980293 5.28379675278248e-59 4.67983352319883e-39 1.97067633024485e-11
2.30474124399507e-08 2.13697573863205e-24 4.38637107521418e-41 0.999999976952588
0.999999999999316 4.39787820453251e-56 4.55245836071168e-39 6.84193611592943e-13
3.71001697391102e-39 1.88750004814198e-71 1 1.2893522488069e-40
1.58252485159758e-21 6.86196069697349e-32 1.67182750197802e-55 1
3.1191623838892e-24 5.29299763895191e-40 1.45024750956233e-46 1
0.999999999999581 4.16544882524931e-62 3.81152351390581e-50 4.18640436347744e-13
1 4.61137515928362e-70 4.13198586665919e-45 5.00436757452982e-17
0.999999999999588 1.18237552897176e-67 2.99484848376872e-38 4.12184355934401e-13
1.6201435616059e-14 7.20603808188886e-34 4.42024672652131e-50 0.999999999999984
5.85460765944976e-50 6.35501224976475e-85 1 2.03910113666274e-47
8.90717986782358e-41 9.25112412030098e-73 1 3.63532701538024e-42
0.999999999971897 7.17888865793388e-57 2.19725803808015e-43 2.81029854905329e-11
1.7125366354633e-14 1.32324720728054e-48 3.11025016235433e-50 0.999999999999983
1.55399579590138e-50 1 1.15766853276735e-81 1.27934788761178e-35
0.999999999999826 4.86222289961017e-59 3.45390078480582e-42 1.74203089797035e-13
3.35018850177821e-70 1 1.03715466581179e-88 6.82979595121183e-46
1 4.49338911977826e-58 1.23039016281622e-41 6.9324768202913e-17
0.999999999999998 1.83039107827163e-65 7.22774591693319e-43 2.16530707030317e-15
5.06468118587955e-16 6.85706415283654e-48 2.08480265654809e-38 1
1.02311501692832e-14 3.55051984542485e-43 5.12034229152369e-43 0.99999999999999
2.31351907634423e-53 1.86107601916305e-84 1 9.89191785331327e-53
6.04151799152991e-08 2.92098467373568e-36 2.72141041641059e-53 0.99999993958482
2.16051269028567e-54 1 2.81582160841768e-71 3.65647141648638e-31
9.81456032233761e-62 1 5.90258187018763e-77 2.08525792766107e-46
0.999999999999988 2.19130717617924e-59 1.78779739875093e-38 1.14516539080827e-14
0.999999999999883 3.97441421729958e-55 5.44749089246043e-36 1.17425242887391e-13
2.90458486569917e-40 3.32897800451804e-81 1 2.93892684290606e-45
1.25784838256569e-31 2.38220266936759e-64 1 1.30617715878902e-33
1.02845364502959e-38 1.32862027287016e-80 1 3.16692792328156e-41
1.29603419120451e-13 3.02898959873923e-46 2.29770825757981e-39 0.99999999999987
4.84545427156697e-43 4.54407096280985e-76 1 5.62557434893702e-45
8.46848354664621e-42 1.23209074501673e-84 1 7.15415882956666e-48
5.94338869482417e-17 1.24898174666299e-40 7.02529205152984e-39 1
2.45821223447751e-38 1.12329749241179e-80 1 9.39884490208827e-47
0.999999999999499 1.0985514060088e-71 1.05487285550543e-48 5.00779740958166e-13
2.10746838216228e-36 2.77408426084907e-84 1 1.87581233896333e-37
1 1.84330434063625e-68 3.71879401800443e-49 1.0299864716039e-20
0.999999999581375 1.88960568449602e-45 1.20511386243891e-45 4.18625363648525e-10
0.999999999979419 1.58023004099067e-48 5.88108885812513e-37 2.05805948768216e-11
0.999999999999815 1.54782005292398e-67 7.37544687079035e-48 1.8484337410321e-13
0.999999982628293 1.44365147662604e-54 1.40548876668965e-52 1.73717070143988e-08
1.46674590414972e-65 1 3.63650978664366e-73 4.45181075686142e-41
0.999999999999935 1.29439532509046e-68 3.89617182506002e-49 6.52258280503229e-14
2.19191848642843e-61 1 2.78013314090573e-83 2.49081537563706e-40
0.999999999999999 1.03154572516744e-64 2.20944863691182e-54 1.36219207291188e-15
1.32923539477969e-41 4.25031904302979e-84 1 1.09751782040876e-41
9.51608917086225e-09 1.2582237915343e-47 1.78077268815206e-36 0.999999990483911
1.05210127162904e-45 1.28215252221468e-80 1 1.17041922635999e-49
3.28851413925563e-51 7.02060525780577e-77 1 4.70822265837893e-50
2.54600900252556e-11 8.90961250270631e-38 2.24849183927386e-47 0.99999999997454
2.41424425392704e-43 4.96624829055958e-80 1 1.41160285092116e-41
6.6946117898823e-13 1.06025631886378e-35 2.95149307305138e-42 0.999999999999331
0.999999999999998 3.64830534028989e-57 5.99248912062828e-52 2.25931722366041e-15
1.38418711307808e-64 1 3.18437085992999e-76 4.7526897308196e-43
1.00259015729969e-42 1.09111709822953e-74 1 1.49197489670328e-40
8.4302308282271e-11 1.60000864738945e-48 4.08547693616943e-46 0.999999999915698
0.999999999999999 1.23372844604568e-66 7.94405661585298e-42 1.12178738086756e-15
1.12153421751135e-20 1.17990635981823e-29 3.88526694830915e-41 1
2.69645664661551e-56 5.4699458739848e-90 1 4.49655878874721e-62
4.08064320850194e-71 1 2.16686750388555e-77 6.32831492969578e-50
6.22906383942245e-64 1 8.18042297024306e-82 5.00212642056643e-42
3.27501222956157e-64 1 1.71103878890325e-74 6.02636867219044e-43
3.726724882924e-16 5.84163557053983e-37 1.19944630573651e-36 1
2.13737529007311e-34 2.66284451243534e-76 1 7.91291964042542e-38
4.66755285515404e-56 1 6.16169383004326e-74 5.75250396993242e-35
0.999999999999611 1.76250752831677e-56 8.83103870375783e-48 3.88546091475825e-13
0.99999999997999 8.1577882313956e-67 8.53964952222532e-45 2.00101080780949e-11
0.999999999999999 9.40120577653012e-68 1.27703027332079e-44 6.30418520732535e-16
2.33412474051925e-41 1.24652910421099e-80 1 1.14377648495573e-49
0.999999999999673 1.04671347758582e-60 8.77353998670691e-46 3.27045803672684e-13
1.37122154921428e-14 1.8477374494151e-31 1.22805896167861e-39 0.999999999999986
5.94732599503664e-11 4.90699495512386e-41 1.56312030242638e-55 0.999999999940527
0.999999999996449 4.31655771399312e-63 4.64771347976913e-39 3.55093315565307e-12
3.22819897481462e-45 7.40804654446479e-88 1 2.01277016801481e-48
2.86793819704622e-49 1.10012474758309e-79 1 2.25313735781124e-48
0.0104175375507475 2.15793153544792e-43 7.60588350840903e-38 0.989582462449253
2.36993734275959e-68 1 1.16153556997473e-92 7.85682089308909e-47
5.13133331120785e-61 1 4.26733574927435e-84 4.86302581527439e-40
2.96190646066199e-20 1.37826808267595e-32 6.18673047276922e-41 1
2.23758747747863e-17 1.51004522141001e-36 1.97897044590903e-51 1
1.80598242223663e-12 9.76450656865634e-48 1.80613923326757e-40 0.999999999998194
1.87933822066546e-20 1.48143899256016e-45 9.87940686175239e-46 1
0.999999999999622 1.18578894592189e-54 1.70031856567065e-36 3.7789563946627e-13
0.999999999999413 1.75276586781929e-57 8.08373021281433e-37 5.86736523413745e-13
2.06189057741354e-17 1.95231579130277e-33 1.38076080129153e-55 1
1.71767320752548e-64 1 5.14121056027106e-85 6.37723978408932e-44
0.999999999999928 1.38046794441215e-60 1.41019787077394e-42 7.18698087589565e-14
1.33196280058583e-46 1.44812226798222e-86 1 1.38549441215113e-49
1.33587463341488e-59 1 9.88034780298348e-69 1.27836171170409e-36
3.09556184228799e-46 5.19307118435405e-90 1 1.92018204467848e-54
3.81259798134672e-54 6.84065428036606e-84 1 1.26127191980518e-57
1.49786935357764e-42 2.14666753174321e-89 1 5.52597530702504e-48
1 7.81899548236515e-56 5.36975245955058e-49 2.80307914758697e-18
5.68285502971273e-53 8.30989626722313e-84 1 3.19875011009415e-53
9.6976856391367e-50 1.29357572530531e-85 1 7.7990540987211e-46
0.999999999999999 3.06707336134641e-62 2.45944373516712e-40 7.64411071821447e-16
8.47441926824375e-61 1 3.50995174356138e-80 1.70470732058387e-44
1.55486313955616e-52 1 1.9933156721813e-66 8.42652092223005e-34
4.8206500713672e-12 1.52044643821435e-36 1.06580405404836e-45 0.999999999995179
2.64719030337807e-11 2.41486531786258e-54 4.47459922250778e-42 0.999999999973528
1.0218469773304e-40 3.39014370044038e-69 1 3.91928610213745e-41
1.19602812301839e-67 1 4.65140740222636e-88 5.04077728068195e-44
2.04517495456358e-17 2.93281371240586e-40 4.23711599059663e-51 1
3.5773422820548e-65 1 4.73995519314541e-95 8.16264889950069e-44
7.00558828104333e-09 2.01539549617342e-49 2.87179206554897e-44 0.999999992994412
1.69157104276672e-43 9.963407695326e-62 1 1.74884087405073e-35
6.08111129734517e-14 1.17157786279653e-45 3.20502423890952e-40 0.999999999999939
6.47446609563307e-14 3.95790402075986e-39 3.40711203484314e-47 0.999999999999935
7.8914756763778e-45 1 1.57790163708112e-59 2.05447616485365e-28
9.95063748216975e-75 1 4.21840904474888e-88 2.27708883786181e-47
0.999999999739807 2.76654470045038e-61 6.14886032535424e-52 2.60193415105846e-10
8.05110511708682e-57 1 7.05411136423431e-68 6.29896956311684e-34
3.43252771126545e-44 3.32023135671836e-79 1 5.0794964124493e-43
2.51390039695555e-56 1 3.5346096161795e-75 8.52639815207719e-37
1.19822575242632e-42 1.07108616126342e-73 1 9.77930654729692e-50
2.09888592994155e-37 1.72501332197918e-71 1 1.06528248986141e-41
1.39867868283532e-64 1 1.74649271917783e-82 3.16911193831403e-44
1.92294207633372e-48 2.31335935566455e-90 1 2.27653071972581e-53
8.7787497153785e-62 1 3.09685672719964e-84 6.05600080591914e-41
7.48171803641005e-58 1 3.49551148408768e-69 1.04677406552622e-30
1.7255856056113e-60 1 8.70097355480343e-81 6.67299421077075e-42
4.16769954482216e-58 1 7.07995547300334e-85 1.77912883255882e-35
