"LD1" "LD2" "LD3"
0.164666920820075 -3.94960282092751 -3.79025095098552
1.53814182825114 -6.41202628633165 1.43820474057477
-8.57112908753763 2.58958693337992 0.994546890970742
-8.48957628222314 3.7142434991287 2.75390468714212
0.62233293553394 -4.66645836462713 3.22804553370742
7.75284133014199 6.37174103407749 -1.5927107560059
-10.5011530474112 4.9062500695108 -0.532599673794641
-8.52297407554341 4.33686594536549 0.682511983012669
-9.00498004503335 4.91716175675517 0.839714439899219
8.17410068683825 5.03253104885433 -1.10774057712428
2.8561614765354 -6.70931126541064 1.46123238369354
-2.14716967656954 -3.20162190024878 -3.66337016301244
1.39233159981547 -6.38121034259393 1.81441408500969
0.477981866447889 -4.17117564568745 -5.59643387055241
0.0522716783388957 -4.50813860617658 -3.19523424959408
-0.444886775379528 -2.89449528008259 -5.55975060492696
-5.73715468013557 3.77680601043899 0.561850330691601
1.36188307249062 -4.80421745184834 2.38313386623667
-7.90271688086815 3.15414541851723 0.574647012472757
0.499531829206032 -5.37279189607944 2.47784019776839
1.08445904291333 -7.19863135922154 1.3785672935929
1.39105582580564 -5.49466991993762 3.66784902854847
0.464317763602237 -6.3785822093243 2.63833648995142
-10.0486726342459 5.20492265204338 -0.719790562544131
-9.99395860644727 5.20301129248772 0.454991215598472
-7.76606125818722 4.69906458156013 0.465500324209782
5.22607645101395 4.53033228285503 -0.146713394736317
1.88296075815097 -5.11671467759755 2.9238930356353
1.95570956796064 -5.85011068423631 1.33108890820365
8.44553550406447 4.80210217635368 -0.665659116298748
6.16370186381441 5.75348517838072 -0.992627276387853
7.37401128370971 6.45648699056781 0.560899935213822
7.35008235009769 3.79568646260307 -1.24123216764416
7.07057712761239 5.8607626596618 0.796588016539036
0.934612162700947 -3.49763536407314 -4.58797425321517
7.31273481728962 5.6983905035892 0.218914389208748
7.48714264287867 6.05803858385298 0.695838850113832
-9.60744367394433 4.46278379775433 -0.492857665419074
1.41263648210792 -5.06318789675823 3.40791992663929
-9.24364703271674 3.10757387923542 1.33877785706386
7.45250754739542 6.08963932404266 0.416405902669032
0.285843933383997 -3.81737725820238 -4.58393010918269
2.80271148967893 -4.75046342653691 2.93636697505289
5.9760907432509 5.12941503140905 0.00325632090453824
-0.422349154255589 -4.75083096601331 -4.3561426065885
-8.42311982988016 3.48890264558636 1.86164991667565
-8.61899567982198 4.56141021880279 3.24677313349523
2.82665111644126 -6.17172091652164 2.27150816676888
5.87397448250423 5.5643044200291 -1.5015392954911
7.38753497083388 4.76220406712364 0.878886524738791
-8.81484230499479 3.13487472146526 1.08827347028376
0.156319363842102 -6.73627086536407 2.77096590796124
-1.31468549567928 -4.01739416280792 -4.16035388897596
7.53920028874464 7.52668033351955 1.26130843796945
1.03875047100976 -4.95139409283144 1.84646321103462
7.38620000548112 5.82928738048298 0.85607297758777
-0.300109379454569 -2.56739592196426 -2.65599867881071
-9.5369816950345 5.86081455410105 1.18133698694749
0.799305638223052 -5.81802265927584 3.57822097203464
1.71025455273348 -5.74482327052998 3.36331539669406
1.03875213475796 -5.27604387228715 1.95906419661016
-1.15115993612383 -3.83946561522747 -4.44805619617358
1.0260728348525 -5.31839357425583 2.09608132354584
1.43492992027689 -5.2954349587549 -4.62329209906887
7.53315976480374 4.85565071227846 0.344284154617181
7.47319950858499 5.4346687772376 0.237304233793007
0.182447048146321 -3.14007408071676 -6.15001687427384
0.790423325356457 -3.60323813737001 -6.34447910756369
-10.9326443103319 2.26871544941646 0.749699829077488
-1.32273806980945 -4.44215403997884 -4.95342493741434
1.55646997791858 -5.30310576458753 1.458341497406
-9.6615805521452 3.42633473394394 0.171601757237645
4.66825315741739 5.70469588567702 0.937970421206045
6.1476785614828 5.17554280040741 0.00733924986835759
6.71190572035904 7.01197575583805 0.516394268602369
5.47325055569361 6.84763608918875 1.46154898830777
1.31722759997399 -5.80683974995018 3.60171827543757
-8.03790782915842 3.31674655026628 0.958705706498417
5.36061583254883 4.52789253547904 2.13496431905867
7.57247861756166 5.52427646567886 0.171572195150404
0.584930565464076 -5.0070268223922 -1.03844197288671
8.40564453422139 6.03582737440575 0.592140151880286
7.97351864301431 6.83857291611792 -0.406828176791131
8.19207937495205 5.49762690296175 -0.645957780816164
7.25347422554131 5.80985096043135 -0.896500013574101
6.00528029687839 6.79441313517765 -1.49040824769362
6.21929214178263 6.27037175416494 1.58052609812451
0.152982654582122 -2.59834865506529 -3.82064412019464
7.66320410910301 4.12726475054343 -1.5071587822675
6.44907223677802 4.55554797001423 -0.340977130429031
-0.767628428523213 -5.86634705823606 3.98012535900909
-9.84154278701815 2.35009883961704 1.22957476607486
1.02292634231984 -5.4560389053929 3.35206569122425
1.45288573359803 -7.00741384725723 2.42691691349771
0.659680719455501 -5.98714653630901 -4.44087695220367
1.56350297148456 -3.64040091122172 -5.25349239763847
1.65144011903629 -5.7548616316772 3.89672145512914
-9.61315420529317 5.12496728855131 -0.573557447708877
9.18450156796244 5.28191508158174 -0.297431750680074
0.756792181173396 -7.52649888149816 0.941251143004539
0.748533058656159 -5.68156250588031 -3.102768800872
-8.97813560216258 3.82576349188122 2.45906898689418
1.85782362632074 -3.59184302081963 -3.80576513304844
-10.7016095699236 5.0093441363856 1.12982958036452
8.23072423112684 6.49250594471554 -1.75386430541443
1.17295294039991 -5.80463650717627 1.29813928355408
4.52420164547731 4.75991916042094 -0.910909683426006
0.239822934961882 -4.14726497657091 1.72138803096067
1.75743741952695 -5.71891966986953 2.95743749647708
7.80386970791135 5.04049751115974 0.100803267166814
7.57804583921183 6.0984296760021 -1.41856727690159
4.15690221821014 -7.68350000283071 2.51724130433987
7.44227173051614 6.53723484461484 1.31141837707083
1.66918236501177 -6.24587655763892 1.71700393836661
1.42619838513999 -3.82933706706512 -3.89833106249056
1.46298964110386 -7.33708452671119 0.438038986160686
7.87217868693493 5.76933972691533 1.82905373887034
-9.37819671950229 1.36325368114776 1.62471847125674
-2.27222660432938 -3.9191634955682 -4.26579480424447
-9.56614523111025 3.21965741250912 0.850360773525281
-8.76125265050313 4.59588886933974 -0.440154700082099
7.10221542786811 3.90118126928215 0.62429747556471
-9.87051489739407 1.42997775614148 1.80699221353023
-9.00876990981063 6.01376292523797 1.15201352343638
-7.79602048694975 4.1838190543033 -1.56407673992623
-1.49457684351421 -1.69310373856657 -5.11026780066869
7.48912492505316 7.83057066239044 1.23127830070776
6.68908431653666 5.4603174715129 0.435578256263328
6.78453973076658 5.20908518083591 0.621326816299533
-1.1390016549632 -6.06595949493247 -4.38301392752904
3.78159133713642 -4.85412059400755 2.09199230037807
6.60500714896792 5.0492568829082 1.0729317691113
8.03770882793736 5.58980627539488 0.22904559842793
6.67936272067592 6.47618467031074 -0.886543423899793
-8.56595231906784 3.95304949437977 1.17399537409771
1.28897020001793 -4.37961091356777 -2.82048853078262
2.2016915200595 -6.48037389184137 2.31556517421712
0.0362465910704872 -4.17378711177126 -1.71770212262318
-1.45436151230275 -3.61660317917991 -0.634548434007402
-2.13290197349319 -4.08684070663879 -5.38090889743258
5.56734648690098 6.18511355009037 1.75997631866406
7.20025639481552 6.33248279498938 -0.244535404302382
-10.8611249981965 3.5016644226814 1.29089880106021
-9.91320330953954 4.03735280676421 1.25046215523265
0.592845098430318 -6.83835239461129 3.31866339060841
2.34364054307902 -6.8842890511957 3.59838139780976
0.771998685307512 -5.57170621600967 -2.95962461561431
0.871690334767638 -5.71327257550186 2.72278217982705
-9.51484324488823 2.9334481432541 -0.0361313606730266
1.72661086296384 -6.24145203004015 1.83528615642861
1.08916630775295 -6.63503742458 1.51543225419998
8.06236007263756 4.50155796633862 -2.70916663076358
7.81228820730308 6.55572305945059 0.469316195957301
-0.757167844092241 -4.51465124096477 -4.57240752624571
-2.14816650955 -4.34454679080009 -3.61207333312238
0.289199021193924 -5.56003397364281 2.11848186115886
7.3824983341632 4.95990484845459 -0.463414782642703
-9.31986183821254 4.2686430943504 0.246915849461634
-8.94594846286522 3.11980157864553 1.42880149280242
-7.55367823224119 3.61365411782141 0.421252579280328
5.77038944791121 5.29907669398038 0.360943847133601
6.8749221501842 3.58280660502986 0.478809465113444
1.08127475194255 -6.88536608724711 2.20268886813532
1.32957345699702 -6.78196970280436 2.50776802955027
6.66896204699112 4.88846429628673 1.75523804230162
-1.1116504964709 -3.8560613827351 -3.47397888327659
7.15915303521709 6.0313351669913 -1.05575516017982
-7.66529348424586 3.62032438062028 1.19233653273047
-8.42339357292842 3.56494158217861 1.05378057430226
1.56239645038192 -3.46962692784723 3.10378047574887
1.68663348694644 -6.52493160688267 2.30864104728408
2.43193130759419 -6.00331114126462 1.1469630374434
0.445886359929153 -5.47563654995156 1.95626562796492
7.01446416902306 7.23596551199677 -0.556476358096628
-8.81684966330333 3.74334665290186 0.877188135466548
-10.4258966970243 4.02454137735336 -1.26970795622328
-11.2728853432899 2.67160391613428 0.13692003094062
6.3719550481357 5.95674723695563 -0.383699121492568
-0.941166629654059 -2.97683748803192 -2.6956273807722
0.87871056332232 -3.52916903729775 -3.96855095848682
-8.77834524422128 4.00213702631581 1.30386755540022
-11.2711967455005 3.96232611323079 -0.156615663822583
-10.0584890493133 4.51748088666038 0.258891603464325
1.83119930759064 -5.37832183574494 2.59102353024035
0.848079494677173 -8.41728839394102 1.06055424548117
0.720085842801958 -2.9043156644916 -4.10925743747657
-8.63317633891033 3.18752376402006 -1.13630478109747
-9.21974190323685 2.96081773113759 0.648508787326473
-0.257098850204827 -2.46614224943079 -3.00837913464864
0.441165408748507 -6.2187067604019 1.52832251487943
-0.875500464648477 -4.41644846132157 -4.52672621865064
-8.48834319208953 3.51340914814915 0.395562077850758
7.08631187886065 6.79269269418772 -0.590609297004523
6.277595458655 5.51904999998267 -0.0602063287717106
-9.21784506547214 4.99690802314629 0.735523175878594
-9.8218474151317 5.04630372434881 -0.712112319561329
-7.4584641807895 4.28218124113742 0.0865106113898042
1.72976929406033 -5.83626041155612 2.54917777465445
-8.27792981431279 2.37282297942914 -0.567155719951415
-10.2249256512465 3.63887684031951 0.469027535792107
0.426687364717702 -3.87290423161587 -4.48990553227464
-10.5570964881835 2.89919964176124 0.998746594264167
0.407689689239547 -4.68749782240546 -2.47695125823296
-9.33416202437431 3.53393704401063 0.598604712663175
1.63082289979555 -5.81224024231221 0.890832109861721
-8.68259880298003 4.20766010410443 0.22625121191641
6.27413698476014 5.24247000137829 -1.28560547712496
8.2034225857341 5.56184229802765 0.581777578185833
-1.36453899700186 -3.96527859266791 -4.92573765995068
0.654359908275442 -5.11317131965664 -3.84104030809664
1.02009456425342 -7.8753115895233 1.08158965552624
3.09114121077096 -7.84450594690998 2.67859489879198
7.49066476057599 5.50461900071256 0.32298418868968
1.05701805895578 -4.35296009224691 -3.15942412304075
0.95359772170485 -6.01361364266891 4.01435529316083
-0.773000067076172 -5.21291462803563 -2.7150239672895
0.383615145616553 -6.75673895679892 0.580170270452853
7.8465606821377 5.4684485539286 -0.213688332522505
-6.43396641814454 4.30380055117084 0.58145194611341
0.592364614976588 -4.7153359642121 1.80419737844693
1.44865891048404 -7.37082212552182 2.87147970783316
5.78693228970213 4.70268131769553 0.715535368259896
-8.44186258209607 4.57978597804408 1.30352596228094
7.8688839591808 7.38346881169097 -0.562245616440996
1.28631155287085 -6.94238321145989 2.28127304214418
-9.81872943771274 3.77962781254279 -0.0613784614896756
-0.305868992010202 -5.45601690252091 -4.92244689142427
1.57946807691192 -5.71795386936834 2.28735967220274
8.73151066653313 5.19044121774677 2.2327069204085
6.78055837111852 7.16226234455564 0.271315636165364
-9.06003239508837 4.32121434973581 -0.0897426268964997
7.44966105221581 6.40110861009596 -2.64256215539311
1.90627519949739 -8.5557195980509 2.18590561666242
7.62539446214907 7.54821891290105 0.0216730929781749
0.917175695054198 -5.08767344230434 1.77111567936584
2.31116749222196 -2.6447648626461 4.83731888810617
7.21836966956679 6.52845486542335 1.25953978986734
-1.09432276848873 -5.16755123993604 1.96603171546204
1.46746010051247 -7.51333452124017 0.606302481973132
-7.68986905519615 4.4734474768228 -0.312191018869406
-1.03054426352351 -6.33659996382371 -3.03136124135096
0.394244466361997 -1.95911382069124 -3.53453981572089
7.37984122012081 7.54980441606956 0.727399379139672
0.265596617985923 -7.08869764761721 1.61751303301429
-1.9701194937126 -3.54582373192593 -3.83413352203075
1.63804007772063 -4.284151078619 -4.26783343447792
5.86135559352231 5.56971116963519 1.54864990421917
7.43047076530971 4.84534510139055 0.55722735790125
-7.49094305490377 3.45780210168238 0.461540188502462
0.359807482039075 -4.74197483929937 -4.57616662729697
1.9396485770655 -7.45285966887763 1.62714694178705
-0.102188215728295 -3.77831644570738 -2.69947251097627
-10.4193657943249 4.33418875751229 1.2307519718818
0.791223208659282 -5.3980517776703 0.990738568484962
0.226601365999532 -2.43507587921387 -3.908005746885
6.50655130645148 4.28834868594428 1.11215809795577
2.35677704257887 -6.00209400744307 4.16948795019269
-9.37595042970597 3.75936604708196 1.25900366934351
2.22538344200693 -8.10191454172904 3.0341738612011
1.82802096227918 -6.63454371789569 2.51617257691818
-8.97691645277915 2.73648560039155 0.537965604443962
0.112376069044469 -2.49728242934966 -5.0689046634323
0.640023911496639 -4.93769762641488 2.16006454102086
-9.40572101481554 5.38291270122132 0.574128071146653
-9.76912395670158 4.98033677379231 0.15138885884189
2.73074319567998 -6.67607349378589 2.5768747206739
2.81053497342642 -5.86048815155779 2.24735878988434
-0.746126780457981 -7.36580751340244 2.30930120945785
2.01014026564608 -5.88045025223747 2.14825685747286
-10.3415274805808 4.99133256848321 -1.0863019438398
6.74179457616627 5.1327659142484 0.521606645064425
0.314100180043841 -6.26466061296822 3.42777722378387
-0.428634825032517 -6.56642200964519 1.90828004499576
3.00649107608489 -6.53043997134414 3.36668873855655
7.618023512929 5.05894335068037 0.261952323511343
-9.5387686520488 2.27391339532552 -0.334367945100185
0.456071890964253 -3.8889910433955 -5.43830803435246
2.13951468646907 -6.65264649738436 2.38691405951533
-1.88919264299543 -5.90065113980919 -2.142556282306
-9.5099571245086 4.81943600728052 -0.0420588660136959
7.81756709123702 5.45516007684218 -0.504946249062692
-10.0048167012074 3.7194396976113 1.0265844590781
1.40537727302391 -5.60480035726853 3.32563777569595
-0.000160332231980302 -6.2249160710078 -3.73626139144474
-1.27301884605532 -3.8674374073815 -3.41033809219316
5.73112713409936 4.64323754615758 1.00618656787639
1.45667881873935 -7.17996406662585 2.31061770384256
1.18046139750472 -4.90490730480241 -2.08935778152111
6.70727993624255 5.87181349022634 -0.65692601974228
-9.12163243085033 4.33839964475701 -2.36529623182014
-8.48485053539783 3.8244453257937 0.605181943749429
-9.09626394053341 3.63378373203368 0.952123775281989
8.45723821459031 4.48153005550025 0.845126459944399
8.33168919358398 5.79104348530983 -0.0850181748121038
7.78688688519126 4.43975058105307 -0.846565846585197
-8.92944800358385 2.66623711991942 0.161369622355529
-2.34242869797103 -5.58986592235204 -4.81848934807969
-8.18822306389231 3.43568435394864 0.434374865417123
-0.692340376164493 -4.35917893369223 -3.93246541809642
0.010975734003252 -2.85485820851802 -4.47445980573751
