1.33626925737041e-35 0.99999999999186 3.63737734462895e-57 8.14032780553567e-12
3.11598217898332e-35 0.999999950027744 5.28506061970704e-37 4.99722556867243e-08
2.30374044345834e-38 6.57944058914317e-10 6.49726588590029e-48 0.999999999342056
1 5.04372206933766e-43 6.94103545219803e-69 1.84669748355387e-41
1 3.8126245352624e-51 3.6951837169951e-65 5.5133487074408e-48
4.83887091890977e-44 0.999999999992666 2.05240186247531e-50 7.33382491754862e-12
5.84083763426812e-60 4.14400338178182e-42 1 6.46988599729373e-35
4.91771322756597e-36 0.99999999403077 1.22945416099905e-50 5.96922948923633e-09
1 1.10247722061509e-41 9.60857913326112e-66 7.14510181854555e-43
7.8818087765582e-33 8.78697766668901e-11 4.0339763230863e-39 0.99999999991213
7.80796350083555e-46 0.999999999967245 1.17463909991717e-54 3.27545779502551e-11
1.15410694041401e-39 0.999999997020368 3.96036855148729e-40 2.97963215832412e-09
1.34054067795977e-36 0.000100884398961267 3.68810050920435e-41 0.999899115601039
1.1586302054298e-49 0.999999999999998 4.02839695956034e-60 1.77727578405979e-15
2.02218888382612e-41 0.999999999999987 8.31243276394298e-57 1.2962826741634e-14
3.54398229974845e-39 1.35705055507927e-16 9.05752737675243e-34 1
3.98903921560956e-44 1.79121783392321e-12 2.14385670840473e-35 0.999999999998209
1.21650794486371e-46 0.000108860753041409 3.98513842512701e-32 0.999891139246959
1 4.63925167885055e-53 6.90090363147559e-68 2.70698119022796e-54
8.04928738179511e-37 0.999999999974059 2.78732747484927e-49 2.59414514601582e-11
1 1.83430328226374e-42 1.97457225707348e-67 1.3733479599648e-41
1.07545157427195e-51 2.24454159454179e-39 1 2.27357914182757e-29
4.77913989939256e-61 4.66509119091794e-46 1 1.29950663905332e-36
8.13005183059054e-28 0.999999999967999 5.88001786003289e-37 3.20007828247213e-11
8.09183097587293e-34 2.07903854151276e-15 1.46018043285985e-34 0.999999999999998
3.9368322670997e-70 3.63328723985826e-55 1 3.58066353247189e-38
2.62484658889029e-40 0.999999999981077 2.59497638615162e-47 1.89229654552078e-11
3.41955163082216e-38 0.999998623239669 1.22146179528048e-45 1.37676033099717e-06
8.3265465926852e-35 0.999999999999957 4.57108779848032e-44 4.32442058141354e-14
1 3.81978965630264e-45 2.23418663459006e-63 1.22909263874279e-43
5.8790383921191e-36 0.999999999988083 2.52248346393944e-46 1.19172706637341e-11
2.83318100571885e-44 0.999999999999065 8.76626642087299e-52 9.35148837048914e-13
1 5.27802841681726e-41 1.23359284375353e-56 6.39342563406944e-44
1 3.16028383598514e-37 3.12560908925021e-59 1.58141283727033e-38
7.29507526264284e-60 2.20732689004198e-46 1 2.54358625183251e-42
1 3.12419852600538e-31 1.33393134686621e-50 5.6091292511561e-32
9.54782468262779e-64 5.86482060955658e-44 1 1.62916362179182e-35
4.5180521981385e-29 8.38439816306673e-09 1.24974970622347e-27 0.999999991615602
1 1.89917823690489e-45 8.66967705437751e-68 2.58937267788321e-47
9.37190234484173e-41 2.21853110204418e-11 9.99831849335786e-42 0.999999999977815
2.78665522861627e-42 0.999999987547727 5.85915402780126e-43 1.24522725115594e-08
1.75102698049211e-33 2.52554604156433e-10 3.44376883181241e-42 0.999999999747445
5.3091834353528e-68 1.33897096345769e-43 1 4.57473020768714e-36
5.93339439599911e-45 6.6054471641857e-13 3.47503015026524e-27 0.999999999999339
3.91170407915005e-75 2.38350769342655e-48 1 1.29225182811501e-38
2.99540497348271e-55 2.07814385515623e-42 1 1.09442146712496e-32
5.90846297702548e-47 1.98902708022222e-12 2.50354733389764e-38 0.999999999998011
1.78513643466107e-47 0.99999998718807 1.40291336259071e-49 1.2811930088202e-08
1 7.21562067594898e-48 1.3918270167555e-67 1.80875044971092e-42
3.00569480445434e-34 1.87558604870872e-07 1.43201898531368e-40 0.999999812441395
5.32456156539931e-36 3.0407481940934e-14 2.74185972942262e-44 0.99999999999997
2.08890982334335e-47 1.58799740564314e-14 2.96698671588551e-35 0.999999999999984
4.85400233169688e-36 1.21296784967633e-07 9.82360930446261e-33 0.999999878703215
1 8.75498087935645e-39 1.3856515953799e-70 1.47866243171058e-44
1.70975989096721e-35 0.999999998665865 6.86078092573395e-39 1.33413451758098e-09
1.24034734273967e-36 2.45054801401085e-05 5.41166747871227e-37 0.99997549451986
1 3.47704829588735e-52 1.1182438710474e-68 5.58386872996249e-49
6.42722487046434e-39 0.99999999993781 3.22259487667989e-49 6.21898737319891e-11
2.71206390552583e-39 0.999999999998987 6.68802675064236e-53 1.01304217695858e-12
2.91118663768273e-39 0.999999999999982 3.1190305670387e-47 1.76498641779421e-14
2.23612347604175e-53 0.999999999495065 9.86822907433862e-43 5.04935451700715e-10
1 2.57909492559125e-39 3.94829086945254e-54 9.81653184778978e-34
1 1.60002344133287e-40 3.49358342837634e-62 6.64362810658966e-42
8.24531418055985e-38 2.73125293249405e-12 4.45081337797749e-39 0.999999999997269
1.04031462256962e-64 7.62907434751629e-48 1 2.35014760256825e-36
1 1.02968949075798e-41 2.64469002913687e-67 4.0478044316985e-46
5.08736747312308e-76 8.16184024938608e-52 1 4.77805961962222e-40
1.01579691076895e-43 3.2126869346237e-11 1.89608440408084e-30 0.999999999967873
1.40227876631579e-55 2.09357682071641e-46 1 1.04362546425897e-37
1 3.91648561731157e-46 7.48102302216593e-59 6.66338850103124e-44
1.14250496077749e-35 5.26059335424563e-07 8.6032656751979e-41 0.999999473940665
4.14278252756508e-31 5.31094914805445e-12 4.37477061122236e-30 0.999999999994689
3.44169311029463e-37 0.99999999941256 7.31234686656853e-42 5.87440269545416e-10
1.1031425100878e-61 2.67434085762138e-46 1 2.46052287152247e-36
3.72783320397932e-52 0.999999998549977 6.25589872901227e-54 1.45002276705942e-09
7.67076959661287e-66 2.54462631209863e-53 1 1.21960914734406e-38
1 8.31475334061975e-31 9.22775156821439e-60 6.53232423923604e-33
5.44740798049263e-40 0.999999991366207 1.16906244985443e-39 8.63379325498310e-09
1 7.78642339092918e-37 1.37244848998783e-58 7.20112598931256e-38
1 1.56267869852514e-45 9.42733425322782e-65 3.8225801260786e-46
1 2.37423292530794e-42 7.25345688619101e-59 2.70380083581365e-40
1 7.45493711861233e-50 5.82857814889432e-71 1.47993435183899e-44
7.6695373465576e-75 5.6469691390655e-53 1 1.45778717124974e-42
9.25696996779808e-40 6.07921775979e-15 3.98874929181128e-41 0.999999999999994
4.34115537369547e-39 4.39320168578432e-08 1.01422824663667e-36 0.999999956067983
1 5.31128562223296e-52 3.07970962506477e-67 4.88918325082077e-52
2.34770929699489e-43 2.78122647277565e-12 1.79683308753779e-36 0.999999999997219
1 2.0447827947128e-41 8.36512849193092e-51 1.42871315037798e-42
9.68862379096928e-47 0.999999999999728 8.94530949016154e-38 2.71529136654247e-13
1 2.86075229782256e-35 1.72668080352101e-59 8.74989829828748e-40
6.70965514006551e-41 1.7904943273161e-06 4.8555593776503e-44 0.999998209505673
1.47257387613524e-38 0.999999999987954 6.77694680842418e-48 1.20463999750136e-11
9.29492286388754e-50 6.32631309988529e-38 1 1.35379613515507e-28
3.3502667833205e-36 7.15490886268325e-14 4.83968422422052e-34 0.999999999999929
1.2379321602549e-64 7.65612409873473e-58 1 8.9308224662358e-47
8.14355969358381e-37 0.999999988185446 5.40993467547113e-48 1.1814553548142e-08
4.02186667207939e-63 5.06867050848405e-42 1 7.2110366450139e-31
1.69663200880617e-45 0.999999999956878 3.22888584709696e-44 4.31217364153977e-11
9.20557294381013e-39 0.99999999977423 2.78702781721501e-46 2.25770162435888e-10
1 1.21273726810376e-43 2.83628272018457e-75 2.2224978558895e-43
7.86962253057615e-47 0.99999999718107 1.92416596020806e-49 2.81892942449519e-09
1 6.11844559051773e-33 2.22578155021351e-53 1.58170685263098e-35
1 1.10062710480665e-50 2.11105170215298e-65 2.88533436098246e-48
1 4.95160697822315e-31 2.51314633267138e-48 9.58761474728916e-30
6.42045154111238e-38 1.22481316292323e-17 4.16235815021837e-39 1
1.79525837482823e-57 3.42131608447109e-55 1 4.39370389014964e-45
1 7.29246422413465e-45 1.8900827827258e-66 2.36882190260507e-45
1 9.08839799739604e-43 6.19346708979092e-71 8.75631473359354e-41
2.7921014329858e-70 1.98595265487035e-58 1 2.2955352117323e-47
7.00695332498773e-65 4.15876170831614e-55 1 1.78861298933449e-41
8.39559543124018e-49 0.999999999999987 4.29287276819795e-61 1.33686337488439e-14
3.38463147624821e-52 2.74297777387899e-44 1 5.29994229893859e-31
1 5.41480439651096e-43 1.6904128765223e-67 1.03179528357472e-43
1 2.09722580585233e-40 3.30264962767578e-56 5.98561415533569e-36
1.72383146368318e-31 0.999999811261201 1.4114175083391e-33 1.88738798736383e-07
8.47971275793621e-48 2.01930990475853e-41 1 8.23835187999209e-31
1.02276788161046e-32 0.999999999999653 1.9127296198748e-46 3.47013796772971e-13
3.53287600451758e-66 7.86096815348939e-57 1 4.04002091723264e-41
1.90863220677525e-44 1.95914849394451e-09 1.38742935747804e-46 0.999999998040852
9.21302224496838e-51 8.1679199826669e-13 8.30304932689588e-30 0.999999999999183
4.05135542362361e-37 4.22910123779807e-10 1.6685712893751e-36 0.99999999957709
2.58882774554477e-49 0.99999999999949 8.60889666120773e-53 5.09640686867094e-13
5.14338692235215e-33 1.44898538499547e-12 3.26217738948317e-32 0.999999999998551
1 2.76801313006382e-36 7.14827002179233e-55 9.14831939450273e-36
4.46685538925327e-30 0.999999999999369 1.57091713323663e-48 6.30944211708734e-13
9.16584957916018e-60 1.74114239512485e-51 1 3.95785005462508e-33
1.56055206483536e-32 4.15512378398958e-12 2.58000604833972e-36 0.999999999995845
1.26864331913538e-41 0.999999999594919 5.20501953001522e-48 4.05080994321798e-10
6.93008056877927e-38 0.999999940646795 1.50952176347857e-44 5.93532051378952e-08
5.36273436267886e-46 2.63983104198027e-13 1.89765097389249e-32 0.999999999999736
1.08877791980113e-62 1.64419869742292e-55 1 1.38394882774601e-40
1.82108509438496e-40 2.15602704117095e-36 1 7.56349966660449e-28
1.37718406036953e-38 0.99999999999993 6.01631749433154e-46 7.03944904087603e-14
9.39256773581965e-59 1.04498270136372e-38 1 2.9191158100895e-30
2.43357490959797e-68 4.31948778999205e-47 1 1.09230387495057e-36
2.10016523320186e-58 9.06731701736953e-43 1 7.25539220863966e-34
1.31403439354409e-67 6.39048472205984e-51 1 3.55218732189325e-40
2.46140946555555e-44 0.99999998973695 8.66932163705471e-53 1.02630495512099e-08
3.38071277135556e-38 0.999999999988868 9.24836295366758e-54 1.11316631147744e-11
1.09333427882593e-59 7.61003213650599e-51 1 8.85293768380913e-40
1.72688836756612e-41 0.999999992045333 2.11314340272138e-48 7.95466748600516e-09
1 4.75304063597765e-36 1.67055643723517e-68 6.78601793557616e-39
9.43575436449441e-47 0.999999994447284 6.83163519813474e-41 5.55271622680179e-09
2.10494658740634e-61 2.62817757861464e-52 1 1.32853526082825e-40
3.66395497641633e-23 0.999999999999998 1.91462460979838e-38 1.92826272650814e-15
1 4.50460339335882e-48 2.66584830428934e-65 1.18770758180772e-39
6.27996934313611e-55 1.9966063434606e-13 2.51896928640471e-34 0.9999999999998
1 4.73579324445176e-37 9.29980070686992e-55 4.70651954800528e-32
1 2.92704653138512e-41 2.8769410519615e-66 9.58298129844961e-40
4.0086660475942e-41 1.50033278990179e-10 7.83325246966169e-31 0.999999999849967
1.64691793366584e-48 1.59793881195683e-12 6.31684136187109e-42 0.999999999998402
2.70456362049579e-32 0.0274267077861058 2.41805260167891e-23 0.972573292213894
1 1.18161719565274e-46 6.80448819119723e-62 3.97848326182907e-43
1.01128251233233e-66 2.06226967251598e-38 1 4.71030956326991e-33
1 7.4378040868888e-42 1.59911413078685e-72 1.16075519438294e-41
1 1.34294133111321e-37 2.81518668700751e-55 1.17669558451198e-35
2.28450342376771e-41 4.03906839650324e-06 3.66495908031481e-35 0.999995960931603
1 9.06497012071645e-47 4.2581360442793e-57 1.05479556243593e-40
1 3.91202721475862e-32 4.23299665664638e-45 3.6354586755342e-28
2.605527487503e-40 0.999999999999985 8.1650539997633e-45 1.49829469050631e-14
1.12134153072425e-47 0.999999993433097 4.64366069575417e-46 6.56690315328251e-09
2.9159219087686e-48 0.999999999977114 2.83879252511575e-51 2.2886413932338e-11
1.05071263303339e-41 9.58006408947973e-11 5.42265616832384e-35 0.999999999904199
6.14510012318395e-40 0.999999999534823 1.34300457741193e-48 4.65176638221195e-10
1 1.27946389098068e-39 1.01842420789825e-67 5.81562795426389e-33
3.66483588230644e-45 0.999999999999984 9.71768590782154e-56 1.57982929986431e-14
8.81136342156552e-45 5.4347726126948e-13 4.47046974378188e-28 0.999999999999456
2.11673110135795e-70 3.05541380971389e-59 1 1.77069466043673e-41
1 1.64162529928165e-48 1.03352238736748e-69 1.45479171929945e-49
5.3427552932261e-43 0.999999999996999 1.82150587144935e-51 3.0006516936403e-12
3.99384874759615e-76 3.62633295919159e-50 1 2.34695137917337e-39
2.22653566088845e-35 0.999999999998252 2.94583081939736e-38 1.74831368527009e-12
3.35072388387402e-35 0.999999998497249 3.34553186169266e-41 1.50275050185436e-09
1 2.39192354131235e-46 2.55895697380881e-72 3.20467493663641e-48
1 1.19019516317214e-43 1.00899875919116e-69 1.44918855140785e-44
4.38146775824092e-59 1.1373236135586e-44 1 3.94734194834526e-34
1 2.67423277876666e-41 5.73374045213028e-68 7.13812179566332e-42
1.90454676773209e-47 0.999951837946191 3.19172086575862e-43 4.81620538092547e-05
3.3339191907291e-65 7.34324684021629e-43 1 5.06414732358742e-31
1.66177290433561e-40 1.12695244760467e-17 6.71983430195086e-43 1
1 1.5937817382359e-45 2.03186762765497e-60 8.49494419218096e-42
1 4.09045298922264e-37 3.46131185483527e-64 2.8154569096501e-40
1.04903767239808e-35 0.999999970606913 1.63680497700732e-40 2.93930871512232e-08
3.8222799214027e-39 1 9.86078794379365e-53 5.50596245806898e-17
1 2.14595171974308e-32 3.53697929528376e-42 1.23469567151474e-31
3.25178693181749e-33 3.55095881793706e-12 1.61316004585453e-32 0.999999999996449
2.70980892440804e-45 0.999999227633377 2.25261137661943e-51 7.72366623137507e-07
1.41375420767842e-47 3.40589378883016e-06 1.15499778183008e-38 0.999996594106211
1 1.50192615868009e-33 4.73177562003796e-55 5.09636353577427e-35
7.25447298590977e-35 1.06577578672424e-09 8.33771950705275e-28 0.999999998934224
7.99674394684056e-41 0.999999999996647 8.243128418475e-51 3.35315942085336e-12
1.04814832490093e-55 3.99599138918929e-39 1 3.10273892820591e-29
1 2.08790368085392e-42 1.56780683954846e-60 2.24255574216327e-39
9.62326192245764e-42 0.99999999985663 3.70509805626686e-43 1.4337044048022e-10
1 1.31942142857805e-27 8.39000739544732e-47 6.05539010384047e-32
2.09563085070205e-65 3.23035374311989e-54 1 1.72427740712419e-40
6.47742433401448e-42 0.999999999989695 9.38056365376327e-43 1.03053095996175e-11
4.81939100772934e-37 0.999999823586725 3.23149548722406e-43 1.76413274964904e-07
4.06266993227785e-40 7.03554696815902e-15 1.34416607474161e-42 0.999999999999993
8.09895075157558e-38 1.13020339941315e-09 7.32560278871875e-27 0.999999998869797
1.17280092406969e-40 3.91483040735125e-09 5.32242143986709e-43 0.99999999608517
2.53542742218206e-42 0.99999941595209 1.63699999889243e-31 5.84047909498275e-07
2.76188583841664e-40 0.999999999999692 2.22836870904013e-53 3.08119297354794e-13
1 7.11005651868719e-37 1.39626791012727e-56 1.53355010220256e-36
1.23249275867558e-39 0.999999999759664 6.90983740580806e-40 2.4033593976477e-10
1 3.89135948650452e-28 4.48216444063729e-57 9.0749437962818e-30
1.10906743588872e-62 4.54655309398901e-57 1 6.40720121616959e-42
1 2.89612898357487e-38 3.54180042175037e-65 9.42393120274011e-40
1.41356095021801e-41 0.999999999999265 1.28867836617338e-55 7.34744737307353e-13
6.32842136262381e-70 1.7817430827382e-51 1 9.69274579670978e-38
3.50512349570794e-35 0.999999990610022 3.71438064085978e-40 9.38997821514277e-09
1 3.22815046776238e-41 7.57752659853821e-65 2.90665704024869e-42
1.82559834706872e-45 0.999999999999378 2.57018114615064e-45 6.21963594096167e-13
7.19812633212191e-58 2.16376075478519e-49 1 1.43398652916769e-35
2.66597252948754e-63 5.8742714953272e-42 1 5.30023767025619e-31
6.38232933415664e-60 3.90407641645265e-49 1 3.46602908190548e-36
1 4.36546471807412e-52 1.11016225985081e-68 7.5607244890041e-54
2.59664747979707e-59 5.83205126551911e-45 1 2.02096031720934e-35
6.94081094486502e-62 5.92095112067437e-50 1 3.70520339683038e-38
3.18092642302141e-49 0.999999997134571 3.03641814004099e-52 2.86542855633246e-09
1 6.57372521076253e-40 1.65483306039741e-53 2.46926279419598e-43
1 3.79812602916048e-36 1.45667697763793e-54 2.83228684630691e-35
1 1.41717706105528e-45 7.93374824949512e-65 1.0316517510502e-47
9.13372274561069e-44 1.10480166908757e-13 6.44136416037888e-33 0.999999999999889
1 7.67353604146553e-43 2.79543213816278e-63 3.5739610987883e-39
4.96496913936869e-60 3.73280519518204e-47 1 1.28500917515123e-35
2.44060994208732e-40 5.52061845649459e-32 1 1.09733517017828e-22
6.94392553721291e-34 0.000698743394167082 2.41039595759148e-32 0.999301256605833
1.12595412556143e-64 9.82754231079185e-48 1 9.96381239435602e-39
4.94147350635113e-60 1.13231982931793e-44 1 1.52569018258152e-39
1 1.77863849993642e-36 9.40848531084124e-66 2.62719492902423e-33
1 1.93135317888581e-32 1.52808266826503e-61 2.1450096094389e-29
1 4.78551843432224e-41 9.5434982103112e-63 5.51928888987127e-41
1.07971036928237e-28 0.999999999906628 2.33822176188565e-52 9.33721126839545e-11
1.73737553146221e-68 1.69735286363014e-37 1 7.71747788705274e-31
6.48535161316104e-59 8.76073567658345e-42 1 3.29447540010799e-33
2.18029700500197e-51 5.35133994855597e-17 2.06650635758944e-31 1
2.8419318381178e-60 1.67364192304609e-47 1 3.5339228647839e-35
1 3.79203286876269e-40 1.82790336063351e-65 6.08708198043985e-40
1 3.36274324448273e-44 5.87779270717344e-64 1.72478223319808e-38
5.03188146359629e-47 0.999999999999952 1.11995692542268e-47 4.77343419261982e-14
1 1.05039982065626e-42 2.45769663162657e-67 5.06198097642578e-42
1 5.2980721446573e-46 1.79484536003032e-59 2.94246494201714e-45
1 1.51460753350546e-34 3.74124527392605e-51 2.2126494241441e-33
1 2.06672392342409e-42 1.06776259877139e-60 1.12451811123679e-37
1.8508526629563e-33 3.77863267335863e-10 4.25370698481298e-45 0.999999999622137
3.5634191940866e-45 0.999999999997553 1.16177565179214e-48 2.44676367869499e-12
1 1.07166078113476e-37 2.86941881657288e-63 2.70513186838643e-38
2.29562422690958e-78 1.67772906883345e-58 1 1.06964053906727e-43
7.5038470311078e-56 1.85986139043246e-41 1 1.27975528435763e-31
3.99938269124484e-37 3.09246846029609e-17 1.39256115127478e-24 1
9.05892220628115e-41 0.999999999999999 3.17785312531795e-67 1.20105127223153e-15
1.25948219986195e-54 6.35022168066896e-45 1 7.58672101079809e-28
7.66769371196798e-42 0.999999997933086 3.61834967441492e-48 2.06691411770755e-09
1.21021749843834e-38 0.99999999999994 4.02911951695967e-48 6.04758673823337e-14
3.57729333462722e-35 1.20273715858361e-12 6.01864797540067e-40 0.999999999998797
2.82694102429463e-55 6.52279575596929e-44 1 9.009544997916e-36
4.84644499737722e-58 4.47648738001055e-42 1 8.28042218133574e-38
1 3.56833170183652e-36 3.17192613737519e-53 7.62499454703775e-39
4.7988495191292e-42 1.4762805167756e-06 3.3019674949304e-43 0.999998523719483
6.1046765305212e-35 0.196700435729268 8.9359432280615e-37 0.803299564270732
1 5.17954638415892e-40 2.41490562745818e-60 1.9317840689259e-40
1.12640036644449e-38 0.99999999999998 1.19775272211101e-45 1.96235054370608e-14
6.98015792395776e-51 1.17263521345506e-44 1 3.36296912260133e-34
1.4229864140801e-41 0.999999999999981 1.53779775846253e-47 1.90197414568354e-14
4.44584607152176e-53 1.92820485838317e-11 2.60269928945125e-40 0.999999999980718
2.23514818676445e-69 1.1830447905203e-58 1 2.34436515000083e-43
8.40229752268985e-58 2.89555694780378e-43 1 4.4458395460347e-29
3.7617849139514e-46 0.999999999999938 4.50371623055387e-45 6.19769110988596e-14
7.2868553967616e-59 4.51895145839539e-54 1 1.28172736355269e-42
1 8.50111762328891e-44 4.34144456337256e-63 1.31506303262369e-45
1.27093094203718e-37 0.999997662255247 3.1710302716241e-40 2.33774475304178e-06
1.78597587887951e-35 7.72105607589545e-11 3.59253018306773e-42 0.99999999992279
2.95595498915773e-41 4.58966014595989e-12 1.00055308584424e-24 0.99999999999541
1.28396511750112e-35 0.999999999598031 5.19398560946426e-42 4.01968710072461e-10
1 4.69958814816889e-49 2.91954227528357e-68 8.08452860300502e-47
1.0384913297565e-44 2.58722072818977e-14 1.27746488145316e-32 0.999999999999974
1.6436346074387e-37 0.999999999903085 4.09049782735742e-52 9.69152338358905e-11
1.69489072750141e-53 4.69280580419075e-37 1 2.55617282744687e-26
4.12818032203113e-46 0.999999999911923 2.91172839245624e-50 8.80766657530372e-11
2.61733967340269e-60 2.36448980980864e-45 1 5.08397796210667e-36
4.51582849521785e-45 0.99999999999981 5.32791958417803e-44 1.89997730980661e-13
7.04562471283845e-47 0.999999999999941 1.47310666582736e-62 5.85350367629141e-14
1 1.14680175871678e-32 1.18751748463345e-54 5.09152982946877e-31
2.14034644315732e-51 7.61180771314453e-39 1 9.18093482583035e-31
2.8608079943261e-67 6.8887425149599e-54 1 6.97163339940321e-45
1.16122599102277e-68 1.96891707102893e-51 1 2.02182222983431e-41
1 1.20933279475878e-36 4.76350228744764e-63 6.5676320091179e-38
9.11454856584796e-68 3.1304027784016e-50 1 1.7761284504767e-40
1 7.41587136310745e-37 6.77401582152175e-63 2.67265937312456e-36
1 2.36929597364474e-29 1.34501091051943e-53 8.81248082659821e-32
3.09518986560247e-54 1.81886407680368e-39 1 6.61023006627773e-31
2.31932094765435e-48 1.19316658267772e-08 3.67659092328214e-44 0.999999988068334
8.32603918701692e-62 1.82195473138627e-43 1 2.30574015249073e-34
6.39554603368089e-63 5.49682502538511e-43 1 7.70490998147668e-35
6.44666245643077e-66 8.74578868813601e-46 1 5.60747289863421e-34
4.47463898858101e-37 2.75151305383338e-12 2.60870558589207e-38 0.999999999997248
1 1.9017848749971e-37 2.84316232004026e-66 6.326225163582e-36
3.35377208571909e-69 6.59947837775946e-55 1 1.9561164369974e-41
1.25401881051401e-65 7.22340001052913e-57 1 1.49464387178488e-44
