5.65943516065642e-28 0.99999999845936 1.54064005994437e-09 2.38941446536211e-28
1.84215751979341e-43 4.08301601440067e-13 0.999999999999592 1.15339740308848e-43
5.10782912126889e-50 7.6222565203625e-13 0.999999999999238 6.85509721890354e-60
1.26946597568635e-45 1.22619859753087e-11 0.999999999987738 1.79317420309083e-44
2.38663956298116e-34 4.18968033197891e-11 0.999999999958103 4.31454378569882e-46
1 4.08685726506195e-33 1.86381241933413e-36 8.46738704485223e-53
1 6.05942399644327e-37 2.20977336807285e-40 1.10429896637522e-63
1.0152761726037e-34 0.999999999997067 2.93262486851132e-12 3.61794959858424e-38
5.70870821375389e-36 0.999999999999979 2.12199107115364e-14 1.00275380616695e-40
1.67900248384831e-69 2.31484041410643e-39 4.69124577797357e-49 1
2.76760349353652e-38 9.73484613108177e-10 0.999999999026515 9.20735121553311e-49
1.27334113830598e-57 2.83413566947169e-32 2.21010845453417e-51 1
1 4.04261674023869e-46 4.26499177181821e-50 7.34669363950654e-64
1.18704360522267e-28 0.99999999998213 1.7869629425642e-11 8.83527285085951e-36
1 7.37671426334335e-42 1.50310266654482e-47 2.00795036847485e-59
1 5.75758587776025e-39 1.49643745044222e-38 1.16755111118587e-52
7.34856444271018e-47 0.999999016648697 9.83351302867167e-07 8.99156996801385e-39
1.20458587258204e-44 1.5901553783516e-13 0.999999999999841 1.96651307680007e-37
1 3.54281448945306e-45 1.98786251351089e-50 1.46959167046021e-65
2.08937337670623e-48 0.999999999897502 1.02498540194349e-10 5.03066296517442e-40
5.80211724124317e-57 5.22529047041902e-40 7.66831769398757e-51 1
1.3452472325967e-45 1.63261919685307e-13 0.999999999999837 2.44358528953164e-47
1 1.23142209328645e-41 2.31155918019961e-43 3.90505308898438e-61
1.16222716086621e-37 1.61771888294515e-08 0.999999983822811 1.08707341399717e-39
4.57702231950685e-29 3.71791376251896e-12 0.999999999996282 4.46743148254351e-48
1.46774183365561e-56 2.71795379921313e-35 7.27160901589687e-45 1
1.63310475484227e-62 1.10118491528323e-30 1.59819583344412e-36 1
2.02364681963936e-51 5.95385673300667e-31 2.14440839501836e-39 1
1.04187956020366e-40 5.30942990097768e-12 0.99999999999469 1.82978924564751e-51
4.62654759227468e-58 1.0577968418145e-34 2.56142228406994e-42 1
6.77695004452074e-40 0.999999999995022 4.97789418741769e-12 7.86870238713026e-32
4.85044681169574e-36 1.82478662476703e-10 0.999999999817521 9.74707752732339e-49
1 7.58797791747228e-30 2.89338510550979e-38 4.35922714229756e-65
9.20932124279844e-46 2.36489592159887e-13 0.999999999999764 3.33876435609285e-53
8.09674991483914e-35 1 3.21542015294047e-16 5.0311325394246e-34
1.82654447261107e-35 4.5948248498561e-06 0.99999540517515 3.58173335736152e-40
1 1.88098120012122e-29 2.63231765655428e-30 1.47804547049883e-48
1.60479833961221e-50 4.00780959105683e-29 2.24825632234495e-38 1
4.17810934875413e-54 9.27458489347412e-34 6.48996049441235e-44 1
1 1.66081317756421e-40 8.00995752954871e-41 2.81746963320422e-66
2.33438610967041e-34 0.999989147611097 1.08523889035026e-05 1.39291589800602e-37
1.25933698752055e-35 1.29366337164748e-11 0.999999999987063 7.97197762946926e-54
1 4.51424994892781e-36 2.13798135998243e-46 3.07421897846899e-62
5.76364705949029e-43 0.999999999920155 7.98446836132413e-11 1.14200544741606e-28
6.66578196903704e-40 7.02836556490406e-12 0.999999999992972 7.299151615702e-53
3.61312330340641e-56 7.33488926595444e-37 1.78070395062809e-45 1
5.78090446164327e-60 1.04127676521872e-33 1.71771486591034e-43 1
1.19715615171957e-28 0.99999999997607 2.39305181673781e-11 5.78061722845912e-32
1.54750906522379e-43 7.36941692169634e-11 0.999999999926306 6.76946426775443e-49
9.45718451127407e-56 1.41366707326527e-30 1.19475907052365e-38 1
2.03350578270235e-46 2.33921675688379e-30 1.27847734674005e-41 1
1.12740106148387e-47 4.62208964227731e-29 6.80696345296595e-39 1
5.77661697730448e-66 3.53787176246911e-33 6.45334426953852e-39 1
2.26133351826607e-59 1.16201357843767e-42 6.7215723037242e-55 1
3.22271823555406e-44 1.14488549357703e-11 0.999999999988551 5.68541454870776e-52
2.2400114021669e-37 0.999999999638415 3.61584741696439e-10 9.78410024346314e-31
2.58996307327564e-55 9.01591618198146e-29 3.37816501955533e-43 1
1 1.66342631218133e-42 7.62368751441518e-40 7.25822227647198e-64
4.68886454995382e-41 5.27195213444737e-08 0.999999947280479 1.48792207655237e-42
7.81625881890333e-41 0.999999999997745 2.25517096778036e-12 1.27250108609731e-35
5.60112045961814e-39 0.999999999889859 1.10140666921192e-10 5.48061119470279e-35
1 5.74692267317142e-36 4.11963744349067e-37 8.03166812544473e-62
2.13610738738045e-43 2.90814020093045e-11 0.999999999970919 3.85089477884806e-50
3.78490746820716e-31 1.42445612454421e-06 0.999998575543875 8.31928248203558e-33
1 1.79058688653735e-43 1.27849178153824e-38 2.16511740582393e-69
1 1.34295606088478e-37 3.08341112573836e-40 7.66124033321921e-64
2.10165798743474e-35 9.88865510966515e-07 0.999999011134489 1.00866052800027e-45
4.35891735289434e-37 7.89758715051062e-14 0.999999999999921 1.97019254359606e-45
3.67904747823041e-32 0.99935783727195 0.000642162728049839 1.38374075089131e-40
8.48879732627074e-39 1.40999127471514e-11 0.9999999999859 2.41123619404262e-52
1.63976385556597e-37 7.01752312588917e-10 0.999999999298248 6.72385431529292e-40
9.81393597724801e-48 5.73511773128308e-15 0.999999999999994 4.78951480454515e-60
1 4.35973447248753e-29 3.46574107324358e-34 9.41307885496379e-62
1 2.52937455225014e-37 5.69577503578942e-44 1.13207374223772e-62
2.81806920238194e-35 1 6.9874912424383e-17 8.76153288570354e-43
1 3.73995002499343e-27 1.87025193694392e-31 3.08451023963736e-59
1 4.44185068714827e-40 8.02477595302207e-42 1.98117076971462e-61
1 1.0057364654524e-40 5.77936440007211e-43 1.73657115735299e-67
4.03498449446458e-40 1.82914857172695e-13 0.999999999999817 4.621802604603e-44
1 5.55403678139300e-35 2.88970082140317e-35 2.8135980792e-60
2.36791300454219e-44 0.999999951452327 4.85476730518359e-08 9.56452434991896e-44
2.04892620394921e-37 0.999999999721752 2.78247657385049e-10 8.18097552401868e-48
6.71361860534336e-69 1.79912744272479e-47 9.26384084165456e-59 1
1.25421162865312e-58 3.83745655550833e-36 1.31749155158601e-45 1
6.18563091005824e-58 2.9523568487743e-39 1.02359443420345e-44 1
1 2.29353532556869e-31 2.60290566059869e-34 1.32978707553498e-51
2.39248120755031e-53 1.49530656630761e-37 1.91605875016957e-46 1
1.70879398687991e-37 1.09881310521552e-12 0.999999999998901 2.45847324055669e-43
6.70418695709122e-43 3.56234994053167e-11 0.999999999964376 3.17822196320415e-44
7.98139882946615e-38 0.999999999572921 4.27079566558816e-10 5.0150010196655e-30
1.08664799253386e-42 9.11535466062237e-12 0.999999999990885 8.04636537777248e-50
1.66041875259001e-32 0.99999980759328 1.92406720010622e-07 6.86454885526481e-33
2.58396852623693e-60 4.87902705461502e-36 1.5447327363647e-46 1
4.99873083436003e-46 6.86174996414771e-09 0.99999999313825 1.35718719230462e-45
3.29072538837484e-38 0.999999999994239 5.76133814826741e-12 8.06015274353025e-25
1 1.46191560647238e-38 2.47444908591592e-39 1.73369199256039e-58
6.34502075425157e-44 2.27603825820814e-14 0.999999999999977 1.3264876397851e-62
1 1.68880926528375e-43 3.27234355431924e-43 1.5547077478831e-61
1 2.7691575665614e-43 4.78811477515226e-45 2.56453410054586e-64
6.22061709011519e-65 3.93030188406521e-35 3.161223783368e-43 1
2.31603874781816e-45 9.56414684228579e-09 0.999999990435853 2.17768694782781e-40
2.26648391792174e-37 0.999999999999986 1.44559645631791e-14 4.31856374079722e-42
3.19388121942068e-35 3.49943095650713e-08 0.99999996500569 1.02464560454706e-47
1 5.85919787772657e-34 4.60837670596515e-35 1.17523900259192e-55
3.30356348689512e-33 8.17507403416678e-12 0.999999999991825 1.86776073015758e-45
1.484301064769e-35 3.71534847475512e-09 0.999999996284652 9.10423387747977e-42
3.47918075040044e-46 0.999972738568608 2.7261431392223e-05 3.22743450567788e-32
1 1.78223564352692e-40 6.22429959399046e-48 1.21393154395334e-67
1.3844465524171e-64 1.35673503506907e-41 2.24587895915438e-54 1
1 7.61755614835689e-39 9.03838805178512e-40 7.08487614236849e-48
1.60923271626109e-40 0.999999999973689 2.6310699041019e-11 3.30514084551529e-38
1.36610662073166e-72 3.69484662639049e-38 3.12128133821398e-48 1
2.63264713028971e-61 3.3343007659746e-38 1.14153273379844e-52 1
3.57621422841291e-35 9.3440447712151e-09 0.999999990655955 1.55788236243117e-41
5.82953374204302e-54 1.72650112535187e-33 3.71579900822109e-42 1
1.11527252042163e-24 0.999999999942459 5.75410834555206e-11 3.87234837083273e-30
1 9.87698184111923e-39 5.67691935795753e-46 3.76669977107756e-64
2.26328196749573e-21 3.91977681684937e-15 0.999999999999996 3.3878172547813e-38
2.54316486681651e-31 0.999999999999461 5.38912975045521e-13 1.45980005493595e-33
1 5.56137354631912e-36 3.51842962218984e-41 4.62991451757483e-60
1 4.96968445086051e-35 1.0835945428497e-36 1.4777873615234e-55
6.31309824114343e-28 0.999999984006225 1.59937751367906e-08 7.50353685789415e-28
1 1.80645657141665e-43 9.50087100305225e-48 7.66744028456073e-66
1 4.64665770618012e-30 1.4770981933813e-29 3.24194013265374e-57
8.59015929062356e-64 4.81712145177364e-42 4.44218560350416e-58 1
1 1.59369991028859e-29 4.28180718359874e-37 2.88205287898444e-50
1 7.74214576789e-35 1.98996398226699e-32 1.02374472539135e-54
8.88142706445859e-38 2.68394464929133e-16 1 1.95796057187332e-52
4.23792596580733e-43 0.999999999999919 8.14473728597154e-14 8.46988152964061e-35
1 1.53496090915243e-40 1.79131405591617e-41 1.35244554522129e-61
2.17051550144478e-38 0.999999999977588 2.24118509023006e-11 1.22941387803586e-41
2.66755005040275e-40 1.61017439988283e-14 0.999999999999984 1.20658736965657e-66
3.66063742176257e-41 0.999999999999965 3.45854711420304e-14 6.19856140007565e-33
4.31773856019973e-31 0.999999999999766 2.3371067027345e-13 8.30993543056489e-44
9.29160390286009e-32 0.999999989606588 1.03934116119201e-08 7.43067588375194e-27
2.553603149842e-31 0.999999999995832 4.1674449535046e-12 1.37516201739009e-39
1 2.60737617269296e-31 1.16025366775027e-33 5.6661452214124e-49
3.40381215002191e-56 2.03816907224713e-44 2.28440303809545e-55 1
1 3.5938577201272e-35 1.05993097839816e-43 3.78218062742973e-52
4.68660720940768e-58 1.26727349971304e-30 2.84986084923652e-41 1
3.12510567139902e-44 2.43545964768055e-07 0.999999756454035 3.96859252285746e-52
1.4231608296363e-59 7.62872395114897e-38 6.20834855996668e-50 1
6.69818908879585e-45 0.999999999999999 7.64766675802375e-16 2.98802014136584e-31
1 1.47225687554384e-37 5.13766611742919e-39 2.92613205229887e-61
1 1.15719910911041e-30 1.38903544522562e-29 3.15484830885258e-53
3.13937631385098e-71 3.44969316735266e-43 7.95970515079759e-53 1
1 6.76799010225894e-41 1.10628607076631e-42 3.87060452758886e-73
6.73371678388546e-37 1.61937300768129e-07 0.999999838062699 6.41681433003138e-44
1.08162688786173e-42 0.999999999999533 4.66526579161126e-13 5.59884470225941e-28
3.98488267600634e-64 2.77006241911066e-41 7.49387992597251e-51 1
1.09858419204784e-54 1.28837841750123e-35 2.14341944214671e-44 1
2.75673819369681e-52 6.19788617897686e-31 5.22041051336787e-41 1
5.70273743947662e-30 0.999999998681108 1.31889226425226e-09 2.59916209151122e-41
4.37915099348502e-38 5.0125294047738e-15 0.999999999999995 4.62855303748564e-57
3.54511440742945e-43 1.00282274792029e-06 0.999998997177252 3.27514081825315e-51
2.79203636528374e-37 5.25108156299122e-13 0.999999999999475 1.04812818221639e-45
2.47493729737482e-48 1.00578478771915e-33 1.55850065395883e-44 1
5.45849185675386e-54 7.91484830726821e-36 3.00278700388812e-46 1
1 1.41283191407854e-46 8.31964955561162e-49 5.37137820870581e-62
1 8.25974239597696e-35 4.12189022796881e-34 1.34621277578187e-49
1 5.96636928373499e-32 1.90636607417839e-35 9.66917555449725e-63
1.20617593891632e-34 3.83197747200655e-08 0.999999961680225 2.07391318769379e-50
1 4.71590340148703e-35 2.02672257518088e-34 7.55492361617075e-60
7.09608991549608e-28 0.99999999998881 1.11903434238111e-11 7.44994114130531e-32
1 5.26265286552654e-37 3.72801072546096e-43 1.55827559562514e-56
1 4.35799484333174e-29 3.15476613714873e-32 2.612383983553e-53
5.54731270153245e-55 6.3119271083834e-42 1.20020449561826e-45 1
1 1.89774536632961e-25 7.08161764944636e-29 1.23036537616577e-44
1.47866401885004e-48 3.8454425406706e-28 4.96437767251586e-44 1
1.61399946845988e-30 0.999999999999992 7.46440460657884e-15 7.23960929249045e-34
4.73849445434314e-34 2.89461862529274e-11 0.999999999971054 2.20458534471087e-52
1.48510505119404e-53 1.1269476094374e-25 1.34677114523517e-37 1
1 1.04866647696336e-34 3.03187694579327e-39 7.23971421792212e-54
2.77105067362521e-34 0.999999999547683 4.52316766761696e-10 1.26899817860537e-36
1 7.15869087523799e-23 4.67290365997866e-29 5.12039770592125e-40
1 8.11321723657889e-42 1.32113744876515e-44 6.52530716299697e-57
8.29521002130198e-40 1.41654010262984e-09 0.99999999858346 7.95865886763555e-48
1.44865148800056e-41 8.86892570615115e-09 0.999999991131074 2.62648904324375e-47
1.22079428033328e-38 6.33350976953204e-09 0.99999999366649 1.8129282679582e-39
6.68264378062914e-37 2.53125545636063e-11 0.999999999974687 1.39855926793125e-47
1.63541011505686e-32 0.993385237693006 0.00661476230699406 4.22625629054771e-23
2.4123060929707e-26 1.26423208143198e-10 0.999999999873577 2.48068547437331e-52
1.85244522190202e-43 7.88879436269613e-12 0.999999999992111 2.68396300180634e-51
2.1787768262936e-46 8.95645494636253e-08 0.99999991043545 3.33554750013587e-49
1.7558813707367e-73 1.4044654562353e-43 7.85309540386808e-58 1
2.47778690010748e-54 2.71459967675737e-32 9.55128549030545e-43 1
1.98990330011573e-60 6.28285433443517e-40 2.04379747598617e-53 1
1.54120895039806e-33 8.95206782339227e-08 0.999999910479322 1.27268374142818e-43
5.62411555665873e-65 4.15156596009162e-40 4.55848458762565e-50 1
5.91462640576814e-41 0.999999999997509 2.49088719602766e-12 1.65093257997301e-36
4.50636535816115e-32 0.999999784534604 2.15465396138261e-07 2.90645325639289e-40
1 3.97545442519402e-32 2.77215953012949e-38 2.3367823299539e-52
1 3.38591510205688e-36 1.23301245577106e-37 3.79309556841459e-63
2.8746795857517e-32 1 9.00659810664366e-17 6.26053339333653e-25
5.91983126371476e-51 0.999999999999614 3.85824084915687e-13 1.5048484404471e-34
1 4.59828463379862e-38 1.15022277424737e-41 2.21043994526566e-66
9.64711663141066e-39 8.04748230929634e-13 0.999999999999195 8.18935428121882e-56
1.75701669939269e-42 0.999999998962423 1.03757712269615e-09 7.62069497768348e-47
9.75726433441644e-33 0.819348747881892 0.180651252118108 1.09972725804087e-36
8.61830748117596e-38 0.999994371359523 5.62864047734883e-06 5.51339702080205e-43
2.81110580041335e-37 1.93326445123654e-13 0.999999999999807 9.81468929102646e-48
2.21861987608166e-58 6.56743702924234e-41 3.05722175259278e-52 1
1 1.52009278515649e-30 1.93368474724361e-32 2.05259562732976e-41
1.47923490276439e-74 1.08880435673345e-39 5.1666270660969e-52 1
1.75164106791239e-66 1.31426045960329e-39 3.67561131512565e-51 1
2.1082071502425e-33 3.64101849181195e-08 0.999999963589815 4.8791307357629e-40
1 5.47938223716934e-49 5.07405139249216e-50 6.88451510660042e-63
5.04396214920779e-43 7.30651844250713e-06 0.999992693481558 7.03778520354091e-44
1 1.23279354871824e-37 1.14600736539563e-39 3.53836511084753e-60
8.90983349234319e-35 7.56944898048183e-23 3.38504266446747e-31 1
1.40237916274741e-38 0.999997232608083 2.76739191699294e-06 1.50102020570517e-43
2.98911141427841e-55 1.75806423929323e-35 2.42775590579443e-49 1
1.32777029299158e-48 5.25218512522473e-31 7.94198968798406e-39 1
2.80468074797336e-39 2.06523164028309e-27 1.1996183815784e-36 1
2.25731889725187e-32 1.02777667710127e-09 0.999999998972223 2.68946137277669e-41
4.0013924043725e-39 0.999999999999256 7.44118711901699e-13 2.09487458635385e-32
2.55191017606608e-62 1.24926502829508e-40 2.38144325921011e-56 1
1 1.57100310888747e-39 6.76072400243922e-40 1.1254534644646e-60
2.40118591945614e-34 0.999999999992625 7.37459044841998e-12 1.00315231541194e-38
1 4.66203360705438e-37 1.0669459592837e-38 4.24080697314097e-61
1 1.57601450475219e-29 1.40181856588196e-29 4.62276666478713e-48
3.57610312290357e-54 8.74688817040987e-35 3.43006468433971e-41 1
9.39261240412247e-26 1.22783858969022e-10 0.999999999877216 5.4185654253595e-37
1.22827681663214e-57 2.2847582802534e-36 3.06896963516374e-49 1
2.50643900150496e-34 2.21294124146593e-11 0.999999999977871 5.493956473042e-38
1 5.57435731856217e-35 8.82052204461286e-36 4.75285075876422e-61
1 3.94519079817329e-34 9.29918283757078e-34 1.60177039087499e-54
4.63384042137905e-57 1.37514378445357e-33 4.72410876363741e-42 1
2.31644403981371e-47 2.3409319850552e-28 6.70875275426451e-38 1
7.79607645895618e-51 6.07935875316299e-09 0.999999993920641 1.41600424490034e-53
1 6.22936503242174e-35 6.57297869933505e-40 3.24467733439388e-56
2.10022025996616e-39 0.99999999999475 5.25013207339714e-12 5.00726219743151e-27
6.70936847611263e-35 1 3.54446948510892e-17 1.8998931402605e-38
1 9.73256368588451e-28 1.65670153347489e-27 2.14995108980124e-55
1 1.27640594267466e-30 1.1826357091476e-33 2.33244423450833e-50
4.00703228155823e-44 0.999999999996188 3.81158185085811e-12 3.43564058713264e-42
1 2.41016915471913e-36 3.10318730226172e-42 1.33926604923374e-59
2.46964202710681e-38 2.21281147429438e-09 0.999999997787189 1.99538896206334e-48
1 3.44119870525316e-37 1.14039758762501e-35 3.58460416143276e-67
1.26930437876679e-62 4.11010108915924e-36 6.68598359278622e-48 1
1.43480684204085e-38 4.24060615423052e-11 0.999999999957594 2.88503895165237e-43
5.68649310009102e-36 0.99999995165316 4.83468397701596e-08 5.71495647178666e-37
7.19428852568718e-32 0.999999999541735 4.58264859266384e-10 2.02792221257784e-44
2.05664940846064e-36 2.09415845096399e-10 0.999999999790584 3.55099060574651e-46
1 6.94734866007537e-36 9.34330664317631e-39 1.25123508799323e-67
1 7.45454460065503e-37 2.52892836207954e-36 5.76969955859258e-48
2.5140836642172e-44 6.73094971236876e-09 0.99999999326905 1.2738374612924e-49
3.00263566979622e-67 3.9637583105461e-43 1.05564598741406e-58 1
1.25590996352508e-34 9.87929758049455e-09 0.999999990120703 2.09838880732116e-38
1.17460420261166e-47 1.21517026183015e-08 0.999999987848297 4.99700809309914e-52
1 3.02856750403056e-42 8.76245424074991e-46 1.46820745337005e-57
3.7642003552465e-60 1.21648440615654e-35 1.07555552969938e-43 1
2.69542413713234e-40 3.03096381710037e-11 0.99999999996969 3.51604698237966e-50
8.00810874418749e-48 3.79552523460935e-31 8.09035657607368e-44 1
1 1.36729398756515e-34 1.83920693372271e-35 5.35301924638131e-56
3.9740846732125e-55 4.03932820057654e-35 8.9246548999218e-47 1
6.20716005198008e-62 1.94255816877161e-33 2.94231679235783e-45 1
6.49497568927019e-40 3.21658112037458e-07 0.999999678341888 2.48950613003508e-31
1 3.67948217014959e-39 4.38649416646223e-43 5.72819584345466e-60
9.41375753570195e-38 0.999999992517099 7.48290081537457e-09 1.20802614053233e-42
5.37775557079038e-38 7.40243150580398e-15 0.999999999999993 6.28106887201725e-48
1 1.53213858306137e-33 9.92566735593643e-37 3.1787628227263e-60
2.07272598179925e-63 1.70678672504199e-37 2.47281993315984e-50 1
1.86064911986979e-67 3.0896145842864e-44 1.82598351501848e-54 1
2.89457178185521e-67 2.29765869392777e-38 4.07926412509475e-55 1
1.42471406124713e-34 9.27287188178598e-13 0.999999999999073 1.86463431743519e-43
3.09229010868015e-39 1.11142199046662e-08 0.99999998888578 2.49433007090764e-48
1.25062833418045e-50 2.55581921345365e-10 0.999999999744418 1.01680310389678e-42
4.85074805873576e-60 5.38927372920874e-46 4.29781855973662e-57 1
9.15526608295898e-42 1.63770239001136e-15 0.999999999999998 9.45903269388787e-56
2.92255176586731e-33 1.54461508249741e-07 0.999999845538492 6.06557635411586e-37
1 1.15728849568566e-42 1.15943904635046e-42 5.83385470138805e-60
2.50639350081168e-34 5.36355185573481e-08 0.999999946364482 5.14974366692416e-40
1 1.22753200814799e-37 1.81738527323661e-39 7.00741115054826e-62
1.22986093486379e-54 1.5230195789639e-37 9.02916376377767e-42 1
1.23813501577028e-63 4.30805225415077e-44 6.73226438792487e-57 1
3.64201342575127e-62 7.28942299827616e-42 3.8157054566184e-55 1
1 8.40331957321723e-30 3.13667767425221e-36 8.56711846384332e-53
1.46998726971664e-62 1.12571453337329e-30 9.64729733436418e-43 1
2.08455711940909e-58 8.89005957335252e-32 1.69545197802818e-41 1
3.64705302355269e-41 6.31952841745291e-15 0.999999999999994 5.88856122476184e-46
1.24414901512898e-36 2.39229617519415e-12 0.999999999997608 1.61236056860653e-47
1.94547608210648e-27 0.999999997124876 2.87512415849279e-09 5.4894676215656e-42
1 3.58212551866656e-43 9.7285564315867e-44 4.54613349473158e-68
9.8207634374184e-41 0.999998899003501 1.10099649851191e-06 2.81798995193927e-35
7.31236542852735e-31 0.999997271562133 2.72843786716901e-06 1.33421827108362e-40
1 7.87747056266444e-30 5.72889560412894e-27 3.815024291021e-45
1.49096425309871e-30 0.99999999980447 1.95529820786988e-10 2.76584473472137e-38
5.95052863962542e-66 9.82044280676887e-42 8.88540453273945e-59 1
1.46905239948634e-60 2.96564919567737e-38 3.46241875850722e-47 1
1 3.11083798870605e-35 1.0790954137845e-39 5.56185721791902e-66
1 6.54142551418577e-48 1.46164615286771e-48 5.34279613568652e-63
4.88919749213619e-32 0.999753489358726 0.000246510641273958 6.71239442849744e-33
8.39979316840345e-39 7.13887285350575e-14 0.999999999999929 2.13906893610983e-46
1 1.73532470636577e-39 6.71263251902728e-41 3.37212931771967e-65
3.05255181434736e-62 2.44745197900918e-36 4.89586269372728e-46 1
9.49876039819061e-44 2.21005885040229e-10 0.999999999778994 8.00542872978281e-55
8.16379976538839e-61 2.32898600154448e-40 1.2515006229997e-55 1
1 3.78461279067999e-40 1.70887298767482e-45 1.36655627372268e-59
1.64164498534174e-37 6.60629479069255e-10 0.99999999933937 1.18193352240593e-55
