"LD1"
-9.15312538842644
2.30798173604926
-10.5642974532011
1.94323786106448
2.44120658221303
5.71323705308262
3.14861645081563
3.54574558490018
-9.56644109132371
4.23139688948255
4.63013422304151
2.9061733652318
-9.18638746397361
3.88317179073701
-10.795568427182
4.1720686753284
3.3593368846075
3.32140087089334
3.769892250261
-8.09168643549362
-11.064000891333
1.3613779788128
3.95258616102244
4.16140228762133
5.05511115033558
4.68198238324457
-11.6521226096451
2.61058653285637
3.18654872399103
4.24367467570538
2.90614412414709
-11.5298481867412
-10.3253890442476
4.37872198236727
3.18571826343183
3.88875447678567
3.5997568930627
2.66391366407554
4.43808247780551
-9.53747729636699
-8.16634508838057
-10.7989516399978
3.40709585990158
3.3379171424348
-11.2221861927936
4.00549567569585
3.3422130404531
4.25049468446701
-10.7450202894669
2.94331414706254
4.87174780205771
1.91642759738375
2.31241487099295
3.13294684779919
3.98837401389716
-10.0864589123032
2.92216387994808
3.98763860876435
3.42273758609637
4.35654534317618
4.87157872599105
2.41237832249363
2.51781558761128
2.45269847362257
-11.5592778289283
4.72159056660641
3.16173015367006
2.91845709440914
4.69665098434543
2.28654628931279
4.06978054441642
2.91669033457217
3.4960846496262
5.30176121831777
4.055645181408
2.79343639878889
-9.93551430460346
-9.85306909498545
4.61338004100486
4.10034263964205
2.53245967526461
4.26896106257783
1.87291689314265
-10.1811906087627
3.56673659566505
-9.77526633569773
3.28042851008349
2.74342087277818
4.14788593586091
1.15253610578176
2.55386658386817
4.20791502983855
-10.981951552831
2.39897063432796
2.81759165918528
-8.02957783250482
3.32176955858507
-8.80967850889164
4.19439241121974
2.48557370935931
2.7709733811735
4.11523664144546
2.305536695158
2.61762525624542
4.19436254862403
2.59151109930879
3.20769251821186
4.57619993052067
2.30604513764378
2.29980775945772
-10.9897115692368
2.87308247733575
4.03632810086728
1.46112558327921
3.3499327766093
4.32226367291927
-10.3530887071521
3.14226254235603
-9.87726966885385
2.31786274879432
2.71739992610893
2.82560466156591
2.08262227013534
-11.073691653193
2.90115288795859
-9.90386014135345
-10.0204990108161
5.38601740384195
5.39364743084844
-9.22626076561779
2.66934653387445
3.84145995163819
3.87731418215573
2.68285128491769
2.7257155370646
4.14654913448094
3.40626757206837
-10.2367340648519
3.25488597214563
-11.2725848250506
-10.2020820215972
3.6184745183151
3.37062970020731
-11.3650969197681
4.37253086470604
2.24916518489763
2.93191253009519
3.61813141023299
3.36142958425671
-10.3683926422116
-11.3898773063689
3.40921937312864
-8.94709683398281
3.791271667534
2.07962175231659
3.48392505462277
3.28266690813139
-11.0069551628051
-10.5432435634989
-10.5526484000961
2.6996302943623
4.86262303383193
1.82734610711422
4.38169920191836
2.51048434711701
-10.7402788407397
4.34023036636108
2.63317100626166
3.60302415807425
3.82395243918884
1.75798645154478
4.22839520294181
2.37637579160506
2.77135007768734
3.1905102278653
2.91164309224698
-10.3821560144872
3.51388198656621
-9.74342900522191
3.511512153544
5.4982114465098
4.56227656651979
-9.53882526256039
3.69243129968565
4.90449823035283
-10.4911354156161
3.9937064255942
-9.55850227880017
2.9098624037233
-7.73302230895459
3.00186842984486
4.45421688840233
2.58936097666926
-8.66778682773478
-10.3793310696167
2.50961120331041
4.60066671133124
2.27569092920206
-10.4664957149797
5.48950490087906
3.94536766880643
4.93665661669986
-9.49345444395996
3.20335424671619
2.80955760483645
-9.44437211436655
4.3105701481419
3.80842971538463
3.32016384139798
-8.46131061509781
2.66655102285989
-10.5461354974705
3.2470058762208
3.83318792132898
-8.70600821965063
4.18480453665759
-9.8059112869928
4.27281953241048
2.38725485006873
2.41251505636152
4.65073773586951
-10.9673275304443
-11.0288551017833
3.25579470417561
3.63038186186037
1.68176276654485
4.0481201118953
3.26517438611556
3.64492403574991
-9.92379496420755
4.60952830579328
-9.16442028586514
0.955923349060659
-10.7902054389903
2.71180668407097
-8.55642685281242
3.22700659129845
5.7699637382766
4.11012253265157
2.03506588512461
4.4192177650491
1.58996066260724
-10.9173345397292
3.13047181207811
3.77892025008878
5.86109555231462
3.72392733401511
4.3661525500122
4.39401756100767
2.29781787026525
3.79460967661359
3.52527221898773
4.81562700342673
2.52007892041993
1.88115868801622
1.60764230049497
4.46661624688771
2.49831596682074
-9.74353917550452
3.71474163591131
1.86490193945974
1.5650896253323
1.5863848479634
-9.22873348688163
5.34037016551099
2.81969788833619
2.89336559255724
3.78139990470116
3.87055017639881
2.41593365400385
1.68912565899516
2.79107622842745
-10.8351228315912
-10.8987334976008
1.65732441157765
3.73591205001837
4.19908391396764
-9.68700203416686
3.8153271394314
0.125526145443799
-11.4885605440104
3.24322815233495
3.7503611059127
-10.4222356732138
4.27997551215459
4.11477841107177
4.33036931863237
-10.289252290396
1.46811193465554
1.82144355552665
4.3546135070493
3.79990157472072
-10.9784892869868
2.29051692919775
2.06589407454211
-11.1766890437104
3.09650549919332
3.03487793202262
5.01519589161707
-9.15310090740897
