1 1.70076394358514e-45
1 1.75861540509264e-40
1 1.21651593432619e-30
4.2668139846854e-32 1
1 3.31678472440517e-52
3.39683574853973e-48 1
9.47421065170857e-38 1
1 2.90076568837791e-36
4.23218349382987e-36 1
6.26780464785863e-38 1
3.31897774264152e-38 1
1 6.34520213592558e-38
1 1.24434224568359e-35
1 5.36261035145055e-46
1 1.83874943044453e-49
1 2.51764834595329e-34
1 1.7763696585633e-34
1 3.59409349790774e-38
1 2.21481737210597e-43
1 7.10746410827328e-48
1 5.98794153558103e-48
5.82034724457219e-45 1
1 4.44146885846172e-53
1 2.25701808143945e-39
1 5.32110080988298e-40
1 8.04308318062842e-42
6.82307237213174e-28 1
1 3.01672427514181e-30
1 1.08056497321514e-35
4.67534413714864e-30 1
1 2.29707768563921e-45
1 4.12488862855073e-36
1 4.55666427406973e-39
1 2.65233189899733e-45
1 1.09818702161494e-27
1.08150465629352e-43 1
1 4.21848659330618e-30
1 1.53978626179854e-46
1 5.02491298278787e-38
1 3.18248762225906e-45
1 5.64223084160063e-38
1 2.18632998736422e-40
1 3.41017471419145e-42
1 2.10546757928449e-34
1 9.2640095381478e-38
1 1.22173398774994e-43
1 7.97972325902827e-46
1 1.19258878339499e-47
2.12007340771295e-43 1
1 1.55210751452863e-50
1 1.91010128426447e-46
1 6.22108801539779e-46
3.00274028074253e-40 1
1 1.70007935423563e-45
1 5.11899910854334e-47
1 2.23417536483504e-40
3.1971382705979e-46 1
1 1.55543886415707e-26
1 6.7250120560863e-41
1 1.49985770830471e-36
1 8.22039289401293e-43
1 1.41675138490903e-45
1 1.63211734468059e-38
1 1.9810927440318e-43
3.33366777520037e-47 1
9.71547705886666e-49 1
1 2.18142362990241e-37
1 2.17552805105742e-54
1 2.88252261954267e-39
1 6.30346317211084e-40
1 1.07493276350955e-45
1 4.60338826525372e-43
1 4.24620828206522e-36
1 4.33098067255281e-47
1 4.77996974098427e-38
1 7.04758675599603e-38
1 2.79865466817268e-37
1 1.15253694482949e-46
1 1.75704856554474e-37
1 2.38641951829441e-34
1 1.18240784624666e-49
1 1.90269068424296e-37
1 1.11404517565352e-35
1 3.61864973327565e-48
1 1.94859860889305e-48
1 2.54386917628236e-44
1 1.36075333947944e-46
1 4.9312523858192e-42
1 1.36868099491337e-39
1 2.73348242698602e-44
1 2.50848835660113e-43
1 4.16738032833902e-34
1 1.8429455293787e-49
1 2.81782236760406e-43
1 3.93531483952545e-33
1 3.69876599525544e-32
1 1.65057694280803e-34
1 1.28305439001145e-39
5.90404008948328e-46 1
1 1.39219477325444e-48
1 1.01775202452599e-39
1 1.33838240132434e-43
8.15353932233855e-45 1
1 3.03233470339613e-46
1 1.65965643720908e-40
1 3.8174154958733e-40
1 3.46921324375586e-43
1 5.95056119543895e-32
1 7.66440573655923e-50
2.649575783477e-41 1
1 8.20552766567791e-47
1 4.88113022099683e-44
2.29570606275185e-36 1
1 5.58180200876565e-52
1 5.92994054190423e-38
1 4.0040055267205e-42
1 6.75521437792205e-37
1 1.72060217231793e-35
1 3.13138867345969e-31
1 2.78792622509792e-39
2.69738885492524e-45 1
1 2.08493691969591e-41
1 2.71843035877002e-46
1 8.75044463315715e-31
1.50147374025905e-34 1
1 7.84435424756997e-40
1.09215401161084e-38 1
1 5.14603818735764e-38
9.93048561619819e-45 1
1 1.44901863091637e-35
1.98879262389612e-43 1
3.92072835160676e-41 1
1 1.09356930907016e-42
1 6.36286578127882e-47
1 6.7653877899192e-43
2.65739205683725e-34 1
1 9.66192435124515e-43
1.57626297731766e-27 1
1 2.91443045944046e-34
1 1.5594284957944e-29
1 2.45888071918341e-39
1 1.59587999683594e-45
6.69134099022155e-33 1
1 1.20395785129052e-36
1.58206508781039e-36 1
1 1.67805334673734e-46
1 4.45204059478995e-43
1 7.49961977061152e-35
5.69573191910634e-41 1
1 4.39973136521016e-35
1 3.24036368336459e-45
1 5.90574688100697e-46
1 2.16271578571222e-34
1 1.44438249100803e-36
2.39501853384882e-38 1
2.90448414195938e-42 1
1 2.65844364299017e-50
9.27111309022748e-41 1
1 2.3768885766487e-30
3.57334098132339e-34 1
1 1.06739676822629e-41
1 1.5541463584414e-36
4.16108510876985e-34 1
1 1.35344263284062e-39
1 1.22922967536789e-31
1.72622726467318e-31 1
1 3.12933469813866e-35
1 6.30709883081852e-48
1 2.17004218827862e-44
1.54350528111801e-41 1
4.65599610531116e-47 1
3.11411423234992e-37 1
1.45529841270526e-37 1
1 4.60725452578805e-35
1 1.22151882185338e-44
8.20245322959638e-36 1
1 6.85208242263156e-36
1 5.19920517441779e-43
1 1.07905293913354e-39
1 5.60458312788399e-41
2.27368309204748e-42 1
8.54314729292252e-45 1
1 1.69341804084265e-41
1 1.31752027703211e-40
1 7.92355452510972e-31
1.76078550950246e-36 1
2.33780716084973e-36 1
1 5.15332124376209e-42
1.27909015645275e-38 1
1 2.38002395567227e-46
9.61211567557396e-44 1
1 1.13145518910418e-40
1 9.88482057175186e-48
1 1.89127077330336e-39
1 1.47731921746998e-42
2.50375408535953e-44 1
7.34363225654117e-45 1
1 1.12896399334391e-43
1 4.93087314570573e-33
1 1.04587370072403e-38
2.36702969883342e-45 1
1 1.61724743575215e-52
1 3.91843260424302e-49
1 1.93565710150617e-34
1 7.40869862238975e-32
1 8.74821185446098e-46
3.47291826643696e-39 1
1 4.68903011724727e-40
1.94841615893401e-44 1
1 2.19722430676059e-40
1.55237141316373e-34 1
1 3.09241907815559e-43
1 6.64988308665335e-32
1 3.55012182137488e-46
6.09673041930405e-42 1
1 3.66988452286983e-37
1 8.14847060695786e-37
1 1.96050243043124e-46
1 4.19127693164732e-38
1 7.47178354284054e-33
1 2.45633672792402e-41
1.29689161554514e-30 1
1 9.14452186270624e-36
1 4.94230824198344e-45
5.05110552714989e-48 1
1 1.95749318787456e-37
1 6.47652226449672e-35
1 1.03230085939341e-45
1 5.93227870815998e-38
1 3.6512941695841e-37
1 1.13205197678009e-21
1 1.79246476183107e-52
2.49373423346825e-28 1
1 2.07945001043528e-49
1 5.53025825612586e-35
3.97958644477589e-40 1
3.01996155755112e-42 1
1 4.09777068868225e-33
1 5.32075901526077e-37
1 6.99803317215587e-41
1 6.92032249956148e-41
1 5.99046416461126e-40
1 3.72576363860382e-43
1.45313848111111e-37 1
1 1.71344777225375e-29
1 1.41648234151075e-46
1 9.12173276897762e-45
1 2.80305448717058e-42
1 4.97293505699823e-45
8.81307506393314e-48 1
3.18978577429746e-41 1
1 1.0125753803333e-54
1.67347971267206e-38 1
1 1.28086823707628e-40
1 4.4284912778911e-44
1 1.04711217692803e-43
1 5.50839199137278e-38
1 4.77728392320189e-48
1 1.40668991144618e-41
1 7.55661709807208e-37
1 2.37469432968119e-48
1 1.4319996917289e-44
8.49891646841862e-42 1
1 3.18951534225536e-36
1 3.94956622611814e-53
5.90248667826305e-44 1
1.42723779305194e-39 1
2.88992093420641e-31 1
1 4.6157554201933e-35
1 1.49561147363737e-40
1.62059738379902e-46 1
1 3.89726103126049e-43
1 3.16571763484636e-30
8.58963604925382e-26 1
2.66033095812337e-42 1
1 1.10367330629385e-44
1 4.0225697346647e-42
1 2.57680492692124e-32
1 6.04136237399098e-45
1 9.6021706333255e-37
1 1.22978034895605e-35
1 1.94897100945063e-34
1 1.885773608295e-34
1 6.57502843269309e-29
1 1.64016938807557e-41
1 2.96378328826487e-55
1 1.93466883261757e-45
1 3.70393630448144e-40
2.75243154502967e-41 1
1 1.33104501848853e-31
1 2.680195467264e-35
1 2.35229386478283e-36
1.88203839680568e-40 1
1 5.29508782475688e-45
1 5.38669212467091e-40
1 2.76071844426636e-44
4.33235220668495e-45 1
1.00606920001509e-43 1
1 2.71100556068808e-37
4.16245868794345e-34 1
