"LD1"
10.0472044967575
-3.4431063525902
10.2912082321911
-4.81184466868784
-3.61872488578926
-3.46330309918529
-2.08686336983997
-1.62838506941995
-4.09546063573688
-3.75848521212698
10.5145461626185
-2.25813452616016
-4.32659318553291
-3.3250824789834
-3.2327603806747
-4.28787345654209
-2.15152488283421
-0.890540045558465
-1.32005108887644
-2.36813935760064
-0.989816324487964
-4.14320309099549
-0.981051745060458
-3.15535583424411
-2.84385452257464
-5.21283409811041
-2.62167134217134
8.37186701957049
-3.25636904495833
-2.82365645733292
-2.55950372909324
-2.0861447581345
-1.93086661814815
-1.92610824923179
-2.66656121609877
-0.821505715225512
9.35830215113647
-3.23939110532855
9.24159933160888
9.25452134868227
-2.49169288317922
-3.67320468924171
-2.30886450322958
-6.23716398365143
-4.17064079432876
9.54047639700343
-3.15283800542956
-3.41617217507114
-3.62925147326676
-1.31126081113154
8.34354796124857
-4.09346506970303
-2.8254381146412
8.97116133787526
-3.76809460668912
-3.73840514535573
8.46442396896568
-1.59994217431874
-2.32985808698728
-3.53698178154343
-3.98994785542557
-2.16740130802382
-3.94107125165406
-3.93909635318288
-3.99289113122423
-4.47960405546754
-2.23692952276809
9.81023217106988
-3.0870291745281
-3.12542638746932
7.97281633111085
-3.88769360955376
9.26823801576627
-2.56166646315648
-3.28415407084676
-4.59945856240117
-3.77650787205214
-2.55331274054793
-2.67056697836534
-3.72190742543109
10.3431787669386
-2.70219838729893
-2.42443666194893
-3.25504462320596
-2.79895930744083
-3.7988764145782
-5.17502785919686
-3.20993850353674
-3.77003756814253
-4.66789034364673
10.2365148716499
10.1213774148005
-2.28189380901436
-4.32260557113737
-3.44533634829477
-3.74502672250913
-2.68217414673341
-3.45533025983145
-1.70874810116237
-1.0032136257
-4.71058586437153
10.5713721650412
10.3367585172118
-1.14181828113719
-4.0178175197568
-2.68535602624502
10.7893618834616
10.9056138143408
-0.853373371769714
-2.34365367601819
9.5068501124622
10.5165668733196
-3.92400706430963
-4.46948873399159
9.96162301195316
10.325428635793
10.361974671264
-2.80026144819274
-2.15260978718988
9.98474483634354
-2.91175502445415
-0.826011795083544
-2.29314511721841
9.62205101759439
10.3477995173533
-1.65423712870562
8.79176655572282
9.42776396642865
-2.46397244406857
-3.86704290690248
-4.20542238559145
-3.01162161625729
-3.09617113949394
-1.95327714649717
-3.10018486206256
-2.66795544789371
10.4806877905255
-2.67509526411943
-4.76944065720311
-3.27436297024384
11.1695355590054
7.75190812752872
-3.84729256875487
11.437453983109
-2.82036438114691
-3.37928164954633
-2.68035044793367
-3.18330654264555
8.92331943597048
-2.58458473031691
9.51954125538097
-1.22000192608243
10.9790939753743
-3.9648494999325
-3.73769794353372
-2.648048903992
-2.88150788973717
-4.2086162613078
9.94291341721439
-4.53268447812894
-3.95075641723816
-4.15981041839845
10.3689739304111
9.31616075064535
-3.82589651399988
-4.96120834390756
-2.84674005343881
-3.11267713465137
10.1434734911018
9.04642715073717
-2.93238427637349
-2.06749114600216
-3.81827323234489
-2.71865085220781
-2.65533401389708
-4.15155240098634
9.24238775209684
-2.9108986124086
-3.30819602008788
-1.77248072054245
-2.98244137173653
8.75376013250913
-2.32514500072634
9.64147634342339
-4.6427903824848
-3.70124103998701
9.72664627313684
-5.4213219882088
-3.1637450463759
-3.73296561100977
-3.69332988022458
-3.26419354398738
-1.77091926042944
7.51644730884931
8.61868649625299
-4.611092463749
-2.6028554697384
10.5350778152776
-4.9857658558895
-3.97694493263305
10.644434893658
-3.568856886723
-4.34796192859398
-3.94003423385729
11.1457506114273
-1.65477049530188
9.30245829941855
-2.23178148003761
6.75196570841976
8.26438816095162
-2.71248474387182
9.41320113164387
-4.2808798833248
-4.10843039167858
-4.43718997178202
-5.14566787246555
8.20219577710189
-5.40041262897523
-2.96320635459578
-4.81157034650999
-3.26078420403461
8.9860390579964
-3.88999728468341
-3.19405534165098
-3.60690961598237
9.34364634889289
-2.89123682926523
-2.75557591020572
-2.5369184069117
-2.62059054698087
-2.46462466061675
9.78071745507704
-2.70249733691873
-3.54398517371166
9.21650932477938
-2.60748244431619
-2.73099066544357
-1.85934578597015
-2.71067328495106
-3.29354341042972
-3.0630005307718
-2.5376196369664
-4.12949805335344
-2.57938394480762
-3.69054236509351
-4.52676577514378
-4.96713056819334
-2.09840492602856
-3.10901931418193
-3.62829230529011
-3.40085067503476
-2.47770634861962
-2.1687115387456
9.99882308663797
-3.2348498538081
9.48497430984533
9.97541796178165
-2.79734852087562
-4.33592122378699
-2.18100302718292
-1.70737809913186
-3.76566890740124
9.28281825130012
-4.1235225496846
9.09860610862128
10.3437077039399
-4.51487793370538
-4.04689501452376
8.28832198138373
8.13742699932033
8.81097825369153
-4.40572489555351
-4.08817302025877
-3.66129773403124
-3.74748340432162
-3.02712050197659
-2.25896811692779
-3.70730622238897
-4.14539145903237
-2.44304747991424
-3.89479441321309
-1.68570260878405
8.53524246587617
-4.67843743094738
-1.40857266622971
7.95831903591497
-3.89890885064965
-1.83002975907889
-2.82916319941087
-3.9234230830137
8.85782139672725
-3.9377497252806
8.76436515459488
10.84823249557
-2.0564072532348
-2.4817095932768
-2.3296472408935
-2.17678866605025
-3.2079497427279
-2.27677745500636
