"LD1"
-5.4213219882088
10.9790939753743
-2.67056697836534
10.5165668733196
-4.34796192859397
10.1213774148005
-4.52676577514379
-4.40572489555351
-3.92400706430963
-1.8300297590789
-3.44533634829477
-3.29354341042972
8.85782139672724
-4.32260557113737
7.51644730884931
-2.648048903992
-2.23178148003761
-3.89890885064965
9.81023217106988
8.9860390579964
10.5713721650412
-0.989816324487966
-6.23716398365143
9.25452134868226
-2.46462466061675
-3.99289113122423
-3.62829230529012
9.64147634342339
-5.40041262897523
-4.2086162613078
-2.88150788973717
-2.75557591020572
-0.853373371769713
-2.82365645733292
-4.15155240098634
-2.66795544789371
-0.890540045558463
-0.826011795083548
-3.2079497427279
-2.08686336983997
-3.30819602008788
-3.89479441321309
-4.43718997178202
-3.98994785542556
10.3689739304111
-4.14320309099548
-1.14181828113718
-2.71067328495106
-2.16740130802382
-3.69332988022458
-1.59994217431873
-3.88999728468341
8.79176655572282
-2.84674005343881
-2.71248474387183
6.75196570841976
-2.65533401389708
10.325428635793
-1.92610824923179
-4.611092463749
-3.40085067503476
-2.8254381146412
-2.79895930744084
-2.62059054698087
-3.82589651399988
-2.25896811692778
-2.32985808698729
8.75376013250913
-2.82916319941087
-4.76944065720311
-4.17064079432876
-4.96120834390756
-5.21283409811041
-2.71865085220781
-1.77091926042944
-4.6427903824848
-4.67843743094737
-4.53268447812894
-2.84385452257464
8.61868649625299
9.3436463488929
-2.55331274054792
9.48497430984533
-4.20542238559144
-4.33592122378698
-3.73769794353373
-2.60748244431619
-0.981051745060454
-2.60285546973839
10.1434734911018
-2.66656121609877
10.3431787669386
-2.68217414673341
-3.73296561100977
-3.84729256875487
-3.70124103998701
-3.10018486206255
-0.82150571522551
-3.37928164954634
11.1457506114273
-2.96320635459577
-2.30886450322959
-3.02712050197659
-2.28189380901436
-2.67509526411943
9.62205101759438
-1.65477049530188
-3.72190742543109
10.3437077039399
9.99882308663797
-2.62167134217134
9.96162301195315
8.13742699932033
10.361974671264
-3.74502672250912
-3.10901931418193
9.51954125538097
-2.55950372909324
-3.01162161625728
-3.09617113949394
-2.15260978718988
-3.46330309918528
-2.44304747991424
10.2912082321911
-4.0178175197568
-3.97694493263305
-2.18100302718292
9.04642715073717
8.81097825369153
7.97281633111085
10.9056138143408
8.92331943597048
-3.4431063525902
-2.0564072532348
-1.70874810116237
-4.9857658558895
-3.2607842040346
-4.81184466868784
-3.9377497252806
-2.68535602624502
-1.32005108887644
-3.93909635318288
-2.09840492602856
-4.46948873399159
8.20219577710189
-2.42443666194893
-2.80026144819274
-1.85934578597015
9.09860610862128
-2.91175502445415
9.42776396642865
-3.11267713465137
-4.04689501452375
-2.25813452616016
-4.59945856240117
-3.77003756814253
9.54047639700343
-3.23939110532855
-4.1235225496846
-1.68570260878405
11.1695355590054
-4.09546063573688
-3.66129773403124
-4.47960405546753
-1.65423712870561
-2.49169288317922
-3.74748340432162
-5.17502785919687
9.98474483634354
-3.88769360955376
-2.0861447581345
-1.93086661814815
10.2365148716499
7.75190812752871
9.21650932477937
-3.15535583424411
-2.36813935760064
-1.00321362570001
-2.58458473031691
-1.77248072054245
-3.12542638746932
-2.93238427637348
-3.95075641723815
-1.31126081113155
-3.70730622238897
8.34354796124856
-3.20993850353674
-3.2348498538081
8.46442396896568
10.5145461626185
-5.14566787246555
8.26438816095162
10.84823249557
-3.76809460668913
-2.06749114600216
-3.45533025983145
-3.15283800542957
8.97116133787526
10.5350778152776
-4.09346506970303
-3.2327603806747
-3.27436297024384
9.24238775209684
-4.12949805335344
-3.7988764145782
9.72664627313684
-3.19405534165098
-4.71058586437153
-3.69054236509351
9.28281825130012
10.7893618834616
-3.25504462320596
9.78071745507704
-1.70737809913186
-4.81157034650999
-3.75848521212697
-3.62925147326676
-3.77650787205214
-2.3296472408935
-2.15152488283421
-1.62838506941995
-2.47770634861962
-2.73099066544356
-4.66789034364673
10.3477995173533
-2.23692952276809
10.644434893658
-1.22000192608243
8.53524246587617
-2.3436536760182
-2.46397244406857
-2.57938394480761
-3.18330654264555
-3.9648494999325
-1.40857266622971
-4.08817302025877
-2.68035044793367
-2.5376196369664
-4.32659318553292
-2.48170959327681
-3.94003423385729
-2.70219838729893
-3.26419354398738
-3.67320468924171
10.3367585172117
-3.06300053077179
-2.82036438114692
9.26823801576628
8.76436515459488
9.41320113164387
-3.9234230830137
-3.28415407084676
8.37186701957049
-3.41617217507114
8.28832198138372
-2.29314511721841
9.31616075064535
-3.61872488578926
-3.568856886723
-2.32514500072634
-3.86704290690248
-3.73840514535573
-2.98244137173653
-4.96713056819334
-4.28787345654208
-4.2808798833248
-3.53698178154343
-2.70249733691873
-3.0870291745281
-4.10843039167858
-3.81827323234489
-3.76566890740124
10.0472044967575
-3.94107125165406
10.4806877905255
-2.79734852087562
-4.51487793370537
9.50685011246219
9.24159933160888
-2.56166646315648
-2.16871153874559
-2.9108986124086
9.94291341721438
-2.27677745500636
11.437453983109
9.97541796178165
-3.25636904495834
7.95831903591496
-2.89123682926523
-3.54398517371167
-2.17678866605026
9.35830215113647
-2.5369184069117
-3.3250824789834
-1.95327714649717
9.30245829941855
-3.60690961598237
-3.1637450463759
-4.14539145903237
-4.15981041839845
