4.24620828206431e-36 1
1.93565710150578e-34 1
6.57502843269206e-29 1
2.73348242698536e-44 1
1.41675138490864e-45 1
1.47731921746962e-42 1
8.14847060695647e-37 1
8.20552766567604e-47 1
1.53978626179814e-46 1
1 2.69738885492462e-45
2.37469432968052e-48 1
1 8.54314729292058e-45
1 6.82307237213087e-28
1 1.08150465629326e-43
1.01257538033301e-54 1
1 3.18978577429674e-41
1.69341804084224e-41 1
1.09356930906991e-42 1
1 1.50147374025884e-34
3.31678472440408e-52 1
1.18240784624632e-49 1
1.44438249100773e-36 1
3.13138867345915e-31 1
2.19722430676006e-40 1
1 1.42723779305165e-39
5.29508782475545e-45 1
1.04711217692778e-43 1
1 1.57626297731749e-27
1.35344263284033e-39 1
1 3.97958644477509e-40
1 2.889920934206e-31
9.60217063332345e-37 1
1.63211734468022e-38 1
1 2.50375408535903e-44
6.30346317210941e-40 1
1 1.94841615893357e-44
3.70393630448065e-40 1
1 9.47421065170682e-38
1 3.33366777519943e-47
2.1755280510568e-54 1
2.16271578571182e-34 1
1.65965643720873e-40 1
1 3.19713827059713e-46
1.39219477325405e-48 1
1 8.20245322959487e-36
1 5.90404008948194e-46
1.61724743575164e-52 1
2.170042188278e-44 1
1 8.81307506393038e-48
1.20395785129026e-36 1
2.08493691969535e-41 1
5.36261035144902e-46 1
1 1.27909015645248e-38
4.93087314570475e-33 1
4.77728392320073e-48 1
3.03233470339536e-46 1
1 3.31897774264067e-38
7.92355452510848e-31 1
1 1.62059738379858e-46
1 5.05110552714852e-48
8.75044463315578e-31 1
5.58180200876398e-52 1
4.68903011724627e-40 1
1.13145518910394e-40 1
2.2341753648345e-40 1
1.36868099491308e-39 1
1.55942849579416e-29 1
4.42849127788991e-44 1
1 9.61211567557204e-44
2.18632998736375e-40 1
1.88577360829467e-34 1
1.55543886415685e-26 1
1.21651593432598e-30 1
6.92032249956e-41 1
7.84435424756807e-40 1
1 1.76078550950218e-36
4.55666427406876e-39 1
4.12488862854997e-36 1
1.13205197677996e-21 1
6.22108801539637e-46 1
4.00400552671953e-42 1
1.41648234151045e-46 1
3.72576363860297e-43 1
1 2.7524315450292e-41
6.47652226449525e-35 1
3.24036368336385e-45 1
1.70076394358473e-45 1
1 9.93048561619565e-45
3.01672427514134e-30 1
4.21848659330546e-30 1
1 1.45529841270506e-37
1 4.16245868794268e-34
4.94230824198218e-45 1
7.97972325902634e-46 1
1 1.29689161554489e-30
1.40668991144588e-41 1
1 2.29570606275143e-36
4.19127693164643e-38 1
1.64016938807522e-41 1
5.53025825612468e-35 1
1.98109274403137e-43 1
1 3.11411423234947e-37
1 9.71547705886432e-49
1 4.26681398468437e-32
2.45888071918282e-39 1
8.74821185445911e-46 1
1 2.90448414195863e-42
1 6.09673041930249e-42
2.8030544871699e-42 1
3.65129416958338e-37 1
1.96050243043068e-46 1
9.14452186270429e-36 1
5.98794153557941e-48 1
1.33838240132399e-43 1
3.12933469813804e-35 1
1 7.3436322565396e-45
4.60725452578727e-35 1
5.9904641646099e-40 1
2.3864195182939e-34 1
1 2.12007340771247e-43
1.07493276350929e-45 1
1.06739676822605e-41 1
5.14603818735654e-38 1
1.33104501848831e-31 1
4.61575542019238e-35 1
2.96378328826403e-55 1
1.89127077330296e-39 1
1 4.33235220668415e-45
4.88113022099566e-44 1
7.47178354283916e-33 1
6.72501205608448e-41 1
2.65233189899665e-45 1
1.59587999683555e-45 1
1 2.39501853384841e-38
5.92994054190305e-38 1
3.55012182137387e-46 1
1 1.09215401161063e-38
1 5.90248667826171e-44
6.76538778991738e-43 1
1 6.6913409902205e-33
1 4.67534413714811e-30
1.91010128426398e-46 1
1.79246476183046e-52 1
1 2.49373423346768e-28
1.70007935423519e-45 1
1 1.54350528111764e-41
4.16738032833825e-34 1
1.67805334673696e-46 1
4.77996974098318e-38 1
1 1.55237141316349e-34
2.50848835660056e-43 1
3.59409349790697e-38 1
1.24434224568338e-35 1
1.31752027703181e-40 1
1 1.67347971267173e-38
1 4.23218349382909e-36
9.66192435124267e-43 1
2.81782236760342e-43 1
1.49561147363701e-40 1
3.94956622611702e-53 1
1.94897100945018e-34 1
2.10546757928405e-34 1
1 3.39683574853896e-48
6.34520213592432e-38 1
1 8.1535393223367e-45
1 5.69573191910537e-41
9.88482057174948e-48 1
1 9.2711130902263e-41
5.32075901525979e-37 1
8.22039289401082e-43 1
3.81741549587243e-40 1
5.93227870815871e-38 1
2.78792622509729e-39 1
1.44901863091613e-35 1
2.07945001043475e-49 1
1.75704856554442e-37 1
2.54386917628182e-44 1
6.04136237398926e-45 1
1.19258878339465e-47 1
2.76071844426573e-44 1
1.08056497321491e-35 1
2.25701808143897e-39 1
1.55210751452819e-50 1
7.10746410827126e-48 1
3.46921324375507e-43 1
1 2.36702969883281e-45
4.39973136520935e-35 1
5.90574688100571e-46 1
6.36286578127728e-47 1
2.51764834595279e-34 1
1.49985770830437e-36 1
4.44146885846046e-53 1
1 2.33780716084903e-36
1 4.65599610530943e-47
1 2.2736830920471e-42
5.11899910854217e-47 1
2.35229386478239e-36 1
1 2.6603309581228e-42
1.75861540509221e-40 1
2.91443045943992e-34 1
2.18142362990192e-37 1
1.12896399334362e-43 1
2.3768885766483e-30 1
2.29707768563872e-45 1
1.28305439001112e-39 1
6.99803317215428e-41 1
4.09777068868149e-33 1
2.57680492692077e-32 1
1 1.88203839680525e-40
3.91843260424208e-49 1
7.40869862238838e-32 1
1 4.16108510876944e-34
1.65057694280772e-34 1
1.01775202452577e-39 1
5.19920517441661e-43 1
1.43199969172853e-44 1
4.45204059478875e-43 1
1 2.64957578347639e-41
5.02491298278694e-38 1
4.33098067255158e-47 1
2.65844364298952e-50 1
5.60458312788264e-41 1
1.09818702161479e-27 1
2.88252261954197e-39 1
3.69876599525475e-32 1
1.36075333947909e-46 1
1 1.45313848111082e-37
9.26400953814609e-38 1
1.22922967536768e-31 1
5.50839199137137e-38 1
7.55661709807069e-37 1
1.22173398774963e-43 1
3.89726103125955e-43 1
2.71843035876932e-46 1
2.79865466817208e-37 1
3.1824876222583e-45 1
5.153321243761e-42 1
1 3.57334098132303e-34
2.68019546726343e-35 1
8.04308318062694e-42 1
1.07905293913329e-39 1
1 3.92072835160626e-41
4.60338826525274e-43 1
1.71344777225346e-29 1
1.22978034895579e-35 1
3.09241907815489e-43 1
1.95749318787414e-37 1
1.9346688326171e-45 1
1 1.58206508781012e-36
1 6.26780464785711e-38
1 3.47291826643617e-39
1 8.5896360492526e-26
2.38002395567169e-46 1
1 1.72622726467283e-31
1 1.98879262389547e-43
5.38669212466969e-40 1
4.93125238581807e-42 1
1 3.00274028074197e-40
6.64988308665202e-32 1
3.16571763484586e-30 1
1 5.82034724457078e-45
1.10367330629359e-44 1
2.45633672792346e-41 1
3.41017471419068e-42 1
1.28086823707597e-40 1
1.838749430444e-49 1
3.61864973327468e-48 1
5.32110080988192e-40 1
2.71100556068754e-37 1
4.02256973466384e-42 1
3.18951534225477e-36 1
1.04587370072382e-38 1
5.64223084159935e-38 1
1.72060217231759e-35 1
1.90269068424259e-37 1
3.93531483952472e-33 1
1 2.6573920568368e-34
1.77636965856295e-34 1
7.49961977061035e-35 1
7.66440573655651e-50 1
3.66988452286905e-37 1
6.75521437792061e-37 1
6.85208242263e-36 1
2.90076568837738e-36 1
1 1.0060692000148e-43
1 3.01996155755052e-42
1.03230085939316e-45 1
1.1140451756533e-35 1
1.2215188218531e-44 1
7.04758675599443e-38 1
9.12173276897593e-45 1
2.21481737210537e-43 1
5.95056119543794e-32 1
4.97293505699688e-45 1
1.55414635844111e-36 1
1.84294552937823e-49 1
1.94859860889257e-48 1
1.15253694482924e-46 1
1 8.49891646841645e-42
6.30709883081673e-48 1
