"LD1"
4.93665661669986
3.80842971538462
-8.09168643549362
2.51781558761128
2.93191253009519
2.68285128491769
3.13294684779919
2.5915110993088
4.055645181408
3.14861645081563
3.03487793202262
4.0481201118953
3.63038186186037
3.18654872399102
4.60952830579328
-9.53882526256039
-11.3898773063689
-9.56644109132371
2.41593365400385
-9.53747729636698
-9.92379496420754
3.511512153544
4.16140228762133
-10.3683926422116
2.74342087277818
3.5138819865662
-9.74353917550452
4.39401756100766
2.30553669515799
-9.77526633569772
-9.22626076561778
4.33036931863237
2.80955760483644
-10.7902054389903
2.91669033457217
-9.90386014135344
4.41921776504909
3.79460967661359
4.61338004100485
-10.7402788407397
2.29781787026524
-10.5526484000961
-10.564297453201
3.22700659129845
3.32176955858507
-10.2020820215972
3.71474163591131
1.88115868801622
4.27997551215459
5.86109555231462
3.94536766880642
-11.2725848250506
1.91642759738375
3.28042851008349
4.68198238324457
3.98763860876434
2.06589407454211
2.03506588512461
3.16173015367006
5.7699637382766
3.64492403574991
4.11523664144546
3.4960846496262
-10.9897115692368
3.14226254235603
3.25488597214563
3.60302415807425
-10.3253890442476
2.94331414706254
3.88875447678567
4.22839520294181
2.41237832249363
1.68912565899516
-11.5592778289282
2.38725485006873
2.50961120331041
4.00549567569585
-9.8059112869928
2.49831596682074
2.30604513764378
2.29051692919775
4.90449823035282
-8.94709683398281
4.8717478020577
2.81759165918527
0.955923349060659
4.27281953241048
3.20335424671619
5.30176121831776
3.09650549919332
4.06978054441641
2.52007892041993
3.87731418215573
2.90115288795859
2.24916518489763
4.43808247780551
-9.87726966885384
4.19908391396764
3.28266690813139
4.26896106257783
2.61058653285636
2.27569092920206
1.15253610578176
-10.5432435634989
4.56227656651979
2.31786274879432
-8.80967850889164
2.7257155370646
2.30798173604926
4.86262303383192
1.68176276654485
-10.8987334976008
2.55386658386816
3.83318792132898
2.87308247733575
4.34023036636108
5.4982114465098
3.79990157472072
-11.0069551628051
3.3422130404531
3.25579470417561
3.98837401389716
5.71323705308262
2.77135007768734
-7.73302230895459
2.29980775945771
2.71180668407097
3.95258616102244
-11.4885605440104
2.58936097666926
1.65732441157765
2.08262227013534
3.5997568930627
1.5863848479634
3.7239273340151
-8.70600821965062
-10.1811906087627
-10.7450202894668
-9.68700203416685
-11.0640008913329
3.69243129968565
-9.15312538842643
1.5650896253323
4.81562700342673
-10.3821560144872
3.1304718120781
-10.4911354156161
2.7709733811735
2.82560466156591
4.23139688948254
-10.5461354974705
-11.073691653193
3.78139990470116
2.44120658221303
-10.0204990108161
2.28654628931279
-10.9173345397292
3.82395243918883
4.14654913448094
1.87291689314265
4.69665098434542
3.32016384139798
-11.6521226096451
3.84145995163819
3.61813141023299
4.46661624688771
4.45421688840232
2.81969788833619
-10.9673275304443
3.00186842984486
-10.4222356732138
4.38169920191836
1.82734610711422
3.73591205001836
3.20769251821186
2.69963029436229
-9.55850227880016
4.63013422304151
5.05511115033557
1.60764230049497
3.36142958425671
2.45269847362257
3.56673659566505
3.9937064255942
1.75798645154478
-10.3793310696167
5.48950490087905
5.38601740384194
2.07962175231659
-10.3530887071521
-9.49345444395995
3.52527221898773
4.35461350704929
4.1720686753284
3.19051022786529
-9.15310090740896
4.35654534317617
5.34037016551099
-11.5298481867412
-10.981951552831
0.125526145443799
4.37872198236727
4.72159056660641
-8.16634508838057
-9.18638746397361
2.92216387994808
4.24367467570538
3.769892250261
2.63317100626166
-10.4664957149797
4.11012253265157
3.42273758609637
3.40626757206837
2.9061733652318
2.9098624037233
4.250494684467
-10.2367340648519
2.61762525624542
1.86490193945974
1.46811193465554
3.54574558490018
2.66655102285989
4.10034263964205
2.37637579160506
3.48392505462276
1.94323786106448
3.77892025008878
3.24322815233495
3.40921937312864
2.66934653387445
-11.0288551017833
-10.7989516399978
2.66391366407553
-9.22873348688162
-9.85306909498544
3.3593368846075
3.37062970020731
3.2470058762208
4.87157872599104
3.32140087089333
4.19439241121973
4.32226367291927
2.90614412414709
3.8705501763988
4.11477841107176
4.14788593586091
-11.1766890437104
2.79107622842745
2.48557370935931
2.53245967526461
4.60066671133124
1.58996066260724
5.01519589161706
1.3613779788128
3.40709585990158
-11.2221861927936
4.03632810086728
4.65073773586951
-10.795568427182
-10.0864589123032
-10.8351228315912
2.89336559255724
3.791271667534
-8.66778682773477
3.6184745183151
-8.02957783250482
-10.9784892869867
-10.289252290396
2.91164309224698
-9.16442028586514
1.82144355552666
2.31241487099295
3.18571826343182
3.883171790737
2.39897063432796
-8.55642685281241
3.3499327766093
2.79343639878889
-9.93551430460345
4.36615255001221
3.8153271394314
2.71739992610893
5.39364743084843
-11.3650969197681
4.37253086470603
4.18480453665759
2.41251505636152
2.51048434711701
4.31057014814189
3.26517438611556
1.46112558327921
4.57619993052067
2.91845709440914
4.20791502983855
-8.46131061509781
4.19436254862403
3.33791714243479
-9.74342900522191
-9.44437211436655
3.7503611059127
