"LD1"
-9.22873348688163
2.66934653387445
-11.0069551628051
2.41593365400385
3.88317179073701
3.82395243918883
2.31786274879432
-10.0204990108161
-10.7989516399978
2.71180668407097
2.82560466156591
3.32016384139798
5.38601740384195
2.90614412414709
1.94323786106448
3.18654872399102
3.84145995163819
4.20791502983855
-10.7902054389903
-8.55642685281241
-10.9784892869868
-8.66778682773477
3.32140087089333
2.9098624037233
4.45421688840232
-9.87726966885385
2.66655102285989
-10.289252290396
3.03487793202263
3.9937064255942
4.56227656651979
2.31241487099295
3.40921937312864
4.61338004100485
2.77135007768734
3.77892025008877
3.511512153544
-10.3793310696167
3.13294684779919
4.46661624688771
4.1720686753284
1.82144355552666
3.87731418215573
2.38725485006874
3.98837401389715
3.25579470417561
3.33791714243479
1.91642759738375
1.86490193945974
-11.2725848250506
-11.5592778289282
-10.4222356732138
2.92216387994808
4.38169920191836
4.06978054441642
4.43808247780551
3.71474163591131
3.72392733401511
3.61813141023299
1.82734610711422
3.13047181207811
3.42273758609637
2.510484347117
3.64492403574991
3.1905102278653
4.93665661669986
2.39897063432797
3.56673659566506
-10.8351228315912
4.05564518140801
-11.1766890437104
1.68176276654485
3.83318792132898
3.52527221898773
2.28654628931279
-8.09168643549362
2.91164309224698
2.7257155370646
1.46112558327921
3.78139990470116
4.24367467570539
-9.18638746397361
-11.6521226096451
2.24916518489763
2.55386658386817
2.30798173604926
4.16140228762133
3.88875447678566
-10.7450202894668
4.23139688948254
-10.9897115692368
-11.073691653193
-9.5388252625604
4.14654913448094
2.45269847362257
2.90115288795859
-9.74342900522191
4.65073773586951
2.30604513764378
3.8705501763988
0.95592334906066
-8.70600821965063
5.7699637382766
3.7503611059127
1.75798645154478
2.94331414706254
3.24322815233494
3.28042851008348
-8.94709683398281
-9.55850227880016
0.125526145443801
3.3499327766093
-11.4885605440104
3.73591205001837
4.37253086470603
-8.46131061509781
3.14861645081563
4.81562700342673
5.01519589161706
2.29781787026525
-9.77526633569772
2.80955760483644
-10.9673275304443
2.58936097666926
-10.1811906087627
3.40709585990158
-9.53747729636699
3.09650549919331
-8.02957783250481
2.81969788833618
4.18480453665759
-10.5432435634989
3.28266690813139
4.11012253265157
5.34037016551098
4.33036931863237
4.27997551215459
4.57619993052067
3.20769251821186
3.40626757206838
4.68198238324457
3.26517438611556
5.39364743084844
3.37062970020731
4.11477841107177
4.37872198236727
-9.74353917550452
4.22839520294181
4.10034263964205
-9.85306909498545
2.79343639878889
2.7709733811735
3.32176955858507
3.63038186186037
3.36142958425671
4.86262303383193
5.30176121831776
-9.92379496420754
3.94536766880642
5.86109555231462
-9.15310090740897
-10.9173345397292
4.3546135070493
-10.981951552831
3.54574558490018
4.03632810086728
3.14226254235603
3.791271667534
-10.3821560144872
-9.56644109132371
-10.4664957149797
3.80842971538462
-10.3530887071521
3.48392505462276
-11.5298481867412
3.60302415807425
4.26896106257783
2.9061733652318
2.74342087277818
2.0350658851246
-10.5461354974705
2.08262227013534
3.51388198656621
1.87291689314265
4.25049468446701
-11.0288551017833
1.65732441157765
5.4982114465098
4.4192177650491
4.34023036636108
3.25488597214563
-10.0864589123032
4.19436254862403
1.68912565899516
2.29051692919775
2.06589407454212
3.98763860876434
1.58996066260724
2.52007892041993
-10.2367340648519
2.305536695158
5.71323705308262
-9.16442028586514
2.27569092920206
-9.44437211436655
-10.5526484000961
4.87157872599104
3.79990157472072
3.59975689306271
3.22700659129845
3.3593368846075
3.95258616102243
2.61058653285637
4.27281953241048
-8.16634508838057
2.81759165918528
3.00186842984486
-10.3253890442476
-10.3683926422116
2.71739992610893
2.29980775945772
3.769892250261
-10.5642974532011
-9.22626076561778
3.20335424671618
4.90449823035282
4.87174780205771
1.15253610578176
4.11523664144546
2.4855737093593
3.2470058762208
1.88115868801622
-11.2221861927936
-9.8059112869928
4.60952830579327
4.0481201118953
2.63317100626166
-10.2020820215972
4.3105701481419
2.41237832249363
5.05511115033558
3.69243129968565
2.51781558761128
-11.064000891333
4.32226367291926
3.16173015367006
1.60764230049497
3.18571826343182
2.07962175231659
2.61762525624542
3.4960846496262
4.69665098434542
2.93191253009519
2.91669033457217
4.60066671133124
4.14788593586091
2.79107622842744
2.91845709440914
3.7946096766136
2.6828512849177
-10.795568427182
4.39401756100767
2.66391366407553
-10.8987334976008
4.19908391396763
-8.80967850889164
-9.90386014135345
-10.4911354156161
3.6184745183151
4.63013422304151
4.35654534317618
-11.3650969197681
2.49831596682074
-9.15312538842644
-9.68700203416685
2.69963029436229
2.89336559255724
2.37637579160506
5.48950490087905
1.56508962533229
3.81532713943139
1.36137797881279
-9.93551430460346
2.50961120331041
2.87308247733575
1.46811193465554
4.72159056660641
1.5863848479634
3.3422130404531
-10.7402788407397
4.19439241121973
2.53245967526461
2.59151109930879
-9.49345444395995
4.00549567569585
-11.3898773063689
4.3661525500122
2.44120658221303
-7.73302230895459
2.41251505636152
