"LD1"
-2.92025192976252
-2.12492533633942
-2.70153591213498
11.0001372734908
-2.26954685573711
-0.674077024255427
7.77185840115567
-2.13740303932118
-1.74060232422496
-3.83813234598537
-1.78353892793982
10.7982001618646
-3.86079460342677
-3.14054521292845
-3.9589905115583
8.1743258213136
-2.67173418435446
9.5058955563956
-4.13241053065481
-3.2078724398538
9.27735269085391
-3.43482501446946
-4.51195137348494
-3.56708712261179
-2.35731981579907
-4.1519681805824
-3.7472386309413
-2.22285126871363
-3.04308351645633
-4.07480536756339
9.6313616217858
-3.82271795247489
-2.31691029434968
-3.86256977532229
-1.80405543846867
-2.77963175543345
10.81905719702
-2.37691280948734
-3.96484033786035
-2.99472639724584
-4.36126550589571
-6.23936966099259
10.5058851412331
8.94225698465106
-4.52181588338059
-3.52262905581495
-2.61592331613392
-4.04657934628522
-2.5033716417606
-3.26434431745532
8.74652657104012
9.07631943497397
-3.62217469885257
-5.3984743315985
-3.13218910609962
-1.78953482816081
-3.77865550167462
-1.19340852657344
-2.78517790949578
-4.62990364659565
-5.06276714075169
-2.13087329497744
-2.64000634144686
-3.72264204469022
-3.76860544780302
-4.95042587641809
-3.93657779053089
-1.67175108127834
8.5926172537117
-2.17704975858133
-4.65159018697151
-3.26526028469635
-4.88621285729781
9.5413839291234
-3.8136067050226
8.05264501456619
9.98637708133815
9.21731511457233
-4.68913191232636
-4.03767393016409
-2.19460643762406
-2.87229474402038
-2.72200071999947
-3.71736585036557
10.601484999576
-2.35784476127675
-2.59667481179747
-3.36443637379184
9.15373560720516
8.38381745012589
8.66960842011526
-3.26373625463171
-4.31949764930932
11.1106202963003
-4.41143643974206
9.28181202755543
-3.19993715826855
9.27003056946852
-3.59429748709805
-2.19430663362701
-4.74331004718683
-3.27459100200017
8.83342869899603
-1.95578985511923
-4.45130698342909
-4.00723426027307
-3.11709044675297
-1.75831157421059
-4.07852642854875
-2.58349609487673
-3.22028466691058
-2.16484765240399
-1.66084953305586
-4.09361934540259
-2.54349832710392
-1.34981821541431
-3.02172006496382
10.1004971379409
-2.80455948883649
10.3793075385641
9.88273620337334
-3.8270096096162
-2.68054423184389
-3.8958668848614
-2.41473241519443
-5.22541249261387
-2.6133594614892
-2.11610528852531
-3.83662869291849
9.4993145789448
-0.876697500698432
-2.51499882373523
-1.60061761903587
-2.55261860838653
-4.13454590960797
8.83913678767006
10.4935851653749
-3.53213267959576
10.2867807620723
10.4534540681278
-3.75937255992978
-1.24936741585987
7.91094866372757
-3.84886984064808
-4.03835408732119
-2.54447778015044
-4.12549807073947
-3.27212185502895
-0.834766632482704
9.95183664445316
6.67016216431516
9.47045361559507
-3.08064164430313
-3.15780167775544
-2.7052584468667
-1.93707856607784
9.76371295022166
-2.87444818707947
-3.41357550269845
-3.8643924873984
-3.13175806242609
-2.85579375162921
8.2703180379179
-2.65785329879963
-2.6788349362589
-3.90235386271303
-2.8615344442599
-4.21002225857748
-1.85453593858202
10.9694400682142
-1.83816935209652
-1.7803859590705
8.34078056009834
10.5950383292313
-3.22248804859262
-2.49646980665553
-1.69745565839025
-3.93140719931437
-3.49206511039432
9.2440936139804
-3.56370619309204
-2.25722235612258
-2.36565846950603
-3.30684815499549
-2.78256292621396
8.77066849767703
10.1675351771478
9.4946419563834
-2.34483913988054
11.0038265061689
-3.63691575123132
8.47914206618294
-2.48014822831559
-3.19272825568004
-0.891903217571587
8.18250214602179
-3.20265278405179
-3.12975318697131
-2.78948072834696
-1.43102284577278
10.5365020169669
-4.8750421266289
-4.64715123638667
7.49717404142851
10.0886189851973
-4.01546860859023
-4.29139298824968
-4.57386284876705
-3.42234915609902
-3.98824420415238
-3.62781872930754
-3.86938041229152
-3.53400130971346
8.4983393304528
10.3128461487171
9.19552511507576
9.86544900955503
-2.102839963803
-4.26944470749332
-4.67947132565704
-2.17129927981154
9.51544489758471
-0.897648563379455
10.1534637088889
-2.31797419940666
-3.02539008554499
-3.32677932558378
-2.25917495342169
-4.68794202650797
-3.71767455729418
-3.05679395332323
-4.48760868866683
8.88202982107949
-3.2821213735641
-3.46424995950106
-2.65549761875262
-4.49248850304274
-3.0417968908542
-2.84972136270343
-2.63116496650524
-2.58261858994606
-5.03417576541275
-3.52705264517923
-3.79016701030199
-3.58133784439707
-3.73932932771832
-4.11976805339485
-2.49837721203716
10.2380515048518
-2.87826633121832
7.94063002819323
-4.59202602959857
-0.918266623876181
-2.15390374040568
8.85668710299242
-2.19007518270019
-2.70958403841869
9.66394456375978
11.5202451959417
9.37570958631819
-3.80231226701418
-2.27221195531762
10.4368164838522
9.2023307019022
-3.01356906294038
8.97654961312866
-3.93014519264614
-2.48765767851064
10.4529830212834
-2.05421725206482
-2.68788877474961
9.60311264807695
-2.60228316041384
-2.71484863215928
-4.75411523420181
-2.7132310749327
10.2469894939083
-3.86467149501612
-2.54493782846067
-3.24162567757562
-4.3699421530456
-2.75121155513031
-2.72616640015584
-2.12827828053883
10.3203009931405
-3.57643419590863
-3.97337557754103
-3.02242277062794
-4.17506244551464
9.58634332608461
-5.38405075192891
9.8543067990533
-4.57175095867712
-3.48617804626028
9.29641703293462
-3.86333989781302
-3.31571591240626
-1.11504229488128
-4.21880751072369
-1.1865390059554
