1 1.50147374025903e-34
1.36075333947936e-46 1
1.72060217231786e-35 1
1 2.64957578347662e-41
1 2.39501853384885e-38
3.2403636833645e-45 1
1.11404517565345e-35 1
2.51764834595315e-34 1
5.29508782475635e-45 1
1 8.15353932233844e-45
4.77996974098393e-38 1
6.85208242263097e-36 1
6.92032249956128e-41 1
6.76538778991853e-43 1
1 5.90404008948345e-46
1.07493276350947e-45 1
3.66988452286968e-37 1
8.1484706069574e-37 1
4.94230824198309e-45 1
1 1.76078550950238e-36
1.79246476183089e-52 1
1 9.27111309022775e-41
1.31752027703202e-40 1
2.37688857664863e-30 1
2.6584436429899e-50 1
4.77728392320148e-48 1
1.22922967536779e-31 1
5.92994054190406e-38 1
5.9505611954387e-32 1
1.07905293913344e-39 1
8.75044463315677e-31 1
3.70393630448134e-40 1
2.45633672792388e-41 1
4.44146885846128e-53 1
1.49561147363724e-40 1
2.88252261954242e-39 1
7.10746410827237e-48 1
1.47731921746983e-42 1
1.75704856554462e-37 1
5.02491298278759e-38 1
3.9184326042428e-49 1
1.3534426328406e-39 1
1 2.50375408535953e-44
1 6.69134099022097e-33
1.04587370072398e-38 1
1 1.67347971267189e-38
4.93087314570552e-33 1
1 2.88992093420637e-31
4.61575542019304e-35 1
1 9.71547705886611e-49
3.89726103126027e-43 1
4.21848659330582e-30 1
1.88577360829494e-34 1
2.7184303587699e-46 1
1 2.6573920568371e-34
1 1.42723779305186e-39
1 1.94841615893374e-44
1.64016938807545e-41 1
3.13138867345955e-31 1
3.69876599525544e-32 1
4.68903011724701e-40 1
1.55414635844129e-36 1
2.07945001043522e-49 1
4.24620828206492e-36 1
2.23417536483482e-40 1
1 3.19713827059772e-46
3.65129416958395e-37 1
2.91443045944025e-34 1
1.44901863091629e-35 1
4.9729350569978e-45 1
1.19258878339492e-47 1
1.22151882185329e-44 1
1.09818702161492e-27 1
5.15332124376195e-42 1
6.34520213592504e-38 1
5.53025825612531e-35 1
1.3383824013242e-43 1
7.55661709807165e-37 1
6.22108801539761e-46 1
4.6033882652534e-43 1
1.41675138490885e-45 1
1.94859860889293e-48 1
4.09777068868225e-33 1
3.12933469813844e-35 1
3.94956622611775e-53 1
1.1320519767801e-21 1
7.92355452510961e-31 1
4.4284912778906e-44 1
2.65233189899707e-45 1
1.55942849579433e-29 1
1.03230085939334e-45 1
1.01257538033324e-54 1
1 5.82034724457177e-45
2.08493691969571e-41 1
2.21481737210575e-43 1
4.60725452578779e-35 1
5.38669212467046e-40 1
6.75521437792167e-37 1
4.55666427406947e-39 1
1 1.27909015645255e-38
1 2.36702969883322e-45
3.18951534225518e-36 1
2.18632998736406e-40 1
1.93565710150606e-34 1
2.7334824269859e-44 1
1 8.20245322959592e-36
1.75861540509254e-40 1
1 7.34363225654117e-45
5.98794153558061e-48 1
1.41648234151071e-46 1
1 8.54314729292204e-45
4.16738032833884e-34 1
7.47178354284012e-33 1
2.9637832882647e-55 1
9.26400953814753e-38 1
2.19722430676047e-40 1
3.61864973327545e-48 1
1.10367330629374e-44 1
1 9.61211567557396e-44
1.08056497321505e-35 1
8.20552766567732e-47 1
9.88482057175158e-48 1
1 3.39683574853959e-48
1.09356930907014e-42 1
1 3.97958644477555e-40
5.19920517441734e-43 1
1.77636965856322e-34 1
1 2.29570606275172e-36
1 1.0921540116108e-38
1.91010128426428e-46 1
1 3.57334098132364e-34
1 9.47421065170844e-38
4.93125238581892e-42 1
1.89127077330323e-39 1
1.55543886415696e-26 1
1 2.90448414195934e-42
4.02256973466458e-42 1
1.94897100945046e-34 1
2.25701808143932e-39 1
1 1.58206508781037e-36
1 2.69738885492509e-45
5.58180200876502e-52 1
6.36286578127845e-47 1
5.32075901526047e-37 1
2.90076568837771e-36 1
1 9.93048561619735e-45
1.55210751452847e-50 1
1.49985770830461e-36 1
1.22978034895593e-35 1
2.38002395567213e-46 1
2.10546757928443e-34 1
1.95749318787439e-37 1
1.4066899114461e-41 1
1.28086823707614e-40 1
1 1.00606920001506e-43
1.18240784624656e-49 1
1.98109274403168e-43 1
2.57680492692109e-32 1
2.35229386478269e-36 1
1 3.31897774264133e-38
1.22173398774987e-43 1
1 3.11411423234983e-37
9.66192435124487e-43 1
1.21651593432612e-30 1
1 1.45313848111103e-37
1 4.67534413714857e-30
1 2.75243154502935e-41
3.55012182137447e-46 1
1 1.57626297731758e-27
5.36261035145016e-46 1
8.22039289401223e-43 1
1 4.16108510876967e-34
1.70076394358497e-45 1
1 3.47291826643666e-39
4.88113022099656e-44 1
7.40869862238943e-32 1
1.1525369448294e-46 1
3.18248762225893e-45 1
5.9057468810068e-46 1
7.4996197706112e-35 1
4.39973136520991e-35 1
1.67805334673722e-46 1
1 1.98879262389587e-43
1.65965643720901e-40 1
1.36868099491326e-39 1
6.47652226449589e-35 1
1.71344777225368e-29 1
1 4.26681398468522e-32
2.16271578571207e-34 1
2.17004218827837e-44 1
1 3.33366777519999e-47
1 1.54350528111786e-41
1 1.55237141316362e-34
1.65057694280798e-34 1
1.43199969172875e-44 1
3.01672427514164e-30 1
1 5.05110552714967e-48
6.04136237399063e-45 1
5.64223084160015e-38 1
5.1460381873572e-38 1
1.61724743575205e-52 1
1.24434224568354e-35 1
2.81782236760386e-43 1
2.45888071918317e-39 1
9.14452186270572e-36 1
1 6.267804647858e-38
1 8.49891646841742e-42
3.81741549587303e-40 1
8.74821185446098e-46 1
1.01775202452593e-39 1
3.16571763484618e-30 1
4.45204059478938e-43 1
1.28305439001141e-39 1
4.33098067255238e-47 1
3.93531483952528e-33 1
1.9026906842428e-37 1
2.37469432968099e-48 1
5.60458312788343e-41 1
2.80305448717038e-42 1
1.96050243043102e-46 1
2.54386917628218e-44 1
3.59409349790753e-38 1
1.84294552937852e-49 1
2.18142362990226e-37 1
6.64988308665287e-32 1
1 6.09673041930379e-42
1 4.33235220668501e-45
1.59587999683585e-45 1
1.63211734468052e-38 1
4.00400552672027e-42 1
6.72501205608573e-41 1
2.79865466817256e-37 1
1 2.66033095812322e-42
2.38641951829424e-34 1
1 3.01996155755112e-42
1.83874943044442e-49 1
7.04758675599543e-38 1
1.20395785129045e-36 1
9.1217327689771e-45 1
1 5.90248667826255e-44
2.68019546726381e-35 1
7.84435424756952e-40 1
4.19127693164702e-38 1
1 2.49373423346809e-28
7.66440573655836e-50 1
1 2.27368309204739e-42
6.57502843269253e-29 1
1 1.62059738379881e-46
1.12896399334383e-43 1
5.99046416461092e-40 1
1 5.69573191910585e-41
1 1.296891615545e-30
2.50848835660099e-43 1
3.46921324375571e-43 1
7.97972325902781e-46 1
1.0673967682262e-41 1
1.04711217692794e-43 1
1 4.65599610531063e-47
2.78792622509776e-39 1
3.7257636386035e-43 1
1.1314551891041e-40 1
1.33104501848852e-31 1
6.30709883081789e-48 1
1 8.81307506393176e-48
1 4.23218349382975e-36
1.69341804084253e-41 1
3.31678472440484e-52 1
1.70007935423551e-45 1
1 2.12007340771283e-43
2.76071844426616e-44 1
5.11899910854297e-47 1
1.44438249100795e-36 1
3.09241907815532e-43 1
3.41017471419116e-42 1
9.60217063332481e-37 1
1.3921947732543e-48 1
2.71100556068796e-37 1
1 3.18978577429719e-41
3.03233470339592e-46 1
1 1.08150465629344e-43
5.32110080988275e-40 1
1 1.7262272646731e-31
8.04308318062797e-42 1
1 1.45529841270522e-37
1 2.3378071608495e-36
6.99803317215527e-41 1
1 6.82307237213174e-28
1 3.92072835160665e-41
2.17552805105742e-54 1
5.93227870815964e-38 1
1 1.88203839680557e-40
1.53978626179843e-46 1
1 4.16245868794327e-34
6.30346317211049e-40 1
1.93466883261743e-45 1
4.12488862855044e-36 1
5.50839199137231e-38 1
2.29707768563908e-45 1
1 8.58963604925345e-26
1 3.00274028074223e-40
