1 6.47652226449626e-35
2.69738885492497e-45 1
1 2.45633672792378e-41
2.66033095812341e-42 1
3.47291826643686e-39 1
1 2.35229386478279e-36
6.69134099022097e-33 1
1 4.24620828206504e-36
1 3.13138867345951e-31
1 1.08056497321505e-35
3.11411423234992e-37 1
1 1.12896399334383e-43
1 1.24434224568354e-35
2.27368309204723e-42 1
1 1.41675138490889e-45
1 1.63211734468052e-38
1 1.22922967536782e-31
5.90404008948295e-46 1
1 3.65129416958395e-37
1 7.40869862238933e-32
1 1.59587999683585e-45
2.75243154502935e-41 1
3.00274028074231e-40 1
1 1.49561147363733e-40
1 1.94859860889291e-48
3.97958644477555e-40 1
1 1.10367330629381e-44
5.90248667826288e-44 1
1 1.09818702161492e-27
1 1.93466883261749e-45
1 1.47731921746983e-42
1 6.85208242263117e-36
1 7.10746410827277e-48
9.27111309022735e-41 1
1 1.55942849579431e-29
6.0967304193037e-42 1
1 8.75044463315677e-31
1 1.22173398774987e-43
6.26780464785845e-38 1
1 1.41648234151067e-46
8.15353932233832e-45 1
2.29570606275172e-36 1
1.9484161589339e-44 1
1 4.02256973466458e-42
1 1.84294552937865e-49
1 1.44438249100799e-36
1 1.64016938807545e-41
1 1.04587370072397e-38
1 7.97972325902804e-46
1.27909015645261e-38 1
1 1.9605024304311e-46
1.76078550950248e-36 1
1 6.76538778991892e-43
1 9.8848205717513e-48
1 2.88252261954255e-39
1.00606920001498e-43 1
1 2.65844364299001e-50
1 1.55414635844137e-36
4.67534413714857e-30 1
9.71547705886584e-49 1
1 5.14603818735735e-38
1 7.49961977061152e-35
1 2.16271578571213e-34
1 1.55210751452854e-50
3.01996155755112e-42 1
1 5.53025825612539e-35
1 6.34520213592531e-38
1 1.40668991144612e-41
1 2.25701808143936e-39
1 1.67805334673722e-46
1 1.19258878339492e-47
1 1.75704856554466e-37
1 8.22039289401223e-43
1 2.38002395567216e-46
2.12007340771283e-43 1
7.34363225654096e-45 1
1 9.26400953814767e-38
1 2.57680492692109e-32
1 1.7134477722537e-29
1.62059738379893e-46 1
1 4.39973136520991e-35
1 1.22151882185332e-44
1 5.60458312788367e-41
1 3.12933469813857e-35
1 1.44901863091631e-35
1 3.93531483952528e-33
4.33235220668483e-45 1
1.57626297731755e-27 1
1 1.15253694482942e-46
1 1.70076394358504e-45
1 2.18142362990229e-37
1.88203839680557e-40 1
1.45313848111107e-37 1
1 1.28086823707617e-40
1 4.93087314570559e-33
1 1.13145518910415e-40
1 6.72501205608563e-41
1 1.43199969172884e-44
1 2.79865466817256e-37
1 3.032334703396e-46
2.39501853384882e-38 1
1.0921540116108e-38 1
1 1.72060217231781e-35
1.55237141316373e-34 1
1 3.55012182137458e-46
1 1.35344263284054e-39
8.54314729292216e-45 1
1 3.46921324375561e-43
1 1.8387494304444e-49
1 6.57502843269281e-29
1 4.88113022099649e-44
1 2.7879262250978e-39
1 5.02491298278773e-38
1 3.59409349790743e-38
1.50147374025903e-34 1
1 1.55543886415697e-26
1 4.218486593306e-30
1 3.69876599525544e-32
1 5.36261035145024e-46
1 5.95056119543878e-32
1 4.00400552672027e-42
1 1.01775202452593e-39
1.29689161554503e-30 1
1 2.8030544871703e-42
1 4.16738032833884e-34
1 2.17004218827837e-44
1 5.29508782475643e-45
1 7.66440573655836e-50
1 4.93125238581899e-42
1 5.64223084160015e-38
1 6.99803317215537e-41
1.08150465629341e-43 1
1 6.04136237399063e-45
5.82034724457177e-45 1
3.18978577429746e-41 1
1 8.74821185446085e-46
1 1.21651593432617e-30
1 1.65965643720908e-40
1 1.11404517565348e-35
1 1.88577360829491e-34
1 2.50848835660121e-43
1 4.60338826525359e-43
1 3.01672427514168e-30
2.49373423346809e-28 1
3.19713827059772e-46 1
1 7.92355452510983e-31
1 9.12173276897736e-45
1 5.90574688100706e-46
1 4.61575542019304e-35
4.16108510876967e-34 1
1 1.69341804084248e-41
1 1.31752027703206e-40
9.93048561619735e-45 1
1 3.31678472440479e-52
1 2.23417536483491e-40
3.57334098132339e-34 1
3.39683574853964e-48 1
1 2.65233189899707e-45
1 2.17552805105729e-54
1 4.42849127789079e-44
1 3.24036368336441e-45
1 5.15332124376202e-42
1 1.3686809949133e-39
1 1.33838240132428e-43
1 3.72576363860361e-43
1 3.94956622611792e-53
3.33366777519999e-47 1
1.98879262389587e-43 1
1 1.79246476183082e-52
1 1.93565710150606e-34
1 5.99046416461092e-40
1 1.3921947732543e-48
1 1.07905293913349e-39
1 1.09356930907018e-42
1 2.81782236760394e-43
1 5.38669212467053e-40
1 2.9144304594403e-34
2.33780716084956e-36 1
1 5.92994054190398e-38
1 4.94230824198295e-45
1 3.81741549587303e-40
1.45529841270522e-37 1
2.64957578347673e-41 1
1 1.95749318787444e-37
6.82307237213135e-28 1
1 1.13205197678005e-21
1 2.71100556068796e-37
1 1.98109274403174e-43
1 2.68019546726377e-35
2.36702969883318e-45 1
1 5.93227870815964e-38
8.81307506393239e-48 1
1 6.64988308665306e-32
1 9.66192435124432e-43
1 1.53978626179845e-46
1 5.32110080988268e-40
5.69573191910561e-41 1
1 3.66988452286957e-37
1 7.84435424756952e-40
1 4.09777068868207e-33
1 1.90269068424283e-37
1 4.4414688584616e-53
1 4.5566642740696e-39
1 1.36075333947934e-46
1 1.01257538033324e-54
2.50375408535967e-44 1
1 4.1248886285505e-36
1 2.9637832882647e-55
1 8.04308318062774e-42
1 1.61724743575199e-52
1 2.29707768563908e-45
4.26681398468516e-32 1
1 2.21481737210585e-43
1 6.22108801539717e-46
1.67347971267192e-38 1
4.65599610531063e-47 1
1 3.70393630448134e-40
1 1.33104501848848e-31
1 2.90076568837779e-36
1 1.65057694280798e-34
1 4.3309806725525e-47
8.58963604925333e-26 1
1 1.03230085939337e-45
1 1.06739676822625e-41
3.31897774264143e-38 1
1 3.89726103126032e-43
1 1.77636965856315e-34
8.4989164684179e-42 1
1 1.04711217692797e-43
1 2.54386917628218e-44
1 2.73348242698598e-44
1 3.18951534225513e-36
1 1.75861540509254e-40
1 2.51764834595308e-34
1 1.94897100945049e-34
2.6573920568371e-34 1
1 4.68903011724701e-40
1.7262272646731e-31 1
4.16245868794315e-34 1
1 1.28305439001137e-39
1 1.18240784624656e-49
5.05110552714981e-48 1
1 3.41017471419116e-42
1 4.77996974098393e-38
1 8.14847060695774e-37
1 2.71843035876979e-46
1 1.89127077330328e-39
1 2.07945001043522e-49
1 7.55661709807176e-37
1 1.91010128426442e-46
1 6.36286578127854e-47
1 2.4588807191832e-39
1.54350528111788e-41 1
1 4.77728392320155e-48
1 2.08493691969571e-41
4.23218349382975e-36 1
1 2.10546757928434e-34
1 4.19127693164696e-38
1 7.47178354284012e-33
1 5.50839199137255e-38
1 5.98794153558052e-48
1 3.9184326042428e-49
1 2.18632998736412e-40
1 1.07493276350947e-45
1.42723779305192e-39 1
1 3.18248762225897e-45
8.20245322959615e-36 1
1 5.32075901526054e-37
1 6.92032249956128e-41
1 2.1972243067605e-40
1 5.19920517441734e-43
1 6.75521437792167e-37
1 1.22978034895594e-35
1 1.70007935423553e-45
1 4.60725452578792e-35
2.90448414195942e-42 1
1 7.04758675599553e-38
1 3.16571763484622e-30
1 6.30346317211049e-40
1 2.3768885766486e-30
1 2.76071844426624e-44
1 1.49985770830457e-36
1 9.60217063332481e-37
9.61211567557368e-44 1
2.88992093420628e-31 1
1 5.11899910854305e-47
9.47421065170817e-38 1
1 4.45204059478944e-43
1 5.58180200876509e-52
3.92072835160687e-41 1
1 1.20395785129045e-36
1 4.97293505699787e-45
1 9.14452186270533e-36
1 3.09241907815546e-43
1 3.61864973327565e-48
1.58206508781032e-36 1
1 2.37469432968102e-48
1 8.20552766567767e-47
1 2.38641951829427e-34
1 6.30709883081807e-48
