1.5037134694594e-41 1
8.44761211184853e-40 1
1 9.80881362796083e-41
1 1.28749910932383e-27
1.53339572402602e-36 1
1.07062620036125e-43 1
8.47562477521654e-36 1
7.38784171165107e-41 1
3.07522642863744e-47 1
1.77371161781189e-28 1
3.02789039702535e-38 1
2.77379070613029e-34 1
3.96236458537141e-34 1
1 7.75444330869036e-41
4.87527974051825e-31 1
1 8.24645257704104e-30
1.71683951748808e-39 1
7.9589535391755e-28 1
1 3.32977979575027e-44
1.57461799494796e-36 1
1.98154549890908e-33 1
7.90524048725738e-28 1
2.39596165818721e-42 1
1.15417718160407e-43 1
1 6.22694001802885e-34
2.44901124061558e-40 1
1.50235115519573e-31 1
5.36622850772795e-43 1
3.27669580092445e-30 1
1 2.38819967428104e-34
2.72977914616179e-32 1
1.34220795681123e-43 1
1.98335297681479e-40 1
9.3060912694298e-40 1
1 1.45503865035175e-42
3.56044133436229e-32 1
5.01026251086156e-40 1
4.50941691284154e-32 1
1 5.60945025257211e-20
7.57635318641307e-36 1
2.1004548424171e-43 1
5.88742453595287e-29 1
1.10320726022419e-36 1
4.87672760923497e-37 1
2.57387544411677e-36 1
4.28014006213996e-53 1
2.58847704378366e-39 1
1.08985074366745e-37 1
1 7.02238627028253e-43
6.43813585158391e-40 1
1.93054486387751e-41 1
2.35849416890937e-39 1
1.6423284498882e-33 1
1.98804963295359e-39 1
2.75470381443247e-31 1
1.02564670269249e-38 1
3.77908982541995e-35 1
1 6.98246635922817e-40
2.04834703387243e-33 1
1.58144342709379e-39 1
3.95649808460011e-44 1
1 6.56279281976167e-29
4.2069692969324e-36 1
1.71003225507906e-33 1
1 4.78216042522193e-35
5.32399036609726e-25 1
1 2.87660331060319e-34
1.03821299439497e-38 1
1.58572601510504e-27 1
1 1.04040124194789e-33
1.86361799427704e-37 1
3.52244229509566e-40 1
1 7.0203455390838e-38
1.81475363935512e-39 1
1.05241172266445e-40 1
1.78950161069057e-41 1
5.53981206528166e-26 1
1 8.39090720163708e-36
3.39963459900266e-46 1
6.15169352780295e-36 1
1.75008779039649e-33 1
1 1.00637143715034e-40
1 1.11931411369069e-36
3.09369361205968e-24 1
1 4.85269666978796e-34
1 6.55694166047954e-36
2.19547792126142e-34 1
2.56534004004059e-39 1
4.71032985836379e-39 1
3.02406112403345e-41 1
2.17935611833091e-32 1
1 2.56866185120722e-28
1 2.02650209859053e-29
1.34852041603827e-48 1
3.98375576274874e-28 1
4.68115035835839e-33 1
1.05942751330458e-37 1
1 2.85872548540706e-30
1 1.42768996076943e-37
1.91991594931018e-32 1
1 5.65749345741146e-28
4.64341766893349e-46 1
1.10509437743174e-27 1
1 3.25605980197773e-32
3.16308067661946e-39 1
2.38801642718215e-31 1
1.36117974792216e-34 1
1 2.46189643669181e-44
1 1.9345334020024e-41
6.55373917884234e-42 1
6.04278665816901e-37 1
1.16379734491812e-33 1
1 1.37286401799528e-31
1 8.91863702402335e-34
2.95834828728702e-34 1
9.91671275525169e-31 1
1.11728331646252e-42 1
9.21580236629365e-32 1
1.07164445530413e-32 1
1 1.25116506749183e-26
8.19973948576267e-37 1
1.59072813338305e-31 1
1.11872420320325e-44 1
4.58625403607737e-44 1
7.27828402805507e-37 1
1 1.18950964133846e-34
2.95021988292989e-36 1
5.20457032407289e-31 1
4.11207320122573e-39 1
9.33182736747566e-38 1
1.1723017534911e-38 1
2.64566145966842e-34 1
1.53418248878032e-37 1
1 3.07238777752701e-42
1.87083691846099e-33 1
3.34316377140304e-40 1
9.28509484983803e-37 1
9.37261016448238e-35 1
2.60911262745466e-35 1
4.82442419604619e-35 1
1 1.7147535350739e-39
1 6.45633180128243e-33
2.07332946759864e-23 1
3.80731281363105e-39 1
8.11682059988385e-33 1
3.6673089926477e-24 1
2.61843087453716e-42 1
1 2.36372014226758e-35
8.4334632577539e-38 1
3.78192404459776e-36 1
1.46250998406974e-41 1
1 6.38875526021266e-40
2.63733004202159e-33 1
1.17859626034191e-30 1
2.83724874427735e-34 1
1.35893642980211e-35 1
1.04617642586073e-30 1
1 9.40231210846596e-29
1.0564736049461e-36 1
1 5.14519442490069e-31
4.30708772225153e-46 1
2.93958163533144e-31 1
2.11650256300432e-34 1
3.68642501119358e-33 1
1.01381101847919e-40 1
3.3094478336855e-38 1
2.74876435576065e-39 1
5.33778677917334e-28 1
1 2.2237723315167e-36
7.89697999293863e-33 1
1 1.25224935238854e-32
3.10394176590042e-45 1
2.15762720018755e-36 1
1 4.89136866309037e-41
4.41408124038645e-33 1
1.95741129928919e-40 1
2.29298567349506e-32 1
3.10728145844195e-23 1
1.44734910070927e-40 1
2.64566339715903e-44 1
1 1.04082867193345e-26
1.75971698412769e-39 1
1 4.07784207679936e-34
1 3.17571492801867e-31
6.30623530110629e-33 1
1 1.48121103585953e-38
8.78055353899423e-33 1
2.93450541653828e-23 1
1 1.8955722609466e-28
1.90292029128484e-47 1
1 7.49320066250707e-34
3.88215488920735e-34 1
1.16681356444367e-36 1
3.7245956693202e-31 1
1.95597620726566e-31 1
1.21785450096112e-41 1
7.2325538659488e-36 1
1.68260997148316e-44 1
1.32113150205841e-33 1
5.87013392793505e-39 1
5.90328861635358e-33 1
1.06139917722538e-41 1
6.73411864244361e-34 1
1 5.97700521730019e-32
1.25760021355657e-31 1
1 1.54684574537663e-40
2.45066783643215e-37 1
2.00711062640369e-40 1
1 1.12582973264954e-37
1 3.41752994308158e-24
3.59895686120933e-43 1
1 8.20385366775386e-46
2.28606789571669e-39 1
1.18659928428891e-36 1
6.82495173592414e-42 1
1.44748689287895e-36 1
1 9.88715244614094e-35
4.34362353616911e-36 1
1.20301746816236e-34 1
1.19046797793942e-39 1
1 8.86433046883409e-40
1 1.71959270695783e-25
1.00163550865957e-35 1
3.30672755655316e-30 1
9.20108803473e-34 1
1 2.48835200391063e-31
4.05365364462733e-28 1
2.40433929339988e-33 1
4.82353497378521e-30 1
1.75852199963213e-48 1
2.37450406109628e-29 1
1.19087288345389e-33 1
1 8.80500241092406e-40
4.46439436487294e-47 1
1.54160640780801e-42 1
1.46550245378127e-42 1
1 2.69562464341638e-32
6.19388264342674e-26 1
1 3.43376544023881e-39
1.30182767218524e-42 1
1.42207573713578e-30 1
2.52237509243307e-29 1
8.54217412846215e-29 1
3.73735804245304e-33 1
1 3.08339025319571e-35
1.08122772170384e-32 1
1.78651008489233e-29 1
1 8.39427739453524e-38
1.15915281069316e-30 1
1 9.44952441331574e-38
1 7.69508424662037e-37
1.35247287170488e-41 1
2.70726838787306e-32 1
3.09315015987049e-45 1
2.43092083154261e-40 1
8.91872214859507e-36 1
2.04172084908599e-40 1
1 8.35926298556759e-40
1.80922511768937e-28 1
6.82811339262932e-39 1
5.10728080500531e-41 1
1.80054375217217e-26 1
1 1.11049556414902e-39
2.3382730464219e-41 1
9.27125355579466e-35 1
3.81850267525713e-34 1
1.07616434404979e-33 1
1.97309195527387e-25 1
1.44179888590308e-30 1
2.83007634482644e-30 1
1 3.62247230516009e-35
1.32615534610026e-33 1
1 1.05086775058321e-33
2.0849280373092e-33 1
1 3.7983281249999e-38
3.85475149032855e-40 1
4.19035607509743e-30 1
1.73093160141492e-40 1
2.82755589211441e-41 1
1 1.11887951881578e-38
1.49833487947355e-31 1
1 2.76266932954385e-43
1.9237034191746e-44 1
1 1.4450725456262e-33
1.36202974887677e-38 1
2.38829149476548e-43 1
2.1430627202302e-35 1
1.29341609521627e-23 1
4.09896064277502e-24 1
3.74364236204718e-40 1
2.75681753203423e-41 1
1 4.49704973086964e-31
3.68538506067203e-31 1
7.1349779901119e-35 1
2.10383053815137e-36 1
2.20801589806302e-38 1
4.54654492068276e-39 1
1 9.61714114022118e-40
5.29918107109248e-45 1
1.24131313600474e-40 1
