"LD1"
4.60952830579328
-8.66778682773478
5.05511115033558
-9.8059112869928
3.82395243918884
-8.80967850889164
-10.9173345397292
3.9937064255942
2.74342087277818
1.15253610578176
3.20769251821186
-11.6521226096451
-10.4911354156161
4.37253086470604
3.3499327766093
3.18654872399103
2.61762525624542
3.34221304045311
2.66934653387445
3.56673659566506
-9.90386014135345
5.39364743084844
3.40709585990158
4.23139688948255
4.35654534317618
3.14226254235603
-9.18638746397361
3.87055017639881
5.71323705308263
5.4982114465098
4.19908391396764
4.69665098434542
1.56508962533229
3.40626757206837
3.60302415807425
4.86262303383193
-8.02957783250482
1.88115868801622
-9.16442028586514
3.32016384139798
3.24322815233495
1.68912565899516
4.3546135070493
2.31241487099295
2.69963029436229
-9.56644109132372
3.48392505462277
2.9098624037233
4.16140228762133
2.7709733811735
2.07962175231659
2.41237832249363
2.91164309224698
3.32140087089334
3.80842971538463
2.92216387994808
4.26896106257783
4.33036931863237
1.58996066260724
4.1720686753284
4.39401756100767
-9.68700203416686
3.87731418215573
2.61058653285637
2.79343639878889
1.68176276654485
-9.92379496420756
-10.795568427182
2.29051692919775
4.11012253265157
4.3105701481419
4.11477841107177
3.33791714243479
2.03506588512461
2.94331414706254
4.0481201118953
2.81969788833619
-11.1766890437104
3.98763860876435
5.38601740384195
-11.3650969197681
4.56227656651979
-9.5388252625604
3.83318792132898
4.14788593586091
-9.93551430460347
-11.5592778289283
-7.73302230895459
3.79460967661359
2.41251505636152
4.81562700342673
2.30553669515799
3.4960846496262
-9.74353917550453
2.49831596682074
1.46112558327921
4.06978054441642
4.19436254862403
-10.7402788407398
4.19439241121974
-8.94709683398281
2.82560466156591
4.60066671133124
3.94536766880642
3.51388198656621
2.45269847362257
-9.22873348688163
2.38725485006874
3.69243129968565
4.37872198236727
-9.44437211436656
2.91845709440914
2.51048434711701
2.28654628931279
-9.15312538842644
-10.1811906087627
-9.87726966885385
2.90614412414709
4.2799755121546
2.79107622842745
4.18480453665759
2.87308247733575
-11.2725848250506
3.78139990470116
2.52007892041993
2.55386658386817
3.25579470417561
2.50961120331041
1.87291689314265
1.5863848479634
2.29980775945772
4.65073773586951
3.25488597214563
4.03632810086728
2.39897063432796
4.25049468446701
-11.2221861927936
-10.289252290396
3.28266690813139
1.46811193465554
2.27569092920206
3.71474163591131
4.93665661669986
-9.74342900522192
-10.5461354974705
2.91669033457217
1.75798645154477
-10.4664957149797
2.9061733652318
-10.5642974532011
3.13294684779919
-11.3898773063689
2.4855737093593
3.59975689306271
4.32226367291927
5.01519589161707
2.44120658221303
3.88875447678567
-9.55850227880017
-10.3530887071521
3.64492403574991
3.2470058762208
-10.7902054389903
3.84145995163819
4.46661624688771
3.72392733401511
3.16173015367006
1.82734610711422
-8.16634508838057
3.63038186186037
3.14861645081563
5.7699637382766
2.9011528879586
-10.3793310696167
3.98837401389716
2.81759165918528
3.03487793202263
2.31786274879432
3.13047181207811
-10.7450202894669
2.06589407454212
4.34023036636108
2.93191253009519
2.53245967526461
3.77892025008878
4.38169920191836
-10.981951552831
1.82144355552666
3.791271667534
3.1905102278653
-11.073691653193
3.42273758609637
3.36142958425671
4.57619993052067
2.08262227013534
-9.85306909498545
3.40921937312864
4.27281953241049
4.10034263964205
2.37637579160506
3.32176955858507
-8.70600821965063
0.125526145443801
-11.5298481867412
-9.77526633569773
-9.22626076561778
3.20335424671619
-10.9897115692368
2.66655102285989
4.87174780205771
4.24367467570538
3.54574558490018
5.86109555231462
3.61813141023299
2.80955760483645
4.63013422304151
2.71180668407097
5.30176121831777
-10.5432435634989
2.29781787026525
4.4192177650491
3.28042851008349
-11.0069551628051
-10.2020820215972
4.36615255001221
4.68198238324457
-10.7989516399978
0.955923349060658
-11.4885605440104
4.61338004100485
2.71739992610894
4.22839520294182
3.00186842984486
3.88317179073701
-10.8351228315912
2.7257155370646
2.89336559255724
3.37062970020731
2.58936097666926
-9.49345444395996
1.65732441157765
1.91642759738375
4.43808247780551
4.11523664144546
-10.4222356732138
2.77135007768734
-10.3683926422116
2.24916518489763
3.75036110591271
3.3593368846075
-10.9673275304443
2.59151109930879
3.95258616102244
3.6184745183151
-11.064000891333
-10.0864589123032
1.86490193945974
4.87157872599105
1.36137797881279
2.6828512849177
3.79990157472072
3.18571826343183
-11.0288551017833
2.51781558761128
3.52527221898773
-8.46131061509782
3.76989225026101
3.73591205001837
-8.09168643549362
3.8153271394314
4.90449823035282
5.48950490087906
2.30798173604926
4.45421688840232
-10.9784892869868
2.30604513764378
4.00549567569585
3.26517438611556
-10.8987334976008
-10.5526484000961
-9.15310090740897
-8.55642685281242
2.66391366407554
2.63317100626166
5.34037016551099
2.41593365400385
-10.0204990108161
4.20791502983855
4.72159056660641
3.09650549919332
3.22700659129845
1.60764230049497
-9.53747729636699
3.511512153544
-10.3821560144872
1.94323786106448
-10.2367340648519
-10.3253890442476
4.05564518140801
4.14654913448094
