"LD1"
9.97541796178163
-3.74748340432161
9.78071745507703
-3.76566890740123
-3.6732046892417
-2.89123682926522
-0.821505715225515
-2.66656121609876
-2.48170959327679
8.97116133787527
8.98603905799638
9.94291341721438
-2.09840492602856
-2.8467400534388
10.3437077039399
9.04642715073716
-2.32985808698727
9.21650932477938
-6.23716398365143
-2.5369184069117
-2.65533401389707
8.13742699932031
-2.4777063486196
-2.42443666194893
-2.91089861240858
-2.73099066544357
-2.64804890399202
-3.32508247898339
-2.23692952276809
-3.88769360955376
-2.67056697836533
-1.93086661814816
-3.81827323234488
-3.62925147326676
-4.43718997178203
-3.70124103998701
-3.01162161625729
-2.30886450322957
-4.81157034650998
-3.98994785542558
-5.40041262897522
-2.0861447581345
-3.73296561100977
-5.21283409811042
-2.91175502445416
-2.28189380901435
-3.9648494999325
-3.0271205019766
10.84823249557
-3.46330309918529
-3.26078420403462
-4.1432030909955
-3.44533634829477
-3.82589651399988
6.75196570841974
-4.10843039167858
-3.88999728468341
-3.30819602008787
-0.981051745060464
-2.7124847438718
-3.20993850353673
-2.82543811464119
-2.27677745500636
-2.66795544789371
-3.1637450463759
-0.890540045558467
-2.82365645733291
10.0472044967575
-4.47960405546754
-3.86704290690248
8.20219577710189
-1.83002975907889
-2.67509526411943
-2.32514500072632
-2.15260978718987
-4.96120834390755
-2.06749114600216
9.62205101759438
-4.71058586437154
-3.89890885064966
-1.62838506941995
-1.68570260878403
-3.74502672250913
-1.59994217431875
-2.70219838729892
-2.98244137173653
10.3367585172118
-3.66129773403123
-2.05640725323481
-4.2086162613078
-3.70730622238898
-3.94003423385728
-4.04689501452378
-3.37928164954633
-3.568856886723
-4.53268447812893
-4.98576585588947
-2.68035044793365
-1.77091926042945
10.2912082321911
-4.32659318553291
9.31616075064534
-2.88150788973716
-4.12949805335344
8.46442396896567
10.7893618834616
-4.61109246374901
-2.96320635459578
-4.28087988332482
-3.69332988022459
9.96162301195315
-3.45533025983144
9.54047639700341
-5.4213219882088
-2.79734852087563
-4.15155240098634
-4.51487793370539
10.4806877905255
-3.84729256875486
-4.40572489555351
9.98474483634353
10.5145461626185
-3.11267713465135
-4.6427903824848
-3.15535583424411
-2.15152488283422
-3.93909635318287
9.09860610862126
-4.09546063573688
-2.55950372909324
-2.75557591020571
9.72664627313683
-0.989816324487959
-2.58458473031692
-3.95075641723815
-3.6282923052901
-3.28415407084675
-2.25896811692781
-2.6821741467334
-3.69054236509351
-2.84385452257464
-3.09617113949392
-3.26419354398739
8.75376013250913
-3.73840514535573
-2.71865085220781
9.48497430984532
-2.56166646315648
-3.10018486206257
-3.0630005307718
-4.08817302025877
-3.53698178154342
-1.0032136257
-3.92400706430961
10.9790939753743
-2.46462466061673
-1.70737809913186
-2.62059054698086
-0.853373371769712
-1.31126081113153
11.437453983109
-3.20794974272791
-4.32260557113737
-0.826011795083528
8.28832198138373
-2.46397244406856
-1.22000192608241
-3.12542638746931
9.99882308663794
10.3431787669386
-4.28787345654208
10.1213774148005
-2.17678866605026
-3.76809460668912
9.35830215113645
-2.70249733691873
9.64147634342338
8.2643881609516
-3.23484985380811
10.325428635793
-3.29354341042972
-3.9234230830137
-3.25504462320596
-1.70874810116237
10.5713721650412
-1.85934578597015
8.85782139672725
9.26823801576625
-2.34365367601818
-3.73769794353371
-2.2317814800376
10.3689739304111
-1.14181828113718
7.75190812752873
10.1434734911018
-1.40857266622972
10.9056138143408
-3.99289113122422
-4.96713056819333
-3.94107125165406
-3.75848521212699
-3.08702917452809
9.50685011246219
-2.08686336983997
-2.36813935760063
-3.60690961598237
10.5165668733196
-3.25636904495832
-3.27436297024384
-1.92610824923177
-3.77650787205215
-1.65423712870562
8.76436515459486
-4.12352254968459
-2.57938394480763
9.34364634889287
7.97281633111083
9.81023217106985
-1.77248072054245
-2.18100302718291
10.644434893658
-2.53761963696641
-2.62167134217134
9.25452134868228
9.24159933160887
-3.77003756814252
9.41320113164387
-2.60285546973839
8.79176655572281
-1.95327714649715
-3.19405534165099
9.51954125538096
-3.72190742543109
-1.32005108887645
-4.76944065720311
-3.93774972528059
11.1695355590054
-4.52676577514378
-4.09346506970303
-2.68535602624502
9.24238775209684
-4.01781751975679
-2.55331274054792
-3.97694493263304
-3.10901931418193
-2.25813452616015
-4.14539145903236
-2.16740130802382
-3.18330654264555
-4.34796192859399
9.2828182513001
-4.33592122378699
-3.41617217507114
-1.65477049530189
8.81097825369151
-2.32964724089351
-3.89479441321309
-4.15981041839844
-3.44310635259019
-4.66789034364673
-5.14566787246553
-2.8203643811469
-2.16871153874562
-3.23276038067471
-4.20542238559145
7.51644730884931
-3.61872488578925
8.61868649625298
-2.60748244431619
11.1457506114272
10.361974671264
-3.7988764145782
8.37186701957047
-2.9323842763735
7.95831903591496
10.5350778152775
-4.81184466868783
-2.82916319941087
10.2365148716499
-4.67843743094737
-2.71067328495107
-2.2931451172184
-4.59945856240117
-3.23939110532855
-2.44304747991424
8.92331943597049
-4.17064079432876
-3.15283800542956
-5.17502785919684
9.42776396642865
-2.80026144819275
-3.54398517371165
8.53524246587616
9.30245829941854
-3.40085067503476
8.34354796124856
10.3477995173533
-2.49169288317923
-2.79895930744082
-4.4694887339916
