2.33827304642157e-41 1
1.86361799427686e-37 1
1.15915281069314e-30 1
1 2.38819967428097e-34
1 7.49320066250622e-34
9.30609126942861e-40 1
1 6.45633180128206e-33
1.24131313600456e-40 1
3.09369361205953e-24 1
1 1.9345334020024e-41
1.73093160141465e-40 1
7.57635318641199e-36 1
1.17859626034177e-30 1
1 5.60945025257211e-20
3.30944783368503e-38 1
8.54217412846155e-29 1
1 1.12582973264949e-37
1.16379734491794e-33 1
1.75852199963188e-48 1
9.271253555794e-35 1
1 3.62247230516014e-35
1.87083691846075e-33 1
1 1.37286401799517e-31
3.56044133436188e-32 1
1 4.8526966697883e-34
1 1.71475353507368e-39
5.2045703240723e-31 1
1 6.55694166047917e-36
1 2.48835200391049e-31
1 3.43376544023842e-39
2.95021988292959e-36 1
1.80054375217205e-26 1
4.82442419604591e-35 1
2.20801589806274e-38 1
7.27828402805444e-37 1
1 1.2511650674918e-26
2.93450541653793e-23 1
1.25760021355644e-31 1
2.61843087453686e-42 1
2.39596165818694e-42 1
1 5.14519442490003e-31
1.07164445530407e-32 1
1 5.97700521730019e-32
1.10320726022409e-36 1
5.87013392793413e-39 1
1.08122772170379e-32 1
4.58625403607685e-44 1
1 3.07238777752667e-42
4.30708772225091e-46 1
1.32615534610011e-33 1
1.00163550865944e-35 1
8.44761211184781e-40 1
2.40433929339953e-33 1
1.02564670269236e-38 1
8.47562477521618e-36 1
6.30623530110575e-33 1
1 1.11049556414904e-39
5.36622850772757e-43 1
2.93958163533123e-31 1
2.1004548424168e-43 1
1.19087288345379e-33 1
3.30672755655269e-30 1
1.46250998406951e-41 1
1 8.80500241092331e-40
2.37450406109628e-29 1
5.32399036609684e-25 1
1 1.89557226094652e-28
6.04278665816833e-37 1
1 7.69508424661938e-37
2.7568175320338e-41 1
4.5465449206825e-39 1
1.29341609521617e-23 1
1 1.04040124194789e-33
1 7.02238627028173e-43
1.35247287170477e-41 1
2.57387544411655e-36 1
2.0483470338722e-33 1
1.0524117226643e-40 1
1 1.18950964133841e-34
1.9237034191743e-44 1
1.0461764258607e-30 1
3.72459566931988e-31 1
4.68115035835799e-33 1
1 1.04082867193339e-26
2.72977914616136e-32 1
4.05365364462701e-28 1
3.77908982541963e-35 1
2.1430627202299e-35 1
1.1904679779392e-39 1
9.20108803472882e-34 1
2.70726838787268e-32 1
2.07332946759844e-23 1
1 9.40231210846596e-29
1 2.87660331060295e-34
2.2929856734948e-32 1
1.58144342709352e-39 1
4.41408124038601e-33 1
1.44748689287873e-36 1
4.19035607509695e-30 1
1.32113150205822e-33 1
1 2.56866185120695e-28
1.07062620036112e-43 1
9.3318273674746e-38 1
2.95834828728668e-34 1
3.80731281363067e-39 1
6.82495173592298e-42 1
4.50941691284109e-32 1
2.28606789571639e-39 1
3.68538506067187e-31 1
1.16681356444352e-36 1
1.957411299289e-40 1
8.78055353899323e-33 1
1 1.28749910932383e-27
1.01381101847906e-40 1
1 3.25605980197746e-32
2.38829149476518e-43 1
1.78950161069037e-41 1
1 7.0203455390828e-38
4.87527974051756e-31 1
1 8.86433046883358e-40
2.15762720018734e-36 1
5.29918107109202e-45 1
1.77371161781172e-28 1
9.37261016448091e-35 1
1 1.54684574537641e-40
3.52244229509511e-40 1
7.958953539175e-28 1
4.8235349737848e-30 1
8.43346325775342e-38 1
1.97309195527364e-25 1
1.53418248878021e-37 1
2.83007634482628e-30 1
1.91991594930997e-32 1
1.80922511768921e-28 1
1.36202974887658e-38 1
8.1997394857615e-37 1
1.06139917722533e-41 1
6.15169352780216e-36 1
1 8.39090720163625e-36
1.08985074366726e-37 1
2.83724874427703e-34 1
1 4.07784207679902e-34
8.1168205998827e-33 1
1 6.98246635922758e-40
3.02406112403297e-41 1
1 3.17571492801867e-31
2.358494168909e-39 1
1.44179888590294e-30 1
1 9.88715244614066e-35
1.34220795681116e-43 1
1.10509437743162e-27 1
3.02789039702504e-38 1
1.90292029128454e-47 1
7.13497799011169e-35 1
2.52237509243268e-29 1
4.46439436487218e-47 1
1 9.44952441331466e-38
2.19547792126123e-34 1
1 2.02650209859035e-29
1 1.25224935238844e-32
3.10728145844182e-23 1
4.28014006213917e-53 1
3.34316377140261e-40 1
1.78651008489213e-29 1
1.4220757371356e-30 1
1.59072813338289e-31 1
3.88215488920697e-34 1
1 6.22694001802841e-34
1 2.22377233151645e-36
1.58572601510496e-27 1
1 9.80881362795971e-41
1 2.85872548540702e-30
3.98375576274852e-28 1
6.43813585158337e-40 1
6.82811339262826e-39 1
1.71003225507884e-33 1
3.27669580092427e-30 1
3.78192404459728e-36 1
1 4.78216042522193e-35
6.55373917884122e-42 1
3.39963459900203e-46 1
3.7436423620467e-40 1
1.03821299439485e-38 1
2.60911262745437e-35 1
9.21580236629234e-32 1
1.98804963295342e-39 1
1.64232844988799e-33 1
1 8.39427739453464e-38
1 1.44507254562614e-33
1 1.48121103585945e-38
3.07522642863687e-47 1
2.75470381443208e-31 1
1 1.4550386503516e-42
1.35893642980198e-35 1
2.43092083154223e-40 1
2.10383053815107e-36 1
2.17935611833069e-32 1
1.93054486387737e-41 1
1.18659928428875e-36 1
2.64566339715876e-44 1
1 2.69562464341653e-32
6.19388264342595e-26 1
1.05942751330449e-37 1
5.10728080500494e-41 1
2.08492803730893e-33 1
1.57461799494783e-36 1
1.98335297681454e-40 1
1.30182767218511e-42 1
2.6373300420214e-33 1
1 1.42768996076941e-37
1 4.49704973086913e-31
1.21785450096091e-41 1
1 1.00637143715028e-40
2.77379070613001e-34 1
1 2.36372014226765e-35
1 8.9186370240231e-34
1.49833487947338e-31 1
6.73411864244294e-34 1
1 3.32977979574979e-44
5.01026251086092e-40 1
3.81850267525675e-34 1
1 8.24645257704081e-30
2.11650256300408e-34 1
4.2069692969321e-36 1
3.85475149032822e-40 1
1 6.56279281976157e-29
7.89697999293796e-33 1
1.17230175349097e-38 1
1.98154549890891e-33 1
1 2.46189643669149e-44
3.68642501119321e-33 1
3.96236458537096e-34 1
2.58847704378337e-39 1
4.34362353616874e-36 1
3.09315015987014e-45 1
1 7.75444330868981e-41
1 3.79832812499947e-38
1.53339572402587e-36 1
5.33778677917269e-28 1
1 1.11887951881568e-38
1 9.61714114022091e-40
1.36117974792199e-34 1
3.16308067661901e-39 1
1.3485204160381e-48 1
1.20301746816219e-34 1
1.05647360494601e-36 1
1.50235115519562e-31 1
3.66730899264739e-24 1
4.87672760923435e-37 1
1.75971698412749e-39 1
7.23255386594798e-36 1
1.50371346945921e-41 1
3.95649808459955e-44 1
2.38801642718188e-31 1
2.04172084908579e-40 1
4.71032985836325e-39 1
2.45066783643188e-37 1
1.11728331646239e-42 1
1.95597620726549e-31 1
5.88742453595236e-29 1
5.53981206528131e-26 1
1 8.20385366775293e-46
4.09896064277468e-24 1
2.82755589211405e-41 1
1.71683951748779e-39 1
1 8.35926298556676e-40
1 1.71959270695781e-25
8.91872214859381e-36 1
1 6.38875526021193e-40
7.38784171165033e-41 1
1.81475363935476e-39 1
9.28509484983697e-37 1
1.68260997148304e-44 1
1 5.65749345741126e-28
1.15417718160399e-43 1
3.10394176589998e-45 1
1.07616434404969e-33 1
3.59895686120887e-43 1
1 1.11931411369058e-36
1.75008779039629e-33 1
2.74876435576038e-39 1
1 1.05086775058309e-33
3.73735804245272e-33 1
9.91671275525084e-31 1
2.00711062640349e-40 1
2.5653400400403e-39 1
5.90328861635324e-33 1
4.1120732012255e-39 1
1 3.41752994308138e-24
1 4.89136866308996e-41
1.44734910070908e-40 1
1 2.76266932954373e-43
2.44901124061524e-40 1
1.54160640780783e-42 1
7.9052404872566e-28 1
1.11872420320312e-44 1
2.64566145966815e-34 1
1 3.08339025319545e-35
4.64341766893243e-46 1
1.4655024537811e-42 1
