8.3942773945356e-38 1
1 3.02789039702573e-38
1 1.50235115519558e-31
1 5.88742453595278e-29
6.45633180128298e-33 1
1.54684574537676e-40 1
1 3.9564980846e-44
1 3.07522642863779e-47
1 6.15169352780347e-36
9.40231210846663e-29 1
1 7.57635318641286e-36
3.17571492801903e-31 1
1 3.52244229509541e-40
1 1.73093160141492e-40
1.42768996076939e-37 1
1 7.23255386594952e-36
1.37286401799521e-31 1
1 2.44901124061551e-40
1 2.64566145966842e-34
7.69508424662124e-37 1
2.69562464341684e-32 1
1 9.27125355579439e-35
1 4.5465449206825e-39
2.36372014226792e-35 1
1 1.441798885903e-30
1 2.43092083154278e-40
3.07238777752701e-42 1
1 3.96236458537118e-34
1 2.10045484241695e-43
2.02650209859058e-29 1
1 1.533395724026e-36
1.25224935238865e-32 1
1.25116506749181e-26 1
1 1.98804963295347e-39
1 9.30609126943019e-40
1 1.16681356444372e-36
1 2.75681753203419e-41
1 2.45066783643226e-37
1 3.68642501119358e-33
1 2.40433929340001e-33
1 9.33182736747606e-38
1 6.82495173592356e-42
8.91863702402297e-34 1
1 9.37261016448291e-35
1 3.02406112403358e-41
1 1.15915281069301e-30
1.44507254562616e-33 1
1.45503865035185e-42 1
8.39090720163732e-36 1
1 1.35893642980205e-35
1 4.34362353616954e-36
1 2.75470381443247e-31
1 8.44761211184853e-40
5.14519442490033e-31 1
1 4.30708772225159e-46
1 4.28014006213984e-53
1 2.58847704378389e-39
1 8.11682059988409e-33
1 3.74364236204702e-40
1 3.27669580092441e-30
9.88715244614066e-35 1
1 1.44734910070927e-40
1 2.28606789571675e-39
1 4.4643943648732e-47
1 6.30623530110584e-33
1 2.3382730464219e-41
1 1.19046797793942e-39
5.97700521730027e-32 1
1 2.08492803730932e-33
1 1.07616434404979e-33
1.00637143715041e-40 1
1 1.20301746816241e-34
1 2.64566339715903e-44
1 4.0536536446271e-28
1 1.06139917722542e-41
1 3.09315015987075e-45
6.22694001802938e-34 1
1 1.8092251176893e-28
1 7.95895353917545e-28
4.7821604252222e-35 1
1 1.49833487947361e-31
1.89557226094666e-28 1
1.04040124194794e-33 1
1 3.68538506067161e-31
1 1.95597620726585e-31
1.11049556414898e-39 1
1 1.90292029128468e-47
4.49704973087003e-31 1
1 2.00711062640383e-40
1 1.3611797479222e-34
1 5.33778677917383e-28
9.80881362796139e-41 1
1 1.16379734491825e-33
1 1.98154549890911e-33
1 4.09896064277485e-24
1.11931411369063e-36 1
1 1.34852041603833e-48
1 3.56044133436208e-32
1 1.05241172266434e-40
1 2.6184308745369e-42
1 1.07062620036137e-43
2.76266932954369e-43 1
3.08339025319567e-35 1
1 4.71032985836386e-39
2.56866185120755e-28 1
1 8.47562477521558e-36
1 1.15417718160415e-43
1 1.11872420320318e-44
1 2.63733004202136e-33
1 9.2010880347296e-34
1 1.78651008489253e-29
1 8.54217412846252e-29
7.0203455390843e-38 1
1 2.10383053815131e-36
1 3.6673089926478e-24
3.3297797957506e-44 1
3.41752994308173e-24 1
5.6574934574117e-28 1
1 2.39596165818721e-42
1 4.68115035835839e-33
1 1.91991594930999e-32
1 1.75971698412779e-39
1 3.30944783368564e-38
1 1.3018276721852e-42
1 1.87083691846101e-33
1 1.42207573713576e-30
7.75444330869036e-41 1
1 1.10509437743175e-27
1 2.14306272023002e-35
1 2.17935611833122e-32
1 1.03821299439504e-38
1 1.68260997148326e-44
1 2.37450406109615e-29
1 1.5341824887803e-37
1 3.16308067661951e-39
1.18950964133851e-34 1
1 1.3524728717049e-41
1 1.77371161781186e-28
1.93453340200246e-41 1
1 7.90524048725699e-28
1 3.30672755655316e-30
2.8766033106036e-34 1
1 5.01026251086142e-40
1 6.82811339262952e-39
1 6.04278665816953e-37
1.04082867193358e-26 1
1 5.32399036609718e-25
1 1.02564670269251e-38
1 1.32113150205839e-33
1 1.81475363935522e-39
3.62247230516019e-35 1
1 1.17230175349112e-38
1 1.44748689287889e-36
4.85269666978844e-34 1
1 1.25760021355664e-31
2.22377233151683e-36 1
6.56279281976223e-29 1
1 2.83724874427759e-34
1 1.10320726022416e-36
1 7.38784171165128e-41
1 5.10728080500451e-41
1 4.11207320122562e-39
1 3.10728145844197e-23
1 1.93054486387765e-41
1 4.41408124038638e-33
1 6.19388264342727e-26
1 3.78192404459781e-36
1 8.19973948576314e-37
1.11887951881576e-38 1
3.25605980197746e-32 1
1 1.50371346945923e-41
1 1.78950161069057e-41
1 1.98335297681496e-40
3.79832812499979e-38 1
1 5.29918107109285e-45
1 5.8701339279353e-39
1 4.82353497378508e-30
1 1.07164445530411e-32
8.8643304688351e-40 1
1.05086775058321e-33 1
1 8.91872214859558e-36
1 8.7805535389946e-33
1 2.56534004004059e-39
1 1.05942751330458e-37
1 2.07332946759861e-23
1 2.11650256300435e-34
1 3.85475149032861e-40
1 9.2850948498379e-37
1 3.10394176590056e-45
1 1.18659928428889e-36
1 6.43813585158446e-40
1.71475353507388e-39 1
1 1.04617642586076e-30
1 1.08122772170387e-32
1 6.7341186424438e-34
1 2.83007634482644e-30
1 3.7373580424533e-33
1 1.29341609521624e-23
1 2.52237509243332e-29
1 7.89697999293875e-33
1 1.59072813338319e-31
1 3.98375576274872e-28
1 1.57461799494798e-36
8.24645257704175e-30 1
1 1.54160640780805e-42
1 1.75008779039669e-33
1 4.19035607509725e-30
1 1.80054375217209e-26
1 9.91671275525211e-31
1 4.82442419604632e-35
1 1.00163550865957e-35
1 2.93450541653845e-23
1 9.21580236629365e-32
1 1.17859626034193e-30
1 2.72977914616175e-32
1 3.88215488920768e-34
1 2.95834828728723e-34
1 2.38801642718229e-31
1 1.0564736049461e-36
1 7.27828402805507e-37
5.60945025257323e-20 1
1 1.8636179942771e-37
1 6.55373917884206e-42
1 1.19087288345379e-33
1 3.72459566932035e-31
1 1.95741129928911e-40
8.20385366775316e-46 1
1 5.53981206528135e-26
6.55694166048029e-36 1
1 8.43346325775366e-38
1 4.20696929693252e-36
1 4.87527974051818e-31
1 2.93958163533148e-31
1 2.57387544411666e-36
1 3.77908982541984e-35
1 2.04172084908614e-40
6.98246635922807e-40 1
1 2.29298567349519e-32
1 4.50941691284135e-32
2.85872548540742e-30 1
1 3.39963459900334e-46
1 3.34316377140289e-40
1 4.64341766893336e-46
2.38819967428128e-34 1
1 1.75852199963221e-48
1 1.92370341917468e-44
1 2.82755589211437e-41
1 1.08985074366743e-37
1 1.64232844988818e-33
1 1.32615534610026e-33
1 7.13497799011129e-35
4.07784207679948e-34 1
1 2.70726838787325e-32
1 2.74876435576073e-39
1.28749910932396e-27 1
1.71959270695774e-25 1
7.02238627028253e-43 1
1 2.19547792126151e-34
1.48121103585951e-38 1
1 3.81850267525702e-34
1 5.90328861635341e-33
1 2.60911262745463e-35
9.44952441331654e-38 1
1 1.01381101847923e-40
1 3.59895686120933e-43
1 2.38829149476542e-43
6.38875526021321e-40 1
1 3.80731281363088e-39
1 1.11728331646242e-42
1 2.95021988292968e-36
4.89136866309003e-41 1
1 2.20801589806306e-38
1 1.7168395174881e-39
3.4337654402393e-39 1
1 5.36622850772818e-43
1 1.58572601510487e-27
1 2.15762720018752e-36
8.80500241092381e-40 1
7.49320066250771e-34 1
9.61714114021954e-40 1
2.46189643669184e-44 1
1 4.87672760923477e-37
1 1.36202974887683e-38
2.48835200391077e-31 1
1 4.58625403607724e-44
1 1.21785450096112e-41
1 1.4625099840698e-41
1 2.0483470338724e-33
1 1.34220795681116e-43
1.12582973264952e-37 1
8.35926298556759e-40 1
1 1.46550245378131e-42
1 1.97309195527406e-25
1 1.24131313600479e-40
1 1.7100322550791e-33
1 2.35849416890924e-39
1 3.09369361205984e-24
1 1.58144342709377e-39
1 5.20457032407333e-31
1 2.77379070613044e-34
