1 2.64566339715873e-44
1 2.93450541653701e-23
2.36372014226731e-35 1
1 1.15417718160369e-43
1 1.35247287170473e-41
1 4.68115035835772e-33
1 1.64232844988781e-33
1 6.55373917884131e-42
1 1.18659928428865e-36
1 1.00163550865934e-35
1.71959270695821e-25 1
1 5.29918107109097e-45
2.02650209859012e-29 1
1 2.43092083154143e-40
1 2.45066783643146e-37
1 9.2158023662909e-32
1 3.78192404459679e-36
1 3.39963459900005e-46
1 4.41408124038569e-33
8.24645257703987e-30 1
1 1.10320726022411e-36
1 2.5884770437826e-39
1 2.83007634482616e-30
1 2.37450406109655e-29
1 2.33827304642144e-41
1 5.87013392793246e-39
1 3.66730899264679e-24
1 9.91671275524929e-31
1 2.7737907061295e-34
1 7.95895353917562e-28
1 1.17859626034167e-30
1 4.8235349737848e-30
1 1.75852199963163e-48
1 3.9623645853713e-34
1 2.82755589211401e-41
1 1.16681356444323e-36
1 4.64341766893158e-46
1 1.53339572402585e-36
1 9.37261016447785e-35
1 2.29298567349418e-32
1 1.71683951748747e-39
1 7.27828402805434e-37
1.1193141136905e-36 1
2.56866185120604e-28 1
1 1.57461799494772e-36
1 4.82442419604557e-35
1 1.7500877903957e-33
1 1.50235115519598e-31
1 1.36202974887629e-38
1.54684574537588e-40 1
3.79832812499979e-38 1
8.39427739453321e-38 1
1.8955722609466e-28 1
1 1.81475363935422e-39
2.38819967428016e-34 1
7.02238627028163e-43 1
8.80500241092244e-40 1
4.78216042522165e-35 1
9.88715244614151e-35 1
1 2.95834828728601e-34
1 1.58144342709347e-39
2.48835200391013e-31 1
1 9.27125355579439e-35
1 1.95741129928902e-40
1 2.04834703387203e-33
2.22377233151614e-36 1
3.41752994308126e-24 1
1 8.91872214859115e-36
1 1.92370341917403e-44
1.1258297326494e-37 1
1 1.98804963295362e-39
8.39090720163685e-36 1
1 4.46439436487066e-47
6.22694001802743e-34 1
1 1.21785450096069e-41
1 1.10509437743154e-27
1.25224935238826e-32 1
1 2.38829149476535e-43
1 1.05942751330447e-37
1 5.5398120652821e-26
1 3.7245956693194e-31
5.65749345741089e-28 1
1 6.8281133926268e-39
1 4.58625403607659e-44
1 1.11728331646259e-42
1.37286401799526e-31 1
1 7.89697999293762e-33
1 2.07332946759831e-23
1 2.44901124061538e-40
1 1.11872420320318e-44
1 1.91991594931027e-32
1 1.35893642980196e-35
1 1.07164445530413e-32
1 3.98375576274843e-28
1 5.010262510861e-40
1 1.04617642586063e-30
8.20385366775351e-46 1
6.55694166047786e-36 1
1 1.97309195527309e-25
1 1.80922511768939e-28
1 5.10728080500661e-41
1 2.38801642718144e-31
1 1.44179888590308e-30
8.35926298556748e-40 1
1 4.20696929693192e-36
1 8.44761211184637e-40
7.69508424661687e-37 1
1 3.68538506067302e-31
1 1.20301746816197e-34
4.85269666978796e-34 1
1 1.53418248878017e-37
1 3.85475149032779e-40
3.17571492801817e-31 1
1 6.43813585158208e-40
1 1.95597620726491e-31
1 9.28509484983605e-37
1 1.34220795681139e-43
3.08339025319549e-35 1
1 2.35849416890887e-39
1 1.0812277217037e-32
1 9.20108803472947e-34
3.0723877775268e-42 1
1 7.38784171164897e-41
1 1.15915281069357e-30
1 1.90292029128473e-47
1 1.36117974792185e-34
1 1.24131313600438e-40
1 1.42207573713558e-30
2.87660331060205e-34 1
1 1.78950161069017e-41
1.25116506749187e-26 1
2.46189643669107e-44 1
1 1.0706262003609e-43
1 1.49833487947303e-31
1 2.10045484241692e-43
1.45503865035154e-42 1
1 1.71003225507857e-33
1 4.05365364462733e-28
1 1.32113150205807e-33
1 3.27669580092427e-30
1 2.20801589806255e-38
1 1.02564670269223e-38
1 2.19547792126101e-34
1 2.5653400400399e-39
1 3.74364236204638e-40
1 8.43346325775342e-38
1 2.75470381443184e-31
1 1.80054375217224e-26
1 1.19087288345399e-33
1 1.54160640780762e-42
1 4.19035607509695e-30
1 3.09369361205907e-24
1 5.36622850772741e-43
1 2.04172084908536e-40
1 1.50371346945955e-41
1 2.60911262745422e-35
1 1.68260997148283e-44
6.38875526020957e-40 1
1 1.77371161781157e-28
1.71475353507378e-39 1
1.48121103585924e-38 1
1 8.19973948575906e-37
1 1.46550245378091e-42
1 8.11682059988166e-33
1 2.15762720018731e-36
1 1.05241172266445e-40
1 3.10394176589932e-45
2.76266932954393e-43 1
1 1.44748689287875e-36
9.40231210846569e-29 1
1 2.28606789571581e-39
9.80881362795734e-41 1
1 4.71032985836285e-39
1 3.09315015986952e-45
1 4.34362353616781e-36
1 6.30623530110646e-33
1 7.13497799011321e-35
1 1.9305448638771e-41
1 4.876727609234e-37
1 2.645661459668e-34
1.1104955641494e-39 1
1 1.58572601510552e-27
1 2.93958163533102e-31
1.44507254562645e-33 1
1.11887951881568e-38 1
7.75444330869014e-41 1
3.62247230515963e-35 1
1 8.78055353899236e-33
1 5.90328861635341e-33
1 3.30944783368437e-38
1 3.68642501119316e-33
1 3.02406112403259e-41
1 1.03821299439463e-38
1 3.34316377140285e-40
1 3.88215488920586e-34
1 3.02789039702405e-38
1 3.10728145844184e-23
1 2.70726838787187e-32
1 2.63733004202192e-33
1 1.19046797793903e-39
1.04040124194786e-33 1
1 8.54217412846033e-29
7.02034553907991e-38 1
1 2.95021988292959e-36
1 2.14306272023011e-35
1 1.75971698412714e-39
1 2.74876435576011e-39
1 1.05647360494595e-36
1 2.11650256300363e-34
1 2.08492803730849e-33
1 6.19388264342384e-26
1 3.30672755655227e-30
1.18950964133834e-34 1
1 1.34852041603796e-48
1 7.23255386594582e-36
1.42768996076939e-37 1
1 2.72977914616102e-32
1 9.33182736747235e-38
8.91863702402525e-34 1
1 4.87527974051715e-31
1 6.04278665816661e-37
1 1.98335297681406e-40
1 1.25760021355616e-31
1 3.80731281363083e-39
1 4.30708772225006e-46
2.85872548540657e-30 1
1 1.8636179942767e-37
4.49704973086798e-31 1
1 5.3239903660965e-25
1 3.59895686120892e-43
8.86433046883157e-40 1
1 2.52237509243178e-29
3.25605980197796e-32 1
1 3.77908982541947e-35
1 4.28014006213881e-53
1 3.95649808459978e-44
6.45633180128078e-33 1
1 8.47562477521775e-36
1 1.59072813338249e-31
9.6171411402246e-40 1
6.56279281976055e-29 1
3.43376544023749e-39 1
1 1.16379734491744e-33
1 2.75681753203341e-41
1 1.78651008489142e-29
1.28749910932352e-27 1
1 9.30609126942715e-40
1 1.32615534609996e-33
1 4.50941691284116e-32
1.04082867193316e-26 1
1 3.16308067661856e-39
1 2.17935611833001e-32
9.44952441331225e-38 1
1.93453340200235e-41 1
1 5.88742453595236e-29
1 1.29341609521619e-23
1 2.10383053815089e-36
4.07784207679884e-34 1
1 5.33778677917083e-28
1 4.1120732012255e-39
1 6.15169352780041e-36
1 1.30182767218518e-42
1 4.098960642775e-24
3.32977979574885e-44 1
4.89136866309065e-41 1
1 2.57387544411666e-36
1 2.00711062640312e-40
1 1.46250998406909e-41
1.00637143715014e-40 1
5.14519442490011e-31 1
1 3.73735804245182e-33
1 1.08985074366718e-37
1 1.98154549890871e-33
1 1.17230175349069e-38
1 2.83724874427614e-34
1 6.73411864244227e-34
5.60945025257012e-20 1
1 3.81850267525697e-34
1 1.73093160141443e-40
1 4.54654492068301e-39
1 6.82495173592366e-42
6.98246635922778e-40 1
1 1.87083691846054e-33
1 3.52244229509476e-40
1 2.40433929339892e-33
1 7.90524048725699e-28
7.49320066250345e-34 1
1 1.01381101847886e-40
2.69562464341584e-32 1
1 7.57635318641124e-36
1 2.6184308745375e-42
1 5.20457032407074e-31
1 3.56044133436193e-32
1 2.39596165818677e-42
1.05086775058302e-33 1
5.97700521730061e-32 1
1 3.07522642863539e-47
1 1.44734910070896e-40
1 1.06139917722521e-41
1 1.07616434404961e-33
