"LD1"
-2.48014822831559
9.15373560720518
-2.49646980665553
9.63136162178581
9.19552511507577
-2.31691029434969
9.07631943497399
-2.85579375162921
-4.00723426027307
-1.34981821541432
-3.3068481549955
10.3793075385641
10.5058851412331
-2.78517790949578
-4.29139298824969
8.8820298210795
-3.26434431745532
10.5950383292313
10.1675351771478
-2.72200071999947
-3.13175806242609
-2.92025192976252
-3.2026527840518
-3.28212137356411
-2.11610528852532
-3.93014519264615
-3.02172006496383
-4.74331004718683
-4.13241053065481
-3.72264204469022
-3.53400130971347
-2.68788877474962
-3.24162567757562
10.3128461487171
-3.27212185502896
-6.2393696609926
-3.86938041229152
-1.93707856607784
-2.78256292621396
-4.59202602959858
-2.86153444425991
-4.67947132565704
-2.54447778015044
-3.15780167775545
-4.88621285729781
8.83913678767007
-2.19430663362701
-3.36443637379185
-2.60228316041384
-3.77865550167463
-2.12492533633943
7.91094866372758
-3.73932932771832
8.38381745012591
-4.65159018697152
-3.97337557754103
-2.50337164176061
-2.70525844686671
-2.87826633121833
10.2469894939083
-2.25722235612258
-1.11504229488129
-2.55261860838654
-2.67883493625891
-2.13087329497744
-3.76860544780302
-0.834766632482706
-2.84972136270343
11.5202451959417
-4.2188075107237
-2.19007518270019
-4.0376739301641
8.1825021460218
9.98637708133816
9.54138392912341
-2.102839963803
-4.07852642854875
-3.86333989781302
-1.67175108127834
-2.71323107493271
-4.04657934628523
-2.75121155513032
-2.22285126871363
-2.25917495342169
-2.99472639724584
-3.11709044675298
8.85668710299243
10.1004971379409
-4.41143643974206
9.49464195638341
-4.01546860859023
-4.52181588338059
-4.3699421530456
10.2380515048518
10.5365020169669
-2.58349609487673
-3.26526028469636
-2.27221195531762
10.3203009931405
-3.46424995950107
-3.82700960961621
-1.19340852657345
-4.68794202650798
-4.12549807073947
-4.31949764930932
-1.95578985511923
-3.83662869291849
-3.75937255992979
-2.59667481179747
-4.48760868866684
-2.35784476127676
-2.61592331613392
9.27003056946854
-2.63116496650524
8.83342869899604
-1.66084953305587
11.0001372734908
-1.69745565839025
9.27735269085392
-2.26954685573711
-2.6805442318439
10.9694400682142
-0.891903217571587
-3.02242277062795
9.49931457894482
-3.48617804626029
-3.12975318697131
10.601484999576
8.59261725371171
-4.75411523420181
-2.65549761875262
-1.60061761903588
-4.13454590960798
-3.42234915609903
-3.13218910609962
9.50589555639561
-3.26373625463172
-3.71767455729419
-3.82271795247489
-3.93140719931437
10.493585165375
6.67016216431517
-2.31797419940667
-3.02539008554499
8.97654961312867
-2.87444818707948
-3.86079460342677
8.77066849767704
-4.64715123638667
-3.32677932558379
-0.876697500698434
-1.80405543846867
-1.74060232422496
-3.49206511039432
-2.34483913988054
-3.14054521292845
-0.918266623876181
-2.37691280948734
-1.85453593858202
-4.26944470749333
-3.19993715826855
9.6639445637598
9.86544900955504
-3.27459100200017
-5.0627671407517
-3.74723863094131
9.95183664445317
-2.65785329879964
-3.52262905581496
-4.51195137348495
-2.49837721203716
9.76371295022168
-3.63691575123133
-3.08064164430313
-3.81360670502261
9.51544489758473
9.28181202755544
-1.83816935209652
-3.20787243985381
-4.49248850304275
-2.64000634144686
-2.05421725206483
-2.58261858994607
8.66960842011527
10.81905719702
-3.8643924873984
-2.77963175543345
8.27031803791791
-2.67173418435446
-2.8045594888365
-1.1865390059554
-5.22541249261388
-2.13740303932119
-3.86467149501613
-2.70153591213498
-3.56708712261179
-1.43102284577278
-5.03417576541276
8.0526450145662
10.2867807620723
-1.75831157421059
-3.62781872930755
-4.17506244551464
-2.36565846950604
10.7982001618646
-4.0383540873212
-3.22028466691058
-2.71484863215929
9.85430679905332
-2.6133594614892
-3.05679395332323
-4.8750421266289
-3.0417968908542
-4.21002225857749
-1.24936741585988
-3.71736585036557
-2.41473241519443
-2.19460643762407
-1.78953482816082
9.3757095863182
10.1534637088889
-3.83813234598538
-3.62217469885257
-0.67407702425543
-2.164847652404
7.77185840115568
-4.57386284876705
10.4368164838522
9.47045361559508
-3.41357550269846
-3.22248804859262
8.4983393304528
-3.56370619309205
-3.53213267959576
8.47914206618295
-3.790167010302
-3.58133784439707
-4.07480536756339
-3.9365777905309
-1.7803859590705
-3.52705264517923
9.29641703293463
11.0038265061689
-4.68913191232637
11.1106202963003
-2.51499882373523
-3.90235386271304
-3.89586688486141
7.49717404142852
-2.54493782846067
9.88273620337335
-2.78948072834697
-3.31571591240627
-2.17129927981154
-4.95042587641809
-3.80231226701419
-3.95899051155831
-3.57643419590863
-4.4513069834291
-3.59429748709806
-3.96484033786036
-3.86256977532229
-2.12827828053883
9.20233070190222
9.24409361398042
-2.35731981579908
7.94063002819324
10.4529830212834
-3.98824420415239
-3.84886984064809
10.4534540681278
-2.87229474402039
-2.17704975858133
9.21731511457234
-2.54349832710393
-3.04308351645633
10.0886189851973
-4.15196818058241
9.60311264807696
8.17432582131361
-3.19272825568004
-2.15390374040568
-4.0936193454026
8.34078056009836
-5.38405075192892
-4.11976805339485
-4.62990364659566
-4.36126550589571
8.74652657104014
-3.43482501446946
-5.39847433159851
-4.57175095867713
-1.78353892793983
8.94225698465107
-0.897648563379459
9.58634332608463
-2.72616640015584
-3.01356906294038
-2.48765767851065
-2.70958403841869
