"LD1"
3.66129773403123
2.60748244431619
2.8203643811469
5.17502785919684
1.62838506941995
3.74502672250913
0.853373371769709
2.46397244406856
3.75848521212698
3.25504462320596
3.76809460668912
1.32005108887645
2.84385452257464
1.93086661814816
2.23692952276809
4.52676577514378
-8.81097825369151
3.79887641457819
3.10018486206257
1.0032136257
-10.644434893658
4.20861626130781
-11.1695355590054
1.22000192608241
1.40857266622972
4.76944065720311
2.44304747991424
2.70249733691873
3.95075641723815
4.6427903824848
2.56166646315648
2.91175502445415
-10.361974671264
2.73099066544357
2.82365645733291
-10.5713721650412
2.98244137173653
3.70124103998701
3.1254263874693
2.55950372909324
3.29354341042972
2.66656121609876
3.10901931418193
3.20993850353673
2.82916319941087
4.47960405546754
-10.1213774148005
3.41617217507114
0.981051745060464
2.82543811464119
3.16374504637589
2.9323842763735
-10.5165668733196
2.47770634861961
4.09546063573688
3.25636904495832
4.15155240098634
3.60690961598236
-10.3431787669386
-9.24159933160887
2.79734852087562
4.12352254968459
-8.61868649625298
3.15283800542956
3.77650787205215
-9.35830215113645
3.15535583424411
3.2327603806747
3.28415407084675
-8.28832198138372
-9.64147634342338
0.989816324487958
4.12949805335344
3.74748340432161
4.10843039167858
1.65423712870562
-9.94291341721438
2.2931451172184
2.62059054698086
3.01162161625728
3.86704290690248
2.60285546973839
2.49169288317923
1.95327714649715
3.77003756814252
-8.20219577710189
3.6732046892417
-9.41320113164386
4.71058586437154
2.57938394480763
3.88769360955376
4.1432030909955
2.15260978718988
2.88150788973716
2.16871153874562
4.15981041839845
-9.62205101759438
4.61109246374901
2.62167134217134
3.72190742543108
2.96320635459577
3.54398517371165
1.14181828113718
-10.3477995173533
5.21283409811042
3.92400706430961
-6.75196570841974
3.568856886723
2.8467400534388
3.26419354398738
3.94107125165406
2.55331274054792
-8.75376013250913
2.89123682926523
2.0861447581345
0.821505715225513
2.42443666194893
4.67843743094737
2.32985808698727
3.0630005307718
3.19405534165099
2.68535602624502
3.70730622238897
1.70874810116238
3.08702917452809
2.68035044793365
-9.99882308663794
-10.9790939753743
4.40572489555351
-9.96162301195314
-8.13742699932031
4.33592122378699
3.27436297024384
1.77091926042945
1.85934578597015
4.04689501452378
3.32508247898339
1.31126081113153
3.0271205019766
3.20794974272791
2.70219838729893
1.65477049530189
2.30886450322957
2.25896811692781
-8.76436515459486
-9.31616075064534
3.76566890740122
-8.53524246587616
-10.4806877905255
3.99289113122422
3.84729256875486
-9.97541796178163
-10.7893618834616
2.91089861240859
-10.3367585172118
3.37928164954633
6.23716398365143
-7.97281633111083
3.4431063525902
2.6821741467334
3.82589651399988
4.43718997178202
3.88999728468341
2.2317814800376
5.40041262897522
-10.84823249557
-9.78071745507703
-10.325428635793
4.4694887339916
-10.3437077039399
-11.437453983109
4.98576585588947
2.48170959327679
-7.75190812752872
-10.2912082321911
2.75557591020571
2.67056697836534
-9.26823801576625
3.61872488578925
3.73840514535573
3.44533634829477
-9.48497430984532
4.96120834390755
4.20542238559145
2.53761963696641
1.77248072054245
3.6282923052901
2.80026144819275
3.69054236509351
-10.5350778152776
2.71865085220781
3.40085067503476
-8.46442396896567
2.71067328495107
-9.54047639700341
3.94003423385727
3.09617113949393
2.7124847438718
1.59994217431875
2.5369184069117
5.4213219882088
-10.2365148716499
2.27677745500636
4.09346506970303
-9.81023217106985
-8.37186701957047
2.06749114600216
2.28189380901435
4.96713056819333
4.17064079432876
3.92342308301371
4.28787345654208
1.70737809913186
-10.0472044967575
5.14566787246553
2.34365367601819
-10.9056138143408
3.93909635318287
2.64804890399201
3.2348498538081
4.01781751975679
3.81827323234488
2.17678866605026
3.73769794353371
2.46462466061673
4.81184466868782
1.83002975907889
-7.95831903591496
3.73296561100977
2.15152488283422
-9.51954125538096
-8.2643881609516
4.08817302025876
3.45533025983144
1.68570260878403
3.98994785542558
3.62925147326675
-9.98474483634352
-10.1434734911018
4.32659318553291
-9.21650932477938
4.34796192859399
4.51487793370539
3.89479441321309
2.66795544789371
2.0564072532348
-8.85782139672725
3.89890885064965
2.25813452616015
3.53698178154342
-7.5164473088493
-8.98603905799638
4.32260557113737
2.16740130802381
4.59945856240117
4.28087988332482
2.18100302718291
2.09840492602856
-9.24238775209683
2.65533401389707
-10.5145461626185
-11.1457506114272
4.66789034364673
3.93774972528059
2.67509526411943
3.69332988022459
2.32514500072632
2.08686336983997
-8.79176655572281
-8.97116133787527
3.23939110532855
4.53268447812893
3.46330309918529
-9.50685011246219
4.14539145903235
3.96484949993249
-10.3689739304111
-9.42776396642865
3.97694493263304
-9.72664627313683
4.81157034650998
-9.34364634889287
-9.2828182513001
-8.92331943597049
-9.04642715073715
2.79895930744082
2.58458473031692
2.36813935760063
1.92610824923177
-8.34354796124856
-9.25452134868227
-9.09860610862126
-9.30245829941854
3.18330654264555
3.11267713465135
3.26078420403461
3.30819602008787
2.32964724089351
0.890540045558467
0.826011795083531
