8.47562477521642e-36 1
2.7487643557605e-39 1
3.68642501119347e-33 1
2.15762720018755e-36 1
1.50235115519573e-31 1
2.64566339715895e-44 1
1 7.49320066250601e-34
1.30182767218522e-42 1
1.57461799494792e-36 1
2.07332946759854e-23 1
7.2325538659486e-36 1
4.82442419604605e-35 1
4.71032985836372e-39 1
1 1.25224935238844e-32
1 1.42768996076943e-37
5.2991810710921e-45 1
1 2.69562464341646e-32
1.75852199963201e-48 1
1 2.56866185120704e-28
3.96236458537135e-34 1
1.75971698412764e-39 1
1 3.07238777752684e-42
1.07164445530413e-32 1
2.72977914616164e-32 1
2.95021988292984e-36 1
7.1349779901119e-35 1
1 3.17571492801867e-31
9.30609126942966e-40 1
3.80731281363099e-39 1
4.34362353616905e-36 1
1.36202974887664e-38 1
1.9029202912847e-47 1
2.37450406109635e-29 1
1.15915281069319e-30 1
1.36117974792211e-34 1
1.44748689287887e-36 1
1.1541771816041e-43 1
7.90524048725722e-28 1
8.43346325775366e-38 1
3.30944783368531e-38 1
2.00711062640363e-40 1
1 1.93453340200238e-41
6.3062353011062e-33 1
1.71683951748793e-39 1
8.91872214859444e-36 1
2.17935611833091e-32 1
1 2.22377233151651e-36
1.19046797793935e-39 1
8.54217412846191e-29 1
2.39596165818701e-42 1
2.3382730464217e-41 1
1 3.41752994308136e-24
3.09315015987031e-45 1
7.89697999293863e-33 1
8.78055353899398e-33 1
2.93450541653809e-23 1
4.64341766893296e-46 1
7.27828402805496e-37 1
1.05942751330458e-37 1
1.53339572402596e-36 1
5.36622850772802e-43 1
2.60911262745455e-35 1
1.58144342709368e-39 1
1.98804963295353e-39 1
1.18659928428884e-36 1
5.90328861635358e-33 1
9.21580236629326e-32 1
3.02406112403319e-41 1
1.9559762072656e-31 1
2.70726838787287e-32 1
3.88215488920713e-34 1
1 1.05086775058315e-33
1.80054375217215e-26 1
1 3.32977979575008e-44
4.58625403607704e-44 1
1.54160640780792e-42 1
1.58572601510509e-27 1
3.72459566932004e-31 1
3.95649808459978e-44 1
1.73093160141479e-40 1
3.98375576274877e-28 1
1 8.39090720163661e-36
1 1.2511650674918e-26
1 9.61714114022132e-40
1.75008779039639e-33 1
1.590728133383e-31 1
1 1.54684574537647e-40
1 5.65749345741134e-28
2.14306272023014e-35 1
1 3.43376544023871e-39
4.50941691284141e-32 1
2.28606789571646e-39 1
1 2.8587254854071e-30
4.54654492068282e-39 1
1.46550245378122e-42 1
1 1.1193141136906e-36
1.21785450096102e-41 1
1.07062620036122e-43 1
1.02564670269246e-38 1
2.63733004202155e-33 1
1.71003225507901e-33 1
3.68538506067208e-31 1
1 1.04040124194789e-33
1.17859626034184e-30 1
3.39963459900237e-46 1
4.82353497378501e-30 1
2.44901124061558e-40 1
5.88742453595278e-29 1
3.56044133436214e-32 1
8.11682059988362e-33 1
2.64566145966831e-34 1
2.95834828728693e-34 1
1 2.38819967428097e-34
2.04172084908591e-40 1
1 1.89557226094659e-28
1.78950161069052e-41 1
3.10728145844195e-23 1
6.55373917884206e-42 1
2.08492803730914e-33 1
1 4.07784207679936e-34
1 2.48835200391042e-31
3.3431637714028e-40 1
3.10394176590025e-45 1
1.78651008489218e-29 1
6.04278665816867e-37 1
2.83724874427719e-34 1
1.17230175349102e-38 1
1 2.87660331060311e-34
1.32113150205829e-33 1
2.82755589211425e-41 1
1.16379734491804e-33 1
1 6.38875526021212e-40
1.91991594931013e-32 1
1 1.04082867193345e-26
1 1.4450725456262e-33
1 2.46189643669149e-44
7.95895353917562e-28 1
1.98335297681476e-40 1
1.53418248878025e-37 1
1 9.88715244614094e-35
1.16681356444359e-36 1
1.08985074366739e-37 1
1 6.45633180128234e-33
1 3.79832812499968e-38
3.16308067661937e-39 1
1 1.00637143715031e-40
3.66730899264759e-24 1
5.01026251086114e-40 1
4.05365364462721e-28 1
2.52237509243289e-29 1
4.19035607509725e-30 1
8.44761211184829e-40 1
1.34220795681121e-43 1
3.07522642863701e-47 1
2.19547792126139e-34 1
2.45066783643202e-37 1
1.01381101847913e-40 1
1 5.60945025257211e-20
1.35893642980207e-35 1
2.56534004004052e-39 1
1.19087288345386e-33 1
1.80922511768932e-28 1
1.32615534610022e-33 1
2.57387544411681e-36 1
1 6.56279281976167e-29
4.8767276092347e-37 1
1 1.37286401799521e-31
1.24131313600461e-40 1
1 7.75444330869025e-41
4.41408124038645e-33 1
9.28509484983763e-37 1
1.46250998406959e-41 1
9.37261016448211e-35 1
1 2.02650209859055e-29
1 5.97700521730027e-32
4.11207320122579e-39 1
1.92370341917444e-44 1
1 1.28749910932378e-27
4.098960642775e-24 1
1.64232844988811e-33 1
1.05647360494604e-36 1
9.20108803472973e-34 1
1 1.11887951881568e-38
1 8.3942773945344e-38
3.2766958009245e-30 1
2.29298567349486e-32 1
1.93054486387748e-41 1
5.87013392793463e-39 1
9.27125355579452e-35 1
4.46439436487256e-47 1
1.95741129928916e-40 1
1 7.02238627028223e-43
1.10320726022417e-36 1
1 5.1451944249004e-31
4.20696929693228e-36 1
2.93958163533136e-31 1
1.06139917722542e-41 1
2.75470381443239e-31 1
1 6.55694166047926e-36
2.4309208315425e-40 1
3.02789039702522e-38 1
1.04617642586075e-30 1
6.73411864244352e-34 1
1 2.76266932954369e-43
1.03821299439497e-38 1
1 1.48121103585947e-38
1.29341609521626e-23 1
3.85475149032839e-40 1
1 1.12582973264959e-37
1 8.80500241092356e-40
1 9.4023121084661e-29
2.77379070613021e-34 1
1 7.020345539083e-38
1 1.45503865035164e-42
1.07616434404976e-33 1
1.68260997148311e-44 1
1.44734910070919e-40 1
1 1.71959270695776e-25
4.2801400621396e-53 1
6.82811339262884e-39 1
1 1.71475353507388e-39
2.35849416890924e-39 1
1 7.69508424661971e-37
1 8.86433046883384e-40
5.33778677917311e-28 1
6.19388264342648e-26 1
1 8.35926298556724e-40
3.59895686120933e-43 1
1.50371346945925e-41 1
4.30708772225116e-46 1
2.11650256300414e-34 1
1.11728331646245e-42 1
1 1.11049556414901e-39
5.20457032407259e-31 1
1 2.36372014226758e-35
1.49833487947348e-31 1
1.42207573713572e-30 1
1 6.22694001802858e-34
9.33182736747513e-38 1
3.73735804245283e-33 1
1.77371161781189e-28 1
6.15169352780242e-36 1
5.32399036609734e-25 1
1.35247287170486e-41 1
3.09369361205975e-24 1
1.0524117226644e-40 1
6.43813585158391e-40 1
1.81475363935499e-39 1
1.44179888590304e-30 1
1.08122772170387e-32 1
1.00163550865954e-35 1
3.52244229509541e-40 1
2.10045484241701e-43 1
4.68115035835826e-33 1
2.58847704378344e-39 1
1.34852041603827e-48 1
1 3.62247230516004e-35
3.30672755655307e-30 1
5.10728080500531e-41 1
5.53981206528174e-26 1
1.2030174681623e-34 1
7.38784171165065e-41 1
3.74364236204691e-40 1
2.10383053815119e-36 1
1.86361799427699e-37 1
2.83007634482648e-30 1
2.40433929339974e-33 1
1 8.2464525770414e-30
2.38801642718205e-31 1
2.20801589806293e-38 1
1 3.25605980197778e-32
1.87083691846093e-33 1
1.98154549890905e-33 1
1 4.85269666978824e-34
2.04834703387235e-33 1
8.1997394857622e-37 1
6.82495173592356e-42 1
1 4.78216042522193e-35
1 1.18950964133834e-34
4.87527974051784e-31 1
2.61843087453709e-42 1
7.57635318641264e-36 1
9.91671275525155e-31 1
2.75681753203407e-41 1
3.81850267525692e-34 1
3.7819240445976e-36 1
1 3.08339025319549e-35
1 4.89136866309016e-41
1 9.4495244133152e-38
1 8.20385366775316e-46
1 9.80881362796013e-41
1.97309195527382e-25 1
3.77908982541979e-35 1
2.38829149476552e-43 1
1.11872420320317e-44 1
1 6.98246635922768e-40
1.25760021355651e-31 1
1 4.49704973086939e-31
1.10509437743172e-27 1
1 8.91863702402335e-34
