1 2.77379070613084e-34
1 1.32615534610043e-33
1 3.88215488920857e-34
1.71959270695763e-25 1
1 2.72977914616218e-32
1 1.93054486387789e-41
1 2.75681753203458e-41
1.05086775058336e-33 1
3.07238777752749e-42 1
1 4.68115035835892e-33
1 1.75971698412809e-39
2.56866185120825e-28 1
1 1.42207573713588e-30
1 7.38784171165243e-41
1 2.60911262745492e-35
1 1.10320726022422e-36
1 2.56534004004103e-39
1 3.81850267525713e-34
1 3.16308067662018e-39
9.80881362796348e-41 1
1 3.95649808460023e-44
1 3.02406112403401e-41
9.61714114021913e-40 1
1 4.30708772225232e-46
1 4.8752797405186e-31
1 1.29341609521632e-23
1 1.05942751330465e-37
1.11931411369079e-36 1
1 4.34362353617022e-36
1 5.90328861635358e-33
8.2464525770428e-30 1
1 1.15915281069288e-30
1 4.1903560750976e-30
1 2.6373300420214e-33
1 1.75008779039716e-33
1 3.10728145844206e-23
1 4.28014006214051e-53
1 7.57635318641383e-36
1 1.01381101847947e-40
1 1.352472871705e-41
1.48121103585974e-38 1
1 2.39596165818752e-42
1 3.34316377140304e-40
1 8.54217412846337e-29
1 2.04834703387261e-33
1.25116506749188e-26 1
1 1.90292029128484e-47
4.4970497308713e-31 1
1 3.30672755655363e-30
2.22377233151718e-36 1
1 2.45066783643254e-37
3.41752994308187e-24 1
5.60945025257435e-20 1
1 1.03821299439523e-38
1 4.58625403607763e-44
1 7.23255386595127e-36
1 1.0016355086597e-35
1 1.71683951748847e-39
1 8.91872214859748e-36
1 2.1004548424171e-43
8.86433046883686e-40 1
1 1.44179888590306e-30
7.49320066251006e-34 1
1 1.34220795681118e-43
6.98246635922857e-40 1
1.25224935238886e-32 1
1 4.11207320122585e-39
2.85872548540771e-30 1
1 1.0706262003615e-43
1 3.68642501119379e-33
1 3.2766958009245e-30
1 1.49833487947393e-31
1 1.3611797479224e-34
1 2.93450541653895e-23
1 4.41408124038695e-33
3.32977979575131e-44 1
1 3.09315015987124e-45
1 9.20108803473078e-34
1 5.36622850772841e-43
1 1.19046797793969e-39
1 1.11728331646239e-42
8.20385366775433e-46 1
2.46189643669233e-44 1
1 4.82442419604687e-35
1 4.54654492068256e-39
4.07784207680006e-34 1
1 1.58144342709392e-39
6.22694001803026e-34 1
1 1.78950161069085e-41
1 1.54160640780821e-42
1 6.15169352780461e-36
1 2.29298567349561e-32
1 1.95741129928916e-40
1 7.95895353917573e-28
1 1.64232844988837e-33
1 2.14306272023014e-35
1 1.92370341917495e-44
1 1.08122772170397e-32
1 4.4643943648744e-47
1 1.36202974887702e-38
1 3.7819240445983e-36
1 7.89697999293931e-33
1 1.11872420320329e-44
1 2.64566339715925e-44
7.02034553908649e-38 1
6.3887552602152e-40 1
1 5.20457032407414e-31
1 5.29918107109391e-45
6.45633180128454e-33 1
1 1.18659928428909e-36
1 1.91991594931005e-32
1 1.97309195527443e-25
1 5.53981206528131e-26
1 4.09896064277502e-24
1.1188795188159e-38 1
7.69508424662299e-37 1
1 3.72459566932078e-31
1 1.58572601510476e-27
1 2.3382730464221e-41
1 2.44901124061572e-40
3.08339025319619e-35 1
1 4.82353497378569e-30
3.43376544023998e-39 1
3.62247230516081e-35 1
1.04040124194806e-33 1
1 3.66730899264814e-24
1 1.71003225507937e-33
1 1.81475363935566e-39
1 3.96236458537135e-34
1 1.19087288345381e-33
1 2.70726838787391e-32
2.02650209859079e-29 1
1 2.52237509243389e-29
1 5.10728080500436e-41
1 1.78651008489292e-29
1 9.28509484983935e-37
1 1.10509437743189e-27
1 3.0936936120601e-24
1 3.98375576274894e-28
1 4.20696929693282e-36
1 6.30623530110611e-33
1 9.33182736747805e-38
1 3.39963459900464e-46
3.25605980197778e-32 1
1 8.78055353899547e-33
1 2.93958163533161e-31
1 1.44734910070954e-40
1 5.32399036609775e-25
3.17571492801975e-31 1
7.75444330869124e-41 1
1 6.82495173592414e-42
1 2.57387544411699e-36
1 1.02564670269271e-38
1 2.10383053815167e-36
1 8.19973948576523e-37
1 1.06139917722556e-41
1 1.87083691846123e-33
1 1.50371346945919e-41
1 4.71032985836419e-39
5.6574934574123e-28 1
1 2.95021988292997e-36
1 1.07616434404993e-33
1 1.50235115519549e-31
1 9.9167127552538e-31
1 9.37261016448531e-35
1 2.75470381443282e-31
1 3.74364236204745e-40
1 1.86361799427728e-37
1.18950964133861e-34 1
1 3.07522642863862e-47
1.37286401799528e-31 1
1 1.80054375217204e-26
1 4.64341766893448e-46
1 9.30609126943204e-40
1 2.6184308745369e-42
1 2.37450406109618e-29
1 1.15417718160438e-43
1.44507254562616e-33 1
1.93453340200262e-41 1
1 3.30944783368635e-38
1 5.33778677917504e-28
1 2.83724874427828e-34
5.97700521730053e-32 1
9.44952441331936e-38 1
1 1.20301746816264e-34
1 1.24131313600497e-40
1 8.47562477521522e-36
1 2.38801642718266e-31
1 2.20801589806334e-38
1 1.53418248878043e-37
5.14519442490091e-31 1
1 6.04278665817073e-37
1 7.13497799011088e-35
1 1.98335297681538e-40
1 2.58847704378429e-39
1 6.1938826434285e-26
4.89136866309044e-41 1
1 1.95597620726618e-31
1 1.2576002135568e-31
6.56279281976335e-29 1
1 2.00711062640418e-40
1 2.95834828728769e-34
1.00637143715048e-40 1
1 3.52244229509601e-40
1 2.0849280373097e-33
1 2.11650256300468e-34
1 2.15762720018777e-36
1.0408286719338e-26 1
9.40231210846743e-29 1
1 1.30182767218531e-42
8.35926298556783e-40 1
1.45503865035206e-42 1
1 1.3485204160385e-48
1 6.82811339263117e-39
1 2.64566145966868e-34
1 2.07332946759889e-23
1 1.04617642586081e-30
1 1.57461799494814e-36
8.91863702402284e-34 1
1 6.5537391788428e-42
1 3.77908982542017e-35
1 1.17859626034199e-30
1.12582973264975e-37 1
1 2.43092083154354e-40
8.3909072016378e-36 1
1 1.98804963295353e-39
1 1.35893642980219e-35
1 2.1954779212617e-34
1.54684574537716e-40 1
1 2.38829149476552e-43
9.88715244614179e-35 1
3.79832812500033e-38 1
1 7.9052404872575e-28
1 1.44748689287905e-36
1 2.04172084908649e-40
1 2.82755589211461e-41
1 1.46250998407009e-41
1 3.10394176590126e-45
1 1.16681356444394e-36
1 3.56044133436254e-32
4.78216042522274e-35 1
1 3.80731281363126e-39
2.76266932954409e-43 1
1 5.88742453595345e-29
1 1.0524117226644e-40
1 6.43813585158565e-40
1 1.53339572402607e-36
1 1.46550245378149e-42
2.87660331060426e-34 1
1 8.43346325775438e-38
1 7.27828402805579e-37
1 1.59072813338348e-31
1 1.77371161781207e-28
2.48835200391095e-31 1
4.85269666978899e-34 1
2.6956246434173e-32 1
1 9.21580236629536e-32
1 9.27125355579479e-35
1 1.08985074366763e-37
1 2.17935611833156e-32
1 2.40433929340052e-33
1 1.9815454989093e-33
1.42768996076943e-37 1
1 3.68538506067129e-31
1 1.32113150205859e-33
1 5.01026251086185e-40
1 3.59895686120979e-43
1 4.05365364462707e-28
2.38819967428192e-34 1
1 2.83007634482668e-30
1 8.11682059988547e-33
1 4.87672760923546e-37
8.39427739453727e-38 1
1 4.5094169128418e-32
1.89557226094685e-28 1
1 1.73093160141534e-40
1 1.07164445530413e-32
8.80500241092556e-40 1
1 1.75852199963253e-48
1 5.87013392793655e-39
1 1.68260997148347e-44
1 1.80922511768933e-28
7.02238627028392e-43 1
1 6.73411864244447e-34
1 2.74876435576097e-39
1 2.35849416890954e-39
1.28749910932419e-27 1
1 3.85475149032899e-40
1 3.02789039702646e-38
2.36372014226822e-35 1
1 1.17230175349134e-38
1.71475353507398e-39 1
1 3.73735804245394e-33
1 8.44761211184949e-40
6.55694166048103e-36 1
1.11049556414894e-39 1
1 1.21785450096135e-41
1 1.05647360494624e-36
1 1.16379734491865e-33
1 2.28606789571711e-39
