"LD1"
3.31571591240627
5.03417576541276
-9.19552511507578
-6.67016216431518
3.02539008554499
2.25722235612259
2.71323107493271
2.49837721203716
2.51499882373523
-8.38381745012591
-8.77066849767705
2.61592331613392
3.12975318697131
2.50337164176061
3.86938041229153
-10.81905719702
3.52705264517923
0.87669750069843
4.0748053675634
2.54349832710392
-10.0886189851973
3.93014519264615
-9.49464195638342
2.71484863215929
3.46424995950107
2.49646980665553
3.52262905581497
2.87826633121833
3.83813234598538
3.22028466691059
3.82271795247489
4.64715123638668
2.54493782846067
4.88621285729782
3.3068481549955
3.19993715826856
-8.47914206618296
2.78948072834697
4.59202602959857
3.76860544780303
-8.17432582131361
-8.88202982107951
5.39847433159852
3.04308351645633
4.57386284876705
2.26954685573711
4.26944470749333
3.19272825568004
4.07852642854876
4.49248850304275
3.790167010302
4.48760868866683
0.674077024255428
3.49206511039433
5.22541249261388
-10.5365020169669
2.85579375162922
4.74331004718683
3.32677932558379
2.6805442318439
2.102839963803
2.78256292621397
0.83476663248271
3.63691575123133
4.0383540873212
3.13218910609962
4.4513069834291
-9.6639445637598
-10.4534540681278
3.27212185502896
-11.1106202963003
-9.27735269085392
1.85453593858202
4.0376739301641
4.13454590960797
2.65785329879964
4.17506244551464
3.72264204469023
4.8750421266289
-9.29641703293464
1.93707856607784
2.41473241519443
4.00723426027308
4.9504258764181
4.5218158833806
2.68788877474962
4.62990364659566
-8.94225698465107
3.53213267959577
2.70958403841869
6.2393696609926
-10.1534637088889
3.28212137356411
2.99472639724584
1.11504229488129
2.35731981579907
4.68794202650798
-10.3128461487171
3.53400130971347
4.75411523420182
3.86079460342677
2.11610528852532
-10.7982001618646
2.87229474402039
3.1317580624261
1.75831157421059
4.12549807073948
3.86467149501613
2.55261860838654
2.70525844686671
3.0417968908542
-10.2469894939083
2.19460643762407
-8.85668710299243
2.34483913988054
0.891903217571593
3.71736585036557
4.29139298824968
2.05421725206483
2.2591749534217
-9.20233070190222
-8.49833933045281
3.01356906294039
-10.493585165375
2.8045594888365
4.67947132565705
4.57175095867713
3.77865550167462
3.8625697753223
-10.1675351771478
3.62217469885257
4.04657934628523
-11.0038265061689
1.18653900595541
2.63116496650524
-8.05264501456621
-9.28181202755545
2.77963175543346
3.8643924873984
4.36126550589571
2.17129927981155
2.86153444425991
2.31797419940667
1.80405543846867
2.67883493625891
1.95578985511923
2.13740303932119
-10.5950383292313
2.37691280948734
-7.91094866372759
2.72200071999947
-10.2380515048518
2.22285126871363
-10.3203009931405
-9.27003056946854
-9.95183664445318
-10.1004971379409
-9.50589555639562
-8.27031803791791
-11.0001372734908
3.75937255992979
4.31949764930932
-10.601484999576
2.35784476127675
2.54447778015045
3.96484033786036
-10.4368164838522
3.86333989781303
1.60061761903588
4.13241053065481
4.51195137348495
3.02242277062795
1.67175108127834
-8.83342869899604
3.97337557754104
4.01546860859024
3.36443637379185
-7.49717404142852
-9.63136162178582
3.56370619309205
3.26373625463172
1.69745565839026
3.71767455729419
-9.3757095863182
3.73932932771832
3.57643419590864
5.0627671407517
-8.1825021460218
3.43482501446946
3.14054521292845
5.38405075192892
3.90235386271304
2.164847652404
2.58261858994607
-8.74652657104015
3.98824420415239
3.5670871226118
-9.21731511457234
1.43102284577278
2.64000634144687
-9.88273620337335
2.60228316041385
3.42234915609903
1.7803859590705
3.89586688486141
-9.58634332608463
-9.24409361398042
3.2026527840518
1.74060232422496
3.26526028469635
0.918266623876183
4.0936193454026
4.11976805339485
2.36565846950604
2.19007518270019
3.08064164430314
2.12827828053883
1.34981821541431
2.87444818707948
1.78953482816082
-10.9694400682142
3.9365777905309
-8.66960842011528
-8.83913678767007
1.19340852657345
1.66084953305586
3.84886984064809
3.95899051155831
-9.85430679905332
2.92025192976253
2.58349609487673
3.7472386309413
4.21002225857749
4.3699421530456
3.20787243985381
-11.5202451959418
-9.49931457894482
2.48765767851065
2.17704975858133
4.68913191232637
2.12492533633942
3.83662869291849
3.41357550269846
3.48617804626029
2.61335946148921
3.62781872930755
1.83816935209652
2.31691029434968
3.22248804859262
-7.94063002819324
0.897648563379454
3.27459100200017
2.19430663362701
-10.4529830212834
-9.86544900955504
-8.97654961312867
3.82700960961621
2.75121155513032
3.15780167775545
4.15196818058241
3.93140719931438
3.02172006496383
-10.5058851412331
4.41143643974206
2.72616640015584
-9.07631943497399
-9.47045361559508
-9.15373560720518
-9.76371295022168
3.59429748709806
-10.2867807620723
2.78517790949579
1.24936741585988
-9.51544489758473
2.48014822831559
3.80231226701419
-9.54138392912341
4.2188075107237
-9.98637708133817
3.58133784439708
2.15390374040568
3.81360670502261
2.84972136270343
4.65159018697152
1.78353892793983
-9.60311264807696
3.05679395332323
2.59667481179747
2.13087329497744
-8.59261725371171
-8.34078056009836
-10.3793075385641
3.24162567757563
2.67173418435447
3.26434431745533
2.27221195531762
2.65549761875262
-7.77185840115569
3.11709044675298
2.70153591213498
