"LD1"
-2.5033716417606
-2.48765767851065
-2.31797419940667
9.49464195638341
-2.65549761875262
-4.9504258764181
-2.84972136270343
-2.12492533633942
8.34078056009835
-2.75121155513032
-1.83816935209652
-4.13454590960797
-1.95578985511923
-2.13087329497744
-3.22028466691058
-2.70958403841869
-3.83662869291849
-2.78256292621396
-4.01546860859024
9.28181202755544
-2.68788877474962
9.3757095863182
-3.13175806242609
-3.80231226701419
-3.93014519264615
-3.7472386309413
-3.83813234598537
10.3128461487171
-4.07852642854875
-4.52181588338059
8.74652657104013
-2.25722235612258
10.7982001618646
-2.71484863215929
-2.87229474402039
10.2380515048518
-3.9365777905309
8.83342869899603
10.1004971379409
-3.20787243985381
-3.31571591240627
-3.27212185502896
-5.0627671407517
-4.12549807073947
9.29641703293463
9.24409361398042
9.07631943497398
9.27735269085392
-0.876697500698431
-3.02539008554499
-2.05421725206482
9.50589555639561
9.76371295022167
-2.54447778015044
-3.04308351645633
-3.12975318697131
-2.70153591213498
-1.74060232422496
9.85430679905332
10.4368164838522
-3.62217469885257
-3.19272825568004
-2.70525844686671
-4.68794202650798
-1.60061761903588
-0.891903217571589
9.98637708133816
-4.59202602959857
-1.93707856607784
8.4983393304528
-4.03767393016409
-2.31691029434968
-2.72616640015584
-3.71736585036557
8.83913678767007
-2.27221195531762
-3.82271795247489
-3.90235386271303
-3.86256977532229
-3.8643924873984
10.493585165375
6.67016216431517
-3.26434431745532
-2.15390374040568
-4.67947132565704
-5.38405075192892
7.94063002819323
-2.51499882373523
-3.52705264517923
10.2469894939083
-2.54493782846067
-3.0417968908542
-3.62781872930754
-1.78353892793983
-3.71767455729419
9.19552511507576
-3.15780167775545
10.3203009931405
10.3793075385641
10.1675351771478
-2.58349609487673
-3.41357550269845
-4.3699421530456
10.5058851412331
-1.67175108127834
-3.76860544780303
-2.17129927981154
-4.17506244551464
-3.86467149501613
11.0001372734908
-2.6805442318439
-4.21002225857749
-2.59667481179747
9.49931457894482
-3.3068481549955
8.66960842011527
-4.31949764930932
-1.1865390059554
-2.35731981579908
-5.22541249261387
10.0886189851973
10.601484999576
9.27003056946853
-4.11976805339485
-5.03417576541276
-2.37691280948734
-4.04657934628522
10.9694400682142
-3.73932932771832
-3.86079460342677
-3.75937255992978
-1.19340852657345
-3.14054521292845
-3.72264204469022
-4.48760868866683
-3.93140719931437
-2.55261860838653
-2.34483913988054
-2.63116496650524
-2.19007518270019
10.81905719702
-4.65159018697152
9.86544900955503
-2.65785329879964
8.5926172537117
-3.96484033786036
-2.22285126871363
9.63136162178581
-2.48014822831559
-4.13241053065481
9.51544489758472
7.49717404142851
-3.22248804859262
9.15373560720517
11.0038265061689
-3.57643419590863
-3.59429748709805
-1.11504229488129
10.5365020169669
-4.15196818058241
-4.26944470749333
-4.00723426027307
-3.86333989781302
-3.82700960961621
-3.58133784439708
-4.74331004718683
8.1825021460218
-2.35784476127676
-2.102839963803
-3.01356906294038
-3.02172006496383
-6.2393696609926
-2.77963175543345
-4.0748053675634
-3.19993715826855
-1.66084953305587
-3.32677932558379
10.4529830212834
-2.85579375162921
-3.77865550167463
-3.89586688486141
-2.8045594888365
-2.41473241519443
-3.84886984064809
-2.72200071999947
10.2867807620723
-2.6133594614892
-3.86938041229152
-2.78517790949578
-4.49248850304275
-2.87826633121832
-3.56370619309205
-3.02242277062795
-4.45130698342909
-3.05679395332324
-4.03835408732119
-2.26954685573711
-3.2026527840518
-3.11709044675298
-3.27459100200017
-2.49646980665553
-2.13740303932119
9.95183664445317
7.91094866372758
7.77185840115568
8.17432582131361
-3.13218910609962
-2.17704975858133
-3.98824420415238
-1.85453593858202
-3.26373625463171
9.5413839291234
-1.34981821541431
-3.79016701030199
-2.64000634144686
8.47914206618295
-3.95899051155831
-2.78948072834697
-0.834766632482708
-4.57386284876705
-1.80405543846867
-4.8750421266289
-4.64715123638667
-1.78953482816082
8.8820298210795
-2.164847652404
9.60311264807695
-3.46424995950107
-2.49837721203716
11.1106202963003
9.21731511457234
-4.29139298824968
8.2703180379179
-3.8136067050226
-3.52262905581496
-3.43482501446946
-4.36126550589571
-4.68913191232636
8.85668710299243
-2.19430663362701
-2.11610528852531
10.4534540681278
8.97654961312867
-1.43102284577278
9.66394456375979
-4.51195137348495
-2.92025192976252
-3.97337557754103
-3.56708712261179
-4.88621285729781
-2.19460643762407
-2.87444818707947
-3.26526028469636
-1.7803859590705
-4.2188075107237
8.0526450145662
-2.71323107493271
-0.674077024255432
-3.48617804626029
-2.12827828053883
-2.86153444425991
9.47045361559508
-3.63691575123133
-2.99472639724584
-2.67883493625891
8.3838174501259
-3.36443637379185
11.5202451959417
-4.75411523420181
-2.67173418435446
-4.57175095867713
-0.897648563379456
-2.54349832710392
-1.24936741585988
-3.2821213735641
-1.75831157421059
-3.24162567757562
-4.62990364659566
-2.25917495342169
-5.39847433159851
-1.69745565839025
-2.60228316041384
-3.08064164430313
-3.53213267959576
8.94225698465107
-3.42234915609903
-3.53400130971347
9.20233070190221
9.58634332608462
-0.91826662387618
10.1534637088889
10.5950383292313
-2.61592331613392
-4.0936193454026
-2.58261858994607
-4.41143643974206
-3.49206511039432
-2.36565846950604
9.88273620337334
8.77066849767704
