"LD1"
-3.41617217507114
8.46442396896569
-0.826011795083552
-3.82589651399988
9.09860610862129
-2.36813935760064
10.0472044967575
-1.14181828113719
-2.65533401389709
-2.98244137173653
-2.48170959327681
9.72664627313685
-2.23178148003762
-3.25504462320596
9.42776396642865
-3.10018486206255
-4.40572489555351
-3.11267713465138
-3.88999728468341
7.95831903591496
-4.34796192859397
8.92331943597048
-2.16871153874558
-3.84729256875487
8.13742699932033
-3.30819602008789
-4.17064079432876
10.5145461626186
-2.57938394480761
-4.98576585588951
-4.47960405546753
-2.32514500072634
-3.20993850353674
-3.88769360955376
-3.94003423385729
-3.40085067503476
-2.82365645733293
9.97541796178166
-4.66789034364674
9.26823801576629
-3.45533025983146
9.78071745507705
-2.68035044793368
-2.5369184069117
-4.96120834390757
-3.98994785542556
-1.65423712870561
-4.32260557113738
-2.18100302718292
10.3437077039399
-4.10843039167858
-3.10901931418193
-2.6028554697384
-2.42443666194893
-3.60690961598238
-3.89479441321309
-2.46397244406857
-3.73840514535574
-4.0178175197568
-2.8254381146412
9.41320113164388
-3.2607842040346
-3.72190742543109
9.35830215113648
-2.25813452616016
-3.46330309918529
-3.89890885064965
-2.82036438114692
-2.84385452257464
-1.4085726662297
-2.27677745500636
-2.08686336983997
-4.20542238559145
-4.52676577514379
-4.12949805335344
-2.68217414673341
-2.62167134217134
-3.76809460668913
-2.91175502445415
-2.75557591020572
10.3689739304111
9.81023217106988
-4.32659318553292
9.48497430984534
10.1434734911018
-3.9234230830137
-4.2808798833248
10.9790939753743
10.5165668733196
7.51644730884931
8.53524246587618
-3.0870291745281
-3.23276038067471
-2.49169288317922
-2.96320635459578
-2.16740130802382
-4.1235225496846
-3.79887641457821
-4.04689501452375
8.9860390579964
-2.84674005343881
-2.79895930744084
-3.12542638746933
-3.77003756814253
7.97281633111086
-3.20794974272791
9.96162301195315
-1.70737809913185
-2.71248474387183
-4.81184466868784
-5.17502785919687
9.5068501124622
10.361974671264
9.04642715073718
-2.648048903992
10.7893618834617
-1.22000192608243
10.325428635793
-2.60748244431619
-1.65477049530188
-3.25636904495834
-3.23939110532855
10.1213774148005
-2.25896811692778
-3.56885688672301
-2.15152488283421
-4.46948873399159
-2.71865085220782
-3.67320468924172
-2.88150788973717
-3.54398517371167
-3.62925147326676
-4.15155240098634
-2.68535602624503
-3.70730622238896
9.6414763434234
-4.15981041839846
8.618686496253
-3.73769794353373
-2.62059054698087
-1.68570260878405
6.75196570841977
-3.92400706430964
10.3477995173533
-1.85934578597015
8.3718670195705
-4.76944065720312
-3.95075641723816
-2.44304747991424
-4.09546063573689
-3.77650787205215
-3.76566890740125
-0.989816324487967
10.3431787669386
9.54047639700343
-2.71067328495105
-2.58458473031691
9.51954125538097
10.644434893658
-1.8300297590789
10.2912082321911
10.4806877905255
-2.06749114600216
9.98474483634355
-3.15283800542957
-2.17678866605025
-4.53268447812895
-3.1637450463759
-2.30886450322959
9.99882308663799
-4.96713056819334
-2.89123682926524
-2.47770634861962
-0.853373371769713
-2.0564072532348
9.28281825130012
-2.93238427637348
-3.37928164954634
-4.09346506970303
10.5713721650412
-3.28415407084677
8.79176655572283
-4.33592122378698
11.437453983109
-2.09840492602856
10.3367585172117
-1.0032136257
-4.2086162613078
-2.66795544789371
-3.70124103998701
11.1457506114273
-4.59945856240117
-3.74748340432163
8.2021957771019
-3.0630005307718
-3.9648494999325
-2.23692952276809
9.30245829941855
-2.08614475813451
-2.28189380901436
-2.55950372909325
8.76436515459489
-2.3436536760182
10.5350778152776
-2.79734852087561
-6.23716398365144
-3.15535583424411
-2.46462466061675
-4.81157034651
-3.86704290690248
-4.51487793370537
-3.44533634829477
-3.93909635318288
-1.9261082492318
-4.28787345654208
-3.61872488578926
-2.73099066544356
-4.14320309099548
-4.08817302025878
-2.67509526411944
-3.26419354398738
-2.91089861240861
-3.66129773403125
-2.32964724089349
-3.3250824789834
-3.4431063525902
-2.70249733691874
-1.77091926042944
-4.611092463749
-4.14539145903237
-2.56166646315648
-4.43718997178202
-1.70874810116237
-4.6427903824848
-5.40041262897523
-0.890540045558461
9.62205101759438
-3.94107125165406
-3.01162161625729
-2.32985808698729
-1.62838506941995
8.85782139672725
-3.62829230529012
-3.75848521212697
9.24159933160888
-2.5376196369664
-5.14566787246556
-4.67843743094738
7.75190812752871
-1.95327714649718
-2.82916319941087
-2.67056697836534
-5.21283409811041
-3.2348498538081
-3.27436297024384
-5.42132198820881
8.28832198138373
-3.02712050197659
-3.53698178154343
10.9056138143408
8.81097825369153
8.26438816095163
-3.19405534165098
-1.32005108887644
-2.29314511721841
-2.80026144819274
-3.73296561100977
-2.66656121609878
-1.31126081113155
-2.70219838729893
8.75376013250913
-1.59994217431872
8.97116133787526
-1.93086661814815
-3.9377497252806
10.2365148716499
9.3436463488929
-1.77248072054245
-3.74502672250913
-3.69054236509351
9.25452134868226
-4.71058586437153
9.21650932477937
-3.81827323234489
8.34354796124857
-3.99289113122423
-2.55331274054793
-3.69332988022457
9.31616075064536
10.84823249557
-2.15260978718988
-0.821505715225512
-3.97694493263305
-0.981051745060456
11.1695355590054
-3.09617113949395
-3.29354341042972
9.24238775209685
9.94291341721438
-3.18330654264554
