"LD1"
-3.99289113122423
-1.31126081113156
-2.79895930744085
-2.46397244406858
9.94291341721439
8.2021957771019
-2.06749114600216
-2.98244137173653
10.3431787669386
-3.40085067503476
-1.32005108887643
-2.79734852087561
-4.14539145903238
-2.71067328495104
-2.70249733691874
-3.73840514535574
-2.71865085220782
-2.18100302718293
-2.66656121609878
-4.1235225496846
-2.25813452616016
-3.62829230529013
-2.64804890399199
-0.981051745060452
8.85782139672725
-3.9400342338573
7.97281633111087
9.31616075064536
-3.93774972528061
-4.40572489555351
-3.19405534165098
9.30245829941856
-3.98994785542556
-5.17502785919689
-3.75848521212697
-2.27677745500636
-2.0564072532348
10.3689739304111
-2.36813935760064
10.5713721650412
-2.88150788973717
-2.60748244431619
8.26438816095164
-3.26419354398738
-2.82365645733294
-3.12542638746934
-4.2086162613078
-3.4431063525902
-2.93238427637347
9.2682380157663
-3.29354341042971
-4.10843039167859
-3.2348498538081
-4.67843743094739
-2.44304747991424
-3.86704290690248
-4.04689501452373
-2.3088645032296
-2.55950372909325
-1.95327714649719
9.62205101759439
10.2365148716499
-2.82036438114693
-3.02712050197658
-4.34796192859397
-3.89479441321309
8.34354796124857
-3.54398517371168
-2.08614475813451
-2.82543811464121
11.1695355590054
9.42776396642865
10.3367585172117
10.361974671264
-3.11267713465138
11.1457506114273
-4.52676577514379
-3.28415407084678
-1.85934578597015
-3.25504462320597
-4.28087988332479
-3.76809460668913
-0.82601179508356
7.95831903591496
-3.76566890740126
-2.25896811692777
-1.65477049530188
10.3477995173533
-3.66129773403126
-2.62167134217134
-2.96320635459578
-1.4085726662297
-5.14566787246557
-4.611092463749
-2.23178148003763
-2.67509526411944
-2.09840492602856
-2.62059054698088
-3.41617217507114
9.54047639700344
-3.67320468924173
-3.73296561100978
-2.1515248828342
8.46442396896569
-3.15283800542958
-3.62925147326676
-2.08686336983996
-4.71058586437153
10.5165668733196
10.4806877905255
-5.40041262897524
11.437453983109
-4.98576585588953
7.51644730884932
-3.9234230830137
-4.96120834390757
-2.32514500072635
-4.59945856240117
-3.18330654264554
10.1213774148005
-2.68035044793369
-3.15535583424411
-2.42443666194892
-0.89054004555846
-4.47960405546753
-2.17678866605025
-2.28189380901436
-2.84674005343882
-3.70730622238896
-3.10901931418193
10.2912082321911
9.41320113164388
10.0472044967575
10.3437077039399
-2.5369184069117
10.644434893658
-2.32964724089348
-3.73769794353374
-3.88769360955376
-3.2607842040346
-3.06300053077179
-2.47770634861963
-3.27436297024384
8.618686496253
8.3718670195705
-3.10018486206254
9.35830215113649
-3.77003756814254
-1.68570260878407
-3.25636904495835
-3.74748340432163
9.78071745507705
-2.58458473031691
-3.97694493263305
-3.82589651399989
-4.51487793370536
-1.77248072054245
9.04642715073718
-2.68217414673342
-1.77091926042944
-2.15260978718988
-3.701241039987
9.34364634889291
-4.09346506970303
-3.53698178154344
-2.48170959327682
-3.61872488578926
9.8102321710699
-2.82916319941087
-4.14320309099547
-3.30819602008789
8.97116133787526
8.53524246587618
-1.65423712870561
-1.59994217431871
-4.09546063573689
9.96162301195317
-3.01162161625729
-3.89890885064965
-2.67056697836534
8.13742699932035
-4.08817302025878
-4.76944065720312
-4.12949805335345
-3.46330309918528
-4.46948873399158
-2.71248474387185
-3.0870291745281
-3.2079497427279
-3.92400706430964
-3.56885688672301
-2.49169288317921
-1.14181828113719
7.75190812752871
-2.68535602624503
9.5068501124622
-2.91175502445414
9.51954125538097
-2.46462466061676
-1.93086661814814
-6.23716398365144
-3.23276038067471
-3.09617113949396
-3.94107125165405
9.64147634342341
9.72664627313685
-0.853373371769713
9.25452134868226
-2.66795544789371
-1.62838506941995
-1.70874810116237
10.9790939753743
10.84823249557
-3.23939110532855
-3.8182732323449
-4.81157034651
8.7643651545949
-2.16740130802382
8.28832198138373
-2.91089861240862
-4.33592122378698
-0.989816324487973
-3.88999728468341
10.5145461626186
-2.55331274054793
-4.81184466868785
-2.70219838729893
-3.69054236509351
-5.2128340981104
-4.53268447812895
-4.32659318553292
-4.28787345654209
-2.34365367601821
-3.3250824789834
-4.66789034364674
-2.65533401389709
-2.29314511721842
-3.77650787205215
9.97541796178167
-2.23692952276809
-4.20542238559144
-2.16871153874557
-4.0178175197568
-3.74502672250913
-1.22000192608244
10.7893618834617
-2.57938394480761
-3.79887641457821
-2.89123682926525
9.24159933160889
9.98474483634355
-3.20993850353674
-3.45533025983146
8.75376013250913
-3.7219074254311
10.9056138143408
-4.17064079432877
-1.70737809913185
-4.32260557113738
-5.42132198820881
9.0986061086213
-3.60690961598239
-3.93909635318289
9.24238775209685
-2.73099066544356
9.998823086638
-2.75557591020572
6.75196570841978
-2.80026144819273
-3.69332988022457
-4.43718997178202
-3.37928164954635
-3.44533634829477
10.1434734911018
8.98603905799641
10.5350778152776
-3.16374504637591
9.28281825130013
-3.9648494999325
-0.821505715225509
-1.00321362570001
-1.92610824923181
9.48497430984534
8.79176655572283
8.92331943597048
-2.56166646315648
-2.53761963696639
-2.6028554697384
9.21650932477937
-1.8300297590789
-2.84385452257464
10.325428635793
-4.15155240098634
8.81097825369154
-3.95075641723816
-4.96713056819335
-4.6427903824848
-4.15981041839846
-2.3298580869873
-3.84729256875488
