"LD1"
0.826011795083565
4.96120834390757
2.93238427637346
1.8300297590789
2.44304747991423
3.70730622238896
4.61109246374899
3.95075641723816
-8.618686496253
3.10901931418193
2.17678866605025
2.29314511721842
3.89479441321309
-10.5350778152776
3.28415407084678
3.99289113122423
-9.24238775209684
2.91089861240862
2.53761963696639
3.93909635318289
3.66129773403126
-9.25452134868225
-10.3689739304111
3.67320468924173
-11.437453983109
2.5845847303169
-9.26823801576631
-9.42776396642864
3.2607842040346
4.09546063573689
-9.5068501124622
1.32005108887642
4.14320309099546
2.82916319941087
1.65477049530187
-10.1434734911018
1.9532771464972
2.75557591020572
2.55331274054793
3.7219074254311
-8.79176655572283
5.14566787246557
3.20993850353674
-8.28832198138372
-8.92331943597047
3.15535583424411
3.62829230529013
-8.98603905799641
3.41617217507113
1.70737809913184
-10.4806877905255
3.60690961598239
2.66656121609879
3.53698178154344
3.88769360955376
4.0178175197568
2.88150788973717
2.64804890399198
4.33592122378697
4.96713056819334
0.890540045558459
2.16740130802382
4.09346506970303
2.60285546973839
4.76944065720312
4.28087988332478
3.37928164954635
2.3298580869873
3.74502672250912
-10.3431787669386
-9.62205101759438
2.55950372909325
3.11267713465139
-9.41320113164387
-9.35830215113649
4.40572489555351
-10.361974671264
-9.31616075064536
3.25504462320596
1.00321362570001
2.67056697836534
4.67843743094738
3.23939110532854
3.76809460668914
4.04689501452372
2.18100302718293
-7.7519081275287
4.32260557113738
3.27436297024384
2.32964724089347
2.42443666194892
-10.3367585172117
2.47770634861964
2.6803504479337
2.23692952276809
2.23178148003763
-9.34364634889292
2.82543811464121
-9.30245829941855
-10.5713721650412
2.48170959327683
3.88999728468341
4.15981041839846
0.989816324487975
2.62059054698088
2.68217414673342
3.701241039987
-8.20219577710189
3.69332988022456
6.23716398365143
1.22000192608245
2.7973485208756
3.74748340432163
4.2086162613078
4.66789034364674
3.8182732323449
2.66795544789371
4.47960405546752
2.46397244406858
3.19405534165097
3.92400706430965
-11.1695355590054
4.17064079432876
2.32514500072636
-9.0986061086213
1.92610824923181
2.6553340138971
3.10018486206253
4.28787345654208
2.3088645032296
-6.75196570841979
-9.6414763434234
3.0870291745281
-10.1213774148005
3.97694493263305
4.20542238559143
3.98994785542555
2.15260978718988
-7.95831903591496
1.31126081113157
2.5793839448076
-11.1457506114273
-8.85782139672723
2.08686336983996
4.59945856240117
2.28189380901436
3.77003756814254
2.73099066544356
4.34796192859396
2.82036438114693
-9.54047639700344
-8.34354796124857
1.5999421743187
4.32659318553292
-10.0472044967575
-7.97281633111087
2.91175502445414
2.70249733691874
3.4431063525902
-8.26438816095165
-10.2912082321911
2.0564072532348
2.34365367601821
-10.5165668733196
2.08614475813451
-10.3477995173532
-9.51954125538096
1.62838506941996
3.02712050197657
4.53268447812895
2.09840492602856
3.73840514535574
3.54398517371169
3.62925147326677
3.32508247898339
2.25813452616016
3.79887641457821
2.68535602624503
3.2348498538081
2.67509526411944
2.5369184069117
-8.75376013250913
3.44533634829476
-10.644434893658
4.10843039167858
-9.96162301195315
3.9400342338573
1.14181828113718
-10.325428635793
2.71067328495104
3.9648494999325
3.18330654264554
2.84674005343882
1.65423712870561
3.46330309918528
0.981051745060445
2.82365645733294
4.12949805335344
5.1750278591969
3.1637450463759
-7.51644730884931
3.76566890740126
1.68570260878408
-8.3718670195705
-8.53524246587617
3.86704290690247
2.79895930744085
1.93086661814813
3.2327603806747
1.85934578597015
2.98244137173652
-9.97541796178167
3.73769794353374
3.61872488578926
3.3081960200879
2.70219838729893
-8.81097825369153
4.71058586437152
4.98576585588955
2.16871153874555
1.77091926042943
5.2128340981104
2.25896811692776
1.40857266622969
-10.9790939753743
-9.04642715073718
2.60748244431619
4.81184466868785
-10.9056138143408
4.81157034651
1.70874810116237
2.96320635459577
-10.2365148716499
-9.48497430984533
4.5267657751438
-10.7893618834616
3.26419354398738
4.6427903824848
-9.24159933160888
4.15155240098634
3.29354341042971
-8.7643651545949
2.1515248828342
2.56166646315648
3.09617113949396
-9.8102321710699
3.69054236509351
3.94107125165405
3.73296561100978
2.84385452257464
3.89890885064964
4.51487793370535
-10.3437077039399
3.84729256875488
3.93774972528061
4.43718997178202
2.89123682926525
-8.13742699932035
5.40041262897523
2.71865085220781
2.06749114600216
3.82589651399988
-8.97116133787525
3.15283800542958
3.25636904495835
-10.84823249557
2.71248474387185
3.77650787205214
3.75848521212696
-8.46442396896569
3.92342308301369
2.36813935760065
4.1235225496846
2.4916928831792
2.46462466061676
4.14539145903238
5.4213219882088
3.568856886723
-9.72664627313685
4.08817302025878
3.2079497427279
2.27677745500636
3.45533025983146
4.46948873399158
-9.94291341721438
3.06300053077179
-10.5145461626186
-9.28281825130013
2.62167134217134
3.40085067503476
-9.98474483634356
3.01162161625728
3.12542638746934
-9.998823086638
0.853373371769713
-9.78071745507704
0.821505715225507
1.77248072054245
-9.21650932477936
2.80026144819273
