1 8.43346325775366e-38
1 2.82755589211429e-41
4.07784207679936e-34 1
1 1.19087288345381e-33
8.91863702402335e-34 1
1 1.49833487947357e-31
1 2.64566145966831e-34
1 1.75971698412766e-39
1 2.19547792126142e-34
1.37286401799519e-31 1
8.86433046883434e-40 1
1 2.20801589806293e-38
1 1.07616434404979e-33
1.44507254562616e-33 1
1 1.58144342709372e-39
1 8.19973948576255e-37
1 1.44179888590298e-30
1 2.6373300420214e-33
1 1.15417718160408e-43
1 4.46439436487294e-47
1 1.00163550865956e-35
1 1.02564670269245e-38
1 3.81850267525686e-34
3.32977979575036e-44 1
1.54684574537672e-40 1
1 2.58847704378363e-39
1 3.73735804245309e-33
5.60945025257267e-20 1
1 3.68538506067182e-31
9.88715244614094e-35 1
1 6.19388264342674e-26
1 2.11650256300432e-34
1 2.04172084908602e-40
1 1.16681356444367e-36
1 3.95649808459989e-44
1 7.95895353917528e-28
1 3.09315015987053e-45
1 2.37450406109628e-29
1 2.56534004004052e-39
1 3.10394176590042e-45
1 4.87672760923484e-37
1 4.30708772225128e-46
1 5.87013392793496e-39
1 1.86361799427704e-37
1.2511650674918e-26 1
8.24645257704151e-30 1
3.4337654402392e-39 1
1 1.54160640780803e-42
1 2.95021988292976e-36
1 9.37261016448225e-35
1 3.68642501119342e-33
1 3.66730899264778e-24
1 2.74876435576058e-39
1 3.77908982541984e-35
1 1.0898507436674e-37
1 4.11207320122556e-39
1.11931411369066e-36 1
1 2.45066783643219e-37
3.17571492801876e-31 1
1.71959270695767e-25 1
1 2.15762720018749e-36
1 1.06139917722541e-41
1 1.08122772170387e-32
7.02238627028253e-43 1
1 6.82811339262932e-39
1 3.74364236204707e-40
1 2.17935611833106e-32
1 6.55373917884206e-42
1 1.29341609521621e-23
1 9.21580236629326e-32
7.69508424662058e-37 1
4.49704973086964e-31 1
1 3.96236458537118e-34
1 1.80054375217205e-26
1 5.33778677917337e-28
1 1.78950161069052e-41
1 2.39596165818721e-42
6.45633180128261e-33 1
8.39427739453488e-38 1
1 7.27828402805486e-37
1 9.3060912694298e-40
3.08339025319554e-35 1
1 3.98375576274883e-28
1 3.09369361205977e-24
1 2.83724874427747e-34
1 6.73411864244361e-34
1 3.30944783368541e-38
1 2.64566339715895e-44
1 1.17859626034188e-30
1 1.95741129928905e-40
1 1.75008779039652e-33
3.25605980197764e-32 1
1 3.30672755655307e-30
1 2.04834703387235e-33
2.22377233151658e-36 1
3.41752994308146e-24 1
1 1.05647360494603e-36
3.79832812499974e-38 1
1 1.42207573713572e-30
1 1.01381101847916e-40
1 1.25760021355658e-31
1 4.28014006213966e-53
1 8.44761211184829e-40
1 1.78651008489241e-29
1 1.36117974792209e-34
1 5.53981206528131e-26
1.28749910932388e-27 1
1 1.46250998406963e-41
8.80500241092369e-40 1
1 2.38801642718215e-31
1 1.11872420320317e-44
1.25224935238858e-32 1
1 2.57387544411666e-36
1 1.07062620036125e-43
1 1.07164445530408e-32
1 4.41408124038645e-33
1 1.50371346945925e-41
1 5.32399036609707e-25
1 2.9583482872871e-34
6.38875526021293e-40 1
1 1.58572601510488e-27
6.5569416604801e-36 1
1 9.27125355579413e-35
1.0404012419479e-33 1
1 2.75470381443228e-31
9.80881362796097e-41 1
1 6.15169352780295e-36
1 1.35893642980203e-35
1 4.82442419604605e-35
1 4.05365364462716e-28
1 2.61843087453694e-42
1 2.83007634482632e-30
6.22694001802911e-34 1
1 2.77379070613033e-34
1 4.68115035835832e-33
1 1.19046797793935e-39
2.76266932954385e-43 1
1.11049556414899e-39 1
1 1.53418248878032e-37
8.39090720163685e-36 1
1 7.90524048725699e-28
1 3.02789039702543e-38
1 9.91671275525183e-31
1 1.34852041603821e-48
9.44952441331601e-38 1
5.14519442490033e-31 1
1 1.93054486387751e-41
1 2.60911262745459e-35
1 2.72977914616171e-32
1 1.98154549890908e-33
2.69562464341653e-32 1
1 3.3431637714028e-40
1 4.09896064277476e-24
1 9.28509484983763e-37
1 3.10728145844189e-23
1 1.9029202912847e-47
1.89557226094655e-28 1
5.97700521730036e-32 1
1 1.57461799494792e-36
1 3.7819240445976e-36
5.65749345741126e-28 1
1 1.10509437743172e-27
1.93453340200251e-41 1
4.8526966697883e-34 1
1 1.05942751330458e-37
1 2.43092083154261e-40
1 1.73093160141482e-40
1 2.07332946759856e-23
1 6.04278665816901e-37
1.42768996076947e-37 1
1 2.29298567349503e-32
1 1.87083691846099e-33
1 4.19035607509713e-30
6.98246635922797e-40 1
1 1.34220795681112e-43
7.49320066250729e-34 1
1 5.90328861635341e-33
1 2.7072683878731e-32
2.36372014226772e-35 1
1 1.04617642586076e-30
1 6.30623530110575e-33
1 2.14306272023002e-35
1.48121103585949e-38 1
1 2.75681753203415e-41
1 1.05241172266437e-40
1 6.82495173592346e-42
1 8.7805535389941e-33
1 1.16379734491814e-33
1 3.88215488920746e-34
1 1.44748689287885e-36
8.20385366775328e-46 1
1 1.98804963295345e-39
1 1.46550245378131e-42
8.35926298556688e-40 1
1 2.0849280373092e-33
1 1.97309195527387e-25
1.71475353507383e-39 1
1 4.82353497378508e-30
1 2.93958163533136e-31
2.38819967428118e-34 1
1 5.8874245359527e-29
1 1.11728331646244e-42
1 1.32113150205835e-33
1 2.38829149476538e-43
1.00637143715031e-40 1
1 7.38784171165086e-41
1 1.35247287170484e-41
1 3.16308067661937e-39
1 1.21785450096107e-41
1 2.00711062640372e-40
1 2.33827304642183e-41
1 1.98335297681479e-40
1 3.59895686120912e-43
1 3.07522642863757e-47
1 5.29918107109232e-45
7.0203455390839e-38 1
2.8587254854073e-30 1
1 7.13497799011149e-35
1 1.77371161781187e-28
1 2.40433929339984e-33
1 1.81475363935509e-39
1 2.28606789571665e-39
1 1.18659928428886e-36
1 9.33182736747553e-38
6.56279281976213e-29 1
3.07238777752693e-42 1
1 8.11682059988385e-33
1 2.9345054165383e-23
1 7.57635318641264e-36
9.40231210846636e-29 1
1 1.75852199963213e-48
1 1.2413131360047e-40
1 2.35849416890927e-39
1 1.71683951748798e-39
2.0265020985905e-29 1
1 3.39963459900285e-46
9.61714114022009e-40 1
1 7.23255386594901e-36
2.4618964366917e-44 1
1 4.71032985836366e-39
3.62247230516019e-35 1
1 1.15915281069304e-30
1 4.64341766893323e-46
1.05086775058317e-33 1
1 6.4381358515841e-40
1 2.10383053815134e-36
1 1.32615534610024e-33
1 5.36622850772802e-43
2.48835200391056e-31 1
1 1.5907281333831e-31
1 4.34362353616923e-36
2.8766033106034e-34 1
1 1.92370341917454e-44
1 1.50235115519562e-31
1 4.20696929693222e-36
1 1.80922511768928e-28
1 5.10728080500494e-41
1 3.52244229509546e-40
1 5.01026251086128e-40
1 1.44734910070923e-40
1 2.10045484241698e-43
1.11887951881576e-38 1
1 1.20301746816231e-34
1 4.50941691284129e-32
1 1.038212994395e-38
1 1.3620297488767e-38
1 3.72459566932025e-31
1 3.02406112403328e-41
4.78216042522193e-35 1
1 7.89697999293841e-33
1 1.95597620726574e-31
1 1.10320726022411e-36
1.18950964133847e-34 1
1 1.68260997148318e-44
1 1.17230175349107e-38
1 5.20457032407296e-31
1 8.91872214859495e-36
1 3.85475149032844e-40
1 3.27669580092441e-30
1 1.71003225507903e-33
1 4.58625403607717e-44
1.04082867193349e-26 1
1 8.54217412846215e-29
1 8.47562477521582e-36
1 1.30182767218515e-42
2.5686618512073e-28 1
1 2.44901124061545e-40
1 9.20108803472934e-34
1 1.64232844988811e-33
1 3.56044133436203e-32
1.45503865035171e-42 1
1 4.54654492068276e-39
1 2.52237509243314e-29
4.89136866309023e-41 1
1 1.91991594931002e-32
1 4.87527974051798e-31
1 1.53339572402594e-36
1 3.80731281363083e-39
7.75444330869069e-41 1
1.12582973264956e-37 1
