"LD1"
-3.2026527840518
11.1106202963003
10.1004971379409
-4.75411523420181
-3.27212185502896
-2.54349832710393
-4.67947132565704
-2.12827828053883
-2.87826633121833
-4.95042587641809
-3.31571591240627
-3.26373625463172
-3.22028466691059
-2.25722235612258
-4.26944470749332
-2.13087329497744
-2.31797419940667
-3.73932932771832
-4.51195137348495
9.50589555639561
-2.72616640015584
-1.78353892793983
-3.71767455729419
-4.62990364659566
-6.23936966099259
-3.86256977532229
9.60311264807695
10.1534637088889
8.8820298210795
-2.35731981579908
-3.63691575123133
-3.86333989781302
-2.92025192976252
10.2867807620723
-2.19460643762407
11.0001372734908
-3.0417968908542
-3.8643924873984
8.3838174501259
-3.53213267959576
10.81905719702
-3.95899051155831
-2.55261860838653
10.4529830212834
-2.75121155513032
-4.07480536756339
-4.2188075107237
-2.99472639724584
-2.34483913988054
-0.876697500698435
-2.71323107493271
-2.78948072834696
-2.70958403841869
-2.67883493625891
8.0526450145662
-2.17129927981154
-5.03417576541276
-3.57643419590863
-3.93140719931438
10.5950383292313
-3.24162567757562
-3.13218910609962
-2.64000634144686
10.601484999576
-4.13241053065481
9.37570958631819
-3.11709044675297
-3.2821213735641
-4.15196818058241
9.88273620337334
-3.7472386309413
8.77066849767704
-2.11610528852532
-0.897648563379456
-2.58261858994607
-4.68913191232637
-4.57386284876705
10.493585165375
9.24409361398041
8.34078056009835
-4.57175095867712
9.63136162178581
8.85668710299243
-4.12549807073947
-5.38405075192892
-3.62217469885257
10.5365020169669
-3.83813234598538
-4.41143643974206
-2.60228316041384
-1.43102284577278
-4.36126550589571
-2.37691280948734
7.94063002819323
-2.48014822831559
-3.82700960961621
-3.52705264517923
-4.74331004718683
-3.15780167775545
-3.13175806242609
-4.64715123638667
-3.86079460342677
-2.31691029434968
-0.918266623876182
9.49464195638341
-2.102839963803
-1.67175108127834
-4.65159018697152
-2.41473241519443
9.85430679905332
-3.01356906294038
-5.39847433159851
-3.20787243985381
-4.52181588338059
8.4983393304528
-2.84972136270343
-4.59202602959857
-1.69745565839025
8.17432582131361
6.67016216431517
-1.66084953305587
-1.7803859590705
9.58634332608462
9.76371295022167
-3.27459100200017
-1.83816935209652
-1.78953482816082
-2.35784476127676
9.47045361559508
-2.70153591213498
-2.86153444425991
-3.56370619309205
-3.72264204469022
9.21731511457234
-3.62781872930755
-3.41357550269845
-2.87229474402039
10.2469894939083
-2.78517790949578
-3.49206511039432
11.0038265061689
-3.02242277062795
-3.02539008554499
-2.87444818707948
-4.00723426027307
-3.59429748709806
-3.86467149501613
-4.0936193454026
-2.78256292621396
8.83913678767007
-2.54447778015044
-4.3699421530456
-3.56708712261179
-2.22285126871363
-3.76860544780302
-3.75937255992978
-3.82271795247489
-2.77963175543345
-4.11976805339485
-2.65549761875262
9.51544489758472
-2.58349609487673
-2.67173418435446
-3.93657779053089
-4.04657934628523
-4.31949764930932
-4.21002225857749
-2.49837721203716
-4.48760868866683
-2.19430663362701
-3.53400130971346
-4.07852642854875
9.29641703293463
-3.84886984064808
-3.08064164430313
9.86544900955504
-3.86938041229152
9.07631943497397
-2.6133594614892
-3.89586688486141
-5.22541249261387
9.66394456375979
-1.93707856607784
9.49931457894482
-4.13454590960797
-2.85579375162921
-2.49646980665553
-3.02172006496383
-2.16484765240399
-4.29139298824968
-1.24936741585988
-3.8136067050226
9.98637708133816
-1.95578985511923
-3.52262905581496
8.74652657104014
-4.0383540873212
-2.72200071999947
-3.58133784439707
-0.67407702425543
8.97654961312867
-4.0376739301641
-2.13740303932119
-2.36565846950604
-3.42234915609903
9.28181202755544
-3.14054521292845
-3.83662869291849
-3.19993715826855
10.4534540681278
-2.68788877474962
10.1675351771478
-2.61592331613392
-3.48617804626029
8.83342869899604
-2.59667481179747
-4.8750421266289
9.5413839291234
-4.49248850304275
9.27003056946854
-1.34981821541432
-1.85453593858202
-3.05679395332323
-1.80405543846867
-3.26434431745532
-3.79016701030199
-2.17704975858133
-2.12492533633942
-2.70525844686671
-0.834766632482707
-4.17506244551464
7.91094866372758
-2.19007518270019
9.19552511507577
-4.45130698342909
-1.1865390059554
-3.93014519264615
-2.05421725206483
8.66960842011527
-3.04308351645633
7.77185840115568
-3.46424995950107
-1.74060232422496
-3.96484033786036
8.1825021460218
-1.75831157421059
8.2703180379179
-3.77865550167463
-1.60061761903588
10.2380515048518
-3.90235386271303
9.27735269085391
-4.68794202650797
-3.12975318697131
-2.8045594888365
-0.891903217571587
-3.80231226701419
10.4368164838522
-3.36443637379185
-2.15390374040568
-2.50337164176061
-3.3068481549955
-2.54493782846067
-3.26526028469636
-3.98824420415238
-2.6805442318439
10.3793075385641
-5.0627671407517
-3.97337557754103
-3.19272825568004
-2.48765767851065
-4.01546860859023
-3.22248804859262
10.0886189851973
-3.71736585036557
8.5926172537117
-2.65785329879964
-1.11504229488129
-2.71484863215929
10.9694400682142
10.5058851412331
9.20233070190221
-2.63116496650524
7.49717404142851
-2.26954685573711
-2.27221195531762
10.3128461487171
8.47914206618295
-2.51499882373523
10.3203009931405
-4.88621285729781
10.7982001618646
-1.19340852657345
-2.25917495342169
11.5202451959417
8.94225698465107
-3.32677932558379
9.95183664445317
9.15373560720517
-3.43482501446946
