"LD1"
1.82144355552665
3.98837401389716
4.19436254862403
3.98763860876434
1.56508962533229
4.65073773586951
2.49831596682073
-9.22873348688162
2.81759165918527
3.36142958425671
-11.3898773063689
4.6301342230415
-10.8351228315912
2.82560466156591
2.29980775945771
4.27281953241048
5.86109555231462
3.14226254235603
4.43808247780551
3.56673659566505
4.23139688948254
3.78139990470115
-7.73302230895458
2.79343639878889
5.05511115033557
1.82734610711422
3.6184745183151
3.40709585990158
3.81532713943139
2.07962175231658
3.22700659129845
4.26896106257783
2.30553669515799
-10.0864589123032
-10.4664957149797
2.91164309224698
2.30798173604926
-11.0640008913329
4.14654913448093
3.60302415807425
4.60952830579327
4.72159056660641
-11.2221861927936
-11.3650969197681
3.28042851008348
5.76996373827659
4.3661525500122
-8.55642685281241
-9.87726966885384
4.250494684467
2.28654628931279
4.87157872599104
2.74342087277818
3.87731418215572
3.42273758609637
2.08262227013534
4.11477841107176
2.61762525624542
4.19439241121973
-10.3683926422116
4.27997551215459
-9.49345444395995
-8.09168643549362
-8.80967850889163
4.86262303383192
-9.1863874639736
2.24916518489763
4.69665098434542
3.25488597214563
1.88115868801622
4.03632810086727
3.77892025008877
3.09650549919332
3.3593368846075
-10.981951552831
3.18571826343182
4.32226367291926
2.41237832249363
-10.9173345397292
2.30604513764378
3.2470058762208
3.32176955858507
3.52527221898773
2.61058653285636
4.06978054441641
1.36137797881279
4.33036931863237
2.92216387994808
-9.22626076561778
-10.3821560144872
4.56227656651978
3.80842971538462
2.68285128491769
2.29051692919775
-9.56644109132371
-8.46131061509781
4.18480453665759
2.63317100626166
2.29781787026524
2.79107622842744
2.77135007768734
4.45421688840232
-9.44437211436654
1.15253610578176
-10.5461354974705
1.91642759738375
-11.0069551628051
-10.5432435634989
-9.80591128699279
2.31786274879432
3.73591205001836
4.055645181408
3.40626757206837
5.71323705308262
1.46112558327921
4.57619993052067
3.14861645081563
3.9937064255942
4.31057014814189
3.19051022786529
3.64492403574991
2.38725485006873
2.41593365400385
4.35654534317617
-9.55850227880016
-9.93551430460345
4.11012253265156
-11.0288551017833
3.3499327766093
3.13294684779919
5.39364743084843
3.95258616102243
3.71474163591131
2.71739992610893
1.87291689314265
-8.70600821965062
2.93191253009519
3.20335424671619
-10.564297453201
-10.4222356732138
3.8705501763988
-8.66778682773476
2.90115288795859
2.9061733652318
4.35461350704929
4.1720686753284
5.4982114465098
2.55386658386816
4.00549567569584
4.11523664144546
3.28266690813139
2.69963029436229
-8.16634508838056
2.51781558761128
-9.90386014135344
-10.4911354156161
-10.3793310696167
-8.02957783250481
1.5863848479634
4.10034263964204
3.63038186186037
2.87308247733575
2.91845709440914
3.79990157472072
1.68912565899516
4.37253086470603
2.71180668407096
-10.795568427182
4.19908391396763
1.94323786106448
4.39401756100766
4.38169920191836
3.32140087089333
-10.9673275304443
5.01519589161706
2.9098624037233
3.791271667534
-10.9897115692368
-9.53882526256039
2.41251505636152
-10.289252290396
1.68176276654485
-10.2020820215972
-9.15310090740896
0.955923349060655
2.06589407454211
4.37872198236727
3.32016384139798
4.22839520294181
1.58996066260723
2.66655102285989
4.90449823035282
4.41921776504909
3.1304718120781
4.60066671133124
2.31241487099295
2.90614412414709
2.0350658851246
-9.85306909498544
2.66934653387445
0.1255261454438
2.58936097666926
-10.3530887071521
-11.5592778289282
3.769892250261
4.8717478020577
2.81969788833618
2.59151109930879
3.84145995163818
1.65732441157764
3.33791714243479
3.26517438611555
3.20769251821185
-9.53747729636698
-11.1766890437104
3.48392505462276
1.60764230049497
3.40921937312863
5.34037016551098
-10.2367340648519
-10.7450202894668
2.39897063432796
4.93665661669986
-9.16442028586513
-10.9784892869867
3.83318792132898
1.75798645154477
-10.5526484000961
3.69243129968564
3.883171790737
-9.15312538842643
-10.8987334976008
3.7239273340151
4.1478859358609
3.511512153544
3.25579470417561
-10.1811906087627
2.89336559255724
3.88875447678566
2.7709733811735
2.50961120331041
3.16173015367006
2.4855737093593
3.18654872399102
2.80955760483644
-10.7402788407397
3.3706297002073
1.86490193945974
-9.74353917550451
4.68198238324457
2.91669033457217
3.61813141023299
3.94536766880642
-9.77526633569772
2.66391366407553
2.53245967526461
3.24322815233494
5.30176121831776
2.27569092920206
-11.4885605440104
4.81562700342673
3.5138819865662
2.7257155370646
3.49608464962619
3.5997568930627
-11.2725848250506
-11.6521226096451
2.52007892041992
2.510484347117
2.94331414706253
-10.7989516399978
3.03487793202262
4.0481201118953
5.48950490087905
-8.9470968339828
-10.0204990108161
-11.073691653193
-9.68700203416685
4.34023036636107
3.79460967661359
3.00186842984486
2.45269847362257
4.61338004100485
3.3422130404531
2.44120658221303
3.7503611059127
-9.74342900522191
4.16140228762133
5.38601740384194
4.20791502983854
2.37637579160505
3.82395243918883
4.24367467570538
1.46811193465554
3.54574558490018
4.4666162468877
-9.92379496420754
-10.7902054389903
-10.3253890442476
-11.5298481867412
