"LD1"
8.55642685281241
-1.56508962533229
-1.75798645154477
9.22873348688162
-3.3499327766093
-4.26896106257783
-1.91642759738375
-2.77135007768733
10.3793310696167
-4.37872198236727
-5.01519589161706
8.66778682773477
-2.31241487099294
-3.8705501763988
10.0204990108161
-1.46811193465554
-4.37253086470603
-3.71474163591131
-4.23139688948254
9.5664410913237
-3.28266690813139
-4.11012253265156
-2.31786274879432
-2.94331414706254
-3.78139990470116
9.15312538842643
-1.5863848479634
-2.44120658221303
8.02957783250481
-4.34023036636107
-2.50961120331041
7.73302230895458
-1.60764230049497
10.3683926422116
10.4222356732138
-3.32016384139798
11.6521226096451
-4.39401756100766
-2.51781558761128
-4.35654534317617
-0.125526145443799
-1.86490193945974
-2.79107622842744
-4.27281953241048
-2.61762525624542
-4.3661525500122
-2.29051692919775
-2.52007892041992
9.74353917550451
10.289252290396
10.3821560144872
-3.60302415807425
-4.19439241121973
-3.32176955858507
-2.38725485006873
10.795568427182
-4.4666162468877
8.70600821965061
-5.05511115033557
9.93551430460345
-3.20335424671619
-1.88115868801622
-4.38169920191836
-4.6301342230415
-2.24916518489763
-2.39897063432796
-3.14861645081563
-1.46112558327921
-2.63317100626166
-3.79460967661359
-3.33791714243479
-3.7239273340151
8.4613106150978
-4.22839520294181
-2.29781787026525
-4.65073773586951
-3.19051022786529
-2.28654628931279
10.2020820215972
-2.91669033457217
-4.20791502983855
-3.9937064255942
8.16634508838056
11.0069551628051
-2.90614412414709
-0.955923349060657
-3.25579470417561
-4.57619993052067
-4.10034263964204
10.7902054389903
-3.56673659566505
-3.98837401389716
10.9819515528309
-5.34037016551098
-3.32140087089333
10.4664957149797
-2.41251505636152
10.8351228315912
-4.06978054441641
10.5526484000961
-4.90449823035282
-2.27569092920206
-2.41237832249362
-3.52527221898773
-4.250494684467
10.2367340648519
-4.35461350704929
-4.1478859358609
-3.3593368846075
-2.82560466156591
-2.30798173604926
-1.94323786106448
-4.33036931863237
-2.68285128491769
-3.16173015367006
10.9673275304443
-3.13294684779919
-3.03487793202262
-1.15253610578176
10.1811906087627
-4.45421688840232
-2.9061733652318
-4.69665098434542
9.15310090740896
-3.69243129968564
-3.5138819865662
-2.80955760483644
-2.81969788833618
-3.81532713943139
10.0864589123032
-3.3422130404531
-2.92216387994807
-2.59151109930879
-3.49608464962619
-3.80842971538462
-2.71739992610893
-4.19436254862403
-2.41593365400385
-2.08262227013534
-3.5997568930627
11.5298481867412
-5.39364743084843
-4.61338004100485
-2.29980775945771
-4.11523664144545
-4.93665661669986
-4.24367467570538
-2.66934653387445
-1.65732441157764
11.3650969197681
-4.72159056660641
-3.2470058762208
-3.79990157472071
-1.68912565899516
9.90386014135344
9.22626076561777
-4.27997551215459
-5.7699637382766
10.7989516399978
9.55850227880016
-4.00549567569584
-2.89336559255724
-2.79343639878889
-3.42273758609637
-2.9098624037233
-3.77892025008877
11.0640008913329
10.7450202894668
-3.83318792132898
10.9173345397292
-4.60952830579327
-5.48950490087905
-2.90115288795859
-5.71323705308262
-4.14654913448093
11.073691653193
-4.03632810086727
-3.40626757206837
10.8987334976008
-2.07962175231658
10.564297453201
-4.31057014814189
-4.0481201118953
8.09168643549362
-2.30604513764378
-2.81759165918528
-3.48392505462276
-3.36142958425671
9.68700203416684
-2.58936097666926
-3.51151215354399
-5.30176121831776
-4.68198238324457
-2.37637579160506
-1.82734610711422
-3.61813141023298
9.16442028586513
-2.510484347117
-3.6184745183151
8.9470968339828
-4.055645181408
-4.86262303383192
-4.43808247780551
9.49345444395994
-3.769892250261
-3.94536766880642
-2.77097338117349
-3.26517438611555
-2.30553669515799
-2.06589407454211
-3.87731418215572
-4.87157872599104
-3.14226254235603
-4.8717478020577
9.7434290052219
9.80591128699279
9.87726966885384
-1.58996066260723
9.53882526256039
-2.66655102285989
-1.36137797881279
9.85306909498544
10.3530887071521
-1.82144355552665
11.4885605440104
-2.93191253009519
-4.41921776504909
-2.61058653285636
-3.98763860876435
-3.1304718120781
-3.40921937312863
10.9897115692368
11.2725848250506
-3.64492403574991
-2.69963029436229
-3.20769251821186
-3.3706297002073
10.5461354974705
-1.68176276654485
9.77526633569772
10.7402788407397
-2.0350658851246
-3.82395243918883
-5.86109555231462
8.80967850889163
-4.81562700342673
10.5432435634989
-4.19908391396763
-3.63038186186036
-3.95258616102243
10.3253890442476
-3.791271667534
11.0288551017833
-3.40709585990158
9.1863874639736
-2.91164309224698
-2.53245967526461
-2.87308247733575
-5.38601740384194
-3.18654872399102
-4.60066671133124
9.53747729636698
-2.4855737093593
-3.54574558490018
-3.73591205001836
-4.16140228762133
-3.88875447678566
11.1766890437104
-2.74342087277818
10.4911354156161
-3.00186842984486
9.44437211436654
11.5592778289282
-4.11477841107176
-2.45269847362257
-4.18480453665759
-4.32226367291926
-2.71180668407097
-2.7257155370646
-3.84145995163819
-3.18571826343182
9.92379496420754
-5.4982114465098
-3.7503611059127
11.3898773063689
-4.56227656651978
-3.883171790737
-3.24322815233494
11.2221861927936
10.9784892869867
-4.1720686753284
-2.55386658386816
-3.22700659129845
-2.66391366407553
-3.09650549919331
-2.49831596682073
-1.87291689314265
-3.25488597214563
-2.91845709440914
-3.28042851008348
