1 4.41012984229863e-35
7.35926421254171e-34 1
4.50068571041106e-31 1
1 1.55737271030476e-28
1 9.583659384495e-25
1 1.562717461705e-38
1 1.38407129704667e-30
1 2.01939120586963e-28
1 2.98062656411753e-32
1 7.77791922431471e-36
1 9.37148565186447e-44
1 2.44682815958666e-39
1.80505588042485e-29 1
1 2.39559940487283e-44
1 9.12419120624161e-44
1 1.48583836996993e-35
1 2.8670156711051e-41
2.35675583335008e-43 1
1 1.74769579044681e-45
1 1.45118386204352e-36
1 3.55276431759467e-25
1 1.31988321013087e-32
1 1.86220908597889e-39
1 2.53526171865526e-36
1 3.28035839506857e-36
1 1.46240075676604e-36
1 7.24937638112804e-40
6.38117705805958e-35 1
1 2.14716420492891e-33
1 1.92711872149613e-34
1 2.04725800531005e-27
1 1.01108460441292e-28
3.64265772750229e-43 1
1 4.30699664358879e-43
1 2.35643586336182e-33
1 6.95888451171592e-36
1 1.96243478574695e-37
7.72366780467056e-28 1
1 2.28007288387965e-29
1 1.67565984085593e-37
1 2.68387900940859e-46
1 4.49853737813923e-40
1 4.14788063290503e-31
1 6.00653878119156e-28
2.0683073101711e-39 1
1 7.24950427377433e-44
1 8.74533588828126e-38
1 3.14080866159588e-33
1 2.3906590550742e-35
3.31941901858904e-32 1
1.43746404244897e-37 1
4.07373166094602e-35 1
1 4.48750811302933e-44
1 1.74915265159995e-25
2.46946599042378e-43 1
1 2.42409231775818e-32
4.42775573309465e-35 1
1 1.42346140895089e-41
1.65184032922043e-26 1
1 1.99833613377741e-43
1 1.63137933791405e-33
1 2.96675879630517e-36
1 6.82422574247894e-32
2.5991341486357e-35 1
1 3.40991001457917e-44
1 1.16793137112469e-39
2.40545311346775e-26 1
1.9028656909527e-33 1
4.9425353069226e-37 1
3.18515167711589e-42 1
1 3.93720943612688e-33
1 7.44489855827153e-40
1 6.26377609564368e-34
1 2.55013359776372e-22
1 8.31731764755735e-28
1 3.1392613775726e-38
1 8.1171083924536e-38
1 1.33635511382849e-32
2.52119945393231e-40 1
2.18805282472784e-38 1
1 8.18041545178808e-42
1 1.23315803824454e-39
1 3.33327528952734e-23
1 2.03908360274612e-40
1 1.13243711054509e-34
6.11004057977178e-31 1
6.95521963540278e-34 1
1 8.14301146161432e-33
4.53625019630952e-24 1
1 5.34109134056748e-33
4.29214744482203e-37 1
1 6.55631740203494e-30
1 7.61414447644896e-40
1 2.66635871568861e-41
1 9.30935646874285e-45
2.5403375560973e-28 1
6.03553910034755e-29 1
1 1.2703670242923e-31
1 9.14300000693532e-42
1 4.08581879053304e-37
1 3.47812165458114e-28
1 2.48370471091205e-30
1 2.56149504448544e-34
1 5.5121226735487e-38
1 2.88967531203873e-29
4.28991325624865e-30 1
1 8.05303007514539e-33
1.39992843266962e-25 1
1 6.81529515854324e-33
1 1.19060052772455e-32
1 8.85522919383148e-40
3.83349873692998e-39 1
9.36247697820658e-39 1
1 1.87174543086107e-28
1 2.55683135813877e-43
3.52087481431469e-33 1
1 1.85544036486037e-30
1 3.16400020629424e-40
9.38406108593904e-33 1
1 1.31507607443976e-36
1 2.77942548185664e-28
1.04085896470979e-28 1
1 6.32345939143211e-53
8.31779080316984e-36 1
1 5.93162146944994e-34
1 1.39402647073953e-33
1.18948666185773e-35 1
3.4232767293334e-39 1
1 2.71980641055981e-43
1.57399480003207e-33 1
1 8.03814174124817e-41
1 4.90060537779136e-34
1 4.88714160126985e-38
1 2.99443372577305e-30
1.51436468867774e-31 1
2.07412335476269e-33 1
1 7.57200666261348e-37
1 4.89239550259941e-31
1 2.71025600935778e-32
1 4.66327820362228e-39
1 2.19586378706597e-40
1 4.30826725042329e-42
3.60974937299333e-35 1
5.12448185844885e-32 1
1 1.03399494941177e-39
1 2.22122935498082e-32
1 4.68154302895247e-39
1.41552575413678e-29 1
1.5077209032363e-40 1
1 2.3818988909464e-34
1 2.46550328652675e-36
1 2.07849241109748e-34
1 2.10164716259039e-28
1 2.7502903472624e-39
1 1.83019170993549e-40
1 4.29025020591771e-31
1 7.27503379123323e-40
5.5058238349915e-36 1
1 2.3777224309815e-41
1 7.37264962902997e-40
1 2.67799641634936e-30
4.17246192401366e-41 1
1 2.01325057127237e-45
1.61824969204132e-30 1
1 1.80640276240164e-33
1.11885803588825e-38 1
1 1.55775283792648e-33
1 1.72322897998509e-33
3.99904335256394e-27 1
1 2.22427044484145e-38
8.75599031637394e-41 1
1.55653522531147e-36 1
1 2.00964277625734e-35
1 4.40362691100749e-33
1 3.99237667656254e-41
1 1.411843508241e-31
1 6.58217122034608e-37
1 5.5173380302606e-33
1 4.83318097222483e-41
1 2.28660145356347e-30
1 3.13330871179971e-35
1 7.97790723691174e-36
1 1.20678502179941e-42
1 2.7662271452313e-34
1 3.27657763262052e-38
2.03299852597977e-31 1
1 2.56667516169946e-30
1 3.54489774277406e-39
1 7.73558138347861e-36
1 1.51610224835437e-40
3.44830714842889e-37 1
1 1.96009800949517e-23
1 5.06636589395546e-41
1 7.74959437995049e-31
1 6.71949419612185e-34
1 2.35512252570525e-31
1 2.62094237622866e-38
1 2.15194254087282e-44
1 3.59389780904272e-36
1 2.63454330900711e-33
1 1.91712847809822e-32
1.60229332922799e-19 1
1 3.47399004240299e-35
2.4458484671468e-42 1
1 3.60706820141354e-44
1 4.37898310963033e-39
1 7.13571407576432e-43
1 2.3236071160319e-31
1 1.48861529786858e-30
1 6.47466030496445e-34
1.35292862216425e-39 1
1 1.01449350646963e-39
1 1.90699531194239e-41
1 3.16947303861506e-36
1 1.11238854094122e-30
1 1.32239865981114e-33
1 2.28582482766241e-42
2.11803605939398e-34 1
1 2.66287028588515e-48
1 1.19205180692663e-40
1 1.15867014193773e-36
1.29026473381909e-40 1
1 9.63007800025458e-34
1 1.10817353184071e-30
1.89123792060251e-31 1
1 3.23590853989528e-33
1 1.45492916035976e-38
1 1.86865168624379e-46
1 1.15790722183984e-23
1 3.20706321281729e-39
1.47089034533705e-35 1
1 2.40799551740896e-33
1 3.19646994558837e-48
1 1.40248973532897e-31
1 1.15442886158268e-37
1 5.01486925688485e-31
1 3.11383976483232e-40
1 1.6167985508291e-23
2.54319797931904e-38 1
1 4.77285930689738e-38
1 2.11976173220053e-44
1 9.36539473637433e-36
1 2.02258071104121e-34
1 1.61533413105904e-30
6.09559258880402e-44 1
1 7.24305712711317e-41
1 2.42992726904805e-35
1 1.43444927915872e-36
1 9.54849543270913e-28
1 1.2745947393249e-36
1 1.07401759231658e-40
1 1.34693305732892e-42
1 2.9910273341172e-35
3.40672197867423e-46 1
1 1.31221660196075e-32
1 2.91649517131154e-40
9.28210159186483e-38 1
2.5062058714288e-40 1
5.78086074511371e-34 1
1 2.36624454428321e-32
1 1.93490954256475e-36
1.09865533461422e-31 1
1.48686602851474e-39 1
3.09394785140946e-40 1
6.40878950827635e-40 1
8.56620036468053e-28 1
1 1.52617032219446e-33
1 3.87564901621098e-25
1 2.44289272211897e-41
1 8.10767061433012e-41
1 1.17361816924242e-30
1 4.90243125034404e-26
1 3.1055515823344e-35
1 1.65356939970694e-31
1 5.59293702265363e-36
8.07423631877587e-34 1
1 2.15444046021529e-39
1 1.29662368645219e-38
1 6.82974621346899e-40
1 1.76368062098122e-43
1 8.47184642076955e-37
1 2.3827651922372e-47
1 8.21829201313219e-29
1 2.78884549361986e-38
1 5.21185009442958e-38
1 6.34807837629139e-33
1 1.38396423485884e-39
1 1.10163423172158e-31
1 7.75058767657009e-46
1 3.26287848180925e-42
1 1.50335007598378e-23
1 1.06743488288438e-44
1 2.19303118499204e-37
1 4.88366235699146e-40
1 1.75322289531774e-26
1 3.54213937642691e-30
1 1.5967509026989e-39
4.69764439755216e-35 1
1.12134278675872e-33 1
3.84538432017878e-41 1
