"LD1"
4.69665098434542
2.79107622842744
-10.981951552831
4.14788593586091
2.30604513764378
4.37872198236727
-9.56644109132371
2.91164309224698
4.35654534317617
3.9937064255942
2.61762525624542
3.72392733401511
2.81759165918527
3.5138819865662
4.055645181408
2.90115288795859
-9.16442028586514
2.92216387994808
2.79343639878889
2.07962175231658
-11.0288551017833
3.00186842984486
3.8153271394314
3.64492403574991
-11.0069551628051
1.86490193945974
3.88875447678567
2.9098624037233
0.955923349060658
3.42273758609637
5.34037016551099
-9.55850227880017
-9.53882526256039
3.5997568930627
3.3499327766093
5.4982114465098
3.8705501763988
-9.92379496420755
4.0481201118953
3.25488597214563
1.75798645154477
4.19439241121973
4.31057014814189
5.39364743084844
-9.90386014135344
4.27281953241048
4.39401756100767
2.66655102285989
4.3661525500122
3.32140087089334
-10.4911354156161
2.91669033457217
4.19908391396763
2.51048434711701
1.91642759738375
2.53245967526461
3.32016384139798
-11.2221861927936
4.86262303383192
-9.68700203416685
3.6184745183151
2.29051692919775
-10.3793310696167
4.57619993052067
5.38601740384194
5.86109555231462
4.11477841107177
4.61338004100485
3.40709585990158
4.00549567569585
2.24916518489763
2.31241487099295
1.15253610578176
3.82395243918883
4.46661624688771
-9.77526633569772
2.80955760483645
1.87291689314265
2.08262227013534
3.79990157472072
-9.74353917550452
2.4855737093593
3.3422130404531
-9.85306909498544
3.26517438611556
-8.46131061509781
-10.2020820215972
-11.0640008913329
2.9061733652318
1.68176276654485
3.769892250261
3.09650549919332
-10.5461354974705
1.65732441157765
-9.87726966885385
5.30176121831777
4.65073773586951
-11.6521226096451
2.58936097666926
-10.795568427182
1.60764230049497
3.84145995163819
3.78139990470116
3.14861645081563
4.16140228762133
4.38169920191836
5.48950490087905
-9.53747729636698
2.89336559255724
3.56673659566506
2.45269847362257
4.63013422304151
2.44120658221303
-10.5526484000961
4.11012253265156
2.77135007768734
3.73591205001836
4.23139688948254
-8.66778682773477
1.82144355552665
4.20791502983855
1.56508962533229
4.11523664144546
-9.22873348688163
-10.289252290396
3.80842971538462
2.66391366407553
-7.73302230895459
-9.18638746397361
5.71323705308262
4.22839520294181
2.7257155370646
-10.9173345397292
2.06589407454211
2.29781787026524
2.74342087277818
2.94331414706253
2.71739992610894
2.52007892041993
3.33791714243479
2.0350658851246
3.94536766880642
-9.15310090740896
2.81969788833619
1.94323786106448
2.63317100626166
-10.5432435634989
2.93191253009519
3.71474163591131
3.18571826343182
3.791271667534
4.27997551215459
4.43808247780551
4.06978054441641
2.82560466156591
-8.80967850889164
1.82734610711422
3.28042851008349
4.72159056660641
-11.4885605440104
-9.49345444395995
1.46112558327921
-10.9784892869868
3.24322815233495
4.34023036636108
2.69963029436229
2.90614412414709
3.14226254235603
3.83318792132898
2.30798173604926
3.13294684779919
-8.70600821965062
-10.1811906087627
3.98763860876435
-10.7989516399978
4.10034263964205
3.13047181207811
3.40626757206837
-8.16634508838057
4.60066671133124
4.90449823035282
-10.4664957149797
2.68285128491769
2.87308247733575
-11.5298481867412
2.30553669515799
-10.8987334976008
-9.74342900522191
3.69243129968564
-8.02957783250481
-10.3253890442476
-10.3821560144872
-8.09168643549362
3.883171790737
4.24367467570538
4.81562700342673
2.41237832249362
-11.1766890437104
-9.93551430460346
3.4960846496262
2.55386658386817
3.20335424671619
3.16173015367006
4.18480453665759
2.61058653285637
-8.94709683398281
1.46811193465554
-11.073691653193
1.5863848479634
3.03487793202262
3.7503611059127
2.31786274879432
2.27569092920206
-11.3898773063689
3.20769251821186
3.1905102278653
-10.4222356732138
4.56227656651978
-9.22626076561778
3.79460967661359
3.22700659129845
3.3593368846075
-10.9897115692368
3.37062970020731
2.38725485006874
3.52527221898773
1.68912565899516
3.63038186186037
-11.2725848250506
4.93665661669986
4.03632810086727
3.36142958425671
2.39897063432796
0.125526145443799
2.51781558761128
1.58996066260724
-10.3683926422116
2.37637579160506
1.88115868801622
4.41921776504909
3.98837401389716
-10.0204990108161
5.01519589161706
2.59151109930879
4.32226367291927
-10.5642974532011
5.05511115033557
2.41593365400385
-10.2367340648519
-10.8351228315912
-9.15312538842643
4.1720686753284
2.28654628931279
4.45421688840232
4.3546135070493
3.95258616102244
4.60952830579327
-11.3650969197681
-10.7902054389903
3.511512153544
2.91845709440914
4.87174780205771
-10.7402788407397
-9.44437211436655
4.250494684467
-10.7450202894668
-11.5592778289282
4.68198238324457
4.19436254862403
2.29980775945771
-10.0864589123032
3.54574558490018
2.41251505636153
-10.9673275304443
4.37253086470603
3.61813141023299
3.60302415807425
3.2470058762208
3.32176955858507
1.36137797881279
-10.3530887071521
2.66934653387445
3.18654872399102
4.87157872599104
3.77892025008878
2.49831596682074
2.71180668407097
-9.8059112869928
-8.55642685281242
2.7709733811735
3.25579470417561
2.50961120331041
5.7699637382766
4.26896106257783
3.40921937312864
3.28266690813139
4.14654913448094
3.87731418215573
3.48392505462276
4.33036931863237
