2.93450541653742e-23 1
4.64341766893243e-46 1
7.13497799011332e-35 1
8.54217412846082e-29 1
3.56044133436239e-32 1
3.8073128136311e-39 1
3.95649808460011e-44 1
1.73093160141457e-40 1
1 2.85872548540677e-30
7.57635318641232e-36 1
1.04617642586067e-30 1
2.38801642718158e-31 1
3.52244229509521e-40 1
1 7.75444330869014e-41
8.19973948576022e-37 1
1.01381101847898e-40 1
1 1.04040124194791e-33
9.37261016447932e-35 1
1.07164445530417e-32 1
2.00711062640332e-40 1
6.82811339262748e-39 1
1 8.91863702402487e-34
1 6.38875526021048e-40
5.87013392793288e-39 1
1 8.2038536677548e-46
5.90328861635375e-33 1
1 7.49320066250409e-34
1 9.88715244614249e-35
1.10320726022417e-36 1
2.7568175320338e-41 1
1 3.62247230515983e-35
5.53981206528237e-26 1
1.50371346945957e-41 1
2.64566145966823e-34 1
7.90524048725733e-28 1
1 1.11887951881578e-38
1.7865100848916e-29 1
6.73411864244285e-34 1
8.78055353899298e-33 1
3.16308067661883e-39 1
1 3.17571492801831e-31
4.46439436487155e-47 1
2.10383053815107e-36 1
1 1.89557226094658e-28
1 5.97700521730086e-32
4.20696929693216e-36 1
1.03821299439469e-38 1
1 2.69562464341604e-32
1.53418248878032e-37 1
4.05365364462762e-28 1
1 1.54684574537606e-40
1.36202974887642e-38 1
2.08492803730872e-33 1
3.30944783368466e-38 1
3.85475149032806e-40 1
7.38784171164981e-41 1
1.36117974792193e-34 1
2.63733004202196e-33 1
1.30182767218527e-42 1
4.30708772225061e-46 1
1.29341609521622e-23 1
1.17859626034174e-30 1
2.82755589211417e-41 1
4.68115035835799e-33 1
5.29918107109142e-45 1
2.61843087453761e-42 1
2.4506678364316e-37 1
1.49833487947318e-31 1
2.35849416890917e-39 1
1 8.8643304688327e-40
1 8.39090720163732e-36
8.11682059988212e-33 1
7.23255386594634e-36 1
1 1.18950964133841e-34
1 2.38819967428043e-34
5.36622850772757e-43 1
1 6.98246635922827e-40
1 4.0778420767989e-34
1.18659928428879e-36 1
3.09369361205918e-24 1
1.98154549890894e-33 1
1.68260997148304e-44 1
1.44748689287883e-36 1
1.75971698412729e-39 1
5.10728080500676e-41 1
9.91671275524986e-31 1
1 1.71959270695807e-25
1.54160640780777e-42 1
9.2850948498371e-37 1
1.50235115519596e-31 1
4.50941691284161e-32 1
1 9.61714114022501e-40
2.29298567349434e-32 1
1.75008779039582e-33 1
4.87527974051777e-31 1
5.20457032407111e-31 1
1 2.87660331060229e-34
2.7737907061297e-34 1
1 4.85269666978817e-34
1 4.89136866309093e-41
2.17935611833013e-32 1
3.74364236204686e-40 1
1.21785450096085e-41 1
3.66730899264702e-24 1
3.73735804245214e-33 1
1.71003225507872e-33 1
4.11207320122591e-39 1
1 5.65749345741146e-28
4.54654492068321e-39 1
4.28014006213929e-53 1
1.97309195527319e-25 1
3.96236458537146e-34 1
2.28606789571613e-39 1
6.55373917884196e-42 1
1.92370341917422e-44 1
9.30609126942795e-40 1
2.04834703387226e-33 1
2.10045484241719e-43 1
2.72977914616136e-32 1
2.57387544411685e-36 1
2.43092083154174e-40 1
1 2.46189643669135e-44
1.06139917722527e-41 1
1.59072813338258e-31 1
1 6.45633180128114e-33
2.52237509243214e-29 1
2.40433929339912e-33 1
8.47562477521811e-36 1
2.39596165818701e-42 1
1.95597620726507e-31 1
1 5.60945025257036e-20
1 6.55694166047852e-36
1.00163550865941e-35 1
1 1.48121103585949e-38
1.24131313600454e-40 1
6.82495173592434e-42 1
1.05241172266457e-40 1
1.42207573713566e-30 1
1 1.25116506749188e-26
6.19388264342459e-26 1
6.30623530110691e-33 1
1 3.32977979574932e-44
1 1.37286401799536e-31
3.27669580092459e-30 1
4.58625403607711e-44 1
2.75470381443204e-31 1
1.71683951748766e-39 1
9.20108803472973e-34 1
1.11728331646263e-42 1
2.95834828728613e-34 1
1 2.36372014226742e-35
1 9.40231210846583e-29
1.5857260151055e-27 1
1.46550245378106e-42 1
1 3.79832812500001e-38
1 1.04082867193316e-26
9.27125355579466e-35 1
1.32113150205816e-33 1
1.08985074366729e-37 1
1 2.56866185120639e-28
1 1.71475353507398e-39
4.82353497378508e-30 1
1.25760021355624e-31 1
1 9.80881362795846e-41
3.30672755655269e-30 1
1 8.35926298556807e-40
1 3.08339025319562e-35
1.10509437743158e-27 1
2.14306272023032e-35 1
1.07062620036103e-43 1
2.8300763448262e-30 1
2.56534004004012e-39 1
3.02789039702436e-38 1
1.02564670269233e-38 1
4.87672760923456e-37 1
3.72459566931961e-31 1
1.19046797793916e-39 1
1.64232844988797e-33 1
1.53339572402594e-36 1
1.87083691846062e-33 1
1.08122772170379e-32 1
1 5.14519442490047e-31
1.05942751330453e-37 1
1 1.93453340200229e-41
2.33827304642167e-41 1
1 1.12582973264954e-37
1.98335297681431e-40 1
5.32399036609692e-25 1
1 1.11049556414939e-39
1.19087288345406e-33 1
1.44734910070915e-40 1
2.95021988292993e-36 1
2.1165025630039e-34 1
7.95895353917562e-28 1
8.43346325775414e-38 1
4.09896064277532e-24 1
2.83724874427647e-34 1
1.7895016106904e-41 1
3.07522642863591e-47 1
3.78192404459722e-36 1
1 3.41752994308124e-24
1.81475363935445e-39 1
5.33778677917129e-28 1
1 6.56279281976092e-29
1 8.24645257704093e-30
5.01026251086149e-40 1
3.88215488920614e-34 1
2.37450406109669e-29 1
1.57461799494789e-36 1
5.88742453595261e-29 1
3.7790898254199e-35 1
1 9.44952441331252e-38
2.58847704378289e-39 1
1.17230175349087e-38 1
6.0427866581673e-37 1
1.32615534610005e-33 1
1 2.48835200391024e-31
1.11872420320325e-44 1
3.39963459900063e-46 1
1.15915281069359e-30 1
1.80922511768948e-28 1
1.90292029128484e-47 1
3.68538506067297e-31 1
1.80054375217231e-26 1
1 2.7626693295444e-43
1 1.25224935238836e-32
4.41408124038613e-33 1
3.09315015986979e-45 1
1 7.02238627028213e-43
3.10394176589972e-45 1
3.98375576274877e-28 1
4.82442419604598e-35 1
1 3.43376544023784e-39
1 4.78216042522193e-35
1.15417718160382e-43 1
1 3.07238777752701e-42
1.05647360494601e-36 1
2.64566339715891e-44 1
1 1.05086775058308e-33
1.35247287170479e-41 1
7.27828402805465e-37 1
1 4.49704973086836e-31
1.44179888590314e-30 1
7.8969799929383e-33 1
8.91872214859203e-36 1
1 7.69508424661741e-37
4.71032985836325e-39 1
1.95741129928919e-40 1
2.7487643557603e-39 1
2.1954779212612e-34 1
3.34316377140299e-40 1
1.3422079568115e-43 1
1 8.80500241092369e-40
6.43813585158236e-40 1
2.04172084908567e-40 1
3.59895686120917e-43 1
1.20301746816209e-34 1
1 1.28749910932356e-27
1.75852199963188e-48 1
1.0761643440497e-33 1
4.19035607509731e-30 1
8.44761211184769e-40 1
1 3.25605980197801e-32
4.34362353616794e-36 1
1.16681356444334e-36 1
1 1.45503865035158e-42
1.16379734491759e-33 1
1.58144342709361e-39 1
1.98804963295376e-39 1
1 2.0265020985903e-29
2.44901124061558e-40 1
9.21580236629182e-32 1
1.93054486387726e-41 1
1.91991594931043e-32 1
2.70726838787218e-32 1
1.46250998406932e-41 1
1.34852041603812e-48 1
2.2080158980628e-38 1
1 2.2237723315162e-36
3.02406112403289e-41 1
2.15762720018743e-36 1
2.93958163533119e-31 1
9.33182736747354e-38 1
2.38829149476558e-43 1
1 1.42768996076955e-37
1.35893642980209e-35 1
1 1.00637143715025e-40
1 6.22694001802823e-34
3.68642501119326e-33 1
1.86361799427683e-37 1
1 8.39427739453321e-38
2.6091126274544e-35 1
6.15169352780102e-36 1
1 7.02034553908101e-38
2.07332946759842e-23 1
1 1.11931411369066e-36
3.10728145844193e-23 1
1.77371161781183e-28 1
1 1.44507254562643e-33
3.81850267525719e-34 1
