1 1.28305439001136e-39
1 1.18240784624656e-49
8.81307506393176e-48 1
1 7.49961977061131e-35
8.15353932233786e-45 1
1 6.85208242263088e-36
1 1.65057694280796e-34
1 5.11899910854305e-47
1.88203839680557e-40 1
1.09215401161074e-38 1
3.18978577429696e-41 1
1 1.04711217692797e-43
1 1.13145518910412e-40
1 2.45633672792381e-41
1 4.44146885846141e-53
1 6.5750284326929e-29
2.50375408535935e-44 1
1 1.07493276350944e-45
1 6.75521437792167e-37
1 6.76538778991863e-43
3.47291826643656e-39 1
1 8.75044463315665e-31
3.57334098132318e-34 1
1 1.64016938807545e-41
1 1.03230085939334e-45
1 2.91443045944034e-34
1 1.63211734468052e-38
5.90404008948253e-46 1
1 1.59587999683578e-45
2.3378071608495e-36 1
1 3.24036368336441e-45
1 4.60725452578805e-35
1 8.20552766567767e-47
1 1.31752027703202e-40
2.64957578347666e-41 1
1 3.65129416958395e-37
1 1.95749318787447e-37
1 5.90574688100672e-46
1 7.10746410827267e-48
4.67534413714857e-30 1
1 1.61724743575199e-52
1 1.70007935423551e-45
1 1.90269068424291e-37
1 8.14847060695774e-37
1 2.51764834595315e-34
1 4.88113022099642e-44
2.75243154502932e-41 1
1 1.01775202452593e-39
1 8.74821185446035e-46
1 2.29707768563914e-45
1 1.70076394358502e-45
1 2.54386917628222e-44
1 6.92032249956099e-41
1 1.41648234151059e-46
1 1.47731921746983e-42
4.26681398468498e-32 1
1 4.93087314570545e-33
1 1.35344263284054e-39
1.00606920001498e-43 1
1 4.68903011724694e-40
1 1.89127077330331e-39
1 9.66192435124446e-43
1 7.92355452510949e-31
1 4.77728392320155e-48
1 2.80305448717038e-42
1.76078550950233e-36 1
1 2.71100556068796e-37
1 7.47178354284012e-33
6.69134099022097e-33 1
9.93048561619636e-45 1
1 2.76071844426628e-44
1 1.67805334673729e-46
1 5.29508782475628e-45
3.31897774264114e-38 1
1 5.32075901526054e-37
9.61211567557341e-44 1
8.20245322959545e-36 1
1 2.88252261954238e-39
2.39501853384868e-38 1
1 1.88577360829494e-34
1 1.21651593432617e-30
1.62059738379881e-46 1
1 1.41675138490895e-45
4.16245868794303e-34 1
2.6573920568371e-34 1
1 2.37688857664867e-30
5.69573191910569e-41 1
1 3.13138867345964e-31
1 3.69876599525528e-32
1 1.10367330629374e-44
1 1.33104501848846e-31
2.36702969883322e-45 1
1 4.60338826525346e-43
1 2.71843035876987e-46
1 6.04136237399038e-45
1 4.77996974098386e-38
1 2.35229386478276e-36
9.4742106517079e-38 1
4.16108510876979e-34 1
1 1.55942849579433e-29
1 6.30346317211049e-40
8.58963604925333e-26 1
1 6.99803317215527e-41
1 5.02491298278766e-38
1 2.90076568837771e-36
1 9.88482057175102e-48
1 7.84435424756952e-40
1 2.18142362990223e-37
1 9.14452186270572e-36
5.90248667826272e-44 1
1 2.07945001043513e-49
1 4.39973136520991e-35
1 1.15253694482942e-46
1 3.93531483952506e-33
1 1.39219477325432e-48
1 2.50848835660117e-43
1 3.46921324375561e-43
3.33366777520009e-47 1
1 5.9505611954387e-32
1 2.65844364299001e-50
4.6559961053103e-47 1
1 1.83874943044427e-49
1 5.64223084159999e-38
1 3.72576363860345e-43
1.58206508781026e-36 1
1 3.03233470339596e-46
1 1.04587370072395e-38
1 6.64988308665287e-32
1 7.04758675599573e-38
2.69738885492485e-45 1
1 1.55414635844131e-36
5.82034724457177e-45 1
1 1.08056497321508e-35
1 1.94859860889299e-48
2.493734233468e-28 1
1 4.02256973466458e-42
1 4.21848659330606e-30
1 1.40668991144612e-41
1 1.75704856554466e-37
1.94841615893379e-44 1
1 1.98109274403168e-43
1 2.57680492692109e-32
3.39683574853944e-48 1
1 5.92994054190398e-38
1 1.65965643720903e-40
9.27111309022709e-41 1
1 5.15332124376187e-42
1.4552984127052e-37 1
1 1.22151882185329e-44
1 4.94230824198295e-45
1 1.43199969172877e-44
1 1.9605024304311e-46
1.5014737402591e-34 1
6.82307237213174e-28 1
2.88992093420624e-31 1
4.33235220668495e-45 1
8.54314729292179e-45 1
1 6.72501205608563e-41
1 5.58180200876517e-52
1 4.1248886285505e-36
3.97958644477532e-40 1
1 3.61864973327534e-48
1 2.19722430676047e-40
1 2.68019546726381e-35
1 3.8972610312601e-43
1 2.25701808143932e-39
1 3.09241907815532e-43
1.72622726467303e-31 1
1 2.23417536483485e-40
1 2.96378328826457e-55
1 1.93466883261746e-45
1.29689161554503e-30 1
1 1.75861540509254e-40
1 5.98794153558035e-48
1 1.79246476183082e-52
2.66033095812333e-42 1
1 2.79865466817252e-37
1 6.47652226449626e-35
1 1.07905293913348e-39
1 1.55210751452854e-50
8.49891646841778e-42 1
1 1.49561147363731e-40
1 4.33098067255225e-47
2.27368309204716e-42 1
5.05110552714924e-48 1
3.19713827059772e-46 1
1 2.81782236760394e-43
3.00274028074219e-40 1
1 2.17004218827843e-44
1.27909015645254e-38 1
2.90448414195925e-42 1
1 4.55666427406953e-39
1 4.09777068868202e-33
1 7.66440573655836e-50
7.34363225654075e-45 1
1 1.28086823707617e-40
1 1.44901863091629e-35
1 1.93565710150606e-34
1 1.24434224568355e-35
1 1.11404517565348e-35
1.42723779305186e-39 1
1 1.36868099491326e-39
1 1.49985770830461e-36
1 7.97972325902827e-46
1 1.09818702161493e-27
1 6.36286578127818e-47
1 1.06739676822628e-41
1 3.31678472440479e-52
1 1.84294552937862e-49
1 1.22922967536782e-31
1 1.33838240132424e-43
1 2.18632998736412e-40
1 3.55012182137447e-46
1 2.37469432968092e-48
1 7.40869862238933e-32
1.67347971267192e-38 1
1 1.01257538033324e-54
1 1.7134477722537e-29
1.54350528111782e-41 1
1 7.55661709807198e-37
3.11411423234992e-37 1
1 4.00400552672027e-42
1 3.94956622611792e-53
1.45313848111103e-37 1
1 2.21481737210581e-43
1 5.32110080988275e-40
1 4.42849127789091e-44
1 2.7879262250978e-39
1 6.34520213592531e-38
1 2.08493691969574e-41
1 1.555438864157e-26
1 2.17552805105723e-54
1.55237141316367e-34 1
2.1200734077128e-43 1
1 5.53025825612539e-35
1 1.19258878339491e-47
1 3.70393630448123e-40
1 1.0935693090701e-42
6.0967304193037e-42 1
3.92072835160665e-41 1
1 3.66988452286947e-37
1 5.14603818735749e-38
1 6.2210880153969e-46
1 5.93227870815947e-38
1.57626297731766e-27 1
1 1.94897100945046e-34
1 4.61575542019304e-35
1 3.41017471419111e-42
1 5.36261035145001e-46
1 5.19920517441742e-43
1.08150465629341e-43 1
1 1.13205197678004e-21
1 4.45204059478951e-43
1 4.93125238581913e-42
1 1.1289639933438e-43
1 1.229780348956e-35
1 3.59409349790753e-38
1 9.1217327689771e-45
1 1.77636965856312e-34
4.23218349382951e-36 1
2.2957060627515e-36 1
1 8.04308318062797e-42
1.98879262389587e-43 1
9.71547705886542e-49 1
6.267804647858e-38 1
1 1.6934180408425e-41
1 9.26400953814727e-38
1 2.10546757928431e-34
1 4.19127693164696e-38
1 2.38002395567213e-46
1 9.60217063332509e-37
3.01996155755103e-42 1
1 1.22173398774987e-43
1 2.65233189899707e-45
1 2.45888071918324e-39
1 1.91010128426428e-46
1 3.91843260424286e-49
1 5.60458312788351e-41
1 5.99046416461075e-40
1 1.53978626179849e-46
1 6.30709883081807e-48
1 2.16271578571204e-34
1 3.18248762225884e-45
1 1.44438249100795e-36
1 4.1673803283386e-34
1 2.73348242698594e-44
1 1.36075333947936e-46
1 1.72060217231786e-35
1 3.81741549587303e-40
1 3.18951534225518e-36
1 4.97293505699802e-45
1 5.38669212467068e-40
1 3.01672427514164e-30
1 2.38641951829424e-34
1 5.50839199137247e-38
1 3.16571763484622e-30
1 4.24620828206504e-36
1 8.22039289401234e-43
1 3.12933469813857e-35
1 1.20395785129045e-36
