1 8.35926298556771e-40
3.52244229509561e-40 1
1 8.39090720163708e-36
1 1.25224935238876e-32
6.73411864244399e-34 1
1.07164445530408e-32 1
1 8.91863702402183e-34
1 1.12582973264968e-37
8.43346325775354e-38 1
2.1038305381514e-36 1
1.24131313600483e-40 1
1.7895016106906e-41 1
1.18659928428896e-36 1
7.57635318641297e-36 1
1.58572601510464e-27 1
1.64232844988823e-33 1
1.04617642586076e-30 1
1.00163550865964e-35 1
1.93054486387765e-41 1
1.29341609521624e-23 1
2.07332946759863e-23 1
1.08122772170394e-32 1
8.47562477521522e-36 1
1.53339572402598e-36 1
1 1.11049556414886e-39
1.07062620036137e-43 1
2.29298567349539e-32 1
4.82353497378508e-30 1
1 1.546845745377e-40
1.75852199963226e-48 1
3.72459566932051e-31 1
5.01026251086128e-40 1
2.61843087453675e-42 1
1.05241172266428e-40 1
1 3.79832812499968e-38
1.10320726022411e-36 1
1 2.85872548540746e-30
3.34316377140275e-40 1
2.60911262745466e-35 1
3.81850267525686e-34 1
1.98804963295333e-39 1
1 1.00637143715039e-40
1.71003225507923e-33 1
5.90328861635324e-33 1
1 6.38875526021439e-40
1 2.36372014226799e-35
1.36117974792218e-34 1
2.83007634482644e-30 1
3.98375576274877e-28 1
1.05942751330455e-37 1
2.70726838787344e-32 1
5.20457032407377e-31 1
3.74364236204723e-40 1
2.52237509243361e-29 1
1 3.62247230516055e-35
1.58144342709377e-39 1
4.87672760923491e-37 1
1 1.71475353507388e-39
8.11682059988455e-33 1
3.59895686120917e-43 1
1.59072813338332e-31 1
1.91991594930988e-32 1
1 1.18950964133854e-34
3.10728145844197e-23 1
4.50941691284109e-32 1
2.35849416890927e-39 1
9.37261016448411e-35 1
1 2.76266932954362e-43
1.90292029128468e-47 1
1.98335297681504e-40 1
2.10045484241695e-43 1
2.00711062640398e-40 1
2.37450406109611e-29 1
3.3067275565534e-30 1
9.27125355579413e-35 1
1.16681356444382e-36 1
1.342207956811e-43 1
6.55373917884215e-42 1
1 6.45633180128371e-33
2.93450541653872e-23 1
1.06139917722545e-41 1
1.2030174681625e-34 1
1 2.22377233151689e-36
1 1.71959270695754e-25
1.02564670269252e-38 1
1 4.7821604252224e-35
4.87527974051832e-31 1
3.02406112403366e-41 1
1.75008779039689e-33 1
6.19388264342802e-26 1
1 9.61714114021831e-40
1.78651008489279e-29 1
2.95834828728752e-34 1
4.68115035835846e-33 1
1.19046797793947e-39 1
1 4.49704973087041e-31
1 3.0833902531958e-35
5.107280805004e-41 1
1 1.44507254562612e-33
1.81475363935543e-39 1
1 9.88715244614038e-35
2.04834703387243e-33 1
1 1.37286401799522e-31
2.15762720018752e-36 1
3.10394176590082e-45 1
4.30708772225177e-46 1
1.97309195527421e-25 1
3.09369361205999e-24 1
1 7.6950842466219e-37
2.58847704378407e-39 1
1.35893642980205e-35 1
5.53981206528099e-26 1
1.32113150205844e-33 1
3.77908982541974e-35 1
1 2.69562464341707e-32
1.32615534610032e-33 1
1 1.42768996076939e-37
1 8.39427739453679e-38
1.49833487947374e-31 1
1.80054375217204e-26 1
1 5.9770052173001e-32
1 1.28749910932403e-27
1 4.89136866308975e-41
5.32399036609745e-25 1
1 1.93453340200262e-41
1 1.04040124194797e-33
1.95597620726605e-31 1
1 4.07784207679965e-34
4.2069692969324e-36 1
1 3.32977979575098e-44
2.95021988292963e-36 1
3.85475149032866e-40 1
7.90524048725677e-28 1
3.73735804245357e-33 1
2.83724874427784e-34 1
1 1.11887951881578e-38
3.30944783368588e-38 1
1.36202974887695e-38 1
1.15915281069285e-30 1
1 6.56279281976279e-29
1.4220757371358e-30 1
9.21580236629405e-32 1
3.95649808459983e-44 1
1 7.75444330869014e-41
1.57461799494803e-36 1
3.88215488920812e-34 1
2.40433929340022e-33 1
1 2.48835200391084e-31
5.29918107109308e-45 1
1 3.25605980197736e-32
2.75470381443243e-31 1
2.63733004202117e-33 1
6.82811339263029e-39 1
1.25760021355673e-31 1
1.3524728717049e-41 1
5.87013392793613e-39 1
8.91872214859634e-36 1
1.17230175349119e-38 1
1.80922511768925e-28 1
2.1430627202299e-35 1
1.50371346945912e-41 1
2.43092083154305e-40 1
2.08492803730941e-33 1
1.98154549890911e-33 1
4.71032985836392e-39 1
1 8.24645257704128e-30
1 7.02238627028233e-43
7.38784171165159e-41 1
2.64566145966838e-34 1
2.72977914616191e-32 1
1.11728331646234e-42 1
2.39596165818728e-42 1
1 3.17571492801903e-31
8.78055353899473e-33 1
4.46439436487377e-47 1
2.38829149476531e-43 1
1 5.65749345741146e-28
1 8.86433046883585e-40
1 8.20385366775281e-46
1.71683951748818e-39 1
2.1793561183314e-32 1
4.41408124038645e-33 1
1.68260997148328e-44 1
3.56044133436193e-32 1
1.44748689287883e-36 1
9.33182736747699e-38 1
2.19547792126157e-34 1
9.28509484983803e-37 1
1 6.98246635922797e-40
1 8.80500241092431e-40
4.82442419604625e-35 1
7.13497799011088e-35 1
1.46250998406995e-41 1
1 9.4023121084665e-29
1 1.89557226094667e-28
1 1.11931411369069e-36
3.78192404459792e-36 1
3.27669580092441e-30 1
1.11872420320315e-44 1
1.15417718160425e-43 1
2.56534004004077e-39 1
1.07616434404986e-33 1
1.03821299439516e-38 1
2.04172084908623e-40 1
3.68538506067114e-31 1
1.1908728834537e-33 1
1 7.49320066250856e-34
8.19973948576395e-37 1
1.44734910070925e-40 1
1 3.43376544023959e-39
6.30623530110566e-33 1
7.89697999293886e-33 1
5.36622850772833e-43 1
3.80731281363078e-39 1
8.44761211184889e-40 1
2.4506678364325e-37 1
1.75971698412789e-39 1
1.01381101847932e-40 1
1.95741129928905e-40 1
1 1.48121103585951e-38
1 9.44952441331762e-38
1 2.46189643669188e-44
1.16379734491843e-33 1
2.20801589806318e-38 1
1 1.04082867193365e-26
2.77379070613068e-34 1
1.86361799427715e-37 1
6.04278665817004e-37 1
2.75681753203427e-41 1
1 9.80881362796222e-41
1.53418248878032e-37 1
7.23255386595004e-36 1
1 1.45503865035179e-42
2.1165025630045e-34 1
1 4.85269666978844e-34
4.19035607509731e-30 1
2.28606789571695e-39 1
1 1.05086775058324e-33
1.34852041603833e-48 1
2.74876435576073e-39 1
2.38801642718243e-31 1
3.02789039702599e-38 1
1.10509437743177e-27 1
1.21785450096126e-41 1
1 2.56866185120786e-28
3.07522642863832e-47 1
3.16308067661964e-39 1
1 7.0203455390853e-38
3.39963459900396e-46 1
1 1.2511650674918e-26
1.77371161781189e-28 1
4.34362353616991e-36 1
1.0564736049461e-36 1
5.8874245359527e-29 1
3.66730899264809e-24 1
1 6.55694166048066e-36
1.44179888590294e-30 1
7.95895353917505e-28 1
9.91671275525282e-31 1
3.68642501119347e-33 1
1.73093160141497e-40 1
2.57387544411663e-36 1
1.46550245378139e-42 1
4.5465449206823e-39 1
1 3.4175299430817e-24
2.44901124061548e-40 1
4.11207320122568e-39 1
1 6.22694001802973e-34
1 2.38819967428165e-34
9.2010880347296e-34 1
4.64341766893349e-46 1
2.93958163533165e-31 1
4.09896064277482e-24 1
5.33778677917447e-28 1
4.05365364462704e-28 1
1 5.14519442490033e-31
2.33827304642193e-41 1
1.54160640780816e-42 1
1.92370341917471e-44 1
1 2.87660331060393e-34
1.30182767218515e-42 1
1 5.60945025257395e-20
1.50235115519545e-31 1
8.54217412846288e-29 1
7.27828402805507e-37 1
2.64566339715899e-44 1
4.58625403607737e-44 1
3.96236458537096e-34 1
1.17859626034198e-30 1
1.87083691846117e-33 1
1 2.0265020985907e-29
9.30609126943072e-40 1
1.08985074366743e-37 1
6.43813585158483e-40 1
4.28014006213996e-53 1
3.09315015987088e-45 1
6.151693527804e-36 1
2.82755589211437e-41 1
1 3.07238777752693e-42
6.82495173592356e-42 1
