2.9273512212636e-40 6.0652267315102e-51 1
2.23550505328762e-41 6.34930057590808e-44 1
1.65942234464803e-41 1.1573805188669e-37 1
7.38430685984622e-56 1 2.38933762961039e-35
2.57963041374641e-38 3.86779677027567e-37 1
2.93875988512004e-34 1.07074287430095e-29 1
1 1.86573535138388e-67 3.49346364016544e-36
5.78486139798512e-35 7.20389923073342e-40 1
1.61592664209348e-65 1 7.42554148469384e-39
8.80776920616778e-28 5.54720319958567e-31 1
1.39155436013451e-69 1 5.30109217119817e-39
6.88712749108236e-65 1 4.49293182138232e-32
1.29784534371989e-37 1.0100013830323e-26 1
1 8.13495614991081e-63 2.24540252473507e-31
1.99411368920044e-37 1.53826716368713e-36 1
8.58965227934013e-61 1 2.97283280808735e-35
1.32097488063546e-36 2.76325717870117e-33 1
1 2.77831148423634e-61 2.64903986532925e-31
2.82502738982024e-35 3.08981372849639e-29 1
7.79715134777418e-47 4.73874310549245e-45 1
4.34349680563267e-65 1 9.10347236836191e-35
5.66978267834766e-39 3.26452217602753e-35 1
1.67140198119728e-43 1.84483568752065e-26 1
1 1.53782288328359e-51 1.36487770200564e-26
3.3264007461834e-73 1 8.98708781395262e-41
1.75184597200625e-60 1 3.24018937040086e-37
2.92020045059546e-32 6.17849763674712e-43 1
1 4.83646183407538e-50 1.30877754439873e-29
8.53457806302716e-50 1 6.11010756457053e-39
3.47459991776213e-62 1 5.10294090475987e-39
6.46635570123238e-39 5.78461893591708e-48 1
3.29771255748035e-40 1 3.14299591774783e-29
4.59412531283787e-67 1 2.43171144788142e-46
1.64692164937649e-40 2.74773673053302e-41 1
1 4.26022125017429e-67 4.94317529422019e-33
2.82725981298762e-62 1 4.01261897131767e-43
1 2.18969418000594e-48 8.59070183136015e-29
2.82822243594914e-43 2.57200682816329e-35 1
4.21125573904859e-53 1 4.84018552405041e-29
7.00726616019922e-33 1.09279806720537e-35 1
3.26825016111648e-38 2.5403995668775e-44 1
1.76698717830485e-54 1 6.04379596571561e-34
1 2.16716769983897e-54 1.45634293561946e-29
1 3.14199905184262e-57 2.03670680375295e-34
1.5026090447903e-60 1 2.84558096555127e-38
3.20157254507321e-63 1 2.92483512357316e-41
1 1.44469228658418e-65 7.47252398068141e-39
2.73317505829529e-37 2.12466035335028e-37 1
2.18803130592874e-49 1 3.53818243235585e-31
1 3.01694969098935e-62 3.46862353708e-39
1 9.248189898525e-75 2.87609511080735e-44
3.31156053021221e-46 1.27830797375141e-50 1
2.49805612449171e-62 1 2.76216784255782e-36
1 1.27980564160822e-56 5.47135376034947e-43
5.09430390770553e-48 1 7.63648602628328e-29
2.97911843970651e-54 1 1.13675880232582e-33
1 6.97207719985556e-58 1.18212423947028e-35
1.12591157404022e-33 1.68099526675012e-45 1
1.03099910954243e-50 4.8015354965564e-43 1
1.89041182255052e-33 1.28689434510117e-33 1
1.72263462110872e-42 2.61337910968732e-35 1
2.37654538868918e-32 3.79051378354956e-36 1
9.22642998554009e-24 1.62155209995701e-34 1
3.61463648028755e-61 1 4.22913297273535e-42
5.59694680871335e-48 6.37477299374894e-37 1
1.03716204603667e-32 2.39876311420062e-35 1
1 1.51654269542002e-63 2.44022872788713e-34
3.54704355510106e-52 1 1.51863621205539e-31
5.51894859301003e-65 1 1.24572511168092e-40
7.72175974108459e-68 1 8.11768640638754e-48
1 3.27022718145355e-74 1.12088327141064e-39
3.48897634285764e-42 8.36731632996458e-37 1
4.02523582861965e-34 9.09660733671706e-35 1
8.42755242563466e-54 4.86596719113417e-36 1
2.75005230961127e-44 1.45887981100207e-47 1
1 1.66748892878181e-59 1.56305462913657e-38
1 1.15367824248563e-59 7.628392811417e-37
5.10121513203085e-35 3.79842397455757e-43 1
2.49071428210443e-69 1 1.35164188673002e-44
1.66344508656266e-44 1 2.65500307850389e-27
2.44795952425633e-63 1 2.69569195079737e-37
4.76613637368086e-48 1 2.82930937920276e-39
1 5.09471148779069e-61 3.51247899594901e-31
3.23405968751351e-64 1 1.01482674872694e-46
3.77245703866944e-53 1 8.93145479880341e-40
1 3.04344789308155e-57 4.68220697463781e-34
2.47164510170574e-55 1 7.50030679675925e-35
7.29101811801084e-46 3.24850614057029e-43 1
1.06702405950628e-35 3.80778631198522e-43 1
9.07125110330269e-38 9.1975900481341e-37 1
1.41672696754776e-32 1.6940321829682e-41 1
6.53234245022712e-56 1 1.29134452028065e-34
5.05621852846523e-50 1 1.63380967695832e-31
1.04152880224605e-64 1 6.6575593943843e-34
1 4.4060038915565e-60 1.34929439287321e-36
5.03245233489687e-63 1 1.46401845636259e-39
1.5436909999444e-34 1.31316635118366e-51 1
3.41477281877301e-42 4.46434273806884e-36 1
2.74209520696529e-64 1 8.49821240851267e-47
1 8.67380758738951e-58 2.06107384980817e-30
4.91718265177985e-32 7.29378854323883e-31 1
3.8797838097147e-54 1 3.37805268027299e-26
1 3.31137621599732e-53 4.57256712207465e-31
1.89738516911342e-34 1.18911948314032e-39 1
4.4312757725165e-36 3.38018538563974e-41 1
1 5.57700134253792e-59 3.7506289097799e-41
2.08748272137522e-35 9.03230851963002e-42 1
1.44958001552803e-57 1 2.98936141649066e-42
2.66545027626971e-38 3.54565949104044e-42 1
1 4.27625434145759e-66 4.07291195854307e-45
3.34162651458789e-38 1.77540448394095e-34 1
5.28565570718833e-31 1.48139801918895e-46 1
3.05933295403187e-36 8.64554921500329e-35 1
2.05161181312285e-70 1 5.14187402739962e-39
1 4.08009601713531e-54 1.81612848420143e-29
5.60571592708829e-34 8.57588856972627e-35 1
2.12942136058018e-32 1.17503216709094e-30 1
1.00667061653395e-27 2.84651237339253e-32 1
9.81017049409941e-43 2.04911099630232e-46 1
1 9.91942123520136e-54 6.38023363272059e-33
2.15348054389921e-33 1.68712241602662e-34 1
1 1.16009213196501e-57 1.42045406518321e-35
2.27358129724006e-59 1 1.70166775414475e-38
1 3.80362865540373e-62 9.80297665938419e-42
1.30494659611701e-60 1 4.34177212239167e-28
3.57138144587647e-26 4.17273344519117e-42 1
1.3822860306441e-24 8.86097757483485e-39 1
1.08537074890322e-27 3.91740668337884e-28 1
1.66716787348496e-57 1 1.51529957959797e-38
2.21851986155748e-45 2.01092469755963e-43 1
1.35227619830089e-65 1 2.84799036721334e-39
1 2.57820045898869e-68 6.91081726207313e-31
1.09359941748215e-38 9.89507071212672e-33 1
7.16175156076831e-41 6.95537036218433e-36 1
1 1.41919451253743e-66 5.62874151377693e-37
1.22042717372111e-29 5.91827424337825e-48 1
2.47118751420386e-43 4.99484408740235e-41 1
8.67634165529779e-65 1 1.09058698086322e-43
4.86939349314412e-41 4.67668000801089e-41 1
2.88096407389431e-35 1.84454882396611e-41 1
1 1.06431267799196e-73 1.99403488706767e-40
1 9.38373584180124e-58 5.72679666418707e-36
5.08965131619186e-71 1 2.15935205602819e-44
4.55004255832379e-32 2.87349202487687e-30 1
3.27686244105237e-37 1.52477084207111e-37 1
1.13997041046052e-66 1 5.52734227007929e-41
2.6844367790706e-33 1.44279856694299e-34 1
1 4.81378404060521e-57 1.27033879814987e-36
1.36880050117097e-59 1 4.26877090823405e-38
1.24289978744245e-56 1 4.01933498129876e-29
2.52704177373154e-44 3.14425367140106e-37 1
7.99162514319365e-40 2.150844252102e-32 1
5.15402800308696e-65 1 2.57996265833829e-49
2.20684482706737e-34 3.68950485819357e-42 1
4.27076493794522e-60 1 5.27971820526882e-42
2.70753861467069e-44 3.94841702228153e-41 1
1 3.0623631790005e-68 9.9556533337227e-48
1 1.71868794658066e-63 6.10582044101092e-39
7.94272118855513e-34 7.8397045358065e-33 1
1.26955870201902e-60 1 5.32053741437962e-36
9.62284171728368e-40 9.15245120141871e-40 1
1 4.28961480062563e-73 7.16783270953152e-43
6.26344342698323e-58 1 1.72810469715506e-37
1.22603795637502e-48 1.21300044883658e-44 1
3.49796062051148e-35 1.81119537495605e-37 1
2.33923751108059e-41 2.65955288896369e-40 1
3.61875604757055e-64 1 1.66582041583575e-38
1.13255141042616e-46 2.96940676663527e-43 1
6.24140014148266e-66 1 4.9674034212129e-39
1 1.80835705894366e-62 1.04820233661309e-36
8.97943415378661e-60 1 7.30392300995336e-41
1.61212161973319e-36 1.40220197606795e-35 1
1 1.98756333559927e-54 6.35205591305062e-36
3.87927024508475e-24 3.96000014012992e-32 1
1.10450938482205e-52 1 6.18117497587836e-33
1.87434059648022e-43 3.07314306089002e-42 1
3.42159378896897e-33 2.50284439390031e-42 1
1 6.78827165554609e-58 2.23398013364749e-33
1.1153063749991e-42 1 4.53252193818259e-27
1 4.60318912024616e-67 1.05885653116609e-41
1 4.86795077468198e-63 5.59187236372777e-45
1.33271150565943e-46 1 1.37594095270216e-27
2.25050880861964e-32 3.7227398593255e-41 1
8.4901447874215e-62 1 1.23792969524097e-41
1 3.93108177263415e-66 6.41156186338496e-42
3.4703438183453e-38 6.74489213028342e-36 1
1.28207151130481e-32 8.13452991653331e-39 1
9.3674586217115e-41 5.55585760342802e-34 1
2.39187301074224e-67 1 1.77700128409988e-39
1 4.63521169401077e-59 5.56832586391419e-41
3.71698719192363e-65 1 5.33980762208425e-51
6.55984938733073e-61 1 8.2295235034018e-34
5.62910626414629e-42 1.99196413282157e-45 1
1.12675506105691e-30 1.94115282314409e-34 1
8.71325019899998e-38 9.38212217589691e-38 1
1 1.69832847362571e-54 6.7210884529338e-38
1 3.77439974326309e-49 1.93203067309153e-31
4.1346891496098e-41 1.05922023816596e-35 1
8.41799780769288e-42 5.63065298676467e-46 1
9.96518223349235e-66 1 2.69540230541777e-50
9.98232096325084e-34 2.11919163528069e-35 1
1 2.13618502499605e-39 5.36910101491809e-28
2.23455086356525e-30 1.16391893409947e-41 1
1.18209693375446e-32 3.00114822364526e-38 1
1 8.46110203326707e-63 1.10459319498174e-35
5.23321767922621e-67 1 3.52665737289556e-45
7.64468861479817e-53 1 2.94981306423308e-33
1 1.29777505776745e-54 4.69224317947311e-36
5.79395326393754e-33 3.13434108675967e-39 1
3.88337851522381e-34 7.72730082009022e-52 1
4.18864393813756e-39 6.0376984319425e-31 1
1 9.09349408666137e-61 2.96051330483947e-42
1.78188965189266e-26 2.98077764311335e-43 1
3.23390051138808e-46 3.76944347854268e-45 1
7.44530003808055e-37 1.56095741602057e-38 1
3.4651506627706e-40 1.25236489186821e-36 1
1 1.42819314205735e-60 1.44281691070726e-34
5.38231538065218e-38 1.02968192690544e-33 1
5.74751118948198e-30 1.25212975102267e-28 1
3.37203329935585e-41 4.86352277566939e-40 1
1.01347455359336e-33 9.74490119114291e-34 1
5.28751516428137e-41 1.26740061186853e-35 1
1 3.24967749094119e-62 5.49980514671961e-41
6.82149574067153e-28 7.22341259491137e-42 1
1.27957204373876e-62 1 3.34798922641917e-38
8.72560371281163e-45 2.70056682291579e-38 1
7.20061099264952e-27 1.73177230807556e-36 1
3.74831986953689e-33 5.20195592859332e-34 1
6.27428917710394e-39 1.81798784642441e-46 1
1 2.82653029712649e-66 9.70301329474295e-41
1.10309763809459e-41 1.31477165081762e-38 1
3.28129466759833e-42 8.00267345287967e-32 1
1 1.12354968669045e-73 7.18175327776896e-39
3.67060650760545e-42 1.42688940516808e-33 1
3.9175726826565e-67 1 2.15917363002294e-41
1 7.11182763875858e-46 4.32065779810469e-31
1 1.75173574331714e-60 1.57027766912979e-39
2.33332920570744e-36 8.82485346729437e-41 1
1 7.07456288056681e-59 1.66718220823791e-42
1.95135327458484e-57 1 6.73379835064013e-41
4.06136038716961e-25 1.76529404799128e-18 1
1 1.42425485776673e-62 3.88899369611083e-47
8.12259471664537e-42 7.77860853203896e-46 1
1 1.07757522161466e-65 1.70085448323568e-40
2.50951516113161e-47 7.6758407536005e-33 1
1 1.38634667375685e-54 7.14261385107819e-34
1.43319473351532e-40 2.37021207497904e-40 1
1.12981945373653e-67 1 2.39574125125251e-42
1.74416834259895e-35 1.05621588562875e-37 1
8.40660040405211e-31 2.22168015111612e-39 1
1 5.99539256710361e-39 7.32253494151921e-23
8.55817390091819e-45 7.83624031008249e-48 1
1.30281883699821e-27 2.43819966162017e-25 1
5.27003678215359e-35 9.28860545200811e-44 1
3.86958557342342e-45 6.96047481749509e-32 1
9.84469075722834e-40 3.05018508693208e-48 1
4.8751227615565e-44 1.61780339572518e-35 1
7.72302559119607e-42 8.87640332345188e-46 1
4.36950514343375e-44 1.88882237846731e-32 1
2.40613064696784e-68 1 2.03798845008302e-33
2.36553935117227e-42 2.83609403050234e-36 1
1.06110808313466e-64 1 9.86540677314024e-38
1 1.30572170771815e-57 4.07135025760511e-40
3.27618040974001e-36 5.25356160492539e-30 1
1.23657723796871e-54 1 1.05820794911297e-31
1.75427836528985e-43 9.17182842761883e-35 1
2.03176503017095e-65 1 1.29508157868577e-39
1 1.56469359529385e-65 5.91264102317958e-44
1.03952087921204e-32 1.63274970742931e-40 1
2.22817278119175e-31 1.18403748956752e-37 1
1.06119621379235e-61 1 5.87018690260998e-44
4.95795359485284e-64 1 2.18081230121405e-42
2.16882455206934e-40 4.18062024999024e-38 1
1 7.49466851921179e-59 9.70805970164154e-38
1 1.46399570535161e-50 6.78390206410327e-31
7.43902550473408e-54 1 7.76252696434485e-34
1 1.64750969299827e-65 3.24516181168251e-42
1.92245818952925e-56 1 3.79898865019957e-35
1 5.69157943557428e-59 3.04419206286743e-36
1.06211359380347e-40 3.72401356347926e-38 1
1.48494632749873e-57 1 6.85339272518475e-43
1 4.91924235986304e-49 1.75381566663442e-34
4.28929106404398e-43 1.343828659301e-39 1
1 2.77146456351585e-54 7.40555681928834e-32
7.82322701431436e-50 1 8.41729775989367e-35
1 5.65954295017726e-50 1.69639674158497e-28
1 8.53893024320823e-56 2.20718769572616e-45
5.27851887613087e-27 4.41962279330912e-42 1
4.41669973318299e-31 6.96911747058212e-34 1
1.38103078532865e-40 6.98894448621385e-38 1
8.16363671003873e-28 1.63300944541525e-33 1
1 9.55122975252454e-67 3.15494783946998e-38
2.74679749288483e-60 1 1.52371550645739e-34
1 9.95186405678729e-62 5.73386966005168e-42
1.91503483383844e-32 9.36222791009063e-48 1
6.84181246172445e-40 2.50973849242173e-34 1
1 1.5657329449874e-59 5.22004076873216e-35
7.63197438887098e-35 3.92184064337541e-35 1
2.61271014280701e-50 1 7.85777839929181e-28
1 4.26354313571902e-62 5.46704119757686e-35
