4.2602212501732e-67 1 4.94317529421809e-33
9.03230851963489e-42 2.0874827213757e-35 1
9.89507071212447e-33 1.09359941748246e-38 1
1 1.66344508656363e-44 2.65500307850272e-27
1 2.0516118131232e-70 5.1418740273964e-39
9.55122975253268e-67 1 3.15494783947133e-38
1.41919451253808e-66 1 5.62874151377932e-37
1 2.44795952425911e-63 2.69569195079822e-37
2.54039956687754e-44 3.26825016111477e-38 1
1.76529404799102e-18 4.06136038716912e-25 1
1 5.23321767923172e-67 3.52665737289797e-45
5.25356160492285e-30 3.27618040974001e-36 1
1.07757522161485e-65 1 1.7008544832351e-40
8.13495614990804e-63 1 2.24540252473475e-31
1 1.27957204374003e-62 3.34798922641993e-38
1.21300044883503e-44 1.22603795637554e-48 1
1 3.54704355510353e-52 1.5186362120561e-31
3.68950485819284e-42 2.20684482706799e-34 1
1 3.32640074618226e-73 8.98708781394572e-41
1 1.95135327458556e-57 6.7337983506364e-41
1 2.49805612449071e-62 2.76216784255487e-36
4.60318912024877e-67 1 1.05885653116625e-41
3.07314306088731e-42 1.87434059647974e-43 1
1.17503216709119e-30 2.12942136057997e-32 1
1 6.26344342698127e-58 1.72810469715374e-37
7.83624031008382e-48 8.55817390091734e-45 1
1.25236489186803e-36 3.4651506627706e-40 1
3.80362865540567e-62 1 9.80297665938434e-42
1.77540448393979e-34 3.34162651458827e-38 1
1 1.35227619829973e-65 2.84799036721087e-39
1.56573294498842e-59 1 5.22004076873409e-35
3.9600001401262e-32 3.87927024508345e-24 1
1.94115282314428e-34 1.12675506105676e-30 1
1.09279806720495e-35 7.00726616019743e-33 1
1.63274970742855e-40 1.039520879212e-32 1
1 6.88712749108138e-65 4.49293182137817e-32
8.57588856972615e-35 5.60571592708892e-34 1
2.77831148423729e-61 1 2.64903986532936e-31
1.63300944541446e-33 8.16363671003317e-28 1
3.8677967702765e-37 2.57963041374696e-38 1
5.69157943557266e-59 1 3.04419206286647e-36
2.50284439389903e-42 3.42159378896639e-33 1
3.01694969099209e-62 1 3.46862353708049e-39
1.68712241602667e-34 2.15348054389869e-33 1
4.86596719113555e-36 8.42755242563478e-54 1
1 4.27076493794292e-60 5.27971820526447e-42
1.31477165081704e-38 1.1030976380947e-41 1
8.87640332343825e-46 7.72302559119135e-42 1
1.99196413282016e-45 5.62910626414453e-42 1
5.65954295017855e-50 1 1.69639674158537e-28
1.42688940516737e-33 3.67060650760462e-42 1
3.14199905184289e-57 1 2.03670680375348e-34
1 8.67634165529582e-65 1.09058698086192e-43
1 3.71698719192289e-65 5.33980762207863e-51
1 5.51894859301065e-65 1.24572511167989e-40
3.05018508692822e-48 9.84469075722373e-40 1
1 1.11530637499886e-42 4.53252193818021e-27
7.67584075360116e-33 2.50951516113304e-47 1
1.12354968669131e-73 1 7.18175327776774e-39
1 2.40613064696907e-68 2.0379884500829e-33
3.94841702228355e-41 2.707538614671e-44 1
4.18062024998655e-38 2.1688245520691e-40 1
1 8.49014478742392e-62 1.23792969524059e-41
8.13452991652592e-39 1.28207151130457e-32 1
8.64554921500084e-35 3.05933295403174e-36 1
1 1.24289978744252e-56 4.01933498129716e-29
1 1.39155436013443e-69 5.30109217119319e-39
2.83609403050129e-36 2.3655393511727e-42 1
1 1.10450938482246e-52 6.18117497587555e-33
3.7227398593237e-41 2.25050880861929e-32 1
1 1.06119621379292e-61 5.87018690260848e-44
1.5247708420707e-37 3.27686244105237e-37 1
2.82653029712408e-66 1 9.70301329474212e-41
1.56469359529447e-65 1 5.91264102317799e-44
1.38634667375606e-54 1 7.14261385107687e-34
6.98894448620749e-38 1.38103078532885e-40 1
7.83970453579837e-33 7.94272118855389e-34 1
5.09471148779489e-61 1 3.51247899594981e-31
6.96911747058024e-34 4.41669973318324e-31 1
1 1.44958001552812e-57 2.9893614164899e-42
1.8657353513851e-67 1 3.49346364016569e-36
2.70056682291717e-38 8.72560371280865e-45 1
6.96047481749746e-32 3.86958557342468e-45 1
1 8.53457806303274e-50 6.11010756456931e-39
2.11919163527964e-35 9.98232096324928e-34 1
1.68099526674906e-45 1.12591157404042e-33 1
1 8.97943415378635e-60 7.30392300994827e-41
6.78827165554512e-58 1 2.23398013364673e-33
4.28961480062636e-73 1 7.1678327095302e-43
1.84454882396514e-41 2.88096407389398e-35 1
8.00267345287785e-32 3.28129466759674e-42 1
2.77146456351593e-54 1 7.4055568192895e-32
2.18969418000463e-48 1 8.59070183135893e-29
1 9.96518223349858e-66 2.69540230541689e-50
3.38018538563858e-41 4.43127577251675e-36 1
1 1.1399704104614e-66 5.52734227007999e-41
1.01000138303165e-26 1.29784534371987e-37 1
4.73874310549177e-45 7.79715134777219e-47 1
1.69832847362641e-54 1 6.72108845293265e-38
3.14425367139905e-37 2.52704177373053e-44 1
1 2.82725981298923e-62 4.01261897131744e-43
1.81798784642394e-46 6.27428917710475e-39 1
1 2.27358129724006e-59 1.70166775414436e-38
1 2.18803130592856e-49 3.53818243235363e-31
3.00114822364415e-38 1.18209693375469e-32 1
1 1.04152880224637e-64 6.65755939438175e-34
1 2.3918730107417e-67 1.77700128409874e-39
7.2234125949047e-42 6.82149574067284e-28 1
7.29378854323811e-31 4.91718265178027e-32 1
9.38373584180444e-58 1 5.7267966641887e-36
2.84651237339095e-32 1.0066706165339e-27 1
4.40600389156039e-60 1 1.34929439287283e-36
1 7.38430685984548e-56 2.38933762960822e-35
6.06522673150727e-51 2.92735122126297e-40 1
9.38212217589184e-38 8.71325019899713e-38 1
8.86097757483725e-39 1.38228603064405e-24 1
1 5.03245233490002e-63 1.46401845636253e-39
1 2.03176503017193e-65 1.29508157868573e-39
1.5378228832832e-51 1 1.36487770200498e-26
1.05621588562806e-37 1.74416834259876e-35 1
4.17273344518927e-42 3.57138144587652e-26 1
2.37021207497614e-40 1.43319473351536e-40 1
6.03769843194353e-31 4.18864393813869e-39 1
9.15245120141234e-40 9.6228417172856e-40 1
1.05922023816461e-35 4.13468914960962e-41 1
3.54565949103792e-42 2.66545027626869e-38 1
8.36731632996458e-37 3.48897634285764e-42 1
1.1573805188671e-37 1.65942234464765e-41 1
1.42425485776685e-62 1 3.88899369611183e-47
1 3.47459991776025e-62 5.1029409047545e-39
2.22168015111839e-39 8.40660040405068e-31 1
1 3.61463648028899e-61 4.22913297273523e-42
3.79842397455557e-43 5.10121513202984e-35 1
1.07074287429958e-29 2.9387598851205e-34 1
3.93108177263315e-66 1 6.41156186338514e-42
1 1.92245818952827e-56 3.79898865019552e-35
6.34930057590691e-44 2.2355050532874e-41 1
1 1.66716787348681e-57 1.51529957959825e-38
1 2.74209520696887e-64 8.49821240851533e-47
1 1.26955870201952e-60 5.32053741437811e-36
1 1.48494632749949e-57 6.85339272518514e-43
1 5.09430390771052e-48 7.63648602628719e-29
3.27022718145597e-74 1 1.12088327141115e-39
2.43819966161771e-25 1.3028188369979e-27 1
7.20389923073413e-40 5.78486139798504e-35 1
6.95537036218512e-36 7.16175156076811e-41 1
9.74490119113681e-34 1.01347455359346e-33 1
7.11182763876101e-46 1 4.32065779810327e-31
8.82485346728936e-41 2.3333292057076e-36 1
1.5609574160203e-38 7.44530003807918e-37 1
4.46434273806934e-36 3.41477281877335e-42 1
1.02968192690546e-33 5.38231538065149e-38 1
1.66748892878248e-59 1 1.56305462913635e-38
1.44279856694119e-34 2.68443677907033e-33 1
1 5.08965131619302e-71 2.1593520560274e-44
2.16716769983907e-54 1 1.45634293561919e-29
1 5.15402800308974e-65 2.57996265833726e-49
9.36222791008678e-48 1.91503483383899e-32 1
5.55585760342636e-34 9.36745862171244e-41 1
5.54720319958173e-31 8.80776920617054e-28 1
1.25212975102296e-28 5.74751118947863e-30 1
1 4.59412531284179e-67 2.43171144788145e-46
2.5097384924207e-34 6.84181246172484e-40 1
2.61337910968609e-35 1.72263462110813e-42 1
1 1.12981945373695e-67 2.39574125125169e-42
1 2.97911843970876e-54 1.13675880232575e-33
3.76944347853925e-45 3.23390051138789e-46 1
6.74489213028208e-36 3.47034381834515e-38 1
1 7.72175974109008e-68 8.11768640638847e-48
9.91942123520714e-54 1 6.38023363271824e-33
4.08009601713995e-54 1 1.81612848420192e-29
9.1975900481328e-37 9.07125110330153e-38 1
5.63065298676355e-46 8.41799780768906e-42 1
2.15084425210093e-32 7.9916251431932e-40 1
5.57700134253951e-59 1 3.75062890977879e-41
1 2.49071428210585e-69 1.35164188672985e-44
1.647509692997e-65 1 3.24516181168219e-42
1.62155209995767e-34 9.22642998554409e-24 1
1.06431267799196e-73 1 1.99403488706699e-40
1 1.33271150565985e-46 1.37594095270161e-27
3.72401356347667e-38 1.06211359380326e-40 1
1.71868794658134e-63 1 6.10582044101178e-39
2.65955288896048e-40 2.33923751108029e-41 1
4.81378404060849e-57 1 1.27033879814954e-36
1 3.23405968751195e-64 1.01482674872612e-46
3.26452217602655e-35 5.6697826783475e-39 1
1.30572170771722e-57 1 4.07135025760418e-40
1 3.77245703866757e-53 8.93145479879389e-40
1 1.23657723796862e-54 1.05820794911235e-31
1 3.61875604756994e-64 1.66582041583471e-38
1.16391893409891e-41 2.23455086356452e-30 1
8.46110203326683e-63 1 1.1045931949817e-35
8.67380758739394e-58 1 2.06107384980776e-30
2.13618502499693e-39 1 5.36910101491676e-28
4.27625434145869e-66 1 4.07291195854075e-45
1.40220197606753e-35 1.61212161973303e-36 1
1.53826716368505e-36 1.99411368919973e-37 1
1 6.5598493873326e-61 8.22952350340344e-34
1 1.7669871783053e-54 6.04379596571526e-34
1 4.34349680563378e-65 9.10347236836217e-35
3.31137621599827e-53 1 4.57256712207386e-31
5.20195592858888e-34 3.74831986953657e-33 1
1.51654269541984e-63 1 2.4402287278873e-34
1 7.43902550473725e-54 7.76252696434375e-34
3.24967749094304e-62 1 5.49980514672078e-41
1.75173574331764e-60 1 1.57027766912957e-39
4.26354313572217e-62 1 5.46704119757803e-35
1.27830797375174e-50 3.31156053021221e-46 1
1.88882237846605e-32 4.369505143433e-44 1
1 1.7518459720069e-60 3.24018937040105e-37
4.86795077468531e-63 1 5.59187236372658e-45
4.80153549655073e-43 1.03099910954217e-50 1
1.48139801918794e-46 5.285655707186e-31 1
5.78461893591708e-48 6.46635570123376e-39 1
4.91924235986521e-49 1 1.7538156666343e-34
3.13434108675931e-39 5.79395326393458e-33 1
2.57820045898855e-68 1 6.91081726207578e-31
9.09660733671099e-35 4.02523582861936e-34 1
1 1.36880050117179e-59 4.26877090823284e-38
1.45887981100116e-47 2.75005230961096e-44 1
6.37477299374577e-37 5.59694680871462e-48 1
1.15367824248527e-59 1 7.62839281141798e-37
5.99539256710753e-39 1 7.32253494152155e-23
1 3.2977125574818e-40 3.14299591774828e-29
7.77860853203598e-46 8.12259471664249e-42 1
2.12466035335031e-37 2.73317505829479e-37 1
3.08981372849573e-29 2.82502738982116e-35 1
5.91827424337674e-48 1.22042717372064e-29 1
4.41962279330291e-42 5.27851887612915e-27 1
1 6.24140014147716e-66 4.96740342120718e-39
3.7905137835487e-36 2.37654538868962e-32 1
3.06236317900085e-68 1 9.95565333371902e-48
1 4.21125573905086e-53 4.8401855240513e-29
6.17849763674256e-43 2.92020045059467e-32 1
2.76325717870097e-33 1.32097488063529e-36 1
3.92184064337547e-35 7.63197438887261e-35 1
1.18403748956698e-37 2.2281727811914e-31 1
1.69403218296885e-41 1.4167269675477e-32 1
1.3438286593002e-39 4.28929106404416e-43 1
2.98077764311297e-43 1.78188965189272e-26 1
4.86352277566151e-40 3.37203329935518e-41 1
1.27980564160753e-56 1 5.47135376034574e-43
1 2.74679749288741e-60 1.52371550645786e-34
1.26740061186749e-35 5.28751516427979e-41 1
3.04344789308163e-57 1 4.68220697463861e-34
2.96940676663531e-43 1.13255141042619e-46 1
9.09349408666706e-61 1 2.9605133048404e-42
4.67668000801289e-41 4.8693934931444e-41 1
3.91740668337809e-28 1.08537074890318e-27 1
1 6.53234245022842e-56 1.29134452028036e-34
1.98756333559899e-54 1 6.35205591304782e-36
2.57200682816351e-35 2.82822243594809e-43 1
1 1.50260904479103e-60 2.84558096555143e-38
7.72730082008342e-52 3.88337851522309e-34 1
7.49466851921541e-59 1 9.70805970164237e-38
1.29777505776776e-54 1 4.69224317947231e-36
4.99484408740007e-41 2.47118751420323e-43 1
1.28689434510016e-33 1.89041182255009e-33 1
2.04911099630162e-46 9.81017049409969e-43 1
1 7.82322701431558e-50 8.41729775988913e-35
1.16009213196481e-57 1 1.42045406518345e-35
1.73177230807398e-36 7.20061099264568e-27 1
2.74773673053228e-41 1.64692164937673e-40 1
1.4446922865843e-65 1 7.47252398067971e-39
1 3.87978380971448e-54 3.37805268027155e-26
1 2.612710142805e-50 7.85777839928511e-28
1 7.64468861479741e-53 2.94981306423128e-33
9.28860545200877e-44 5.27003678215314e-35 1
8.53893024320848e-56 1 2.20718769572559e-45
4.63521169401117e-59 1 5.56832586391285e-41
1.84483568751997e-26 1.67140198119686e-43 1
3.80778631198505e-43 1.06702405950622e-35 1
1.42819314205845e-60 1 1.44281691070699e-34
9.17182842762053e-35 1.7542783652897e-43 1
1 4.95795359485524e-64 2.18081230121305e-42
1 4.76613637368303e-48 2.82930937920264e-39
3.24850614057079e-43 7.29101811801187e-46 1
1.61780339572495e-35 4.87512276155525e-44 1
7.07456288056138e-59 1 1.66718220823653e-42
1.18911948314015e-39 1.89738516911296e-34 1
1.81119537495445e-37 3.49796062050994e-35 1
9.24818989852789e-75 1 2.8760951108078e-44
1 2.47164510170718e-55 7.50030679675734e-35
2.01092469755837e-43 2.21851986155679e-45 1
1 3.9175726826565e-67 2.15917363002125e-41
1 1.61592664209362e-65 7.4255414846911e-39
1 3.20157254507248e-63 2.92483512357083e-41
1.4639957053514e-50 1 6.78390206410221e-31
1.80835705894428e-62 1 1.0482023366129e-36
4.8364618340771e-50 1 1.30877754439886e-29
1 5.05621852846372e-50 1.63380967695642e-31
2.87349202487716e-30 4.55004255832256e-32 1
2.39876311420113e-35 1.03716204603654e-32 1
1 8.58965227933842e-61 2.97283280808612e-35
1 1.30494659611775e-60 4.34177212239174e-28
6.97207719985397e-58 1 1.18212423947011e-35
9.95186405678361e-62 1 5.73386966005014e-42
1.31316635118314e-51 1.54369099994414e-34 1
1 1.06110808313475e-64 9.8654067731352e-38
3.7743997432633e-49 1 1.93203067309164e-31
