"LD1" "LD2"
-7.83356970974777 4.98710265935595
1.14779047506877 -4.76316458588585
-0.131876143536042 -5.77468611855969
0.876859710514703 -4.56196253783488
1.26401774145191 -4.50195442324209
-8.67089419892241 4.0780813808807
6.68362206334359 4.37598675189113
9.8451975324427 4.40408276713744
0.645075737597873 -4.12054120700639
-1.27205541877216 -5.24979059044119
8.19511163393839 6.4761971529701
7.96028025834613 5.30182662448711
0.332518517081569 -4.54890782706779
-8.21176195655616 4.96934126631759
-8.43487549370336 4.95031634782303
-7.35953144908325 4.68231807245237
8.30836643717357 4.52671219867222
-0.181816513748109 -4.99852474821912
8.57845059985158 5.13756297527213
-5.45475354256744 5.04926321264897
-5.71837757328116 4.19430652808135
-1.26761937207656 -4.93068163627235
-8.71647152605354 4.35911645505312
0.212312567141203 -4.27629362297989
-0.359895776328764 -4.56722852494911
0.301631344725154 -5.18882510135293
2.33978687076159 -4.16749571705464
0.414813694767365 -6.0627067867141
7.93555485905798 6.06102368521645
0.391012252737665 -4.33598874097494
-8.16489424900723 3.70188408162008
-1.36641206602493 -4.00112202649765
-1.07399110717914 -5.34250091530372
-0.407607787967124 -4.23057694658441
8.36677064916972 5.49582762470009
1.56540729287986 -6.84830704675715
-0.379014951971487 -2.58139172109015
-0.804229768404617 -4.59614985606419
-0.382264075530588 -5.01270659141545
0.990670567179667 -6.2621813147744
0.157645218349604 -5.25824684238673
-0.562713770842589 -2.92474104257171
0.518466869055209 -6.53970778194505
-1.7164506317926 -4.73593489639641
0.980928090308079 -5.48711828739892
8.00245854747701 6.37168760518753
-8.73625533624585 5.3069801277719
-7.71113050901706 4.47926076343293
-7.21398625640156 4.34124543849894
6.93565628310416 4.76379178217446
-8.16399717602192 3.58612075017528
9.30149632980233 4.90581889685255
7.60057428633279 4.89345121486447
2.46769723812781 -4.28679910649552
8.47773479353832 4.72803498381985
8.65089769301476 6.01736690278195
-6.96525793733525 5.56710177402239
2.46951835844457 -6.18925670806436
7.9773000753674 3.85141734784896
-1.22531592627883 -5.53878549762986
0.483869446313741 -4.44321352020765
-6.94332461518085 3.52246869971056
-0.0535663574246204 -4.67391210989762
7.49109231618001 3.15630725960417
7.56080303917426 5.3552866095798
-9.04534802421691 3.36486542095094
-0.138095818374807 -6.36090568897505
0.429040469759552 -5.96851478100216
0.344141154104981 -4.41093196995275
1.99256574101879 -3.4090009505565
-7.88091327521523 5.95698372199378
1.94880981666466 -5.59196205430609
8.76838546339563 3.29480493048318
0.376240161128689 -4.61216901083864
-9.07858802250929 3.93539627593508
-7.16378697533939 3.36153078897171
1.16112721500117 -5.31970813295273
8.39812598001438 5.32473750381485
-0.27077727589566 -4.96912386967913
1.9819645516653 -4.20129088704536
-8.25025415424538 5.75638290845693
0.880944582404023 -5.16448309808189
9.47748115309585 5.80829167508476
-8.26627898426109 4.2801275651144
-0.416560255247385 -5.76443580366494
-6.49121620641092 4.94296403866315
-1.16189702309755 -5.58387212867764
-8.12620942427725 4.78860669203242
-0.587613347260681 -5.39376652541356
-8.30787081248132 4.89849423332507
-0.213414631910356 -5.58741978939061
8.58531811395694 4.52793908262164
4.93870368190234 4.47744932080517
-9.47562536404745 4.54899441227692
-8.12936774195653 4.49010691914867
2.60989941562315 -5.94563659773595
-0.989879767920371 -5.91409680067021
10.4481106724401 4.0330228101683
7.31778983910317 4.45810198185638
2.27809181454547 -4.63939058795602
7.78126001443532 7.18741793203558
0.558906111996499 -6.53724347949548
-1.04911715509377 -5.65386871667936
8.55756262750178 6.02107104098152
8.74908365316661 4.54551144968762
8.46203759275287 5.84022036997967
-8.96448834080756 4.54396740915536
2.11535148110529 -3.80373349014315
-2.19220278188581 -7.06869598422148
-9.08203426202064 5.29934954739061
-0.0452868017488776 -4.02408918273932
-1.11267563390401 -6.52610407139915
0.973622099829652 -2.88337571856914
-7.11384923078046 4.25414326230121
8.91809679521039 5.74776889978784
-8.46405411858255 6.37679505806578
2.57487609149609 -6.36783674479391
0.662144392091737 -7.25625978246171
0.361628333871567 -3.15415638644668
-6.38527556113817 3.89275119346147
0.594094259902711 -4.00739442770334
8.27210821888903 3.91086892136456
8.78081480639991 6.34857151569853
-8.03028880537657 3.76720579052124
-8.23242806210516 4.22547505847172
-0.224191055053603 -6.81936164326943
7.98002637542894 4.93894345221727
-7.92300367288737 3.78743411093023
7.35963241347998 4.43820538293894
0.912625813637888 -4.42104516092624
-7.27036716579587 3.75947746805229
1.38456909069635 -4.82653974726565
0.429830194425349 -6.31755563078541
0.403411763100793 -4.91352888023726
-7.33378700881274 5.20069192913142
5.5181201339007 5.07165246935068
-0.960651633742939 -4.75301542998993
-0.450576405764429 -5.86984379588053
-0.348175032460443 -5.44309383273129
-1.64697224262049 -5.16256480191968
0.377864799415418 -5.85129922172467
-8.9125557440618 3.37307366419402
-9.09630323989765 4.40844919062166
-0.160296260879292 -7.06212372290874
8.12547886878606 4.42524385550102
-0.990886719159358 -1.39826373353431
-0.696206143788848 -5.16300965624829
-8.53122028992515 6.48875810693283
9.60830556661834 6.45341485649575
0.13377040314258 -5.68182030428686
-0.506660672244062 -4.76776950908228
8.28322132099425 4.8936376666496
-7.1353315856551 4.37499301887125
7.74340568082573 5.1901625643775
0.209810286312581 -4.5128282181446
9.29069885947873 3.85907014621207
-8.83924947964338 4.30727664201211
2.33952804931101 -4.86796893107856
0.288192295438837 -6.10367443127528
0.902934151170871 -4.66217576044113
0.8736067152736 -5.48812130524326
-0.545621136067382 -5.3904678166074
-9.19641419369411 3.23986932860719
-8.35577924952902 4.27810365475326
9.15957777105903 5.11461079140971
-0.168517426742209 -3.99269963746561
-8.51768427741887 2.93126440924489
-8.81153593391111 6.13892565832701
7.55305867372208 5.40467332774328
-0.555143773576224 -5.30633177806542
7.79921510745524 4.93235727705589
-8.24129171061164 4.45546068640892
-9.08593724656877 2.41438825218463
7.6299522089492 4.53951435720361
9.04568103476416 5.46767302057618
8.94200027940973 5.65289263370664
-0.099063977605777 -4.94301103204503
-0.554394627088907 -5.73594388753306
6.52783493610135 4.51483730058571
-1.44480058383021 -5.49476776722801
-0.789974803104298 -4.02617163534376
-9.10735586996983 5.78252402530052
0.0313307537395267 -6.99214922331389
-8.29825810752938 3.85893515083621
10.2893423600809 3.78562759243378
8.66734133253678 4.00080744691738
7.95990451739799 5.41215207154326
-0.159285644738777 -6.21878807849011
-6.28919605910846 5.62360865490208
7.15763515259681 4.1757261338343
0.653982042736898 -4.72017940651584
0.627067255418741 -5.69220008787574
-8.54456501918479 6.77354753564834
6.43858934083342 5.04159108903638
-0.0476905955426705 -5.7128269224666
8.32676413968719 7.12039719738009
-8.27838759370507 5.29697152600547
-0.167281221283144 -4.77312630433649
7.65946833472912 4.60175845680194
-0.00501727128819488 -4.84836736612099
7.9566880091966 5.23636078990587
-8.2492170846097 4.31405554488892
10.1577767495047 5.16658895718643
-0.202392640633513 -7.02530175501555
9.17495594218664 5.84857363965866
1.40803088305113 -4.96396324967558
1.22884339398102 -5.57363607758037
10.0719321631738 5.09722047252226
1.54773180239949 -5.57887519681416
8.30651172884473 5.77931625896284
-7.83536200930177 4.84228119529976
1.43251160661532 -4.47321717855682
-0.175285617491507 -5.61835297783383
0.290951829018614 -4.55024496644846
-7.4222273818293 4.11813858125368
0.829933960124163 -6.93317259668468
-8.03422381240875 2.26581512847007
-5.42455094631371 3.64061515426351
-9.18201534459071 4.35665894321486
6.70883630197553 4.51967122656629
-6.53666693028721 4.35539278806626
-0.0602783080789848 -5.83886940746322
-0.507654975405544 -5.19291245289253
8.18077544541892 3.7293032419693
-7.46254428143567 4.21350023483588
-0.167163026140095 -5.84958583209352
-9.19456204997534 4.77421526389817
0.214377074747168 -5.10491734722914
2.00125073322411 -5.1387694259327
8.8009787720481 4.53443222760602
0.816059695679523 -3.44897101018948
0.976946495076455 -5.36672776456369
8.11073094394148 6.13392816667298
-8.44159833323543 2.4610638015831
6.56496139040248 5.13694530722636
7.5936387112151 3.80715084113469
1.30916435328615 -5.60760901852779
1.30412116570921 -4.99243512328957
-8.5000256570298 3.77061222644251
9.08871265694368 2.98119290152166
1.72131589027357 -6.72665263985131
0.112245186608535 -4.28489055033494
-0.2837516638002 -4.78832105779845
-8.91084150126018 4.35003223369133
-6.27479510344246 3.9280567776457
-6.93417820318425 4.08713950260128
0.831887494253574 -4.64050179998029
0.0863425155123563 -7.11043904377245
-0.268583510744421 -6.02567058136145
-8.24311824326773 5.58161895004895
-0.541506864255618 -4.76953070778095
-6.75975818077774 4.06478653296587
-8.81026345981797 4.29592655759861
0.927722286337009 -7.75167576257509
0.298931985733642 -6.3007749203913
0.102711322804012 -7.69461037690549
-8.03243812624286 5.58751824652648
0.256149116743123 -4.30788384753587
-8.24174423275994 5.31856187462935
8.27084309701683 5.31809436301077
1.09596330964429 -4.67445874581914
7.65958654243223 4.77028214918811
1.32885686319774 -6.25988621904748
0.556719510635182 -4.31481122495619
-2.42724067310984 -4.47118974090284
8.26641597691059 5.9273898648233
0.591676588048465 -6.95971820478479
-0.368588182353089 -3.46043544013052
-7.74795231685288 5.89499107440956
-0.252882016376267 -3.57970808697592
-8.68555293158223 3.98498505904469
-0.547824875716819 -5.62142971165348
-7.1881774201664 4.21676127742073
-9.94602168153409 3.70314683001563
0.24608447219539 -3.16618649558279
6.717230745193 5.5851002894574
-0.426571779702085 -3.84040036036488
-5.94305186143672 3.55352324745958
0.777154246133395 -3.55288850661143
8.48248283513152 4.18638318090302
7.52519750806711 5.80327997865795
-1.10346250192912 -7.03496691221972
7.66123887584337 5.1713882821001
9.1534578525941 4.7927703024168
0.113564857776864 -3.97852833803527
1.05413015135273 -3.46861569783458
1.34909378035442 -5.45619950233472
0.590660413387003 -6.00487150670348
0.102451845272834 -5.19658315530815
-1.27863740583829 -6.28486856915515
-7.2660677585363 2.62481459368361
-7.44617757725216 4.40940031876124
-0.863399282566376 -5.12030027642405
9.58182063391229 3.16120263848623
-6.36911664943076 6.17507109353938
-7.52378850873071 2.93791445802563
-6.97655084945068 4.05305732988104
8.79870521303931 4.83215662261393
0.0882612960265812 -4.52127488321423
-8.29206644665536 4.94504365190344
