"LD1" "LD2"
0.477992722938425 -4.56525199375018
9.21022167405975 5.70107289100449
0.106755219222737 -6.06229662889052
-9.89773715197707 4.72891088113605
7.96527412489047 5.85550640471269
0.601428658102627 -4.72398128727286
7.36709484142168 3.99180776198228
-0.801209050698168 -5.79550562633421
0.789756450841341 -5.19038038665828
8.56898957982538 4.48705080069963
-9.11681698671148 4.95141084242857
-9.18488789882162 5.67867056816899
-0.978810757156508 -6.61029374877438
0.384625059905146 -5.32803921031554
7.01678204767622 4.53197826806967
6.81000324987196 4.63209109251898
0.755382236427379 -4.7271193253973
1.96722959685499 -5.70585954443703
10.910426554414 4.62647193964635
8.90598383072162 4.04615419166133
-9.13095379335226 5.35492659021028
-0.595011543776021 -7.65992157091206
8.84987478769584 6.55908758427678
-9.99615468195886 3.44399092009191
6.28024896950816 5.81201224080672
-0.064931517314646 -6.1563025763853
-0.338986700269782 -5.58688950943396
-9.92719748190214 4.23849099715218
-9.71531540531105 5.05968393708079
0.0872709841021034 -5.99082891306828
0.158335903212722 -4.88887003210144
0.388338202357007 -4.9816292621775
-0.680047732129108 -5.29875902553855
1.62628064212203 -5.56880712677796
8.18202906059815 5.68353712485212
0.348368839680726 -6.76783805557525
9.6969780486184 5.84649112807278
-9.80794419069854 4.00451682086574
-10.0534476664838 4.58119474684657
8.52748443386611 4.962845577593
-8.69598874542403 4.5241709807181
8.49685713323143 5.02283595618044
0.00329881115660424 -5.20094846143883
8.34859022998943 5.91315707463218
9.50303451366471 6.9714071897554
-7.81351950843335 4.49135509692621
0.923531584966504 -4.31230943195483
8.80993683186901 6.44595165088947
0.502824043115055 -4.01577141211719
0.150108708960665 -5.21618836647682
1.27431450803168 -4.80884462919324
8.84444963075499 5.09253525094392
-0.335430159184127 -5.4389940395884
8.9829032042356 7.11843239703482
-6.22998885716017 4.12585639081602
-7.95971147013486 4.55406922841682
-0.520645606325808 -5.59286638062445
1.28288425663784 -6.40393069398458
2.31254806521324 -5.55005035149582
2.13393365215544 -6.60885062236547
8.93729970927034 5.98515847710465
10.898145242652 3.29013868000633
-8.30740603409111 4.31536435815357
0.97392811240849 -4.64133183587468
7.21163143366298 5.24420285457675
0.1489226018081 -4.57101640456243
0.836986033725329 -5.41366243751188
-8.68297514990679 4.79966212584783
-9.48682816869658 3.40003325823266
-9.84881688355649 4.41297091891557
-9.46855119635137 4.94592738431418
-7.97309996543241 5.70936812872703
-10.4406594374938 3.75000301023257
1.97153424503165 -5.20194731560074
1.39221437855236 -7.01999052056949
2.52811736291841 -4.87623906954816
1.39950786965979 -4.88770059733654
-0.0788612441963895 -4.6203789688527
0.237165643255364 -3.98523760797977
-0.331756812441527 -4.39955792603022
-9.82356234385981 5.23964678749467
0.00429584089775563 -5.84306156627377
-8.90501976501348 4.12175611879698
-8.23018749198047 3.49395935526985
9.00690690169341 5.47138169035674
-10.0861865937873 5.33410508649864
2.41919373050352 -4.46739666472955
-8.97525858269464 4.20232761319381
8.74693006963976 6.19047850910617
0.00866151848776586 -4.49299252006879
-10.2079989556684 4.75971275272525
1.14682942877259 -6.05939563492785
0.0666692146273288 -5.90307892801869
-8.17185678995103 4.06540913525534
9.72688665344518 5.4723686747562
-8.1700158794981 4.02406872758536
-6.46175389935953 4.49626957013865
7.86295611678772 5.09718505795844
1.25839235036922 -4.70138100992098
7.65784822317562 6.36967208057489
-9.47225902922375 5.60008487193398
0.812639030348117 -5.91679058452023
1.10951819873518 -3.43402539232793
-9.66007379535991 3.7137842084282
2.37560257278214 -4.62054777099682
-9.54208967759831 4.79362621647606
-9.92804156641548 5.49373793258878
-0.424173256384337 -5.76431909610778
8.20127032862478 4.79236545249301
-9.96609363441197 2.9412000840113
0.181147079710778 -6.27544203031482
6.36263413963571 4.57118276836285
-0.503133304769167 -4.74270258946207
-10.5782362411977 3.43813195789329
7.92301353182253 6.73236374070611
-9.69402307332789 5.93559765763288
-0.665219091786913 -5.24410241912153
-10.8606273728015 4.23140780671751
-7.87606755750644 2.55730131861128
-10.3244795200292 2.12385084459399
-0.245118061484498 -5.22291750469917
8.5015825347141 5.46686145665615
-9.24727153633747 4.4322714265358
0.685090814788187 -4.22728708344049
-7.88594487185926 3.72739104536559
7.68655268770365 4.28251034388208
-0.178275851385221 -4.61910012676067
-0.115572263060297 -3.74710057351568
9.22588023508853 6.57720700510502
1.02166923490324 -5.63161733882617
-8.74618712595414 5.77161652120747
0.904865947542669 -3.54601097390525
10.3977355153302 4.7999462700572
-8.11790888636142 4.12398573977647
3.45472332076262 -6.36007206004571
0.49745948456485 -5.29268669751057
0.431542626133302 -5.44900117099125
-9.35858084608473 3.98070989425198
-8.45821104096199 2.8300157740982
2.77784300054678 -2.93341940609286
-9.68510851045771 5.38586849506082
-7.09854758774633 3.3966165877902
2.31317238577084 -4.52866908071247
2.49047640502575 -6.37264891969315
1.57983327571212 -4.77121205309624
9.0033631642085 6.86207652650349
0.07840284428711 -5.63152895357835
8.8800294527653 5.17328049054906
-0.0711551399383972 -7.44679239230449
7.43159374473515 5.21935081481804
9.3049926541038 6.35371117501373
0.153702479939926 -6.31627004404693
-7.12653578449817 3.83781114474749
-9.35953123319783 3.96894473293042
10.5193714907829 5.55876435030986
2.25168728209567 -4.8068421484756
-9.3514833306853 3.80634916494177
-0.254102883174511 -4.31849794653281
2.75683427865305 -6.30070593004209
7.58165491408703 4.67725810139012
9.37675726805557 6.13276807873478
-0.394788612248656 -5.89567432298724
0.702423027223533 -6.76488403487412
2.24101526408986 -3.56958740950621
9.29019230551511 5.97689703659535
0.0573088894383191 -4.67774038651638
0.0699568890387385 -5.69119157975427
8.53067821847764 7.05902366306196
0.331180678330139 -5.55774257301143
-9.82748396126307 3.8418932990428
0.521877256398655 -4.60876169049506
-9.12221013199068 3.1007217825354
8.41944637696245 7.81651708568292
0.974031889167665 -3.70203716176446
-8.16762175403987 2.69806350327387
-8.26938404754721 3.21531628439033
-7.85672406661195 4.26431520132154
0.731593905733539 -7.21466349179877
7.74205071111629 4.57188445994547
1.33300753665155 -5.59493753017485
0.443834260319448 -6.71046670367449
-10.3608794538369 5.87198784500768
-6.71132830444302 3.26430645407135
-9.32141318780943 3.86772666604612
1.19641841957532 -6.51023343557159
1.53217279781603 -6.86202973165741
9.66401085499482 5.98378149955828
9.53106732772737 3.83583329951759
-10.041223894322 3.80985434528201
1.06014651371321 -5.12495044413713
0.321788234541128 -6.32857209480634
0.167231367349242 -7.01086250072315
9.78795773640772 4.22769743733094
0.284559163737604 -4.76796138536403
1.12597760559992 -4.28346813191339
1.75588542191248 -6.68553730642963
8.76109556799131 7.53558443511381
-9.64917142175845 1.8484671313545
1.28611684748894 -5.17691643056831
9.27315304276793 5.5652696494722
0.458266406089507 -3.69212120999623
3.05911786825599 -5.66099915933242
9.86171211511499 3.92867192535467
-0.152716451404376 -3.0671163564311
0.0639431012951233 -4.85831142698791
-8.68038442213922 4.50619831376464
7.93747742118501 5.00733103982463
-9.18440270670882 4.29653061736535
1.31706838830766 -3.94347762461987
1.63905460883747 -5.46346313942699
-1.07840984969445 -5.70853823048091
-9.40471626316408 4.05398766276644
-1.37568285622088 -4.88207254786927
9.98717377963201 4.82199372379051
1.4340190548452 -4.12078718216677
0.552354696202781 -2.92586350416325
0.598047802827286 -5.1360171966878
9.61888102130847 5.65546990127745
0.678920782726565 -4.81693376148433
-0.198578987114815 -5.59512527282117
9.53082102521075 5.79377694579894
-1.07870765919346 -4.26630229038891
0.320663382161518 -4.07574808743992
8.0258100020626 5.50147660903944
-9.61754057943996 3.86265048817883
1.06422996744335 -5.16954094437092
8.35045877232954 5.14042270078784
-8.63030464626492 4.13251401620505
0.352732629424035 -5.42187082602573
1.73260300279 -5.12023377415732
8.49713719720988 5.20344153104393
-1.17546123492082 -5.27519371051162
-0.032639408457053 -3.19186969243908
-8.86896401477115 3.83915682095948
9.54142096202055 6.80261905775219
-9.21164540843326 5.17243889942285
0.422275631490931 -7.06544227802559
-1.00529032827371 -5.86010059298216
0.922405900866272 -3.15351078398678
7.27559008263762 5.76713521447656
8.88723924281221 4.54385710619183
10.5422306168672 4.99674198640444
0.148771098219833 -5.60556623428919
9.48891781368487 5.15682310289171
-10.2469966409116 4.14434864118507
-10.2504622297094 4.55826260909507
1.45144838993658 -4.00437909449695
1.22131297983181 -4.74592622926037
9.07952307925556 5.60402179396161
0.0522985570731177 -7.64430349735739
0.80205635856147 -6.96388507713257
9.36007870307345 5.19482284373789
-0.0312239399952701 -6.11505626652392
8.13018195553848 6.54216806650651
-9.46505443482043 4.82773602692216
8.31270757099582 6.59583361015035
-9.01164675852617 3.85004083942964
0.584688186555722 -3.50763549156972
0.567760775872747 -6.4542109115814
-8.80794337729927 3.29256740931709
0.11082340821024 -5.89562125493895
0.264047724905719 -5.61099600096225
-1.27403429064729 -5.85151262059297
1.61225092180819 -4.84611150944164
-1.25644248639681 -6.79538583733282
-9.79234841080208 2.86038324185959
-7.86183429874473 3.97689144214314
0.504455078981282 -6.63313861240439
-7.71158022521477 6.03057047195852
0.865174411051697 -5.7627656440807
-10.0184376159463 3.81246280605222
9.53397345048859 5.07311843673446
-0.452048779612623 -5.26034346153158
-0.42510252730572 -5.56136598809235
1.82794538240498 -5.17448131626999
0.427547563017145 -6.12265909549666
9.7170015048963 5.85089297550487
-9.84717404302908 3.68803888548637
0.619577038874673 -5.1301951560068
1.04610460068319 -7.5322047298679
-0.153080914262736 -6.75193159862016
9.3922839238161 5.04015670378566
-11.1083182684358 3.28426355435594
-0.606447537025587 -5.25598834510457
-9.95299834893446 2.41426252116703
-10.261803867189 6.53884773518528
-0.1803906569638 -5.61382033924984
8.03680354193725 5.73985991872318
-9.6867233336419 6.36422511959475
0.430954444759632 -6.94531599023126
9.06584929944965 6.37093910801598
2.30969633091148 -5.66906107879383
9.51588673299263 4.88808577448274
-8.13756956249324 4.10949461820478
1.88197394668143 -5.46263115688249
2.76508220357064 -5.21869891379266
10.3642783169946 5.58245302898262
-1.09080208857186 -1.78216542482927
8.33739965815865 6.39692088217126
1.43499843829859 -5.20062036557655
