3.34158938470005e-52 1.92223890174243e-31 1
6.87023775831102e-47 1 5.69465307454509e-42
3.43277863813025e-59 2.79129785194854e-32 1
1 1.7328701767639e-36 5.24005674908679e-61
3.99890683873738e-33 1 2.45803580957772e-43
3.75123405741084e-68 5.95513275969032e-41 1
2.10208665206173e-35 1 3.95605568084593e-41
1 3.050294158765e-29 9.81814546193868e-53
1.53156506755261e-56 6.04638974037455e-37 1
3.0505826215325e-64 4.07337005689463e-38 1
1 4.31273289570919e-44 5.01192257462227e-71
2.56887833051172e-33 1 5.66641199898646e-32
9.16746478349871e-60 2.12951377119326e-38 1
4.25501337361105e-61 6.48722399109641e-47 1
2.89931030596833e-34 1 4.16652782283221e-33
1.62200183195605e-65 5.52014900569697e-37 1
7.25039196665572e-54 7.30259787883629e-32 1
1.37532581137958e-36 1 7.25548301752133e-31
3.04938947883139e-34 1 1.14501469236012e-33
5.99756619815355e-42 1 1.98127677463469e-40
5.55852280176642e-40 8.88418613808073e-23 1
7.75361157084939e-35 1 2.88671417948296e-32
2.7248107672281e-32 1 3.08983531025938e-35
1.56588585243407e-35 1 1.05708512601972e-40
2.07760294858978e-42 1 4.80205389529661e-35
1.09034266023022e-30 1 2.31682231333728e-36
1 5.08122771252631e-26 7.34180091108421e-52
1.03220348007451e-33 1 2.2921109348644e-31
3.08893019945494e-49 2.74622591045269e-29 1
2.09081264250834e-40 1 1.47670112629228e-34
1 4.93851080113461e-42 1.26894997220361e-62
9.6450546549787e-32 1 3.18833326198152e-26
1 8.45226274112947e-38 9.90032304245458e-53
1.69213847497143e-25 1 8.66362903727033e-39
1 1.03136544348926e-33 1.99641895482193e-53
1.58020255209922e-65 5.10283529790162e-39 1
3.62186073790401e-46 1 1.04159432090843e-48
1.87231865124118e-57 2.90325009044423e-32 1
1.87461501173771e-50 5.3221952792053e-30 1
1 2.36298972342817e-40 1.14462747640787e-55
8.07876753378669e-48 1 2.35344783194387e-36
1 2.36212784192743e-39 1.4850616961871e-58
6.24987319994196e-66 1.13217099089376e-30 1
1 2.46180087846263e-35 1.22381903750836e-64
4.51341152263636e-61 1.11218824433996e-45 1
1.87771629658981e-34 1 7.40728933336855e-42
1 5.93814653628229e-42 3.27920005976878e-56
3.60548102543391e-59 9.12498977808174e-33 1
1 6.55988327241753e-35 1.91944580695983e-54
1 2.05644151909492e-40 5.09507138742097e-64
7.05621294206894e-63 1.8300281010094e-37 1
9.17889411610345e-61 6.29627610199759e-39 1
1.29435320196071e-59 1.28768271471589e-35 1
1 8.33505307735782e-34 2.64252109624825e-60
1.32551921154629e-47 1.04747802347798e-29 1
2.86179316357017e-35 1 2.70994761046887e-29
1.28829405707848e-33 1 1.33717596888587e-27
4.3110980118968e-42 1 2.44460097181598e-42
3.91681766373863e-38 1 4.64968990999862e-39
8.62889914034127e-63 1.74754172326881e-41 1
6.56108091284929e-39 1 2.9533960481774e-47
1 1.44073385038342e-44 2.06099095195709e-66
7.37396964458885e-44 1 7.69040282365599e-32
1.48036802611301e-40 1 9.50732204866522e-37
1 5.07876792617009e-23 2.73096522234823e-34
1 3.25751179574786e-31 3.02917930292193e-51
5.64886813900961e-33 1 1.43612224557092e-32
1.72120393630792e-35 1 6.03921722539751e-39
7.963049304342e-62 8.2867929138062e-31 1
2.42236562602281e-37 1 2.33539058166551e-33
5.33294048099306e-36 1 2.12863742492095e-32
2.35930432642906e-52 4.71425220780214e-32 1
2.33342113946037e-32 1 4.28710919375864e-30
1 7.31880764129993e-48 1.75191229212717e-67
2.53478089285085e-59 8.92395355630513e-40 1
2.02737654085966e-65 1.72751820085171e-34 1
9.29269631765901e-34 1 4.19038588629692e-35
1.34955869081472e-58 2.56133071070101e-26 1
5.57713559787189e-30 1 7.69465851129082e-37
5.09877150052552e-42 1 9.45886111319102e-27
1.18283924184587e-46 3.05975992490858e-27 1
1.80029586402946e-42 1 1.46689359936075e-31
2.80999667071203e-59 1.247168014236e-41 1
6.57708510475686e-42 3.96069780780555e-26 1
1 7.48168374501665e-36 4.09996469214071e-54
6.99444095460975e-42 1 1.36544782750171e-34
1.4610377223119e-24 1 1.38342172435581e-28
4.98201828841968e-50 1 1.65402581911154e-38
1.39847246714864e-40 1 6.68222537483219e-36
2.81130729536288e-65 8.76524378647782e-45 1
1 2.06510584010626e-36 7.95786848221995e-58
1.05728331370426e-31 1 3.83857168786687e-38
1 5.52748713772028e-40 5.78708845485208e-65
1 1.04395846804137e-38 9.83608165657113e-59
1.33713933581644e-36 1 2.68354335944922e-33
8.55054045723289e-52 6.4885796461997e-32 1
6.90208828828916e-53 7.89581164497469e-30 1
1 2.52861034082297e-29 1.05261662843244e-46
4.15287417872997e-33 1 1.01511862625394e-29
3.28939949871441e-38 1 6.44569685827837e-44
6.23834906982439e-35 1 9.21964687732628e-38
2.98918919941118e-38 1 2.08124910535711e-29
1.22931549668116e-39 1 3.11764150579868e-40
1.25479371241499e-38 1 1.21282863488944e-32
3.59541046953536e-43 1 1.84531489142873e-38
1 3.86138427057372e-36 7.86072823471066e-53
2.00987375498571e-44 1 7.06205801420142e-31
9.4627829932097e-63 8.53659942318491e-36 1
6.11734193370456e-54 1 8.80949041037528e-35
8.35638815487217e-56 2.15058891245437e-34 1
1.19190422158017e-71 4.25412845189782e-39 1
7.32169485719944e-27 1 2.60797982724375e-31
3.81049488029758e-47 5.40949918958481e-32 1
1.43344167485548e-41 1 5.78227811666725e-41
1 1.45569245257074e-35 1.03417380088915e-55
1 5.65094250075213e-39 6.71084262962607e-64
3.05616132312459e-32 1 4.88921090622029e-37
6.62016784991311e-28 1 1.59803401836271e-22
1.37418039252192e-56 2.3911321619941e-36 1
7.43671695188601e-40 1 6.00120977912466e-33
1 2.32943389335929e-29 9.10715327085774e-50
7.70251480014006e-44 1 3.24605572704315e-44
1 4.22045355749826e-40 8.62627114405991e-73
1 2.5122451589417e-42 5.12331214379699e-60
1.26164366953439e-62 3.93926842449865e-36 1
1.61650811578955e-59 3.45585822774733e-35 1
2.55869741103459e-50 2.80980992436288e-36 1
3.27921203512355e-58 1.46596554032514e-32 1
2.12961878583051e-32 1 3.70493741059422e-47
1.38558226918752e-28 1 1.04649314959838e-41
7.14029936841897e-38 1 2.69743639446211e-33
1.58966871538193e-59 3.53769655191055e-36 1
1 9.19490454059222e-31 1.96343352061652e-55
1 1.35661325464188e-32 3.65541440600443e-53
1.68739324758979e-40 1 7.5403803318878e-40
2.17956219712867e-39 1 1.00199845297071e-42
4.16481313531249e-38 1 4.59950732858617e-31
1 1.18602641155551e-39 1.18081373205578e-68
4.85240823962457e-37 1 8.33431209210791e-36
9.64725281574404e-60 1.55091248759986e-35 1
3.72903132905623e-41 1 3.14445882611318e-37
1.08600324020536e-35 1 4.39341007526303e-27
4.74054369444183e-38 1 7.40343965362071e-33
1 8.79739805454636e-45 7.43496755260765e-55
1 2.88192397972269e-33 1.6372828024037e-66
1 1.66013771282935e-38 5.94089377477041e-60
1 3.07459560817268e-38 7.69705717285665e-58
1.50061463115462e-63 1.55827249402903e-37 1
8.60514809601718e-58 3.74299856743709e-40 1
1 1.28305829742867e-36 2.28207226513872e-61
5.88764541572816e-34 1 1.12775228805922e-47
2.24677513848312e-40 1 3.73710352381238e-32
3.96780131087555e-53 4.37345911692803e-25 1
3.79358082838518e-31 1 1.42098291502036e-32
2.71783270619756e-53 5.43518603316738e-34 1
3.95724467354032e-66 6.83385394720847e-41 1
2.61743634622611e-32 1 4.53820303791654e-33
1.61292541113175e-40 1 2.98049325332083e-33
1 6.99081214993619e-35 6.48766217623984e-58
7.73079516839276e-44 1 2.97045423732879e-32
7.63069327780333e-38 1 1.38993435783801e-35
1 1.51592435312635e-31 7.64306396431953e-46
1.42791672231546e-64 4.08584232542893e-39 1
5.59459819300094e-38 1 3.51790819639759e-31
1.00664903544219e-43 1 3.96828407410221e-39
1 1.24122884117367e-42 1.13867690550808e-60
6.664045342815e-45 1 1.06017362791395e-45
8.29301465869274e-25 0.999999999999998 2.02734726816177e-15
1.07370268886136e-39 1 7.75471658406151e-39
1.39590598739493e-25 1 9.68840350124251e-40
1 5.7048737215291e-33 2.19413908862822e-53
1.22227537080495e-58 3.70887453365461e-37 1
1 3.71384209985442e-31 5.88555158613588e-51
3.39442662213634e-59 3.25278394448383e-38 1
4.04519746571482e-41 1 1.04543711201952e-36
1 4.44125797350786e-43 1.38310745740271e-57
1 6.2861838508882e-31 7.87601269788764e-57
1 3.49638051738445e-31 2.36945308896675e-48
2.22478443067788e-34 1 8.587390481297e-49
1.13610456733047e-24 1 1.78092727717766e-36
2.09953696245876e-61 1.40591701058242e-28 1
1 1.32742176233814e-28 1.71087020987164e-46
7.96786162380597e-31 1 6.3848082949347e-32
2.67617223045148e-37 1 4.66577440180626e-32
1.0686387520566e-42 1 2.87736708683127e-37
1.42900726301089e-41 1 6.80018354430854e-37
2.99505784530619e-46 1 4.76575479672175e-43
1.44181697418462e-45 4.1155706057497e-34 1
7.88731516277409e-37 1 2.08239908443675e-32
1 8.57939062151551e-37 1.28001650494606e-55
3.04782252501428e-42 1 3.32330495489348e-42
1.21519984524551e-56 3.7310677886224e-41 1
6.02115336169936e-31 1 1.23819968506909e-41
2.22197999851026e-34 1 1.1584752959506e-32
1 1.40572185549415e-37 1.10346665079307e-55
6.9672578780002e-27 1 1.16890284842963e-37
7.41075500445019e-41 1 1.22989977678855e-33
1.22018472293063e-42 1 5.68493243318529e-36
6.92472542925035e-60 2.92495430145209e-38 1
1 7.62234434996746e-36 7.43176867168284e-60
4.06613692182452e-41 1 1.43354351134616e-39
1 2.26239204054987e-46 1.1606721594252e-58
1 8.38549891972191e-34 1.31172992957484e-56
9.10801531058301e-49 1 1.53370705607986e-45
1 2.35688415647411e-36 3.7779489209867e-59
4.56963520957658e-60 6.79391374302126e-34 1
7.19352440412176e-28 1 1.53557184418384e-27
1.13164976069339e-51 2.46622610457981e-31 1
8.6362827013431e-28 1 1.55036312908268e-40
1 1.12110379648002e-28 1.9577932021373e-45
4.09094126717055e-34 1 3.00407476012885e-33
1 4.78812183785817e-34 5.12150691940584e-47
1.18624700631788e-50 1.11326052836772e-27 1
1 6.58957253334269e-41 5.91645916767908e-58
2.34476742660633e-23 1 2.14590177798043e-34
1.06623800169332e-44 1 3.06059131490397e-34
1 1.72582756117395e-43 2.08012821709134e-70
7.39959462121781e-40 9.36454348640348e-29 1
2.20768253990678e-36 1 4.38703704288405e-39
1 1.5339122032756e-44 1.16693816812786e-61
1 2.1509744576223e-40 3.36049979530605e-58
7.17004639443478e-46 5.38232497389101e-27 1
1 1.09005459957787e-30 6.1878605091507e-45
1 1.83607085073022e-38 1.2804501563069e-71
2.49230910278552e-47 1 9.25539911230741e-35
2.27383730081833e-60 7.60565032498438e-36 1
3.43742348879737e-28 1 1.11916366881907e-30
1.38681515046437e-59 8.13534036013318e-40 1
1.42642828896616e-37 1 6.23100382021757e-25
7.2225002555292e-32 1 3.94085753037147e-27
9.85963565317308e-59 6.33691224193418e-36 1
4.849047487256e-46 1 9.86280410341662e-41
2.5390438647668e-28 1 3.51986518399243e-27
9.32349636671773e-44 1 6.0336141923393e-33
1 6.37512836720547e-38 2.01033886196647e-61
1 1.74038099567609e-35 1.55966094482376e-53
6.71274740147922e-43 1 5.96672315317867e-45
7.36652609015448e-55 2.63492068202393e-27 1
1 1.21839151548892e-27 1.71570580805838e-38
8.58872156256544e-33 1 2.10083576639752e-35
3.09697695336088e-52 8.59400046532759e-28 1
3.1611980663684e-32 1 8.47603687626736e-39
1 9.05091590627024e-31 5.15748325741327e-63
1.34424810545401e-27 1 2.20666346567462e-30
4.04400798179433e-63 3.22342867096887e-45 1
1 4.72844641072113e-34 4.83507381008596e-53
1 2.28151298904788e-42 1.77142207600698e-62
3.98532601305325e-33 1 2.4020190248051e-33
1 4.80848938801204e-31 7.62622372370092e-61
1.75370491717125e-39 1 1.66049551898951e-29
1.78023426916579e-35 1 5.08782845313999e-35
4.71483544662946e-30 1 2.6625669673207e-23
1 3.36425817209772e-41 2.64273601522253e-59
1.81900557453653e-33 1 1.02654337551091e-32
5.47304259747992e-53 4.64067254240696e-36 1
2.49707483991679e-33 1 1.09810170593877e-31
1.67865239726513e-61 3.04460205927956e-34 1
1.2327175221513e-43 2.95075769239635e-24 1
9.19379740753036e-38 1 3.94441088512947e-35
3.98643568310922e-54 2.10333008223835e-32 1
2.61568214583612e-43 1 4.01421582603371e-23
1 4.2917628937724e-37 1.16528764674107e-55
1.73546794435116e-64 4.73006118211074e-34 1
4.91289847569495e-40 1 1.6571526931052e-39
1.2006886525231e-34 1 2.10253929193627e-39
5.67667552438341e-37 1 3.80559010962562e-35
2.14189700968898e-33 1 3.75841467336894e-29
1 2.79862949952109e-41 6.51262689960909e-57
1.65406456736742e-66 1.66621323257124e-34 1
2.51476243666629e-41 1 3.71688843121138e-29
7.14038082366958e-47 1 1.1439887586872e-41
1 5.99174032984825e-36 7.12805917643131e-53
1.25448631831127e-60 5.64012899773125e-45 1
5.1312343597431e-41 1 1.6798509287333e-33
5.37491926839468e-46 1.07799750820952e-36 1
8.59062492835665e-40 1 2.90238507182693e-37
4.65953782488441e-42 1 1.18343499344927e-35
1 1.06298956444957e-43 2.65691523709427e-64
1.21325886453771e-32 1 9.54409586577599e-36
4.97591200951671e-32 1 1.74966818869744e-36
2.86442639008625e-59 7.07154354753686e-41 1
5.78075205043772e-54 3.67045211862026e-33 1
1.00362763452617e-55 2.00634018804619e-40 1
1 1.41675610582498e-41 2.63681770467897e-63
3.85253729172174e-66 4.16094902757263e-39 1
1.51264159932666e-31 1 8.91470863860692e-35
9.45931636933736e-64 1.10254334346962e-37 1
1 5.52278544857404e-34 4.71129825629874e-59
1 4.81833080235484e-32 1.63308836225287e-57
5.52425439170761e-40 1 3.28955991205805e-47
1.03597563088042e-32 1 1.50873790861326e-38
5.23859797944857e-36 1 1.84149165894573e-39
9.16139690031354e-41 1 2.20972287651959e-31
3.24439889169949e-65 1.11197783587558e-42 1
1.16964089847015e-43 1 8.93910366388668e-29
9.53553146145996e-43 1 1.80386237389353e-30
1.34171360852298e-34 1 1.22002279069923e-40
1.41309171803343e-40 1 1.22813409817225e-35
9.28676288963649e-51 5.21931773806619e-30 1
6.41841935082346e-46 1 2.32507242092755e-42
