1 5.14204104512059e-42 3.00068844349332e-36
2.53140106335541e-44 1 4.89884029751655e-77
4.08456483265003e-39 1 4.58574683874014e-78
1 1.57059015850586e-41 3.8463570933562e-36
1 6.3125900806055e-42 2.47588853929143e-47
1 3.23073120018466e-34 3.05578285865959e-42
1 2.68147709020835e-37 1.38865147933379e-43
2.22029765603896e-41 1 4.82336836905249e-67
8.76799846632193e-50 1.21015812879569e-71 1
3.50322976039306e-41 5.65331262558836e-76 1
2.10103839866221e-37 6.82815387434339e-86 1
6.64830087881202e-41 5.41142104523871e-75 1
1 6.56492924519424e-46 2.78949421429673e-56
1 1.22112834757898e-53 2.74445817506637e-39
1 6.14712329709519e-38 8.19046675237652e-46
1 2.71338921454847e-47 2.77372191930262e-49
7.9343111504258e-47 1 6.28073471325493e-75
5.42778825140539e-45 1 9.92362289548549e-74
5.95662598705581e-41 2.11810003613629e-72 1
1 2.50613246073237e-52 7.33673764836359e-50
1 2.36210615449206e-44 5.1698107003166e-41
1 2.69957147090259e-47 3.6192028205723e-37
1 2.08174902173759e-38 1.25516134591339e-45
2.07227889873471e-43 8.8287785124762e-71 1
1 1.17264703634285e-48 1.02127671888723e-43
1 1.82526824853716e-35 2.94882785090797e-35
1.12479680851575e-26 1 1.45217976158047e-52
2.60137682622122e-45 1 4.5080740692014e-73
3.34282904616803e-36 4.25431179996439e-59 1
2.66184598032393e-37 1 1.48720120213491e-61
7.08306671458665e-43 3.52307294305015e-66 1
1 3.03089249408745e-45 4.35040538659267e-36
1 9.02460372671799e-36 1.75288762937095e-45
1.77802971610937e-47 3.75955962914269e-73 1
1 4.24301169988679e-41 3.01504538471019e-42
6.66683972001035e-35 9.40320187598132e-66 1
8.7472716259573e-38 1 2.15748866846256e-64
4.96597945643556e-48 1 1.1393362688686e-75
1 1.18573089511228e-46 1.42155779912819e-38
1 4.23388038230199e-53 6.31501488442825e-34
1 1.76325526221963e-39 1.05006795799398e-37
1.29600059649571e-37 8.73655957654964e-65 1
1 2.60125770936505e-46 1.48335091031859e-47
1 1.78793264862194e-38 3.69408403043033e-35
5.36790800250934e-36 1 1.73662968899358e-63
7.61111446595395e-44 1 2.47344868075361e-70
3.64619960340447e-44 4.4450257264541e-84 1
1.05120713245134e-41 1 1.010482339528e-76
1 2.56141873875711e-44 1.60433331809471e-37
7.83351651242107e-42 4.86188765288582e-73 1
7.10951381936972e-38 8.83119868073591e-78 1
1 5.83158586457898e-50 1.2733330462708e-36
7.34014056458605e-37 2.18848183365714e-68 1
6.3496151775172e-53 1 1.70070710095309e-79
1 5.57291106923775e-39 3.33573707726209e-40
4.6024118255647e-39 1.63724926206419e-64 1
1 4.26577001912057e-37 8.96529811653641e-41
1 1.01757822011594e-36 2.82847224473861e-49
3.31706435589122e-28 1 2.44744418185825e-48
2.47754207860976e-44 6.90634084260368e-75 1
2.88736321409122e-55 1 2.36925271265175e-78
1 2.93603431761872e-38 1.33900926247269e-42
1 1.11022123768804e-49 1.74971515880348e-49
1 4.42581523718869e-35 1.65255666723118e-40
1 2.5772764059937e-37 3.01235950380396e-48
1.08656198183336e-45 8.45963244921766e-78 1
1 2.90222859450738e-42 2.78273391833205e-46
1 5.30804873573078e-38 5.61796681263686e-38
6.96209978167368e-33 2.22207938283743e-51 1
4.90298908039032e-48 1 9.80124391529702e-73
1 1.41044917577201e-36 1.70944408552356e-44
1 1.96250045471411e-39 7.71140640900597e-32
1 7.15785562984652e-44 1.98735232133462e-45
1 1.60284029402965e-33 5.0811135326176e-40
1 3.81975489103058e-46 8.96414389511678e-33
9.92676892988812e-44 9.79067266416922e-87 1
1 4.22463249721913e-31 5.44236772190707e-46
7.72198999256602e-39 1 3.93560655157786e-70
1.13159927788198e-45 1 5.44017282492886e-67
1 7.95533780466173e-52 2.30479402156961e-43
1 1.62876738519733e-33 2.30350841008799e-39
1 1.23279704592071e-37 6.28778732920064e-38
1 4.89723527817081e-39 3.61314189848026e-45
1 6.10480720104345e-49 4.69612168026537e-48
7.31094003678648e-29 1 1.67410776583541e-55
1.64903922523936e-43 5.30227310094764e-78 1
3.02914161627654e-48 1 2.65892510487112e-84
1 9.22546509762527e-29 4.02380246513746e-33
7.79911139733451e-45 2.05477080449547e-71 1
8.92656269182195e-44 1.25015815445731e-67 1
1 1.13521974997626e-51 3.16778595287315e-46
2.24710149568072e-41 1.1577910188527e-79 1
3.14128897909838e-46 1 1.56229720843814e-76
3.83792005223004e-42 1 5.18611294872395e-61
2.14891375155237e-38 1 5.24426025918921e-67
2.81637703332408e-46 1 7.9390579801218e-78
3.51079748752794e-28 8.1403820407776e-59 1
1.11796616427069e-28 1 5.07529593701297e-62
2.84922006174419e-32 1 2.1351932030077e-66
1 1.27017717944348e-37 1.39199252414991e-40
1 7.73015171346242e-46 1.72531539190438e-46
1 1.07536458243133e-47 1.7944365046259e-47
1 4.00125381189557e-41 4.09456672980976e-43
5.60803438399892e-35 8.03675013876671e-64 1
4.55691547295669e-37 4.14845582845144e-67 1
1 9.88470328338842e-49 1.59513998892777e-44
1 1.88749055135971e-39 2.81338142671094e-47
1 1.57567136246566e-39 1.45942338436723e-54
3.24307316962794e-29 7.69224856642933e-55 1
1.70330675632473e-30 1 3.28217391464003e-64
4.15030506977336e-52 1 5.6310997080406e-74
1 1.27855066517857e-42 1.08795624791354e-38
1 3.29683104970373e-46 9.6499519406934e-49
1 8.29305238037702e-30 4.82634982670053e-42
1 1.3858938132713e-48 6.52199507402183e-54
1 6.37342979995873e-41 1.29347687090059e-45
3.738459918802e-40 1 3.46139873283252e-67
3.51585330107398e-34 5.2702167862358e-60 1
1 1.4131625392125e-33 3.96042577292962e-47
6.80534413432808e-34 8.10516234322991e-71 1
1 1.35435892740516e-46 1.26378510797884e-35
1 1.8088710282989e-19 2.0826048565431e-30
1 1.33739022824822e-43 3.16512434296615e-35
5.13643022448954e-47 1 2.26099791690582e-79
2.72640051877472e-40 3.70975115452661e-75 1
1 6.16980988093543e-34 6.80951130123991e-34
4.2295066166338e-39 3.01864085309786e-71 1
9.90857774467743e-37 3.46440467796342e-78 1
1 1.76429414876821e-49 4.72630302340314e-36
1 1.51626104215865e-35 3.45881509940804e-50
2.52171860342942e-41 1 5.11646971459366e-78
4.74854159099497e-48 1 1.64272711783692e-74
4.55437372327704e-33 1 1.03283625824809e-64
1 6.14778222585604e-40 1.04426057728013e-52
1 3.10919939403988e-44 3.48337979453007e-42
3.81512728502539e-47 1 1.86556138424755e-70
1 1.65569781593401e-40 3.4759318076455e-40
1 7.13370675490662e-46 5.26754191180172e-36
1 1.50078109875153e-40 5.50230833608393e-44
6.04540466558898e-43 1 5.51899645268747e-78
1 8.14748483968491e-39 3.09052652091993e-38
1 3.03584320858427e-47 2.01880954027244e-53
5.09446359552641e-41 1 2.98157504301969e-75
8.30746771686615e-45 1 4.12136625121886e-73
1 1.36696974886581e-41 1.7475734695656e-45
3.66900516501139e-45 5.59412354583467e-78 1
1 7.15493128816339e-43 3.55197931707577e-36
1.61887392325818e-33 2.62463859035873e-58 1
1.31029375831532e-48 3.89778240332874e-73 1
1 1.673298135419e-41 8.4322485349602e-36
1 6.06982346243199e-39 3.76483187916582e-42
1 1.80782664788298e-54 5.26252591037429e-38
2.30273182001054e-50 1 2.84381917058575e-74
1 1.29743185472642e-40 4.21927870789389e-22
1 6.74491336059543e-46 1.85221960651243e-31
1 1.2997924031015e-38 4.97626476408862e-32
1 3.67505317796392e-31 5.87388395022201e-30
3.18559775948165e-40 1 1.56728264674163e-72
2.70524800247839e-40 1 2.67867750505133e-67
1 4.74724058761871e-40 1.5830367606783e-36
9.16020900010471e-44 1 1.50490583892402e-82
1.55988251681485e-49 1 1.1654406170589e-77
3.4403240867043e-36 1 5.02327110002175e-63
1 1.63012762667311e-43 2.61233081760288e-47
4.04185936262005e-43 3.80082805095061e-72 1
1 4.63281244003174e-41 1.32985302591439e-43
1.11169410664511e-30 1.8313944994096e-61 1
1.15106063647033e-35 1 6.47682641393257e-61
1 1.65904253186748e-35 3.67011760115976e-40
2.52097296864619e-44 1.17441126996211e-76 1
3.89645570053972e-35 2.71964196678279e-63 1
8.28678293167315e-31 1 1.79057855254674e-55
4.90634428984888e-43 1.12743580846358e-64 1
1 1.52163785914765e-41 9.23275981439994e-40
1 3.25353044189723e-34 4.68957516619538e-36
5.48878302477501e-44 2.89859051196956e-77 1
1.35531887875914e-38 6.33564235771837e-71 1
1 1.43005839422788e-40 1.14429459111588e-44
2.7508293650274e-45 1 1.41120707140014e-79
1.78956922323353e-44 1 2.64432443426411e-81
4.18247741525131e-49 2.64671636655982e-77 1
2.39439656144312e-41 1 4.48084027500843e-73
4.80092648925082e-38 1 9.28519909721861e-77
8.97399519968459e-39 5.27708927404411e-65 1
3.08206132566473e-32 4.66748389335946e-62 1
1.13803450168605e-47 1 6.27172122828497e-79
5.49296933651846e-39 1 4.43165825320562e-74
1 1.15642297668691e-48 5.2182808004535e-38
9.98548146387908e-43 7.62238766369572e-83 1
1 9.81179086381156e-32 3.46547147009729e-36
1.00194968880927e-46 3.24441193148113e-84 1
7.05950296997682e-37 1 2.94003924680247e-78
2.02948270244719e-41 1 3.16953054435431e-71
1 1.17558709229353e-37 1.44420188514788e-39
1 9.90781181218424e-41 2.8046172802806e-41
1 8.23851230484856e-38 6.40567666756334e-45
9.20633453788914e-50 4.23501921545444e-77 1
3.67015644432262e-45 1 6.01610319620085e-71
3.62768323242671e-36 5.97056021897316e-71 1
2.93688129984414e-42 1 1.7531396412912e-76
1 6.73487828339934e-42 5.09518575159167e-47
3.00636840702496e-33 1 3.27516609628413e-76
1.59024605066797e-49 1 2.43272739713909e-76
3.87424571039331e-39 1.81778169930457e-68 1
6.81975056593146e-50 3.83169992541338e-69 1
1 8.7104950346114e-30 2.7795887726694e-33
1 2.24680383851472e-46 3.91523526513159e-48
1.0781734748408e-40 1.58460127123109e-67 1
1.00066522148911e-46 1.38694302183713e-69 1
1.01313701271072e-30 1 6.209645204216e-50
1 1.57777037573586e-39 2.12745624130364e-38
1 3.7468568330923e-43 5.46430513809099e-35
1 1.31523675474996e-35 3.57501355212885e-45
3.01233320176743e-37 1 2.60584444798752e-81
2.45186225339764e-42 1.59290847820379e-74 1
9.42431009779688e-43 4.12802817324706e-74 1
1 2.32637604148922e-40 2.33862686756356e-44
2.9706390825672e-45 3.88597525378603e-78 1
1 1.33188277111304e-47 4.04136078020855e-32
1.69733150932177e-34 1 4.08071336419846e-61
1 1.26547323470109e-35 2.26898443621752e-30
1 1.3084893786368e-51 5.49078724571659e-45
3.5547588334189e-36 1 1.77224854597499e-63
1 1.37052630510579e-43 6.14858767258248e-38
1 9.39236570040033e-48 7.04004862505078e-50
1 3.68027292702615e-36 4.12537982708182e-32
3.71656574127858e-46 3.25992393010664e-75 1
3.01377144691554e-42 1 1.2243192517439e-71
1 5.63669941016928e-41 5.38237197246248e-27
4.26657925898854e-40 1 8.4502529911205e-73
5.1542139003587e-40 4.9307984466841e-76 1
1 4.10973991768968e-37 1.32329651289225e-35
1 2.38177361722467e-35 2.97773922031915e-39
1.6362604076149e-39 1 3.77202156563908e-69
1 3.43190383018293e-39 3.42371628950234e-45
1 8.80556561919159e-36 8.03069966186132e-49
3.82692760488919e-40 1 1.18921983748352e-69
1 2.81668652897703e-44 9.02085214478765e-47
4.96328667902023e-43 1 3.6571187338554e-78
1.14470345474832e-35 1 7.3732594512945e-69
4.02668417325354e-35 1.45805111642987e-75 1
2.41939589986104e-27 2.51396019344973e-51 1
2.01259324677962e-36 1 1.88164715975395e-60
1.65413489889443e-45 8.68463941029422e-72 1
1 1.89971382646328e-45 1.38749634333112e-30
4.68184375769777e-34 1 2.98476734619189e-64
1 2.97679852496857e-45 3.00765357552194e-31
1 1.89868380263749e-46 1.58393840856432e-50
1 3.27190659700642e-39 2.63624392793461e-34
1 6.93712239253472e-42 5.14454113202432e-46
3.44194873664434e-38 1 4.99908386768591e-69
2.16805451582693e-40 2.07916916052507e-62 1
1 3.19756370680657e-35 1.26960783861565e-31
1 5.04813635106284e-50 6.86965680865223e-33
7.55020846512877e-41 1 9.31636394268019e-73
6.31006884520908e-47 1.00821815444626e-74 1
3.26124888295585e-36 1 3.46680776803129e-63
1 2.85871027997504e-46 4.93494558990505e-38
1 1.41890939278665e-40 4.4135255472909e-40
3.33297079291919e-36 1 2.06780825310676e-71
1 1.19448435418615e-44 4.28189838212137e-43
1 2.12432739051486e-40 7.61304770048455e-42
1 1.13768206463706e-33 1.02566035353333e-29
6.9547653260729e-38 2.76414261973453e-68 1
3.64975385060288e-32 7.20892263558254e-61 1
1 2.03547361979927e-42 1.70510083229021e-38
1 1.0449898898317e-33 1.40826838507939e-32
1.8648883955277e-41 1 7.73829061098011e-75
2.17361697889628e-45 2.31169565342948e-73 1
5.0439645938533e-39 4.20888408480802e-66 1
1 7.66501965537147e-40 1.89712162908671e-32
1 1.18480043199105e-40 2.12502426754285e-42
1 1.95788501587159e-41 1.12409059884932e-45
6.00053752293645e-41 2.8096480367869e-76 1
1 8.79535566712618e-39 9.1732993615626e-47
1 1.84129676157912e-43 5.08488901357511e-47
2.29598000206343e-42 1 8.49294484521171e-59
1 6.62202159558658e-36 5.07940419052021e-45
8.36871080481376e-41 1 9.02127874049151e-73
2.75083057225362e-46 5.06281742342143e-83 1
1 1.18012016349798e-46 1.40065076427712e-42
1 1.15523668748142e-37 2.66943530919588e-46
1.44861249227215e-33 1 1.92099659292927e-61
1.02941511340095e-44 1 2.49744448908755e-76
1 5.08974179060143e-44 1.91030885835666e-50
9.02036052745701e-35 1.92117315303953e-68 1
1 1.14029384722596e-57 8.25864296594912e-36
1 6.08226377073273e-35 3.48127247607759e-36
6.28359187965096e-43 1.03803081942403e-67 1
1 2.88424367767596e-36 4.02234794344037e-39
2.26102486772771e-45 1.19837394227193e-75 1
1 2.54610128498752e-36 5.9965273172719e-40
1 4.14852668613226e-53 1.15807419338089e-41
1 1.61157371542013e-45 9.77116762896097e-40
1.41427780427456e-45 1 3.22981680730632e-70
4.92378079558836e-37 3.50610390285348e-68 1
1 1.1421090517294e-42 1.21106833303412e-40
2.26561076162386e-45 1 9.28381078142828e-87
1.77143040046654e-29 2.15523393074984e-56 1
7.53586137904546e-43 1 3.06791329420183e-76
