1 2.18969418000451e-48 8.59070183135795e-29
3.3720332993548e-41 4.86352277565978e-40 1
4.86939349314426e-41 4.67668000801329e-41 1
5.59694680871478e-48 6.37477299374514e-37 1
1 8.46110203326779e-63 1.10459319498158e-35
1.54369099994401e-34 1.31316635118302e-51 1
7.38430685984559e-56 1 2.38933762960754e-35
6.84181246172465e-40 2.50973849242052e-34 1
7.29101811801208e-46 3.24850614057112e-43 1
7.82322701431592e-50 1 8.41729775988781e-35
1.12675506105665e-30 1.94115282314428e-34 1
1 7.11182763876263e-46 4.3206577981026e-31
1 9.55122975253594e-67 3.1549478394716e-38
1.50260904479133e-60 1 2.84558096555155e-38
1 1.06431267799196e-73 1.99403488706656e-40
8.1225947166411e-42 7.77860853203531e-46 1
1 1.75173574331804e-60 1.57027766912939e-39
1.38228603064393e-24 8.8609775748375e-39 1
1 1.15367824248547e-59 7.6283928114183e-37
1.03952087921188e-32 1.63274970742843e-40 1
1.67140198119671e-43 1.84483568751985e-26 1
1.9150348338391e-32 9.36222791008585e-48 1
2.61271014280463e-50 1 7.85777839928365e-28
1 5.69157943557282e-59 3.04419206286587e-36
7.9916251431924e-40 2.15084425210062e-32 1
8.5345780630342e-50 1 6.11010756456844e-39
1.35227619829954e-65 1 2.84799036721039e-39
2.33923751108006e-41 2.65955288895999e-40 1
2.82502738982144e-35 3.08981372849595e-29 1
1 2.16716769983907e-54 1.45634293561898e-29
4.13468914960933e-41 1.05922023816432e-35 1
7.94272118855277e-34 7.83970453579625e-33 1
4.28929106404398e-43 1.34382865930003e-39 1
6.53234245022991e-56 1 1.29134452028041e-34
8.55817390091649e-45 7.83624031008394e-48 1
8.4066004040502e-31 2.22168015111899e-39 1
2.66545027626827e-38 3.54565949103741e-42 1
1 1.42425485776705e-62 3.88899369611166e-47
1 1.44469228658451e-65 7.47252398067843e-39
2.75005230961068e-44 1.45887981100093e-47 1
2.33332920570754e-36 8.82485346728861e-41 1
1.87434059647947e-43 3.07314306088662e-42 1
1 4.60318912024956e-67 1.05885653116618e-41
2.08748272137576e-35 9.03230851963631e-42 1
1.01347455359343e-33 9.74490119113501e-34 1
1 3.06236317900085e-68 9.95565333371647e-48
2.92020045059417e-32 6.17849763674115e-43 1
5.2856557071848e-31 1.48139801918762e-46 1
1 2.82653029712392e-66 9.70301329474102e-41
1.13997041046179e-66 1 5.5273422700807e-41
1 1.29777505776794e-54 4.69224317947158e-36
1 9.09349408666964e-61 2.96051330484036e-42
1.1325514104261e-46 2.96940676663539e-43 1
4.87512276155442e-44 1.61780339572502e-35 1
3.31156053021207e-46 1.27830797375185e-50 1
3.77245703866762e-53 1 8.93145479879135e-40
5.38231538065119e-38 1.0296819269055e-33 1
2.40613064696955e-68 1 2.0379884500829e-33
2.23455086356417e-30 1.16391893409881e-41 1
5.0943039077119e-48 1 7.63648602628817e-29
7.00726616019683e-33 1.09279806720486e-35 1
1 1.30572170771719e-57 4.07135025760366e-40
6.2742891771043e-39 1.81798784642387e-46 1
1 8.67380758739666e-58 2.0610738498077e-30
3.27686244105213e-37 1.52477084207063e-37 1
7.44530003807854e-37 1.56095741602028e-38 1
9.98232096324857e-34 2.11919163527949e-35 1
1.38103078532889e-40 6.9889444862061e-38 1
3.49796062050924e-35 1.81119537495412e-37 1
6.26344342698038e-58 1 1.72810469715329e-37
2.9273512212626e-40 6.06522673150641e-51 1
5.15402800309048e-65 1 2.57996265833697e-49
1 1.51654269542002e-63 2.44022872788716e-34
1.33271150566e-46 1 1.37594095270149e-27
1 3.14199905184316e-57 2.03670680375342e-34
5.66978267834718e-39 3.26452217602627e-35 1
1 1.66748892878271e-59 1.56305462913611e-38
1.89041182254982e-33 1.28689434509992e-33 1
4.91718265178041e-32 7.29378854323831e-31 1
4.34349680563452e-65 1 9.10347236836243e-35
2.47118751420292e-43 4.99484408740007e-41 1
1 1.16009213196491e-57 1.42045406518349e-35
1.78188965189258e-26 2.98077764311297e-43 1
1.61212161973292e-36 1.40220197606737e-35 1
2.707538614671e-44 3.94841702228411e-41 1
1 3.01694969099286e-62 3.4686235370802e-39
3.57138144587639e-26 4.17273344518891e-42 1
2.97911843970964e-54 1 1.13675880232578e-33
2.05161181312332e-70 1 5.14187402739531e-39
1.28207151130444e-32 8.13452991652441e-39 1
3.29771255748203e-40 1 3.14299591774828e-29
2.22817278119109e-31 1.1840374895668e-37 1
1 3.31137621599892e-53 4.57256712207348e-31
1 1.86573535138558e-67 3.49346364016544e-36
5.08965131619432e-71 1 2.1593520560274e-44
1 4.27625434145942e-66 4.07291195853988e-45
8.42755242563454e-54 4.86596719113631e-36 1
1 1.27980564160749e-56 5.4713537603441e-43
3.67060650760409e-42 1.42688940516722e-33 1
2.82822243594757e-43 2.57200682816365e-35 1
1 1.42819314205881e-60 1.44281691070671e-34
1 9.38373584180684e-58 5.72679666418903e-36
1.04152880224649e-64 1 6.65755939438118e-34
3.54704355510409e-52 1 1.51863621205629e-31
1.89738516911272e-34 1.18911948314012e-39 1
7.72302559118916e-42 8.87640332343447e-46 1
1.48494632749983e-57 1 6.85339272518543e-43
1.06211359380309e-40 3.72401356347603e-38 1
1 8.13495614990781e-63 2.24540252473446e-31
8.67634165529656e-65 1 1.09058698086159e-43
2.21851986155641e-45 2.01092469755814e-43 1
1 2.77831148423816e-61 2.64903986532925e-31
9.07125110330037e-38 9.19759004813254e-37 1
5.2332176792338e-67 1 3.52665737289877e-45
6.46635570123394e-39 5.78461893591691e-48 1
1 1.4191945125384e-66 5.62874151377964e-37
1 2.57820045898891e-68 6.91081726207608e-31
1.74416834259861e-35 1.05621588562785e-37 1
8.97943415378686e-60 1 7.30392300994702e-41
3.61463648028971e-61 1 4.22913297273511e-42
1.66344508656393e-44 1 2.65500307850236e-27
1.10309763809466e-41 1.31477165081689e-38 1
1 9.95186405678418e-62 5.73386966004916e-42
8.80776920617079e-28 5.54720319958054e-31 1
1.72263462110796e-42 2.61337910968579e-35 1
3.42159378896532e-33 2.50284439389881e-42 1
1.66716787348742e-57 1 1.51529957959829e-38
1 1.38634667375578e-54 7.14261385107545e-34
1 4.63521169401183e-59 5.56832586391229e-41
3.26825016111398e-38 2.5403995668775e-44 1
1 9.24818989852842e-75 2.87609511080764e-44
1.75427836528958e-43 9.17182842762066e-35 1
3.20157254507275e-63 1 2.92483512357042e-41
1 3.77439974326395e-49 1.93203067309161e-31
7.64468861479839e-53 1 2.9498130642309e-33
1 4.28961480062709e-73 7.16783270952928e-43
1 3.04344789308215e-57 4.68220697463874e-34
5.62910626414389e-42 1.99196413281988e-45 1
1.03099910954196e-50 4.80153549654978e-43 1
1 3.24967749094387e-62 5.49980514672078e-41
1.26955870201974e-60 1 5.32053741437773e-36
1 4.91924235986633e-49 1.75381566663405e-34
1.43319473351524e-40 2.37021207497547e-40 1
3.41477281877316e-42 4.4643427380696e-36 1
3.23405968751176e-64 1 1.01482674872595e-46
5.74751118947708e-30 1.25212975102299e-28 1
1 2.771464563516e-54 7.40555681928855e-32
2.44795952425988e-63 1 2.69569195079837e-37
3.34162651458808e-38 1.77540448393949e-34 1
1 5.65954295017984e-50 1.69639674158546e-28
7.43902550473852e-54 1 7.76252696434342e-34
1.64692164937663e-40 2.74773673053216e-41 1
4.27076493794279e-60 1 5.2797182052635e-42
1.09359941748243e-38 9.89507071212419e-33 1
3.48897634285769e-42 8.36731632996481e-37 1
1 2.13618502499742e-39 5.36910101491562e-28
2.39187301074149e-67 1 1.77700128409834e-39
1.06702405950619e-35 3.80778631198516e-43 1
1 1.98756333559905e-54 6.3520559130461e-36
1.7669871783054e-54 1 6.04379596571518e-34
2.93875988512042e-34 1.07074287429932e-29 1
3.05933295403169e-36 8.64554921500047e-35 1
1.18209693375469e-32 3.00114822364398e-38 1
6.88712749108138e-65 1 4.49293182137727e-32
1.44958001552816e-57 1 2.98936141648956e-42
1.32097488063523e-36 2.76325717870121e-33 1
3.47459991775986e-62 1 5.10294090475283e-39
8.58965227933842e-61 1 2.97283280808579e-35
2.27358129724025e-59 1 1.70166775414416e-38
4.18864393813887e-39 6.03769843194387e-31 1
2.250508808619e-32 3.72273985932306e-41 1
1 7.07456288055997e-59 1.66718220823592e-42
1 1.80835705894438e-62 1.04820233661269e-36
2.16882455206894e-40 4.18062024998572e-38 1
1 6.78827165554551e-58 2.23398013364638e-33
1 6.97207719985497e-58 1.18212423946991e-35
5.03245233490145e-63 1 1.46401845636251e-39
7.63197438887293e-35 3.92184064337552e-35 1
8.41799780768762e-42 5.63065298676371e-46 1
4.06136038716872e-25 1.76529404799095e-18 1
5.78486139798488e-35 7.20389923073444e-40 1
2.57963041374692e-38 3.86779677027683e-37 1
1.36880050117218e-59 1 4.26877090823284e-38
8.16363671003091e-28 1.63300944541432e-33 1
2.50951516113343e-47 7.67584075360181e-33 1
5.28751516427881e-41 1.26740061186733e-35 1
1.2978453437198e-37 1.01000138303156e-26 1
1 1.46399570535161e-50 6.78390206410173e-31
1 1.56573294498891e-59 5.22004076873446e-35
2.82725981298971e-62 1 4.01261897131755e-43
9.96518223350084e-66 1 2.69540230541643e-50
4.21125573905158e-53 1 4.84018552405185e-29
1 1.1235496866916e-73 7.18175327776682e-39
1 5.09471148779677e-61 3.51247899595006e-31
1.12981945373718e-67 1 2.39574125125166e-42
2.03176503017227e-65 1 1.29508157868571e-39
1.30494659611801e-60 1 4.34177212239186e-28
4.36950514343251e-44 1.88882237846572e-32 1
1.24289978744259e-56 1 4.01933498129665e-29
6.8214957406726e-28 7.22341259490306e-42 1
7.200610992644e-27 1.73177230807354e-36 1
1 3.93108177263326e-66 6.41156186338468e-42
1 4.40600389156164e-60 1.34929439287254e-36
1 5.5770013425403e-59 3.75062890977825e-41
1.10450938482265e-52 1 6.18117497587511e-33
1.30281883699779e-27 2.43819966161719e-25 1
9.62284171728546e-40 9.15245120141104e-40 1
3.87978380971448e-54 1 3.37805268027102e-26
2.47164510170777e-55 1 7.5003067967567e-35
2.68443677907006e-33 1.44279856694086e-34 1
1 4.26354313572362e-62 5.46704119757803e-35
3.61875604756963e-64 1 1.66582041583433e-38
7.72175974109183e-68 1 8.11768640638847e-48
1.27957204374032e-62 1 3.34798922642002e-38
2.52704177373007e-44 3.14425367139879e-37 1
1.11530637499881e-42 1 4.53252193817931e-27
1 1.56469359529465e-65 5.91264102317672e-44
2.23550505328705e-41 6.34930057590709e-44 1
2.20684482706806e-34 3.68950485819268e-42 1
2.88096407389362e-35 1.84454882396488e-41 1
6.24140014147538e-66 1 4.96740342120514e-39
3.87927024508274e-24 3.96000014012502e-32 1
2.3655393511726e-42 2.83609403050109e-36 1
1 8.53893024320896e-56 2.20718769572518e-45
1 1.53782288328324e-51 1.36487770200468e-26
8.72560371280716e-45 2.70056682291782e-38 1
5.05621852846422e-50 1 1.63380967695605e-31
1 4.83646183407848e-50 1.30877754439881e-29
1.06110808313481e-64 1 9.86540677313365e-38
1 1.64750969299705e-65 3.24516181168214e-42
4.55004255832204e-32 2.8734920248772e-30 1
1.95135327458594e-57 1 6.73379835063563e-41
9.81017049409913e-43 2.04911099630127e-46 1
3.28129466759595e-42 8.0026734528774e-32 1
5.27003678215262e-35 9.28860545200824e-44 1
3.23390051138762e-46 3.76944347853871e-45 1
1.65942234464754e-41 1.15738051886723e-37 1
3.91757268265684e-67 1 2.15917363002085e-41
3.27618040973982e-36 5.2535616049224e-30 1
7.1617515607676e-41 6.95537036218522e-36 1
1 3.27022718145671e-74 1.12088327141115e-39
1.22603795637568e-48 1.21300044883469e-44 1
4.41669973318337e-31 6.96911747058004e-34 1
1.00667061653387e-27 2.84651237339054e-32 1
1 1.71868794658168e-63 6.10582044101161e-39
1.92245818952838e-56 1 3.79898865019477e-35
5.60571592708892e-34 8.57588856972664e-35 1
9.36745862171217e-41 5.55585760342573e-34 1
1 4.81378404060972e-57 1.2703387981494e-36
2.73317505829444e-37 2.12466035335037e-37 1
3.71698719192342e-65 1 5.33980762207757e-51
1 5.99539256710907e-39 7.3225349415217e-23
2.37654538868968e-32 3.79051378354865e-36 1
1 4.26022125017356e-67 4.9431752942171e-33
1 9.91942123520967e-54 6.38023363271697e-33
4.76613637368425e-48 1 2.82930937920272e-39
3.4651506627706e-40 1.25236489186796e-36 1
6.55984938733353e-61 1 8.22952350340426e-34
2.18803130592856e-49 1 3.53818243235313e-31
2.74209520697043e-64 1 8.49821240851678e-47
5.51894859301128e-65 1 1.24572511167964e-40
2.49071428210634e-69 1 1.35164188672983e-44
1.2204271737204e-29 5.91827424337657e-48 1
1.06119621379316e-61 1 5.87018690260781e-44
2.49805612449064e-62 1 2.76216784255413e-36
3.32640074618217e-73 1 8.98708781394457e-41
1.12591157404037e-33 1.68099526674878e-45 1
4.02523582861919e-34 9.09660733671047e-35 1
2.15348054389832e-33 1.68712241602657e-34 1
4.95795359485594e-64 1 2.18081230121287e-42
5.27851887612813e-27 4.41962279330121e-42 1
1.08537074890317e-27 3.91740668337818e-28 1
1 1.07757522161494e-65 1.70085448323476e-40
1.03716204603645e-32 2.39876311420133e-35 1
7.7971513477713e-47 4.73874310549151e-45 1
8.71325019899552e-38 9.38212217589064e-38 1
9.22642998554553e-24 1.62155209995795e-34 1
4.59412531284335e-67 1 2.43171144788149e-46
8.49014478742512e-62 1 1.23792969524057e-41
1.75184597200715e-60 1 3.24018937040105e-37
2.74679749288811e-60 1 1.52371550645799e-34
9.84469075722163e-40 3.05018508692731e-48 1
1 4.08009601714146e-54 1.81612848420203e-29
3.47034381834495e-38 6.74489213028189e-36 1
1.99411368919934e-37 1.53826716368455e-36 1
5.10121513202911e-35 3.7984239745553e-43 1
3.86958557342485e-45 6.96047481749835e-32 1
3.88337851522259e-34 7.72730082008177e-52 1
1 3.80362865540675e-62 9.80297665938336e-42
1.23657723796857e-54 1 1.0582079491122e-31
5.79395326393326e-33 3.13434108675936e-39 1
2.12942136057973e-32 1.17503216709124e-30 1
1 1.6983284736267e-54 6.72108845293151e-38
3.74831986953614e-33 5.20195592858785e-34 1
1.61592664209362e-65 1 7.42554148468983e-39
4.43127577251656e-36 3.38018538563834e-41 1
1 4.86795077468586e-63 5.59187236372539e-45
1 7.49466851921733e-59 9.70805970164127e-38
1.39155436013451e-69 1 5.30109217119214e-39
1.41672696754762e-32 1.69403218296912e-41 1
