4.99484408739979e-41 1 2.47118751420316e-43
5.57700134253808e-59 3.75062890977879e-41 1
3.00114822364373e-38 1 1.18209693375459e-32
1.64750969299696e-65 3.24516181168214e-42 1
1 7.63648602628524e-29 5.09430390770857e-48
1.16391893409876e-41 1 2.23455086356458e-30
3.0898137284956e-29 1 2.82502738982092e-35
1.01000138303164e-26 1 1.29784534371978e-37
2.57200682816296e-35 1 2.82822243594817e-43
1 2.18081230121274e-42 4.95795359485355e-64
9.09660733671073e-35 1 4.02523582861936e-34
3.14199905184209e-57 2.03670680375319e-34 1
1 2.84558096555078e-38 1.5026090447906e-60
1.42819314205792e-60 1.44281691070691e-34 1
3.94841702228231e-41 1 2.70753861467084e-44
1.68099526674883e-45 1 1.1259115740403e-33
3.80362865540459e-62 9.80297665938336e-42 1
1.41919451253759e-66 5.6287415137786e-37 1
1.26740061186745e-35 1 5.28751516427979e-41
1 2.82930937920204e-39 4.76613637368195e-48
3.86779677027567e-37 1 2.57963041374678e-38
1.6940321829684e-41 1 1.41672696754764e-32
1 2.84799036721079e-39 1.35227619829973e-65
8.64554921499961e-35 1 3.05933295403161e-36
1.38634667375586e-54 7.14261385107637e-34 1
2.77831148423666e-61 2.64903986532925e-31 1
6.03769843194259e-31 1 4.18864393813834e-39
2.65955288896052e-40 1 2.33923751108019e-41
9.74490119113612e-34 1 1.0134745535934e-33
4.67668000801149e-41 1 4.86939349314412e-41
1.44469228658402e-65 7.47252398067971e-39 1
3.79051378354821e-36 1 2.37654538868948e-32
5.91827424337547e-48 1 1.22042717372061e-29
4.8015354965508e-43 1 1.03099910954212e-50
1 1.35164188672952e-44 2.490714282105e-69
4.17273344518862e-42 1 3.57138144587639e-26
3.07314306088727e-42 1 1.87434059647971e-43
7.11182763875939e-46 4.32065779810321e-31 1
1.0592202381647e-35 1 4.13468914960944e-41
1.52477084207044e-37 1 3.27686244105213e-37
1 2.9728328080857e-35 8.58965227933745e-61
1 1.23792969524038e-41 8.49014478742199e-62
8.53893024320726e-56 2.2071876957255e-45 1
2.82653029712392e-66 9.7030132947413e-41 1
4.08009601713833e-54 1.81612848420185e-29 1
6.98894448620679e-38 1 1.38103078532871e-40
6.96047481749598e-32 1 3.8695855734243e-45
1.94115282314387e-34 1 1.12675506105673e-30
1.4242548577666e-62 3.88899369611139e-47 1
8.57588856972469e-35 1 5.60571592708853e-34
1.45887981100093e-47 1 2.75005230961076e-44
7.49466851921349e-59 9.70805970164154e-38 1
1 1.29508157868551e-39 2.03176503017158e-65
3.92184064337474e-35 1 7.63197438887163e-35
5.63065298676259e-46 1 8.41799780768965e-42
3.14425367139879e-37 1 2.52704177373053e-44
2.12466035334995e-37 1 2.7331750582949e-37
6.06522673150641e-51 1 2.92735122126293e-40
1.06431267799162e-73 1.99403488706696e-40 1
1 6.6575593943808e-34 1.04152880224613e-64
6.37477299374532e-37 1 5.59694680871446e-48
1.81798784642356e-46 1 6.27428917710403e-39
6.34930057590564e-44 1 2.23550505328717e-41
3.38018538563796e-41 1 4.4312757725165e-36
3.68950485819216e-42 1 2.20684482706765e-34
4.40600389155888e-60 1.34929439287279e-36 1
1 1.05820794911229e-31 1.23657723796845e-54
1 4.84018552405047e-29 4.21125573904967e-53
1.25212975102272e-28 1 5.74751118947912e-30
1 1.77700128409844e-39 2.39187301074115e-67
4.6031891202472e-67 1.05885653116618e-41 1
1.0775752216146e-65 1.70085448323512e-40 1
1.53826716368512e-36 1 1.99411368919971e-37
1 3.24018937040031e-37 1.75184597200655e-60
1.63300944541432e-33 1 8.16363671003386e-28
1 1.51529957959784e-38 1.66716787348609e-57
9.1718284276187e-35 1 1.75427836528968e-43
9.38373584180204e-58 5.72679666418821e-36 1
2.74773673053181e-41 1 1.64692164937652e-40
1 1.24572511167982e-40 5.51894859300924e-65
3.26452217602614e-35 1 5.66978267834726e-39
1.98756333559871e-54 6.35205591304809e-36 1
1 2.1591736300211e-41 3.91757268265583e-67
1.29777505776754e-54 4.69224317947218e-36 1
1 4.49293182137804e-32 6.88712749108021e-65
1.16009213196468e-57 1.42045406518337e-35 1
3.13434108675878e-39 1 5.79395326393482e-33
1 8.2295235034018e-34 6.55984938733166e-61
5.54720319958157e-31 1 8.80776920616928e-28
4.81378404060726e-57 1.2703387981496e-36 1
1.88882237846602e-32 1 4.36950514343294e-44
1 4.34177212239106e-28 1.30494659611742e-60
1 6.11010756456784e-39 8.53457806302923e-50
3.77439974326255e-49 1.93203067309148e-31 1
1 1.52371550645745e-34 2.74679749288632e-60
5.55585760342581e-34 1 9.36745862171257e-41
1 2.5799626583366e-49 5.15402800308755e-65
1 5.30109217119289e-39 1.39155436013412e-69
9.24818989852421e-75 2.87609511080743e-44 1
1.7186879465809e-63 6.10582044101161e-39 1
1.75173574331729e-60 1.57027766912957e-39 1
2.77146456351529e-54 7.40555681928855e-32 1
1 2.98936141648939e-42 1.44958001552787e-57
7.29378854323707e-31 1 4.91718265178013e-32
2.04911099630127e-46 1 9.81017049409941e-43
8.00267345287672e-32 1 3.28129466759698e-42
3.79842397455503e-43 1 5.10121513202984e-35
1 2.43171144788076e-46 4.59412531283996e-67
1 5.33980762207803e-51 3.71698719192183e-65
5.09471148779301e-61 3.51247899594951e-31 1
1.17503216709096e-30 1 2.12942136057985e-32
2.57820045898767e-68 6.91081726207451e-31 1
1 3.52665737289657e-45 5.23321767922963e-67
1 6.18117497587493e-33 1.10450938482219e-52
9.36222791008505e-48 1 1.91503483383885e-32
1.69832847362607e-54 6.72108845293265e-38 1
4.73874310549097e-45 1 7.79715134777241e-47
1 4.96740342120697e-39 6.2414001414768e-66
3.72273985932306e-41 1 2.25050880861932e-32
1.1891194831399e-39 1 1.89738516911293e-34
4.86352277566206e-40 1 3.37203329935518e-41
3.05018508692822e-48 1 9.84469075722387e-40
1 5.52734227007858e-41 1.13997041046101e-66
1 8.98708781394483e-41 3.32640074618169e-73
1.8111953749544e-37 1 3.49796062050994e-35
1.0707428742997e-29 1 2.9387598851203e-34
8.82485346728873e-41 1 2.33332920570754e-36
9.15245120141195e-40 1 9.62284171728478e-40
1 2.69540230541627e-50 9.96518223349518e-66
1 1.66582041583447e-38 3.61875604756932e-64
8.86097757483485e-39 1 1.38228603064403e-24
1 2.92483512357058e-41 3.20157254507203e-63
3.96000014012603e-32 1 3.87927024508373e-24
8.46110203326539e-63 1.1045931949817e-35 1
1.42688940516726e-33 1 3.67060650760451e-42
3.76944347853909e-45 1 3.23390051138762e-46
6.97207719985318e-58 1.18212423947004e-35 1
1 4.01261897131664e-43 2.82725981298826e-62
1 6.04379596571406e-34 1.76698717830482e-54
3.80778631198413e-43 1 1.06702405950616e-35
1 2.15935205602694e-44 5.08965131619171e-71
1 8.41729775988829e-35 7.82322701431403e-50
1.02968192690529e-33 1 5.38231538065157e-38
1 4.22913297273415e-42 3.61463648028776e-61
2.54039956687692e-44 1 3.26825016111509e-38
6.96911747057915e-34 1 4.41669973318306e-31
1 6.73379835063553e-41 1.95135327458495e-57
4.86596719113431e-36 1 8.4275524256343e-54
1 1.51863621205573e-31 3.54704355510263e-52
1.05621588562795e-37 1 1.74416834259873e-35
8.36731632996279e-37 1 3.48897634285754e-42
1.2798056416076e-56 5.47135376034644e-43 1
1 1.70166775414412e-38 2.2735812972398e-59
1 8.49821240851316e-47 2.74209520696763e-64
9.38212217589118e-38 1 8.71325019899713e-38
4.86795077468364e-63 5.59187236372626e-45 1
5.65954295017743e-50 1.69639674158523e-28 1
1.53782288328285e-51 1.36487770200495e-26 1
1 4.26877090823235e-38 1.3688005011714e-59
2.76325717870054e-33 1 1.32097488063523e-36
1.30572170771726e-57 4.07135025760424e-40 1
1 7.76252696434243e-34 7.43902550473514e-54
1 5.14187402739575e-39 2.05161181312273e-70
1 7.42554148468962e-39 1.61592664209325e-65
2.16716769983857e-54 1.45634293561915e-29 1
1.51654269541954e-63 2.44022872788716e-34 1
8.67380758739123e-58 2.0610738498077e-30 1
2.87349202487659e-30 1 4.55004255832262e-32
1.15738051886685e-37 1 1.65942234464768e-41
1 5.87018690260714e-44 1.06119621379256e-61
8.1345299165258e-39 1 1.28207151130448e-32
1.667488928782e-59 1.56305462913626e-38 1
9.55122975252997e-67 3.15494783947106e-38 1
4.26022125017272e-67 4.94317529421851e-33 1
1.34382865930004e-39 1 4.28929106404398e-43
1.73177230807391e-36 1 7.20061099264615e-27
1.80835705894382e-62 1.04820233661291e-36 1
3.54565949103772e-42 1 2.6654502762688e-38
7.72730082008221e-52 1 3.8833785152232e-34
7.67584075359974e-33 1 2.50951516113275e-47
9.95186405678276e-62 5.73386966005014e-42 1
7.22341259490419e-42 1 6.82149574067226e-28
1.68712241602636e-34 1 2.15348054389869e-33
1 1.6338096769566e-31 5.05621852846372e-50
1.18403748956685e-37 1 2.22817278119121e-31
2.01092469755814e-43 1 2.21851986155685e-45
7.07456288056138e-59 1.66718220823672e-42 1
2.61337910968587e-35 1 1.72263462110835e-42
4.41962279330297e-42 1 5.27851887612918e-27
1.48139801918773e-46 1 5.2856557071863e-31
8.87640332343876e-46 1 7.72302559119179e-42
1.09279806720479e-35 1 7.00726616019793e-33
4.28961480062563e-73 7.1678327095305e-43 1
3.7240135634764e-38 1 1.06211359380326e-40
1 8.11768640638662e-48 7.72175974108788e-68
2.50973849242045e-34 1 6.84181246172455e-40
5.69157943557201e-59 3.0441920628666e-36 1
1 3.79898865019574e-35 1.92245818952827e-56
1 5.27971820526417e-42 4.27076493794279e-60
4.83646183407628e-50 1.30877754439877e-29 1
1.99196413281993e-45 1 5.62910626414477e-42
2.18969418000457e-48 8.59070183135893e-29 1
1.56469359529411e-65 5.91264102317807e-44 1
1 2.03798845008249e-33 2.40613064696832e-68
2.13618502499645e-39 5.36910101491638e-28 1
1 1.3759409527015e-27 1.33271150565949e-46
1.12354968669077e-73 7.18175327776713e-39 1
1.84454882396491e-41 1 2.88096407389403e-35
9.28860545200626e-44 1 5.27003678215307e-35
7.77860853203454e-46 1 8.12259471664329e-42
1 1.72810469715354e-37 6.26344342698003e-58
1.28689434510014e-33 1 1.89041182255e-33
1 9.86540677313435e-38 1.06110808313453e-64
1.40220197606733e-35 1 1.61212161973303e-36
1.6178033957247e-35 1 4.87512276155532e-44
1 1.09058698086183e-43 8.67634165529385e-65
5.78461893591552e-48 1 6.46635570123312e-39
1.15367824248511e-59 7.62839281141743e-37 1
1 2.39574125125125e-42 1.12981945373663e-67
1 1.29134452028025e-34 6.53234245022768e-56
4.63521169401051e-59 5.56832586391285e-41 1
1 4.01933498129682e-29 1.24289978744231e-56
5.25356160492263e-30 1 3.2761804097401e-36
4.26354313572083e-62 5.46704119757764e-35 1
2.43819966161788e-25 1 1.30281883699792e-27
1.25236489186782e-36 1 3.4651506627705e-40
1 5.10294090475407e-39 3.47459991775986e-62
1 7.85777839928511e-28 2.61271014280504e-50
2.83609403050089e-36 1 2.36553935117243e-42
1 3.14299591774774e-29 3.297712557481e-40
6.17849763674212e-43 1 2.92020045059463e-32
7.8397045357987e-33 1 7.94272118855412e-34
3.27022718145448e-74 1.12088327141093e-39 1
1.84483568751993e-26 1 1.671401981197e-43
9.91942123520432e-54 6.38023363271824e-33 1
4.91924235986395e-49 1.7538156666342e-34 1
2.84651237339079e-32 1 1.00667061653385e-27
1.31316635118291e-51 1 1.54369099994414e-34
3.04344789308111e-57 4.68220697463834e-34 1
1.31477165081687e-38 1 1.10309763809469e-41
3.24967749094202e-62 5.49980514672016e-41 1
1 2.69569195079753e-37 2.44795952425807e-63
1.21300044883503e-44 1 1.22603795637535e-48
1.62155209995728e-34 1 9.22642998554324e-24
1 6.85339272518378e-43 1.48494632749907e-57
9.03230851963207e-42 1 2.08748272137561e-35
1 1.01482674872605e-46 3.23405968751167e-64
3.06236317900006e-68 9.95565333371902e-48 1
7.83624031008137e-48 1 8.55817390091698e-45
1 2.38933762960815e-35 7.38430685984423e-56
1.46399570535123e-50 6.78390206410231e-31 1
1 1.46401845636222e-39 5.03245233489845e-63
3.01694969099072e-62 3.4686235370801e-39 1
6.74489213028112e-36 1 3.470343818345e-38
6.95537036218344e-36 1 7.16175156076811e-41
1 7.30392300994734e-41 8.97943415378431e-60
1 3.53818243235348e-31 2.18803130592822e-49
1 1.13675880232559e-33 2.97911843970791e-54
1.76529404799084e-18 1 4.06136038716892e-25
2.70056682291648e-38 1 8.72560371280865e-45
1 4.53252193817982e-27 1.11530637499872e-42
7.20389923073249e-40 1 5.78486139798504e-35
2.15084425210075e-32 1 7.99162514319308e-40
3.93108177263248e-66 6.41156186338459e-42 1
1 5.32053741437758e-36 1.26955870201934e-60
1 3.34798922641902e-38 1.27957204373952e-62
1 3.37805268027136e-26 3.87978380971409e-54
2.96940676663468e-43 1 1.13255141042611e-46
1.56573294498798e-59 5.22004076873364e-35 1
2.98077764311238e-43 1 1.78188965189258e-26
1.27830797375134e-50 1 3.31156053021207e-46
3.91740668337776e-28 1 1.08537074890324e-27
1.63274970742834e-40 1 1.03952087921197e-32
3.3113762159977e-53 4.57256712207393e-31 1
1 7.50030679675638e-35 2.47164510170655e-55
2.50284439389874e-42 1 3.42159378896683e-33
4.27625434145784e-66 4.0729119585411e-45 1
2.22168015111745e-39 1 8.40660040405104e-31
6.78827165554377e-58 2.23398013364682e-33 1
9.89507071212348e-33 1 1.09359941748237e-38
2.37021207497621e-40 1 1.43319473351524e-40
9.09349408666422e-61 2.96051330483998e-42 1
4.46434273806845e-36 1 3.41477281877306e-42
5.20195592858881e-34 1 3.74831986953651e-33
1 2.65500307850261e-27 1.66344508656329e-44
9.19759004813136e-37 1 9.07125110330114e-38
2.39876311420055e-35 1 1.03716204603655e-32
1 2.94981306423103e-33 7.64468861479622e-53
5.99539256710583e-39 7.32253494152056e-23 1
1.44279856694131e-34 1 2.68443677907029e-33
1.5609574160201e-38 1 7.44530003807939e-37
4.18062024998649e-38 1 2.16882455206907e-40
8.13495614990665e-63 2.24540252473469e-31 1
1.86573535138441e-67 3.49346364016534e-36 1
3.24850614056996e-43 1 7.29101811801156e-46
1 2.76216784255479e-36 2.49805612449029e-62
1.77540448393972e-34 1 3.34162651458813e-38
1 8.93145479879402e-40 3.77245703866757e-53
1 9.10347236836061e-35 4.34349680563304e-65
2.11919163527949e-35 1 9.98232096324942e-34
