1.66013771282942e-38 5.9408937747694e-60 1
3.05975992490832e-27 1 1.18283924184605e-46
3.67045211861953e-33 1 5.78075205043731e-54
4.08584232542759e-39 1 1.42791672231501e-64
3.71384209985527e-31 5.88555158613689e-51 1
1 1.22813409817211e-35 1.41309171803359e-40
1 5.08782845313963e-35 1.78023426916579e-35
1 7.69465851128864e-37 5.57713559787268e-30
6.04638974037378e-37 1 1.53156506755265e-56
1 3.24605572704213e-44 7.70251480014192e-44
1 1.18343499344917e-35 4.65953782488435e-42
1 7.75471658405876e-39 1.07370268886152e-39
1.21839151548904e-27 1.71570580805825e-38 1
1 3.71688843121038e-29 2.51476243666679e-41
4.25412845189703e-39 1 1.19190422158011e-71
1 2.69743639446184e-33 7.14029936841968e-38
5.38232497389055e-27 1 7.17004639443508e-46
1 1.55036312908202e-40 8.63628270134476e-28
1 3.51790819639739e-31 5.59459819300158e-38
1 4.53820303791628e-33 2.61743634622611e-32
2.0063401880455e-40 1 1.00362763452587e-55
1 7.69040282365501e-32 7.37396964458948e-44
1 2.32507242092682e-42 6.4184193508251e-46
1 5.66641199898533e-32 2.56887833051201e-33
1 7.06205801419971e-31 2.00987375498611e-44
1 1.02654337551069e-32 1.81900557453665e-33
1 3.94085753037032e-27 7.22250025553043e-32
1.11326052836764e-27 1 1.186247006318e-50
3.050294158765e-29 9.81814546193645e-53 1
2.46622610457925e-31 1 1.13164976069319e-51
1.74038099567619e-35 1.55966094482345e-53 1
1 5.96672315317748e-45 6.71274740148036e-43
6.48857964619813e-32 1 8.55054045723143e-52
1 1.47670112629211e-34 2.09081264250845e-40
8.13534036013145e-40 1 1.38681515046437e-59
2.10333008223775e-32 1 3.98643568310831e-54
1 2.14590177798015e-34 2.34476742660641e-23
3.36425817209772e-41 2.6427360152217e-59 1
5.52748713772138e-40 5.78708845485225e-65 1
5.9551327596888e-41 1 3.7512340574102e-68
1 5.69465307454493e-42 6.87023775831142e-47
1.45569245257099e-35 1.03417380088918e-55 1
1.74754172326859e-41 1 8.62889914034176e-63
1 3.18833326198111e-26 9.64505465497993e-32
1 1.09810170593869e-31 2.49707483991686e-33
1 4.01421582603428e-23 2.61568214583605e-43
1 4.19038588629656e-35 9.29269631765928e-34
5.07876792617035e-23 2.730965222348e-34 1
1 2.95339604817656e-47 6.56108091285079e-39
1 1.06017362791366e-45 6.66404534281624e-45
2.12951377119272e-38 1 9.16746478349637e-60
5.52014900569579e-37 1 1.62200183195614e-65
1 6.44569685827626e-44 3.28939949871469e-38
1 9.86280410341536e-41 4.84904748725717e-46
3.73106778862166e-41 1 1.21519984524544e-56
1.35661325464203e-32 3.65541440600401e-53 1
1 9.50732204866238e-37 1.48036802611341e-40
2.51224515894234e-42 5.12331214379742e-60 1
4.44125797350786e-43 1.3831074574022e-57 1
1.07799750820915e-36 1 5.374919268393e-46
1.0900545995779e-30 6.18786050915e-45 1
8.88418613807972e-23 1 5.55852280176587e-40
4.7284464107218e-34 4.83507381008596e-53 1
8.79739805454748e-45 7.43496755260765e-55 1
3.04460205927852e-34 1 1.67865239726461e-61
1 7.54038033188544e-40 1.68739324759003e-40
1 2.35344783194334e-36 8.07876753378795e-48
1 2.10253929193609e-39 1.20068865252308e-34
1 1.42098291502026e-32 3.79358082838545e-31
3.74299856743645e-40 1 8.60514809601669e-58
5.93814653628347e-42 3.27920005976925e-56 1
1 3.95605568084458e-41 2.10208665206223e-35
3.53769655190989e-36 1 1.58966871538179e-59
1 2.31682231333652e-36 1.09034266023041e-30
4.64067254240722e-36 1 5.47304259748171e-53
1 4.38703704288281e-39 2.20768253990731e-36
3.9606978078051e-26 1 6.57708510475723e-42
4.31273289570925e-44 5.01192257462085e-71 1
1 1.04543711201956e-36 4.04519746571505e-41
6.2861838508899e-31 7.87601269788876e-57 1
5.08122771252721e-26 7.34180091108421e-52 1
4.11557060574946e-34 1 1.44181697418493e-45
1 8.66362903726848e-39 1.69213847497151e-25
1 2.10083576639764e-35 8.58872156256471e-33
4.80848938801252e-31 7.62622372370006e-61 1
7.62234434996866e-36 7.43176867168221e-60 1
1 2.12863742492061e-32 5.33294048099397e-36
9.19490454059405e-31 1.96343352061641e-55 1
3.22342867096804e-45 1 4.04400798179341e-63
1 2.29211093486408e-31 1.03220348007473e-33
1 6.68222537483143e-36 1.39847246714884e-40
1 3.80559010962481e-35 5.6766755243843e-37
0.999999999999998 2.02734726816191e-15 8.29301465869227e-25
1 4.76575479672107e-43 2.99505784530653e-46
1 4.88921090621946e-37 3.05616132312477e-32
3.07459560817276e-38 7.69705717285446e-58 1
5.32219527920431e-30 1 1.87461501173781e-50
1.72751820085164e-34 1 2.02737654086018e-65
8.3854989197231e-34 1.31172992957473e-56 1
1 3.32330495489315e-42 3.04782252501458e-42
3.70887453365387e-37 1 1.22227537080495e-58
1 3.83857168786644e-38 1.05728331370429e-31
4.16094902757204e-39 1 3.8525372917224e-66
5.21931773806537e-30 1 9.2867628896361e-51
5.7048737215291e-33 2.19413908862778e-53 1
2.95075769239635e-24 1 1.23271752215156e-43
2.26239204055019e-46 1.1606721594253e-58 1
9.12498977808096e-33 1 3.60548102543452e-59
1 3.73710352381222e-32 2.24677513848318e-40
3.49638051738505e-31 2.36945308896668e-48 1
1 3.11764150579885e-40 1.22931549668129e-39
1 1.5355718441834e-27 7.19352440412381e-28
5.10283529790031e-39 1 1.58020255209904e-65
5.43518603316715e-34 1 2.71783270619814e-53
1 2.87736708683062e-37 1.0686387520567e-42
1.55091248759952e-35 1 9.64725281574239e-60
1 2.9804932533199e-33 1.6129254111321e-40
1.92223890174204e-31 1 3.34158938469943e-52
6.2962761019958e-39 1 9.1788941161011e-61
1 9.54409586577409e-36 1.21325886453804e-32
1 8.80949041037403e-35 6.11734193370638e-54
1 1.16890284842932e-37 6.96725787800158e-27
1 6.03921722539648e-39 1.72120393630804e-35
1 7.40728933336603e-42 1.87771629659015e-34
2.32943389335936e-29 9.10715327085593e-50 1
1 3.2895599120574e-47 5.52425439170816e-40
5.52278544857483e-34 4.71129825629874e-59 1
2.80980992436224e-36 1 2.55869741103408e-50
6.55988327241856e-35 1.91944580695983e-54 1
1.53391220327604e-44 1.16693816812806e-61 1
1.11218824433971e-45 1 4.51341152263572e-61
1 4.64968990999749e-39 3.91681766373919e-38
3.45585822774649e-35 1 1.61650811578945e-59
1.24122884117381e-42 1.13867690550778e-60 1
1 2.68354335944845e-33 1.33713933581679e-36
1 9.45886111318981e-27 5.09877150052624e-42
1 1.11916366881893e-30 3.43742348879805e-28
1 8.93910366388388e-29 1.16964089847045e-43
1.11197783587525e-42 1 3.24439889169931e-65
7.89581164497301e-30 1 6.90208828828837e-53
9.36454348640242e-29 1 7.39959462121739e-40
3.93926842449776e-36 1 1.26164366953422e-62
1 7.4034396536185e-33 4.7405436944427e-38
1.06298956444975e-43 2.65691523709419e-64 1
4.07337005689416e-38 1 3.0505826215325e-64
1 2.08239908443678e-32 7.88731516277386e-37
4.37345911692698e-25 1 3.96780131087498e-53
1 1.01511862625379e-29 4.15287417873026e-33
3.8613842705746e-36 7.86072823471178e-53 1
1 8.47603687626471e-39 3.16119806636881e-32
1.12110379648016e-28 1.95779320213713e-45 1
1.03136544348935e-33 1.9964189548217e-53 1
8.28679291380419e-31 1 7.96304930434109e-62
1 1.38342172435556e-28 1.46103772231214e-24
1 1.59803401836282e-22 6.62016784991321e-28
6.99081214993728e-35 6.48766217623984e-58 1
1 1.14398875868691e-41 7.14038082367141e-47
1.83607085073046e-38 1.28045015630676e-71 1
1 1.65715269310477e-39 4.91289847569586e-40
1 2.33539058166528e-33 2.42236562602288e-37
1 2.44460097181507e-42 4.31109801189796e-42
1 6.03361419233792e-33 9.32349636671972e-44
2.74622591045211e-29 1 3.08893019945441e-49
2.15058891245422e-34 1 8.35638815487336e-56
1 8.58739048129419e-49 2.22478443067842e-34
1.72582756117461e-43 2.08012821709199e-70 1
3.25751179574832e-31 3.02917930292193e-51 1
1 1.05708512601972e-40 1.565885852434e-35
1 1.43354351134596e-39 4.0661369218251e-41
1 6.23100382021744e-25 1.4264282889662e-37
2.05644151909548e-40 5.09507138742184e-64 1
2.79862949952196e-41 6.51262689961057e-57 1
1 1.14501469235982e-33 3.049389478832e-34
2.52861034082333e-29 1.05261662843235e-46 1
1 1.23819968506867e-41 6.02115336170056e-31
1 1.43612224557098e-32 5.64886813900961e-33
6.83385394720624e-41 1 3.95724467353953e-66
1.28305829742891e-36 2.28207226513898e-61 1
1.04747802347779e-29 1 1.32551921154601e-47
1.41675610582522e-41 2.63681770467889e-63 1
1 1.15847529595042e-32 2.22197999851061e-34
1.66621323257098e-34 1 1.65406456736751e-66
6.33691224193256e-36 1 9.85963565317168e-59
7.48168374501793e-36 4.09996469214082e-54 1
1 5.68493243318465e-36 1.22018472293089e-42
1 1.0415943209082e-48 3.62186073790457e-46
6.58957253334325e-41 5.91645916767807e-58 1
1 4.59950732858447e-31 4.16481313531355e-38
1.18602641155558e-39 1.18081373205558e-68 1
1 1.65402581911131e-38 4.98201828842011e-50
1 8.33431209210696e-36 4.85240823962539e-37
5.64012899772989e-45 1 1.25448631831102e-60
1 7.25548301751978e-31 1.37532581137989e-36
9.05091590627256e-31 5.15748325741444e-63 1
1 1.98127677463458e-40 5.9975661981544e-42
1 9.21964687732379e-38 6.23834906982492e-35
1 3.96828407410131e-39 1.00664903544231e-43
2.79129785194838e-32 1 3.43277863813113e-59
2.63492068202321e-27 1 7.3665260901528e-55
7.60565032498297e-36 1 2.2738373008182e-60
5.40949918958404e-32 1 3.81049488029715e-47
1.55827249402881e-37 1 1.50061463115466e-63
1 3.06059131490375e-34 1.06623800169338e-44
1 1.67985092873321e-33 5.13123435974346e-41
2.36298972342848e-40 1.14462747640781e-55 1
1.51592435312661e-31 7.6430639643191e-46 1
6.37512836720584e-38 2.0103388619659e-61 1
1.10254334346952e-37 1 9.45931636933897e-64
8.33505307735877e-34 2.6425210962481e-60 1
1 3.94441088512868e-35 9.19379740753167e-38
2.9032500904437e-32 1 1.87231865124097e-57
5.99174032984927e-36 7.12805917643131e-53 1
1 1.80386237389343e-30 9.5355314614601e-43
5.65094250075293e-39 6.71084262962455e-64 1
7.31880764130201e-48 1.75191229212737e-67 1
1.40591701058236e-28 1 2.099536962459e-61
4.81833080235579e-32 1.63308836225283e-57 1
1 1.3371759688853e-27 1.28829405707881e-33
4.73006118210946e-34 1 1.73546794435106e-64
1.13217099089373e-30 1 6.24987319994374e-66
1 2.08124910535663e-29 2.98918919941135e-38
1 1.12775228805911e-47 5.88764541572799e-34
2.28151298904827e-42 1.77142207600673e-62 1
1 2.60797982724316e-31 7.32169485720089e-27
4.71425220780127e-32 1 2.35930432642893e-52
8.45226274113092e-38 9.9003230424543e-53 1
1.24716801423575e-41 1 2.80999667071179e-59
1 4.66577440180546e-32 2.67617223045198e-37
1 9.68840350123989e-40 1.39590598739491e-25
1 4.28710919375876e-30 2.33342113946037e-32
1 3.00407476012821e-33 4.09094126717154e-34
1 4.80205389529627e-35 2.0776029485899e-42
1 3.08983531025912e-35 2.72481076722814e-32
1.0439584680416e-38 9.8360816565728e-59 1
6.48722399109512e-47 1 4.25501337361057e-61
1 2.97045423732808e-32 7.73079516839452e-44
1 2.66256696732065e-23 4.71483544662966e-30
8.92395355630361e-40 1 2.53478089285099e-59
1 1.66049551898904e-29 1.75370491717167e-39
1 1.74966818869702e-36 4.97591200951692e-32
1.40572185549429e-37 1.10346665079294e-55 1
1 1.50873790861281e-38 1.03597563088061e-32
1 1.38993435783775e-35 7.63069327780387e-38
8.59400046532582e-28 1 3.09697695336053e-52
1 1.84531489142823e-38 3.59541046953623e-43
1 1.22002279069874e-40 1.34171360852327e-34
1 1.22989977678822e-33 7.41075500445188e-41
4.29176289377277e-37 1.16528764674084e-55 1
3.25278394448295e-38 1 3.39442662213566e-59
1 2.20972287651905e-31 9.16139690031536e-41
1.44073385038358e-44 2.0609909519568e-66 1
1 3.14445882611215e-37 3.72903132905729e-41
1 1.53370705607966e-45 9.10801531058443e-49
7.07154354753445e-41 1 2.86442639008535e-59
2.39113216199383e-36 1 1.37418039252192e-56
6.79391374301991e-34 1 4.56963520957671e-60
1 2.45803580957734e-43 3.99890683873744e-33
1 1.46689359936039e-31 1.80029586402992e-42
2.36212784192783e-39 1.48506169618714e-58 1
2.88192397972355e-33 1.63728280240389e-66 1
1 2.90238507182623e-37 8.59062492835787e-40
4.93851080113594e-42 1.26894997220375e-62 1
2.15097445762254e-40 3.36049979530615e-58 1
1 9.25539911230596e-35 2.49230910278584e-47
1 1.00199845297048e-42 2.17956219712923e-39
1.83002810100898e-37 1 7.05621294206774e-63
1 2.88671417948242e-32 7.75361157085049e-35
2.46180087846298e-35 1.2238190375083e-64 1
1.28768271471567e-35 1 1.29435320196071e-59
1 8.91470863860565e-35 1.51264159932688e-31
1 4.16652782283221e-33 2.89931030596845e-34
4.78812183785845e-34 5.12150691940512e-47 1
1 6.00120977912346e-33 7.43671695188717e-40
1 6.80018354430651e-37 1.42900726301117e-41
1 3.51986518399173e-27 2.53904386476727e-28
1.32742176233827e-28 1.71087020987135e-46 1
7.30259787883369e-32 1 7.25039196665345e-54
1 1.04649314959793e-41 1.3855822691879e-28
8.7652437864752e-45 1 2.81130729536256e-65
1 1.78092727717731e-36 1.13610456733052e-24
2.35688415647448e-36 3.7779489209868e-59 1
1 5.78227811666668e-41 1.43344167485558e-41
1 4.39341007526269e-27 1.0860032402054e-35
1 3.70493741059327e-47 2.12961878583075e-32
2.56133071070101e-26 1 1.34955869081495e-58
1 1.36544782750115e-34 6.99444095461223e-42
1 2.20666346567444e-30 1.34424810545406e-27
1 2.40201902480462e-33 3.98532601305399e-33
1 2.70994761046829e-29 2.86179316357082e-35
1.732870176764e-36 5.2400567490853e-61 1
2.06510584010655e-36 7.9578684822195e-58 1
8.53659942318249e-36 1 9.4627829932089e-63
1 3.75841467336851e-29 2.14189700968898e-33
8.57939062151672e-37 1.28001650494587e-55 1
1 1.21282863488911e-32 1.25479371241521e-38
1 6.38480829493425e-32 7.96786162380631e-31
1 1.84149165894542e-39 5.23859797944924e-36
2.92495430145163e-38 1 6.92472542924996e-60
4.2204535574991e-40 8.62627114405893e-73 1
1.46596554032484e-32 1 3.27921203512327e-58
