1.01511862625406e-29 1 4.15287417873038e-33
1 5.32219527920628e-30 1.87461501173826e-50
1 9.36454348640455e-29 7.39959462121949e-40
1.1386769055083e-60 1.24122884117381e-42 1
2.20666346567491e-30 1 1.34424810545413e-27
2.100835766398e-35 1 8.58872156256654e-33
1 5.10283529790241e-39 1.58020255209981e-65
1 8.92395355630716e-40 2.534780892852e-59
3.95605568084654e-41 1 2.10208665206188e-35
4.39341007526366e-27 1 1.08600324020551e-35
1.38310745740291e-57 4.44125797350824e-43 1
1.2804501563073e-71 1.83607085073041e-38 1
1.71087020987203e-46 1.32742176233823e-28 1
2.31682231333754e-36 1 1.09034266023033e-30
2.44460097181629e-42 1 4.31109801189711e-42
1 1.83002810100963e-37 7.05621294207135e-63
1.2381996850693e-41 1 6.02115336170005e-31
7.62622372370331e-61 4.80848938801245e-31 1
3.36049979530672e-58 2.15097445762236e-40 1
4.64968990999941e-39 1 3.91681766373913e-38
3.06059131490454e-34 1 1.06623800169347e-44
1 4.37345911692838e-25 3.96780131087651e-53
1.36544782750191e-34 1 6.99444095461064e-42
6.38480829493561e-32 1 7.96786162380665e-31
4.28710919375913e-30 1 2.33342113946057e-32
7.69465851129225e-37 1 5.57713559787244e-30
1.0464931495986e-41 1 1.38558226918776e-28
1 4.71425220780268e-32 2.3593043264297e-52
1.22381903750868e-64 2.46180087846284e-35 1
3.32330495489405e-42 1 3.04782252501463e-42
1.63728280240426e-66 2.88192397972298e-33 1
2.35344783194417e-36 1 8.07876753378761e-48
1.0526166284327e-46 2.52861034082319e-29 1
1.53370705608001e-45 1 9.10801531058366e-49
1 6.48857964620044e-32 8.5505404572352e-52
9.83608165657364e-59 1.04395846804144e-38 1
1.59803401836289e-22 1 6.62016784991386e-28
1 1.5582724940293e-37 1.50061463115509e-63
1.15847529595078e-32 1 2.22197999851045e-34
5.09507138742242e-64 2.0564415190951e-40 1
1 3.70887453365529e-37 1.22227537080533e-58
1 7.605650324986e-36 2.27383730081917e-60
1 1.1025433434699e-37 9.45931636934166e-64
1 6.48722399109816e-47 4.25501337361275e-61
1 6.04638974037593e-37 1.53156506755313e-56
1 3.93926842449943e-36 1.26164366953486e-62
1.99641895482244e-53 1.03136544348932e-33 1
5.12150691940715e-47 4.78812183785872e-34 1
1.05708512601996e-40 1 1.56588585243423e-35
9.90032304245655e-53 8.45226274112983e-38 1
1 1.40591701058272e-28 2.0995369624596e-61
5.9408937747721e-60 1.66013771282954e-38 1
1 2.6349206820243e-27 7.36652609015657e-55
1 5.52014900569791e-37 1.6220018319566e-65
1 8.59400046532826e-28 3.0969769533615e-52
1 1.11197783587572e-42 3.2443988917006e-65
2.36945308896722e-48 3.49638051738465e-31 1
1.21282863488959e-32 1 1.25479371241515e-38
7.69040282365697e-32 1 7.37396964458948e-44
1 1.24716801423623e-41 2.80999667071291e-59
2.2820722651393e-61 1.28305829742873e-36 1
5.12331214379844e-60 2.51224515894191e-42 1
1 8.53659942318637e-36 9.46278299321266e-63
1 6.79391374302251e-34 4.56963520957801e-60
2.08124910535743e-29 1 2.98918919941156e-38
3.80559010962622e-35 1 5.67667552438422e-37
1.50873790861348e-38 1 1.0359756308805e-32
1 5.43518603316831e-34 2.71783270619837e-53
3.70493741059485e-47 1 2.12961878583063e-32
1 2.00634018804653e-40 1.00362763452647e-55
1 1.11326052836783e-27 1.18624700631815e-50
1 6.29627610199848e-39 9.17889411610606e-61
1.71570580805867e-38 1.21839151548898e-27 1
7.43496755260913e-55 8.79739805454698e-45 1
5.96672315317986e-45 1 6.71274740147979e-43
6.23100382021841e-25 1 1.4264282889663e-37
6.8001835443098e-37 1 1.42900726301105e-41
1 1.28768271471616e-35 1.29435320196115e-59
1.6604955189897e-29 1 1.7537049171715e-39
3.51986518399276e-27 1 2.53904386476693e-28
1 6.83385394720993e-41 3.95724467354189e-66
1.22989977678874e-33 1 7.41075500445145e-41
1 5.21931773806693e-30 9.286762889639e-51
1.12775228805943e-47 1 5.88764541572866e-34
1.16528764674137e-55 4.29176289377271e-37 1
1 1.74754172326916e-41 8.62889914034373e-63
4.19038588629763e-35 1 9.29269631766033e-34
9.81814546194008e-53 3.050294158765e-29 1
8.58739048129871e-49 1 2.22478443067804e-34
2.06099095195779e-66 1.44073385038367e-44 1
3.00407476012924e-33 1 4.09094126717102e-34
1.96343352061691e-55 9.19490454059275e-31 1
3.27920005976971e-56 5.93814653628297e-42 1
2.32507242092795e-42 1 6.41841935082456e-46
3.94441088513009e-35 1 9.19379740753128e-38
9.86280410341859e-41 1 4.84904748725628e-46
1.42098291502054e-32 1 3.79358082838545e-31
2.97045423732917e-32 1 7.73079516839386e-44
2.73096522234877e-34 5.07876792617017e-23 1
1.78092727717794e-36 1 1.13610456733051e-24
2.70994761046918e-29 1 2.86179316357053e-35
4.53820303791744e-33 1 2.61743634622644e-32
5.78708845485422e-65 5.52748713772106e-40 1
8.80949041037641e-35 1 6.11734193370577e-54
1.16067215942556e-58 2.26239204055006e-46 1
4.01421582603431e-23 1 2.61568214583661e-43
1.98127677463505e-40 1 5.99756619815431e-42
1 8.13534036013445e-40 1.38681515046485e-59
3.65541440600568e-53 1.35661325464209e-32 1
7.87601269789032e-57 6.28618385088874e-31 1
1 8.28679291380737e-31 7.96304930434471e-62
1.43612224557114e-32 1 5.64886813901026e-33
3.73710352381297e-32 1 2.2467751384834e-40
1 1.04747802347808e-29 1.32551921154655e-47
6.71084262962817e-64 5.65094250075293e-39 1
3.83857168786769e-38 1 1.05728331370438e-31
1.46689359936096e-31 1 1.80029586402974e-42
6.44569685827938e-44 1 3.28939949871469e-38
1.48506169618757e-58 2.36212784192763e-39 1
1 2.56133071070138e-26 1.34955869081514e-58
2.98049325332125e-33 1 1.61292541113198e-40
3.18833326198198e-26 1 9.64505465498007e-32
9.50732204866603e-37 1 1.48036802611318e-40
1 3.0597599249088e-27 1.1828392418461e-46
8.62627114406334e-73 4.2204535574991e-40 1
1.14398875868741e-41 1 7.14038082367029e-47
1 9.12498977808355e-33 3.60548102543514e-59
6.48766217624205e-58 6.99081214993678e-35 1
1 2.79129785194917e-32 3.43277863813162e-59
3.51790819639809e-31 1 5.59459819300166e-38
1 8.88418613808155e-23 5.55852280176737e-40
1.38342172435599e-28 1 1.46103772231196e-24
1 1.5509124876001e-35 9.64725281574705e-60
1 4.64067254240802e-36 5.47304259748163e-53
1 4.08584232542945e-39 1.42791672231586e-64
1.10346665079332e-55 1.40572185549427e-37 1
1.95779320213774e-45 1.12110379648005e-28 1
8.33431209210957e-36 1 4.85240823962512e-37
1.75191229212762e-67 7.31880764130056e-48 1
1 8.76524378647894e-45 2.81130729536375e-65
2.19413908862865e-53 5.70487372152943e-33 1
1.65715269310543e-39 1 4.91289847569523e-40
6.51262689961113e-57 2.79862949952149e-41 1
1 4.11557060575086e-34 1.44181697418517e-45
6.03921722539854e-39 1 1.72120393630804e-35
2.87736708683168e-37 1 1.06863875205673e-42
1 2.92495430145271e-38 6.92472542925251e-60
1 3.73106778862277e-41 1.21519984524579e-56
5.24005674908813e-61 1.73287017676407e-36 1
1 2.12951377119369e-38 9.16746478350158e-60
1.14501469236022e-33 1 3.04938947883174e-34
8.9391036638877e-29 1 1.16964089847035e-43
7.54038033188877e-40 1 1.68739324758996e-40
3.24605572704375e-44 1 7.70251480014104e-44
1.77142207600754e-62 2.28151298904811e-42 1
1.53557184418408e-27 1 7.19352440412238e-28
3.77794892098788e-59 2.35688415647441e-36 1
6.03361419233981e-33 1 9.32349636671879e-44
2.2097228765199e-31 1 9.16139690031471e-41
1.06017362791408e-45 1 6.66404534281548e-45
1 2.90325009044481e-32 1.87231865124172e-57
1 2.10333008223871e-32 3.98643568311047e-54
1 3.67045211862062e-33 5.78075205043896e-54
1.16693816812822e-61 1.53391220327584e-44 1
2.69743639446261e-33 1 7.14029936841988e-38
1 2.46622610458009e-31 1.13164976069369e-51
5.15748325741502e-63 9.05091590627063e-31 1
1 1.66621323257157e-34 1.65406456736793e-66
4.38703704288474e-39 1 2.20768253990703e-36
4.83507381008733e-53 4.7284464107214e-34 1
7.12805917643334e-53 5.99174032984876e-36 1
9.54409586577775e-36 1 1.21325886453787e-32
2.10253929193666e-39 1 1.20068865252322e-34
7.40728933336971e-42 1 1.87771629658997e-34
1 1.7275182008521e-34 2.02737654086041e-65
1.84531489142905e-38 1 3.59541046953588e-43
1.09810170593897e-31 1 2.49707483991707e-33
3.11764150579916e-40 1 1.22931549668123e-39
1 4.07337005689521e-38 3.05058262153336e-64
1 1.07799750820967e-36 5.37491926839606e-46
2.45803580957814e-43 1 3.99890683873778e-33
9.21964687732759e-38 1 6.2383490698251e-35
7.64306396432127e-46 1.51592435312639e-31 1
8.66362903727205e-39 1 1.69213847497162e-25
5.68493243318602e-36 1 1.22018472293075e-42
1 3.25278394448434e-38 3.3944266221373e-59
1.33717596888605e-27 1 1.28829405707861e-33
1 1.46596554032522e-32 3.27921203512429e-58
2.63681770467987e-63 1.41675610582518e-41 1
7.06205801420232e-31 1 2.00987375498596e-44
4.8020538952975e-35 1 2.07760294858998e-42
1 1.13217099089397e-30 6.24987319994463e-66
3.7168884312118e-29 1 2.51476243666672e-41
1.11916366881917e-30 1 3.43742348879769e-28
2.64273601522336e-59 3.3642581720981e-41 1
2.01033886196698e-61 6.37512836720602e-38 1
2.08012821709199e-70 1.72582756117402e-43 1
4.76575479672242e-43 1 2.99505784530653e-46
7.34180091108609e-52 5.08122771252685e-26 1
5.66641199898735e-32 1 2.56887833051197e-33
1 2.39113216199454e-36 1.37418039252235e-56
2.9023850718273e-37 1 8.59062492835811e-40
4.59950732858675e-31 1 4.1648131353129e-38
3.75841467336963e-29 1 2.14189700968925e-33
6.00120977912517e-33 1 7.43671695188665e-40
1.3117299295751e-56 8.38549891972238e-34 1
1 7.07154354753836e-41 2.86442639008731e-59
1 3.45585822774787e-35 1.61650811579001e-59
5.69465307454614e-42 1 6.87023775831181e-47
2.66256696732114e-23 1 4.71483544663006e-30
2.29211093486482e-31 1 1.03220348007458e-33
1.03417380088944e-55 1.45569245257087e-35 1
5.88555158613756e-51 3.71384209985464e-31 1
1.22813409817235e-35 1 1.41309171803357e-40
1.04543711201971e-36 1 4.04519746571534e-41
1.04159432090862e-48 1 3.62186073790437e-46
1 7.89581164497548e-30 6.90208828829092e-53
2.68354335944956e-33 1 1.33713933581661e-36
1.00199845297094e-42 1 2.17956219712904e-39
1.1446274764082e-55 2.36298972342834e-40 1
1.16890284842983e-37 1 6.96725787800079e-27
1 2.15058891245483e-34 8.35638815487514e-56
8.47603687626832e-39 1 3.16119806636867e-32
1 1.92223890174262e-31 3.34158938470076e-52
7.86072823471268e-53 3.86138427057394e-36 1
5.78227811666849e-41 1 1.43344167485567e-41
6.18786050915175e-45 1.09005459957792e-30 1
3.96828407410277e-39 1 1.00664903544236e-43
1.84149165894607e-39 1 5.23859797944917e-36
3.08983531025978e-35 1 2.72481076722829e-32
3.0291793029227e-51 3.257511795748e-31 1
1.63308836225338e-57 4.81833080235504e-32 1
2.60797982724419e-31 1 7.32169485720032e-27
1.18343499344953e-35 1 4.65953782488521e-42
1.47670112629255e-34 1 2.09081264250863e-40
7.43176867168516e-60 7.62234434996822e-36 1
9.6884035012443e-40 1 1.39590598739504e-25
1 4.16094902757322e-39 3.85253729172305e-66
1.18081373205615e-68 1.18602641155558e-39 1
1 5.95513275969134e-41 3.75123405741191e-68
1.02654337551104e-32 1 1.81900557453668e-33
9.25539911230833e-35 1 2.49230910278588e-47
2.33539058166594e-33 1 2.42236562602309e-37
1 6.33691224193499e-36 9.8596356531756e-59
1 3.74299856743789e-40 8.60514809602011e-58
1.91944580696032e-54 6.559883272418e-35 1
2.12863742492122e-32 1 5.33294048099375e-36
1.28001650494638e-55 8.57939062151624e-37 1
1 2.95075769239666e-24 1.23271752215158e-43
2.027347268162e-15 0.999999999999998 8.29301465869362e-25
2.08239908443729e-32 1 7.88731516277532e-37
1 3.04460205927991e-34 1.67865239726566e-61
1.67985092873354e-33 1 5.13123435974353e-41
2.14590177798073e-34 1 2.34476742660656e-23
7.25548301752226e-31 1 1.37532581137976e-36
9.10715327085929e-50 2.32943389335933e-29 1
2.642521096249e-60 8.33505307735877e-34 1
1 4.73006118211148e-34 1.73546794435175e-64
5.91645916768076e-58 6.58957253334372e-41 1
9.45886111319283e-27 1 5.09877150052639e-42
1 7.30259787883743e-32 7.25039196665799e-54
8.91470863860844e-35 1 1.51264159932679e-31
4.71129825630022e-59 5.52278544857451e-34 1
1 5.40949918958543e-32 3.81049488029845e-47
1 3.22342867096951e-45 4.0440079817956e-63
1.43354351134637e-39 1 4.06613692182487e-41
1.65402581911187e-38 1 4.98201828842025e-50
2.95339604817795e-47 1 6.56108091284976e-39
1.55966094482425e-53 1.74038099567624e-35 1
1 2.80980992436351e-36 2.55869741103539e-50
7.69705717285862e-58 3.07459560817294e-38 1
1.22002279069944e-40 1 1.3417136085231e-34
1.80386237389376e-30 1 9.53553146146145e-43
4.66577440180705e-32 1 2.67617223045186e-37
2.65691523709525e-64 1.06298956444977e-43 1
3.940857530372e-27 1 7.22250025553002e-32
7.7547165840624e-39 1 1.07370268886148e-39
5.01192257462384e-71 4.3127328957095e-44 1
1.26894997220401e-62 4.93851080113517e-42 1
1.5503631290829e-40 1 8.63628270134347e-28
2.88671417948345e-32 1 7.75361157085038e-35
1.38993435783816e-35 1 7.63069327780409e-38
2.40201902480547e-33 1 3.98532601305353e-33
4.88921090622113e-37 1 3.0561613231249e-32
1 5.64012899773229e-45 1.25448631831173e-60
1 1.11218824434017e-45 4.51341152263803e-61
1 4.25412845189866e-39 1.19190422158061e-71
3.28955991205871e-47 1 5.52425439170824e-40
5.08782845314071e-35 1 1.78023426916597e-35
1 5.38232497389204e-27 7.17004639443681e-46
1.74966818869764e-36 1 4.97591200951714e-32
1 3.96069780780611e-26 6.57708510475873e-42
3.14445882611362e-37 1 3.7290313290566e-41
6.68222537483342e-36 1 1.39847246714882e-40
4.09996469214187e-54 7.48168374501729e-36 1
1 2.74622591045324e-29 3.08893019945586e-49
7.40343965362166e-33 1 4.74054369444237e-38
7.95786848222221e-58 2.06510584010647e-36 1
4.16652782283292e-33 1 2.89931030596857e-34
1 3.53769655191105e-36 1.58966871538242e-59
