3.67505317796199e-31 5.87388395022184e-30 1
3.43190383018074e-39 3.42371628950249e-45 1
6.82815387433368e-86 1 2.10103839866192e-37
1.11022123768728e-49 1.74971515880355e-49 1
6.14778222585254e-40 1.04426057728022e-52 1
1 4.50807406919627e-73 2.60137682621944e-45
5.59412354582958e-78 1 3.6690051650117e-45
3.81975489102797e-46 8.96414389511678e-33 1
1.60284029402884e-33 5.08111353261695e-40 1
4.1280281732426e-74 1 9.42431009779688e-43
4.44502572644892e-84 1 3.64619960340431e-44
4.42581523718612e-35 1.65255666723121e-40 1
4.63281244002917e-41 1.3298530259145e-43 1
7.69224856642299e-55 1 3.24307316962817e-29
7.95533780465552e-52 2.30479402156981e-43 1
4.10973991768728e-37 1.32329651289221e-35 1
1 4.58574683873623e-78 4.0845648326476e-39
1 9.92362289547562e-74 5.42778825140199e-45
1.57059015850486e-41 3.84635709335615e-36 1
2.64671636655711e-77 1 4.18247741525137e-49
5.27708927403976e-65 1 8.97399519968536e-39
1 5.63109970803484e-74 4.15030506977077e-52
1.21015812879448e-71 1 8.76799846632193e-50
1.27855066517769e-42 1.08795624791357e-38 1
1 6.01610319619384e-71 3.67015644432011e-45
8.79535566712181e-39 9.17329936156299e-47 1
1.36696974886492e-41 1.7475734695656e-45 1
1 1.77224854597343e-63 3.55475883341703e-36
2.22207938283554e-51 1 6.96209978167388e-33
2.62463859035635e-58 1 1.61887392325823e-33
3.75955962913842e-73 1 1.77802971610927e-47
1 9.31636394267224e-73 7.55020846512491e-41
1.03803081942309e-67 1 6.28359187965132e-43
4.25431179996064e-59 1 3.34282904616803e-36
8.0367501387578e-64 1 5.60803438399852e-35
5.06281742341654e-83 1 2.75083057225381e-46
4.89723527816838e-39 3.61314189848046e-45 1
3.80082805094683e-72 1 4.04185936262005e-43
3.01864085309511e-71 1 4.22950661663416e-39
1 2.36925271264906e-78 2.88736321408913e-55
8.45963244920876e-78 1 1.08656198183342e-45
3.25992393010293e-75 1 3.71656574127837e-46
1.57777037573489e-39 2.1274562413038e-38 1
1.59290847820194e-74 1 2.45186225339757e-42
5.04813635105926e-50 6.86965680865214e-33 1
6.16980988093166e-34 6.80951130124049e-34 1
3.50610390284999e-68 1 4.9237807955885e-37
1.30848937863582e-51 5.49078724571721e-45 1
1 4.89884029751195e-77 2.53140106335393e-44
6.93712239253088e-42 5.14454113202432e-46 1
1.78793264862085e-38 3.6940840304306e-35 1
1 3.16953054435125e-71 2.02948270244607e-41
3.19756370680485e-35 1.26960783861563e-31 1
6.06982346242879e-39 3.76483187916587e-42 1
5.65331262558225e-76 1 3.50322976039301e-41
1.15779101885122e-79 1 2.24710149568072e-41
1.3705263051048e-43 6.14858767258265e-38 1
3.03089249408539e-45 4.35040538659279e-36 1
5.30804873572768e-38 5.61796681263686e-38 1
1 1.70070710095116e-79 6.3496151775126e-53
1 2.84381917058284e-74 2.30273182000917e-50
4.26577001911833e-37 8.96529811653578e-41 1
1.80782664788157e-54 5.26252591037512e-38 1
2.93603431761722e-38 1.33900926247277e-42 1
1 6.20964520421124e-50 1.01313701271033e-30
2.71338921454685e-47 2.77372191930278e-49 1
7.20892263557496e-61 1 3.64975385060282e-32
2.7196419667804e-63 1 3.89645570053983e-35
4.14845582844755e-67 1 4.55691547295695e-37
8.80556561918721e-36 8.03069966186098e-49 1
1 1.03283625824718e-64 4.55437372327458e-33
7.15493128815841e-43 3.55197931707582e-36 1
2.11810003613412e-72 1 5.95662598705581e-41
5.30227310094206e-78 1 1.64903922523936e-43
8.71049503460682e-30 2.77958877266924e-33 1
3.70975115452218e-75 1 2.72640051877453e-40
1.63724926206293e-64 1 4.60241182556535e-39
1 3.22981680730302e-70 1.41427780427367e-45
1.18012016349723e-46 1.40065076427718e-42 1
1.3318827711121e-47 4.0413607802089e-32 1
2.57727640599223e-37 3.01235950380388e-48 1
1 4.12136625121417e-73 8.30746771686025e-45
1 1.13933626886756e-75 4.9659794564328e-48
3.23073120018283e-34 3.0557828586595e-42 1
2.85871027997309e-46 4.93494558990554e-38 1
6.56492924519022e-46 2.78949421429684e-56 1
1 1.50490583892223e-82 9.16020900009794e-44
1 1.56728264674003e-72 3.18559775947971e-40
1.84129676157813e-43 5.08488901357518e-47 1
1.1421090517287e-42 1.21106833303419e-40 1
3.46440467795899e-78 1 9.90857774467672e-37
3.68027292702406e-36 4.12537982708176e-32 1
6.62202159558375e-36 5.07940419051985e-45 1
6.73487828339484e-42 5.09518575159196e-47 1
1.65904253186663e-35 3.67011760115955e-40 1
4.14852668612919e-53 1.15807419338112e-41 1
1.96250045471283e-39 7.71140640900619e-32 1
8.10516234322162e-71 1 6.80534413432827e-34
1 3.46680776802844e-63 3.26124888295427e-36
4.23388038229862e-53 6.31501488442906e-34 1
2.07916916052307e-62 1 2.16805451582693e-40
9.81179086380654e-32 3.46547147009694e-36 1
1 7.93905798011277e-78 2.81637703332208e-46
3.03584320858224e-47 2.01880954027249e-53 1
1 4.82336836904796e-67 2.22029765603779e-41
2.76414261973194e-68 1 6.95476532607309e-38
3.2444119314767e-84 1 1.00194968880919e-46
1 9.02127874048331e-73 8.36871080480924e-41
1.41890939278586e-40 4.41352554729115e-40 1
1.33739022824733e-43 3.16512434296629e-35 1
1 1.18921983748247e-69 3.82692760488706e-40
2.05477080449372e-71 1 7.79911139733518e-45
1.31523675474934e-35 3.57501355212879e-45 1
1 2.26099791690344e-79 5.13643022448618e-47
2.54610128498607e-36 5.99652731727181e-40 1
1 1.48720120213368e-61 2.66184598032253e-37
1 5.44017282492376e-67 1.13159927788126e-45
1 6.27172122827802e-79 1.13803450168527e-47
1.04498988983114e-33 1.40826838507937e-32 1
1 6.28073471324761e-75 7.93431115042005e-47
5.1420410451173e-42 3.00068844349332e-36 1
1.22112834757808e-53 2.74445817506649e-39 1
4.74724058761568e-40 1.5830367606783e-36 1
1 2.67867750504866e-67 2.70524800247689e-40
1.13521974997549e-51 3.16778595287333e-46 1
6.9063408425974e-75 1 2.4775420786099e-44
6.10480720103955e-49 4.69612168026557e-48 1
2.50613246073052e-52 7.33673764836463e-50 1
4.00125381189312e-41 4.09456672980994e-43 1
1 1.736629688992e-63 5.3679080025066e-36
1.0175782201154e-36 2.82847224473893e-49 1
1.43005839422711e-40 1.14429459111584e-44 1
1.76325526221855e-39 1.05006795799395e-37 1
1.15642297668612e-48 5.21828080045402e-38 1
9.79067266415865e-87 1 9.9267689298884e-44
1.25015815445628e-67 1 8.92656269182284e-44
1 4.43165825320147e-74 5.49296933651511e-39
2.5139601934478e-51 1 2.41939589986117e-27
1 2.497444489085e-76 1.02941511340027e-44
1 1.56229720843667e-76 3.1412889790966e-46
1 5.02327110001747e-63 3.44032408670259e-36
3.74685683308996e-43 5.46430513809091e-35 1
5.83158586457492e-50 1.27333304627084e-36 1
1.14029384722505e-57 8.25864296595006e-36 1
9.88470328338139e-49 1.59513998892784e-44 1
8.82877851246893e-71 1 2.072278898735e-43
9.22546509762068e-29 4.02380246513746e-33 1
3.25353044189547e-34 4.68957516619518e-36 1
1.27017717944272e-37 1.39199252414988e-40 1
1 2.98157504301664e-75 5.09446359552322e-41
8.29305238037313e-30 4.82634982670025e-42 1
1 3.06791329419895e-76 7.53586137904086e-43
5.08974179059811e-44 1.91030885835685e-50 1
1.50078109875066e-40 5.5023083360837e-44 1
1 1.41120707139874e-79 2.75082936502568e-45
1.57567136246488e-39 1.45942338436736e-54 1
1.45805111642834e-75 1 4.02668417325354e-35
1 1.64272711783529e-74 4.74854159099193e-48
1.8088710282982e-19 2.08260485654293e-30 1
1.61157371541917e-45 9.77116762896083e-40 1
1 5.11646971458813e-78 2.52171860342785e-41
1.35435892740414e-46 1.26378510797892e-35 1
1 9.28381078141799e-87 2.26561076162228e-45
1 5.51899645268151e-78 6.04540466558451e-43
4.86188765288126e-73 1 7.83351651242118e-42
1.2974318547255e-40 4.21927870789419e-22 1
1 4.48084027500423e-73 2.39439656144183e-41
1 2.15748866846109e-64 8.74727162595419e-38
1 1.92099659292785e-61 1.44861249227154e-33
1.89868380263625e-46 1.58393840856455e-50 1
9.40320187597196e-66 1 6.66683972001073e-35
2.24680383851345e-46 3.91523526513176e-48 1
1.81778169930271e-68 1 3.87424571039331e-39
4.93079844667864e-76 1 5.15421390035848e-40
1 1.01048233952682e-76 1.05120713245061e-41
1 3.65711873385165e-78 4.96328667901691e-43
1.29979240310069e-38 4.97626476408834e-32 1
2.9767985249662e-45 3.00765357552186e-31 1
6.37342979995483e-41 1.29347687090061e-45 1
1 4.0807133641951e-61 1.6973315093209e-34
2.60125770936346e-46 1.48335091031865e-47 1
3.52307294304665e-66 1 7.08306671458695e-43
1.92117315303735e-68 1 9.02036052745675e-35
8.14038204076904e-59 1 3.51079748752766e-28
7.66501965536667e-40 1.89712162908677e-32 1
2.88424367767432e-36 4.0223479434402e-39 1
1.19837394227077e-75 1 2.26102486772783e-45
1 3.93560655157428e-70 7.72198999256152e-39
6.14712329709187e-38 8.19046675237711e-46 1
1 1.16544061705764e-77 1.55988251681376e-49
6.312590080602e-42 2.4758885392915e-47 1
1.1944843541853e-44 4.28189838212173e-43 1
2.8985905119666e-77 1 5.48878302477501e-44
1 2.9847673461896e-64 4.68184375769557e-34
8.1474848396797e-39 3.0905265209201e-38 1
2.15523393074788e-56 1 1.77143040046664e-29
1.58460127122956e-67 1 1.07817347484083e-40
5.57291106923434e-39 3.33573707726199e-40 1
8.73655957654046e-65 1 1.29600059649571e-37
1 1.22431925174275e-71 3.01377144691383e-42
2.08174902173655e-38 1.25516134591331e-45 1
9.90781181217804e-41 2.80461728028056e-41 1
8.83119868072562e-78 1 7.10951381936972e-38
1.51626104215792e-35 3.45881509940789e-50 1
1 2.43272739713612e-76 1.5902460506668e-49
3.27190659700433e-39 2.63624392793495e-34 1
5.41142104523333e-75 1 6.6483008788123e-41
1 1.45217976157929e-52 1.12479680851528e-26
1 1.674107765834e-55 7.31094003678326e-29
1.62876738519647e-33 2.30350841008809e-39 1
1 6.47682641392723e-61 1.15106063646971e-35
1 1.86556138424553e-70 3.81512728502317e-47
1 1.7531396412895e-76 2.93688129984239e-42
1.17441126996077e-76 1 2.52097296864612e-44
1 9.80124391528671e-73 4.90298908038711e-48
1 5.24426025918519e-67 2.14891375155143e-38
1.18573089511144e-46 1.42155779912823e-38 1
1 3.77202156563597e-69 1.63626040761408e-39
1.38589381327053e-48 6.52199507402229e-54 1
1.12743580846261e-64 1 4.9063442898493e-43
1.76429414876681e-49 4.72630302340368e-36 1
1 8.49294484520423e-59 2.29598000206213e-42
1 2.47344868075129e-70 7.6111144659494e-44
1.26547323470039e-35 2.26898443621733e-30 1
1.52163785914662e-41 9.23275981439967e-40 1
3.29683104970157e-46 9.64995194069408e-49 1
8.68463941028632e-72 1 1.65413489889452e-45
2.56141873875532e-44 1.6043333180948e-37 1
1.89971382646191e-45 1.38749634333116e-30 1
4.24301169988456e-41 3.01504538471036e-42 1
1.15523668748083e-37 2.66943530919569e-46 1
5.63669941016543e-41 5.38237197246248e-27 1
1.17264703634207e-48 1.02127671888723e-43 1
1.18480043199034e-40 2.12502426754279e-42 1
2.32637604148803e-40 2.33862686756363e-44 1
2.81668652897535e-44 9.02085214478829e-47 1
1.63012762667216e-43 2.61233081760303e-47 1
1 3.46139873282898e-67 3.73845991879987e-40
1 7.73829061097351e-75 1.86488839552672e-41
8.23851230484434e-38 6.40567666756316e-45 1
1.95788501587023e-41 1.12409059884935e-45 1
1 3.27516609628115e-76 3.0063684070235e-33
5.27021678623131e-60 1 3.51585330107418e-34
1.41044917577127e-36 1.70944408552356e-44 1
1 2.44744418185651e-48 3.31706435589004e-28
2.03547361979805e-42 1.70510083229019e-38 1
1 4.99908386768122e-69 3.44194873664248e-38
3.10919939403776e-44 3.48337979453046e-42 1
1.88749055135869e-39 2.81338142671094e-47 1
4.2246324972169e-31 5.44236772190715e-46 1
3.89778240332442e-73 1 1.31029375831527e-48
2.80964803678363e-76 1 6.00053752293628e-41
3.83169992541e-69 1 6.81975056593165e-50
1 1.79057855254555e-55 8.28678293166974e-31
2.12432739051347e-40 7.61304770048455e-42 1
1.07536458243055e-47 1.79443650462597e-47 1
5.97056021896672e-71 1 3.62768323242651e-36
1 2.06780825310512e-71 3.33297079291739e-36
1 8.45025299111306e-73 4.26657925898611e-40
2.36210615449059e-44 5.1698107003166e-41 1
1 2.65892510486825e-84 3.02914161627452e-48
1.00821815444534e-74 1 6.31006884520971e-47
7.15785562984255e-44 1.98735232133456e-45 1
2.69957147090079e-47 3.61920282057266e-37 1
7.73015171345737e-46 1.7253153919044e-46 1
1.1376820646365e-33 1.02566035353333e-29 1
1.17558709229292e-37 1.4442018851479e-39 1
1.67329813541802e-41 8.43224853496056e-36 1
1 5.18611294871894e-61 3.83792005222786e-42
4.23501921545035e-77 1 9.2063345378894e-50
2.31169565342685e-73 1 2.17361697889631e-45
4.20888408480383e-66 1 5.0439645938533e-39
4.66748389335548e-62 1 3.08206132566482e-32
1.83139449940768e-61 1 1.11169410664507e-30
1 1.8816471597524e-60 2.0125932467787e-36
1 2.60584444798486e-81 3.01233320176554e-37
9.02460372671287e-36 1.75288762937095e-45 1
2.38177361722331e-35 2.97773922031906e-39 1
1 5.0752959370098e-62 1.11796616427026e-28
1.23279704591999e-37 6.28778732920064e-38 1
6.74491336059054e-46 1.85221960651256e-31 1
1 9.28519909721016e-77 4.80092648924795e-38
1 2.94003924679971e-78 7.0595029699726e-37
1.65569781593298e-40 3.47593180764565e-40 1
2.18848183365466e-68 1 7.34014056458574e-37
1.8252682485361e-35 2.94882785090797e-35 1
1.41316253921188e-33 3.96042577292962e-47 1
1.38694302183606e-69 1 1.00066522148923e-46
3.88597525378183e-78 1 2.97063908256729e-45
2.68147709020691e-37 1.38865147933371e-43 1
1 3.28217391463751e-64 1.70330675632396e-30
2.90222859450581e-42 2.78273391833205e-46 1
1 2.13519320300606e-66 2.84922006174294e-32
1 7.373259451288e-69 1.14470345474772e-35
7.13370675490236e-46 5.26754191180202e-36 1
1 2.64432443426111e-81 1.78956922323231e-44
9.39236570039419e-48 7.04004862505088e-50 1
6.33564235771189e-71 1 1.35531887875912e-38
6.08226377072945e-35 3.48127247607764e-36 1
7.62238766368619e-83 1 9.98548146387823e-43
