1 4.6766800080105e-41 4.86939349314398e-41
1.24572511168e-40 1 5.5189485930094e-65
1 1.52477084207046e-37 3.27686244105227e-37
1 2.96940676663434e-43 1.1325514104261e-46
5.46704119757741e-35 4.26354313572023e-62 1
4.68220697463821e-34 3.0434478930812e-57 1
4.32065779810352e-31 7.11182763875879e-46 1
5.27971820526492e-42 1 4.2707649379434e-60
1 6.03769843194147e-31 4.18864393813798e-39
1.42045406518333e-35 1.16009213196481e-57 1
1.93203067309153e-31 3.77439974326266e-49 1
1 3.07314306088766e-42 1.8743405964799e-43
2.24540252473488e-31 8.13495614990827e-63 1
2.57996265833682e-49 1 5.15402800308696e-65
1 7.29378854323624e-31 4.9171826517802e-32
1 6.37477299374514e-37 5.59694680871398e-48
7.30392300994775e-41 1 8.97943415378431e-60
1 7.72730082008309e-52 3.88337851522326e-34
1.05885653116612e-41 4.60318912024681e-67 1
1 3.05018508692904e-48 9.84469075722513e-40
1.12088327141086e-39 3.27022718145429e-74 1
1.81612848420169e-29 4.08009601713728e-54 1
1 2.43819966161844e-25 1.30281883699805e-27
1 3.86779677027523e-37 2.57963041374652e-38
1.57027766912977e-39 1.75173574331739e-60 1
6.10582044101144e-39 1.7186879465808e-63 1
7.85777839928611e-28 1 2.61271014280556e-50
6.78390206410269e-31 1.46399570535127e-50 1
5.47135376034745e-43 1.27980564160785e-56 1
4.492931821379e-32 1 6.88712749108099e-65
3.53818243235389e-31 1 2.18803130592834e-49
2.82930937920196e-39 1 4.76613637368154e-48
2.69540230541639e-50 1 9.96518223349376e-66
1 8.82485346728936e-41 2.33332920570744e-36
1 7.67584075359876e-33 2.50951516113233e-47
2.64903986532936e-31 2.7783114842365e-61 1
1 9.36222791008518e-48 1.91503483383863e-32
3.14299591774712e-29 1 3.29771255748049e-40
1.18212423947013e-35 6.97207719985338e-58 1
9.70805970164182e-38 7.49466851921285e-59 1
1 6.96047481749499e-32 3.86958557342408e-45
1.13675880232548e-33 1 2.97911843970719e-54
9.95565333372071e-48 3.06236317900024e-68 1
1 1.28689434510036e-33 1.89041182255017e-33
1 2.12466035334965e-37 2.73317505829502e-37
1.09058698086217e-43 1 8.67634165529483e-65
5.3010921711938e-39 1 1.39155436013419e-69
5.49980514671977e-41 3.24967749094147e-62 1
1 1.40220197606735e-35 1.6121216197331e-36
1.66582041583471e-38 1 3.61875604756973e-64
6.41156186338468e-42 3.93108177263281e-66 1
1 9.17182842761792e-35 1.75427836528975e-43
1 1.9919641328199e-45 5.62910626414493e-42
9.8654067731352e-38 1 1.06110808313463e-64
1 5.91827424337556e-48 1.22042717372074e-29
5.36910101491676e-28 2.13618502499614e-39 1
1.27033879814969e-36 4.81378404060644e-57 1
4.01261897131607e-43 1 2.82725981298778e-62
3.37805268027165e-26 1 3.87978380971431e-54
1.30877754439871e-29 4.83646183407545e-50 1
1 1.63300944541446e-33 8.16363671003572e-28
4.69224317947244e-36 1.2977750577675e-54 1
1 6.06522673150606e-51 2.9273512212631e-40
1 1.68099526674899e-45 1.12591157404024e-33
1 3.91740668337748e-28 1.08537074890325e-27
1.29134452028019e-34 1 6.53234245022722e-56
1 2.39876311420017e-35 1.03716204603657e-32
4.96740342120852e-39 1 6.24140014147893e-66
1 1.61780339572456e-35 4.87512276155567e-44
1 8.57588856972444e-35 5.60571592708845e-34
5.52734227007787e-41 1 1.13997041046075e-66
2.18081230121287e-42 1 4.95795359485298e-64
9.70301329474212e-41 2.82653029712456e-66 1
4.94317529421921e-33 4.26022125017284e-67 1
2.15935205602703e-44 1 5.08965131619186e-71
1 4.18062024998697e-38 2.16882455206913e-40
1 2.04911099630135e-46 9.81017049409913e-43
1 1.05621588562807e-37 1.74416834259886e-35
4.34177212239078e-28 1 1.30494659611723e-60
6.8533927251831e-43 1 1.48494632749898e-57
1 1.88882237846613e-32 4.36950514343319e-44
7.16783270953111e-43 4.28961480062526e-73 1
1 2.11919163527961e-35 9.9823209632497e-34
1 2.6595528889612e-40 2.33923751108026e-41
1 1.56095741601995e-38 7.44530003807992e-37
1 1.09279806720472e-35 7.00726616019823e-33
5.22004076873335e-35 1.56573294498784e-59 1
1 8.86097757483372e-39 1.38228603064402e-24
2.94981306423128e-33 1 7.64468861479665e-53
1 2.83609403050101e-36 2.3655393511723e-42
1 3.3801853856381e-41 4.43127577251644e-36
3.34798922641869e-38 1 1.27957204373923e-62
7.32253494151999e-23 5.99539256710464e-39 1
2.8455809655505e-38 1 1.50260904479043e-60
2.84799036721112e-39 1 1.35227619830004e-65
1.70166775414412e-38 1 2.2735812972398e-59
1.69639674158515e-28 5.65954295017726e-50 1
1 7.83970453579993e-33 7.94272118855457e-34
1.04820233661299e-36 1.80835705894372e-62 1
1.70085448323529e-40 1.07757522161457e-65 1
1 5.54720319958244e-31 8.80776920616878e-28
1 3.08981372849564e-29 2.82502738982068e-35
9.10347236836036e-35 1 4.34349680563304e-65
1.36487770200518e-26 1.53782288328294e-51 1
2.44022872788709e-34 1.51654269541954e-63 1
1 3.92184064337457e-35 7.6319743888712e-35
1 9.09660733671137e-35 4.02523582861936e-34
1 2.50973849242066e-34 6.84181246172435e-40
1 1.15738051886672e-37 1.65942234464775e-41
1 9.15245120141377e-40 9.62284171728423e-40
3.51247899594941e-31 5.09471148779214e-61 1
1 3.72401356347672e-38 1.06211359380332e-40
1.44281691070703e-34 1.42819314205767e-60 1
8.98708781394674e-41 1 3.32640074618245e-73
4.07291195854179e-45 4.27625434145808e-66 1
1.37594095270153e-27 1 1.33271150565938e-46
2.76216784255523e-36 1 2.49805612449043e-62
1.6671822082372e-42 7.07456288056379e-59 1
3.52665737289566e-45 1 5.23321767922815e-67
1 1.16391893409879e-41 2.23455086356477e-30
1 1.3438286593001e-39 4.28929106404386e-43
4.57256712207413e-31 3.31137621599742e-53 1
4.07135025760453e-40 1.30572170771752e-57 1
1 9.03230851963027e-42 2.0874827213754e-35
1 1.01000138303175e-26 1.29784534371984e-37
1 1.18911948313986e-39 1.89738516911309e-34
1 1.84483568751981e-26 1.67140198119707e-43
1 9.74490119113709e-34 1.01347455359337e-33
1 2.37021207497675e-40 1.43319473351524e-40
2.38933762960866e-35 1 7.38430685984465e-56
1 2.98077764311229e-43 1.78188965189255e-26
1 2.50284439389878e-42 3.42159378896751e-33
8.1176864063857e-48 1 7.72175974108657e-68
1 6.74489213028083e-36 3.470343818345e-38
1 1.77540448393982e-34 3.34162651458794e-38
1.3516418867295e-44 1 2.49071428210471e-69
1 1.62155209995689e-34 9.22642998554186e-24
2.92483512357108e-41 1 3.20157254507239e-63
1 4.41962279330441e-42 5.27851887612975e-27
5.3205374143775e-36 1 1.26955870201916e-60
5.1418740273967e-39 1 2.05161181312285e-70
1.99403488706724e-40 1.06431267799172e-73 1
1 1.21300044883531e-44 1.22603795637519e-48
1.1045931949817e-35 8.46110203326515e-63 1
1 7.77860853203487e-46 8.12259471664399e-42
4.01933498129699e-29 1 1.24289978744231e-56
1.5152995795976e-38 1 1.66716787348562e-57
1 3.24850614056955e-43 7.29101811801125e-46
4.22913297273391e-42 1 3.61463648028765e-61
1 1.76529404799085e-18 4.06136038716921e-25
1 6.17849763674264e-43 2.92020045059508e-32
7.76252696434276e-34 1 7.43902550473503e-54
7.63648602628339e-29 1 5.09430390770719e-48
6.11010756456723e-39 1 8.53457806302692e-50
6.38023363271932e-33 9.91942123520375e-54 1
1 1.73177230807423e-36 7.20061099264727e-27
1.63380967695688e-31 1 5.05621852846379e-50
1 1.69403218296811e-41 1.41672696754766e-32
1 2.1508442521009e-32 7.9916251431932e-40
8.22952350340134e-34 1 6.55984938733166e-61
1 1.4588798110011e-47 2.750052309611e-44
7.40555681928876e-32 2.77146456351537e-54 1
1 2.61337910968587e-35 1.72263462110855e-42
1 4.86352277566317e-40 3.37203329935528e-41
1 6.98894448620819e-38 1.38103078532867e-40
1.4640184563621e-39 1 5.03245233489773e-63
9.80297665938364e-42 3.80362865540437e-62 1
1 2.70056682291587e-38 8.72560371280989e-45
5.73386966005062e-42 9.9518640567839e-62 1
2.03670680375304e-34 3.141999051842e-57 1
1 4.73874310549029e-45 7.79715134777285e-47
1 1.48139801918787e-46 5.28565570718698e-31
1 6.95537036218285e-36 7.16175156076831e-41
6.91081726207441e-31 2.57820045898759e-68 1
1 3.79842397455524e-43 5.10121513202998e-35
3.24018937040022e-37 1 1.7518459720065e-60
3.04419206286682e-36 5.6915794355725e-59 1
1 3.68950485819232e-42 2.20684482706752e-34
1 2.5720068281627e-35 2.8282224359485e-43
1 4.80153549655169e-43 1.03099910954221e-50
1 1.27830797375109e-50 3.31156053021212e-46
1 2.01092469755829e-43 2.21851986155701e-45
1 3.96000014012671e-32 3.87927024508417e-24
7.18175327776784e-39 1.12354968669061e-73 1
2.96051330483981e-42 9.09349408666292e-61 1
5.56832586391324e-41 4.63521169401038e-59 1
1 2.22168015111672e-39 8.40660040405151e-31
1 3.79051378354795e-36 2.37654538868931e-32
8.93145479879605e-40 1 3.77245703866816e-53
3.15494783947065e-38 9.55122975252834e-67 1
1 2.54039956687663e-44 3.26825016111546e-38
1 5.20195592858962e-34 3.74831986953651e-33
1 1.31477165081693e-38 1.10309763809466e-41
1.05820794911232e-31 1 1.23657723796841e-54
1.72810469715378e-37 1 6.26344342698038e-58
7.47252398068024e-39 1.44469228658406e-65 1
6.18117497587502e-33 1 1.10450938482208e-52
5.6287415137778e-37 1.41919451253739e-66 1
1 8.13452991652719e-39 1.28207151130459e-32
1 6.34930057590556e-44 2.23550505328727e-41
2.03798845008255e-33 1 2.40613064696825e-68
1 7.22341259490583e-42 6.82149574067182e-28
1 8.87640332344115e-46 7.72302559119289e-42
1 1.94115282314368e-34 1.12675506105679e-30
7.62839281141743e-37 1.15367824248524e-59 1
1 2.76325717870046e-33 1.32097488063529e-36
8.41729775988841e-35 1 7.82322701431347e-50
2.65500307850281e-27 1 1.66344508656306e-44
1 1.25236489186775e-36 3.46515066277055e-40
1.45634293561923e-29 2.16716769983857e-54 1
8.49821240851122e-47 1 2.74209520696669e-64
1 5.5558576034255e-34 9.36745862171204e-41
1 5.25356160492255e-30 3.27618040974015e-36
3.49346364016529e-36 1.86573535138404e-67 1
1 1.81119537495474e-37 3.49796062051044e-35
1.01482674872618e-46 1 3.23405968751222e-64
5.91264102317866e-44 1.56469359529407e-65 1
6.04379596571406e-34 1 1.76698717830482e-54
1 3.26452217602623e-35 5.6697826783475e-39
6.73379835063525e-41 1 1.95135327458456e-57
1.75381566663425e-34 4.91924235986325e-49 1
1 9.38212217589118e-38 8.71325019899787e-38
1 1.42688940516733e-33 3.67060650760477e-42
1 3.00114822364394e-38 1.18209693375453e-32
4.26877090823211e-38 1 1.36880050117113e-59
7.42554148469004e-39 1 1.61592664209325e-65
1 1.81798784642363e-46 6.27428917710368e-39
1 8.0026734528766e-32 3.28129466759744e-42
7.14261385107687e-34 1.38634667375614e-54 1
2.20718769572569e-45 8.53893024320726e-56 1
8.59070183135893e-29 2.18969418000494e-48 1
1 1.07074287429996e-29 2.93875988512013e-34
2.97283280808579e-35 1 8.58965227933793e-61
1 3.72273985932349e-41 2.25050880861952e-32
1 7.20389923073137e-40 5.78486139798496e-35
2.23398013364708e-33 6.78827165554474e-58 1
1 9.28860545200573e-44 5.27003678215314e-35
1 1.17503216709084e-30 2.12942136057997e-32
1 1.25212975102253e-28 5.74751118948018e-30
1 9.19759004813097e-37 9.0712511033014e-38
1 1.05922023816497e-35 4.13468914960956e-41
5.72679666418756e-36 9.38373584180044e-58 1
3.79898865019671e-35 1 1.92245818952865e-56
1.52371550645734e-34 1 2.746797492886e-60
1 5.63065298676227e-46 8.41799780769073e-42
1 1.26740061186754e-35 5.28751516428032e-41
2.98936141648939e-42 1 1.44958001552787e-57
1 2.84651237339107e-32 1.00667061653389e-27
1 1.44279856694168e-34 2.68443677907033e-33
1 3.80778631198386e-43 1.06702405950619e-35
3.75062890977927e-41 5.57700134253824e-59 1
1 8.36731632996208e-37 3.48897634285754e-42
1.5630546291364e-38 1.66748892878195e-59 1
1 1.53826716368558e-36 1.99411368919999e-37
3.88899369611117e-47 1.4242548577666e-62 1
6.35205591304899e-36 1.98756333559888e-54 1
5.87018690260714e-44 1 1.06119621379244e-61
1 3.94841702228119e-41 2.70753861467073e-44
1 1.68712241602619e-34 2.1534805438989e-33
1 4.9948440874e-41 2.47118751420334e-43
1 3.76944347853978e-45 3.23390051138776e-46
2.43171144788069e-46 1 4.59412531283918e-67
2.1591736300214e-41 1 3.91757268265583e-67
6.65755939438137e-34 1 1.04152880224608e-64
1 3.13434108675869e-39 5.79395326393573e-33
1 6.96911747057955e-34 4.41669973318312e-31
1 3.54565949103792e-42 2.66545027626918e-38
1 4.86596719113348e-36 8.42755242563418e-54
1 9.89507071212334e-33 1.09359941748229e-38
1 1.84454882396493e-41 2.88096407389407e-35
4.84018552404979e-29 1 4.21125573904913e-53
1.77700128409872e-39 1 2.39187301074149e-67
1.2950815786854e-39 1 2.03176503017123e-65
2.06107384980787e-30 8.67380758739025e-58 1
3.24516181168223e-42 1.64750969299728e-65 1
1 1.63274970742834e-40 1.03952087921198e-32
1.51863621205539e-31 1 3.54704355510202e-52
1.23792969524043e-41 1 8.49014478742199e-62
5.59187236372658e-45 4.86795077468281e-63 1
1 5.78461893591502e-48 6.46635570123256e-39
1 1.31316635118284e-51 1.54369099994418e-34
5.33980762207894e-51 1 3.71698719192215e-65
1 7.83624031008071e-48 8.55817390091686e-45
5.10294090475523e-39 1 3.47459991776045e-62
4.53252193818021e-27 1 1.11530637499881e-42
1 4.46434273806801e-36 3.41477281877306e-42
1 2.87349202487614e-30 4.55004255832314e-32
1 4.17273344518885e-42 3.57138144587631e-26
2.69569195079695e-37 1 2.4479595242573e-63
1 1.184037489567e-37 2.2281727811914e-31
1 2.74773673053193e-41 1.64692164937649e-40
1.34929439287298e-36 4.40600389155801e-60 1
7.50030679675648e-35 1 2.47164510170619e-55
2.87609511080755e-44 9.248189898525e-75 1
1 1.02968192690518e-33 5.3823153806518e-38
1 8.64554921499973e-35 3.05933295403165e-36
3.46862353708e-39 3.01694969099003e-62 1
2.39574125125149e-42 1 1.12981945373663e-67
1 3.14425367139905e-37 2.52704177373089e-44
6.72108845293284e-38 1.69832847362583e-54 1
