1 1.27033879814933e-36 4.81378404061725e-57
2.88096407389415e-35 1 1.84454882396399e-41
3.74831986953689e-33 1 5.2019559285829e-34
4.06136038716929e-25 1 1.76529404799067e-18
3.87978380971668e-54 3.37805268026942e-26 1
4.41669973318519e-31 1 6.96911747057826e-34
3.67060650760456e-42 1 1.42688940516653e-33
3.23405968751241e-64 1.01482674872514e-46 1
2.82725981299349e-62 4.01261897131744e-43 1
2.61271014280433e-50 7.85777839927746e-28 1
7.44530003807918e-37 1 1.56095741602026e-38
5.10121513202955e-35 1 3.79842397455352e-43
2.21851986155628e-45 1 2.01092469755683e-43
2.49071428210981e-69 1.35164188672971e-44 1
7.94272118855435e-34 1 7.83970453578745e-33
1 3.15494783947437e-38 9.55122975255304e-67
1 1.45634293561902e-29 2.16716769984054e-54
1 3.88899369611432e-47 1.42425485776859e-62
1 7.18175327776815e-39 1.12354968669361e-73
7.99162514319479e-40 1 2.15084425209952e-32
4.13468914961079e-41 1 1.05922023816288e-35
1.75427836529008e-43 1 9.1718284276217e-35
1 4.32065779810205e-31 7.1118276387699e-46
8.40660040405092e-31 1 2.22168015112199e-39
1 3.49346364016698e-36 1.86573535138876e-67
1 9.70301329474267e-41 2.82653029712376e-66
5.27003678215382e-35 1 9.28860545201009e-44
5.09430390772001e-48 7.6364860262924e-29 1
4.95795359486243e-64 2.18081230121184e-42 1
4.86939349314606e-41 1 4.67668000801595e-41
5.62910626414365e-42 1 1.99196413281846e-45
5.28565570718337e-31 1 1.48139801918655e-46
2.23550505328746e-41 1 6.34930057590619e-44
1.06119621379476e-61 5.87018690260664e-44 1
1.7669871783069e-54 6.04379596571492e-34 1
5.38231538065233e-38 1 1.02968192690568e-33
2.15348054389826e-33 1 1.68712241602688e-34
2.22817278119109e-31 1 1.18403748956613e-37
1.11530637499907e-42 4.53252193817637e-27 1
6.46635570123753e-39 1 5.78461893591782e-48
5.15402800309839e-65 2.57996265833616e-49 1
5.28751516427866e-41 1 1.26740061186632e-35
8.42755242563849e-54 1 4.86596719113818e-36
1 3.24516181168292e-42 1.64750969299714e-65
1.67140198119697e-43 1 1.84483568751904e-26
1 5.49980514672422e-41 3.24967749094904e-62
5.66978267834903e-39 1 3.26452217602544e-35
3.88337851522265e-34 1 7.7273008200754e-52
1.03099910954205e-50 1 4.80153549654371e-43
1 1.99403488706653e-40 1.0643126779929e-73
2.20684482706934e-34 1 3.68950485819211e-42
2.18803130592999e-49 3.53818243235092e-31 1
7.43902550474719e-54 7.76252696434254e-34 1
2.74679749289264e-60 1.52371550645851e-34 1
1 5.72679666419301e-36 9.38373584181884e-58
2.08748272137697e-35 1 9.03230851964349e-42
5.74751118947438e-30 1 1.25212975102338e-28
7.63197438887749e-35 1 3.92184064337552e-35
2.52704177372971e-44 1 3.14425367139655e-37
8.49014478743405e-62 1.23792969524022e-41 1
3.42159378896328e-33 1 2.5028443938976e-42
1 4.69224317947178e-36 1.29777505776916e-54
1 7.16783270953071e-43 4.28961480063197e-73
1.03952087921206e-32 1 1.63274970742785e-40
4.21125573905733e-53 4.84018552405378e-29 1
2.44795952426468e-63 2.69569195079929e-37 1
1.38228603064414e-24 1 8.86097757484165e-39
7.64468861480274e-53 2.94981306422914e-33 1
3.31156053021325e-46 1 1.27830797375225e-50
2.36553935117398e-42 1 2.83609403050045e-36
1.35227619829927e-65 2.84799036720812e-39 1
3.28129466759516e-42 1 8.00267345287513e-32
8.71325019899515e-38 1 9.38212217588598e-38
1.30494659611972e-60 4.34177212239177e-28 1
1 2.23398013364609e-33 6.78827165554975e-58
1 1.18212423947009e-35 6.97207719985952e-58
3.47034381834604e-38 1 6.74489213028093e-36
4.43127577251833e-36 1 3.38018538563733e-41
8.67634165530199e-65 1.09058698086023e-43 1
3.20157254507485e-63 2.92483512356825e-41 1
1.27957204374265e-62 3.34798922642078e-38 1
8.72560371280617e-45 1 2.70056682291971e-38
1.33271150566121e-46 1.37594095270089e-27 1
1 3.75062890977793e-41 5.57700134254632e-59
9.81017049410276e-43 1 2.04911099630039e-46
8.97943415379452e-60 7.30392300994266e-41 1
1.03716204603655e-32 1 2.39876311420246e-35
1.26955870202108e-60 5.32053741437576e-36 1
4.87512276155477e-44 1 1.61780339572483e-35
1 5.56832586391269e-41 4.63521169401591e-59
3.4979606205082e-35 1 1.81119537495234e-37
5.23321767924421e-67 3.52665737290178e-45 1
6.24140014147361e-66 4.96740342119878e-39 1
1 9.8029766593874e-42 3.80362865541259e-62
1.13255141042651e-46 1 2.96940676663607e-43
1 1.66718220823469e-42 7.07456288055877e-59
1 2.24540252473469e-31 8.13495614991058e-63
1 1.69639674158637e-28 5.65954295018563e-50
1 8.59070183135844e-29 2.18969418000457e-48
6.88712749108588e-65 4.49293182137268e-32 1
1 4.57256712207386e-31 3.3113762160025e-53
1 1.42045406518428e-35 1.1600921319657e-57
3.61463648029392e-61 4.22913297273523e-42 1
3.2977125574855e-40 3.1429959177489e-29 1
8.41799780768547e-42 1 5.63065298676227e-46
5.03245233490903e-63 1.46401845636262e-39 1
1.65942234464768e-41 1 1.15738051886761e-37
1.12675506105676e-30 1 1.94115282314459e-34
1.22603795637683e-48 1 1.21300044883301e-44
1 7.32253494152592e-23 5.99539256711759e-39
1 2.06107384980787e-30 8.67380758740898e-58
1.2820715113044e-32 1 8.13452991651759e-39
7.72175974110456e-68 8.11768640639077e-48 1
2.66545027626782e-38 1 3.54565949103474e-42
1 7.47252398067865e-39 1.44469228658595e-65
7.16175156077025e-41 1 6.95537036218641e-36
4.36950514343325e-44 1 1.88882237846454e-32
3.05933295403261e-36 1 8.64554921499863e-35
7.38430685984979e-56 2.38933762960503e-35 1
1 1.81612848420308e-29 4.08009601714946e-54
3.87927024508216e-24 1 3.96000014012125e-32
1 2.03670680375463e-34 3.14199905184602e-57
2.23455086356372e-30 1 1.1639189340984e-41
4.18864393814203e-39 1 6.03769843194593e-31
1 1.36487770200402e-26 1.53782288328355e-51
1 1.34929439287248e-36 4.4060038915694e-60
1 7.62839281142188e-37 1.15367824248622e-59
4.02523582861982e-34 1 9.096607336704e-35
1 1.10459319498189e-35 8.46110203327477e-63
1 1.05885653116678e-41 4.60318912025649e-67
1.38103078532956e-40 1 6.98894448619954e-38
1.61212161973326e-36 1 1.40220197606711e-35
8.55817390091844e-45 1 7.83624031008561e-48
8.12259471664087e-42 1 7.77860853203266e-46
2.12942136058006e-32 1 1.17503216709168e-30
9.96518223351529e-66 2.69540230541539e-50 1
5.60571592709155e-34 1 8.57588856972688e-35
1 2.87609511080919e-44 9.24818989853893e-75
4.76613637368926e-48 2.82930937920252e-39 1
1 3.04419206286552e-36 5.69157943557557e-59
2.82502738982349e-35 1 3.08981372849564e-29
2.92020045059388e-32 1 6.1784976367365e-43
1.39155436013554e-69 5.30109217118694e-39 1
1 2.64903986533019e-31 2.77831148424163e-61
4.28929106404599e-43 1 1.3438286592992e-39
2.74209520697667e-64 8.49821240852016e-47 1
1.72263462110806e-42 1 2.61337910968479e-35
2.5095151611366e-47 1 7.67584075360312e-33
1.12981945373869e-67 2.39574125125108e-42 1
2.37654538869097e-32 1 3.79051378354843e-36
1.61592664209495e-65 7.4255414846873e-39 1
1.3028188369978e-27 1 2.43819966161435e-25
1.0853707489035e-27 1 3.91740668337812e-28
1.78188965189296e-26 1 2.9807776431128e-43
1 1.44281691070691e-34 1.42819314206129e-60
1.66716787349045e-57 1.51529957959855e-38 1
3.2339005113884e-46 1 3.76944347853502e-45
1.50260904479342e-60 2.8455809655522e-38 1
3.77245703866805e-53 8.93145479878107e-40 1
2.92735122126268e-40 1 6.06522673150416e-51
2.39187301074251e-67 1.77700128409713e-39 1
1.006670616534e-27 1 2.84651237338909e-32
1.89041182254982e-33 1 1.28689434509881e-33
1 4.07135025760389e-40 1.30572170771745e-57
1 5.73386966004916e-42 9.95186405678927e-62
7.79715134777197e-47 1 4.73874310549117e-45
9.84469075721841e-40 1 3.05018508692302e-48
1 7.4055568192915e-32 2.77146456351774e-54
1.24289978744365e-56 4.01933498129511e-29 1
1 5.22004076873869e-35 1.56573294499127e-59
8.58965227934233e-61 2.97283280808439e-35 1
1 3.46862353708197e-39 3.0169496909981e-62
4.91718265178257e-32 1 7.29378854323852e-31
7.82322701432214e-50 8.41729775988315e-35 1
2.82822243594741e-43 1 2.57200682816384e-35
3.61875604757158e-64 1.66582041583315e-38 1
2.33332920570833e-36 1 8.82485346728372e-41
1.10450938482393e-52 6.18117497587265e-33 1
6.82149574067594e-28 1 7.2234125948969e-42
5.05621852846609e-50 1.63380967695396e-31 1
2.47164510171129e-55 7.5003067967552e-35 1
2.75005230961127e-44 1 1.45887981100018e-47
2.70753861467242e-44 1 3.94841702228652e-41
1.91503483384027e-32 1 9.36222791008279e-48
3.71698719192542e-65 5.3398076220718e-51 1
7.20061099264103e-27 1 1.73177230807201e-36
3.34162651458989e-38 1 1.77540448393833e-34
1.36880050117405e-59 4.26877090823151e-38 1
6.26344342698234e-58 1.72810469715192e-37 1
1.92245818952859e-56 3.79898865019045e-35 1
1 1.56305462913631e-38 1.66748892878499e-59
2.49805612449149e-62 2.76216784255114e-36 1
2.97911843971439e-54 1.13675880232582e-33 1
5.51894859301661e-65 1.24572511167858e-40 1
9.62284171729107e-40 1 9.15245120140467e-40
1 3.51247899595205e-31 5.09471148780502e-61
1.44958001552906e-57 2.98936141648846e-42 1
7.29101811801643e-46 1 3.24850614057176e-43
1.22042717372002e-29 1 5.9182742433764e-48
1.06211359380324e-40 1 3.72401356347333e-38
1.06702405950643e-35 1 3.80778631198511e-43
2.27358129724187e-59 1.70166775414387e-38 1
1 1.12088327141223e-39 3.27022718146229e-74
1 1.30877754439936e-29 4.83646183408411e-50
3.27686244105321e-37 1 1.52477084207039e-37
1 6.38023363271588e-33 9.91942123522349e-54
4.55004255832198e-32 1 2.87349202487806e-30
1 7.14261385107566e-34 1.38634667375582e-54
3.32640074618406e-73 8.98708781393844e-41 1
3.47459991776045e-62 5.10294090474725e-39 1
1 6.35205591304466e-36 1.98756333560046e-54
1.13997041046379e-66 5.52734227008227e-41 1
3.46515066277193e-40 1 1.25236489186771e-36
2.16882455206938e-40 1 4.18062024998174e-38
1 6.78390206410192e-31 1.46399570535244e-50
3.48897634285908e-42 1 8.36731632996565e-37
6.84181246172805e-40 1 2.50973849241942e-34
7.00726616019693e-33 1 1.09279806720456e-35
2.47118751420302e-43 1 4.99484408739752e-41
4.34349680563959e-65 9.10347236836372e-35 1
6.55984938734024e-61 8.22952350340648e-34 1
9.98232096324956e-34 1 2.11919163527862e-35
5.79395326393104e-33 1 3.13434108675896e-39
1 2.44022872788813e-34 1.51654269542109e-63
1.23657723796938e-54 1.05820794911157e-31 1
5.08965131619982e-71 2.15935205602666e-44 1
7.72302559118586e-42 1 8.87640332341895e-46
1 1.04820233661272e-36 1.80835705894634e-62
1.89738516911266e-34 1 1.18911948314012e-39
3.91757268265962e-67 2.15917363001901e-41 1
1.43319473351585e-40 1 2.3702120749723e-40
1 4.94317529421598e-33 4.26022125017586e-67
9.07125110330179e-38 1 9.19759004813162e-37
6.27428917710706e-39 1 1.8179878464233e-46
3.54704355510913e-52 1.51863621205714e-31 1
1 5.36910101491497e-28 2.13618502499985e-39
1.10309763809517e-41 1 1.31477165081637e-38
2.05161181312524e-70 5.14187402739173e-39 1
1 1.57027766912957e-39 1.75173574331993e-60
9.36745862171763e-41 1 5.55585760342431e-34
1.75184597200934e-60 3.24018937040151e-37 1
5.27851887612712e-27 1 4.41962279329474e-42
3.37203329935504e-41 1 4.8635227756519e-40
1 5.46704119758145e-35 4.2635431357315e-62
1 5.4713537603413e-43 1.27980564160771e-56
1.06110808313577e-64 9.86540677312903e-38 1
9.22642998555261e-24 1 1.62155209995915e-34
1.48494632750173e-57 6.85339272518641e-43 1
2.25050880861923e-32 1 3.72273985932105e-41
1 9.95565333371562e-48 3.06236317900354e-68
1 1.93203067309216e-31 3.77439974326684e-49
3.27618040974122e-36 1 5.25356160491994e-30
1 5.59187236372563e-45 4.86795077469319e-63
1 6.91081726208148e-31 2.57820045899104e-68
1.04152880224756e-64 6.65755939437815e-34 1
1.12591157404091e-33 1 1.6809952667477e-45
4.59412531285158e-67 2.43171144788166e-46 1
1.74416834259893e-35 1 1.05621588562705e-37
1 5.62874151378436e-37 1.41919451254017e-66
1 6.72108845293227e-38 1.69832847362902e-54
8.80776920617654e-28 1 5.54720319957621e-31
1 5.91264102317706e-44 1.56469359529665e-65
1.18209693375538e-32 1 3.00114822364292e-38
5.59694680871939e-48 1 6.37477299374224e-37
1 2.20718769572515e-45 8.538930243216e-56
1.66344508656611e-44 2.65500307850095e-27 1
1.87434059647963e-43 1 3.07314306088382e-42
1.54369099994414e-34 1 1.31316635118259e-51
1 6.41156186338742e-42 3.93108177263572e-66
1.64692164937748e-40 1 2.74773673053142e-41
2.93875988512218e-34 1 1.07074287429801e-29
3.26825016111277e-38 1 2.54039956687736e-44
1.32097488063546e-36 1 2.76325717870137e-33
1.09359941748315e-38 1 9.89507071212362e-33
8.53457806304584e-50 6.11010756456723e-39 1
1 9.70805970164541e-38 7.49466851922776e-59
2.73317505829483e-37 1 2.1246603533507e-37
1.01347455359383e-33 1 9.7449011911274e-34
1.95135327458805e-57 6.73379835063133e-41 1
2.5796304137485e-38 1 3.86779677027738e-37
3.86958557342815e-45 1 6.96047481750241e-32
1 4.07291195853867e-45 4.27625434146416e-66
3.57138144587713e-26 1 4.17273344518708e-42
2.03176503017493e-65 1.2950815786857e-39 1
1.994113689199e-37 1 1.5382671636823e-36
2.33923751108039e-41 1 2.65955288895674e-40
8.16363671002563e-28 1 1.63300944541379e-33
1 1.75381566663435e-34 4.91924235987276e-49
1.41672696754794e-32 1 1.69403218297018e-41
1 4.68220697464121e-34 3.04344789308449e-57
3.41477281877476e-42 1 4.46434273807048e-36
1.2978453437203e-37 1 1.01000138303095e-26
1 1.70085448323461e-40 1.07757522161598e-65
5.78486139798652e-35 1 7.20389923073587e-40
2.68443677907056e-33 1 1.44279856693899e-34
6.53234245023604e-56 1.29134452028017e-34 1
4.27076493794304e-60 5.27971820525877e-42 1
2.40613064697283e-68 2.03798845008284e-33 1
1 6.10582044101508e-39 1.71868794658398e-63
1 2.96051330484267e-42 9.09349408668489e-61
