1.26740061186731e-35 1 5.28751516427919e-41
1 3.14299591774774e-29 3.29771255748124e-40
1 2.39574125125149e-42 1.12981945373686e-67
1.53826716368483e-36 1 1.99411368919962e-37
1 4.01261897131647e-43 2.82725981298842e-62
4.73874310549029e-45 1 7.7971513477713e-47
6.3747729937446e-37 1 5.5969468087143e-48
3.80778631198392e-43 1 1.06702405950616e-35
2.98077764311195e-43 1 1.78188965189267e-26
9.38212217588971e-38 1 8.71325019899651e-38
9.28860545200573e-44 1 5.27003678215322e-35
4.86352277566109e-40 1 3.3720332993549e-41
6.06522673150554e-51 1 2.92735122126276e-40
8.00267345287649e-32 1 3.28129466759651e-42
7.29378854323665e-31 1 4.91718265177985e-32
1 1.37594095270144e-27 1.33271150565966e-46
1.44279856694106e-34 1 2.68443677907014e-33
1 1.24572511167964e-40 5.51894859300955e-65
3.2496774909423e-62 5.49980514672047e-41 1
1 1.46401845636226e-39 5.03245233489887e-63
4.86795077468364e-63 5.59187236372642e-45 1
1 2.82930937920188e-39 4.76613637368174e-48
1.84483568751968e-26 1 1.67140198119674e-43
1 1.05820794911217e-31 1.23657723796836e-54
3.93108177263225e-66 6.41156186338478e-42 1
2.54039956687663e-44 1 3.26825016111444e-38
8.87640332343623e-46 1 7.72302559119069e-42
4.91924235986472e-49 1.75381566663425e-34 1
1 2.18081230121256e-42 4.95795359485411e-64
9.24818989852395e-75 2.87609511080731e-44 1
1 1.35164188672946e-44 2.49071428210507e-69
1 4.22913297273403e-42 3.61463648028817e-61
9.95186405678107e-62 5.73386966004948e-42 1
1 1.09058698086179e-43 8.67634165529483e-65
3.14425367139852e-37 1 2.52704177373035e-44
9.03230851963233e-42 1 2.08748272137564e-35
1 4.96740342120556e-39 6.24140014147485e-66
5.5558576034251e-34 1 9.36745862171204e-41
5.25356160492203e-30 1 3.27618040973987e-36
2.01092469755803e-43 1 2.2185198615566e-45
1 2.15935205602703e-44 5.08965131619215e-71
5.69157943557137e-59 3.04419206286621e-36 1
2.39876311420068e-35 1 1.03716204603648e-32
6.03769843194216e-31 1 4.18864393813858e-39
3.0011482236433e-38 1 1.18209693375469e-32
1 1.63380967695632e-31 5.05621852846364e-50
1 3.2401893704004e-37 1.7518459720066e-60
1.69403218296832e-41 1 1.4167269675477e-32
1 2.57996265833671e-49 5.15402800308843e-65
1.12354968669077e-73 7.18175327776713e-39 1
5.63065298676179e-46 1 8.41799780768834e-42
6.9889444862066e-38 1 1.38103078532881e-40
1 1.66582041583419e-38 3.6187560475686e-64
1.21300044883482e-44 1 1.22603795637551e-48
1.01000138303155e-26 1 1.29784534371976e-37
1 5.33980762207787e-51 3.71698719192247e-65
3.92184064337441e-35 1 7.63197438887261e-35
9.09660733670969e-35 1 4.02523582861908e-34
6.96047481749637e-32 1 3.86958557342463e-45
1 5.2797182052632e-42 4.27076493794195e-60
1 4.01933498129659e-29 1.24289978744238e-56
4.86596719113465e-36 1 8.42755242563406e-54
1.56469359529398e-65 5.9126410231774e-44 1
1.07757522161448e-65 1.70085448323493e-40 1
2.12466035334974e-37 1 2.73317505829459e-37
5.91827424337531e-48 1 1.22042717372066e-29
1.09279806720475e-35 1 7.00726616019683e-33
1 1.51863621205567e-31 3.54704355510232e-52
1.28689434509989e-33 1 1.89041182254995e-33
1.18403748956661e-37 1 2.22817278119121e-31
1 8.11768640638604e-48 7.72175974108744e-68
1.56573294498802e-59 5.22004076873379e-35 1
2.37021207497574e-40 1 1.43319473351528e-40
1 5.3205374143769e-36 1.26955870201916e-60
6.96911747057885e-34 1 4.41669973318318e-31
1.44469228658389e-65 7.47252398067886e-39 1
5.99539256710677e-39 7.32253494152124e-23 1
1.99196413281971e-45 1 5.62910626414381e-42
1.42688940516712e-33 1 3.67060650760456e-42
1.17503216709093e-30 1 2.12942136057991e-32
4.28961480062538e-73 7.1678327095302e-43 1
1.06431267799156e-73 1.99403488706676e-40 1
1.68099526674861e-45 1 1.12591157404037e-33
7.07456288055957e-59 1.66718220823635e-42 1
4.18062024998578e-38 1 2.16882455206894e-40
1 6.11010756456749e-39 8.53457806303056e-50
8.64554921499936e-35 1 3.05933295403169e-36
1 2.84799036721047e-39 1.3522761982995e-65
1.69832847362607e-54 6.72108845293227e-38 1
1.25236489186766e-36 1 3.4651506627703e-40
1.34382865929989e-39 1 4.28929106404392e-43
4.63521169400998e-59 5.56832586391261e-41 1
1 4.5325219381794e-27 1.11530637499872e-42
3.54565949103686e-42 1 2.66545027626835e-38
3.80362865540513e-62 9.80297665938378e-42 1
1.41919451253783e-66 5.62874151377924e-37 1
1.27980564160723e-56 5.47135376034472e-43 1
1 7.85777839928427e-28 2.61271014280471e-50
5.201955928588e-34 1 3.7483198695363e-33
3.91740668337756e-28 1 1.08537074890314e-27
1 1.51529957959786e-38 1.66716787348638e-57
1 2.76216784255452e-36 2.49805612449043e-62
7.72730082008155e-52 1 3.88337851522287e-34
1 1.72810469715344e-37 6.26344342698003e-58
1 4.49293182137778e-32 6.8871274910806e-65
9.55122975252997e-67 3.15494783947115e-38 1
1 4.34177212239109e-28 1.30494659611764e-60
1.45887981100085e-47 1 2.75005230961084e-44
1 5.52734227007866e-41 1.13997041046114e-66
3.79051378354789e-36 1 2.37654538868955e-32
7.77860853203388e-46 1 8.12259471664214e-42
3.04344789308103e-57 4.68220697463861e-34 1
1.63274970742831e-40 1 1.03952087921192e-32
1 2.92483512357033e-41 3.20157254507203e-63
1 7.30392300994692e-41 8.97943415378482e-60
1.8445488239647e-41 1 2.88096407389366e-35
7.20389923073168e-40 1 5.78486139798471e-35
6.97207719985338e-58 1.18212423947004e-35 1
1.38634667375578e-54 7.14261385107657e-34 1
4.40600389155926e-60 1.34929439287281e-36 1
4.26022125017199e-67 4.94317529421767e-33 1
1 9.86540677313239e-38 1.06110808313447e-64
7.22341259490316e-42 1 6.8214957406726e-28
1.86573535138446e-67 3.49346364016539e-36 1
1 2.6956919507976e-37 2.44795952425842e-63
3.79842397455476e-43 1 5.10121513202947e-35
2.15084425210047e-32 1 7.99162514319285e-40
1 1.77700128409819e-39 2.39187301074088e-67
1 1.29134452028021e-34 6.53234245022759e-56
1.46399570535127e-50 6.78390206410212e-31 1
1.31477165081676e-38 1 1.10309763809464e-41
1 3.53818243235323e-31 2.18803130592828e-49
1 3.7989886501952e-35 1.92245818952805e-56
1.71868794658085e-63 6.10582044101144e-39 1
1.98756333559854e-54 6.35205591304727e-36 1
1 3.52665737289662e-45 5.23321767922963e-67
1.428193142058e-60 1.44281691070689e-34 1
1.52477084207044e-37 1 3.27686244105227e-37
3.14199905184218e-57 2.0367068037533e-34 1
1 7.50030679675616e-35 2.4716451017069e-55
3.31137621599761e-53 4.57256712207374e-31 1
1.81798784642335e-46 1 6.27428917710457e-39
1 1.23792969524034e-41 8.49014478742199e-62
1.77540448393946e-34 1 3.34162651458803e-38
6.34930057590528e-44 1 2.23550505328717e-41
2.11919163527928e-35 1 9.98232096324899e-34
1.94115282314373e-34 1 1.12675506105668e-30
4.83646183407628e-50 1.30877754439884e-29 1
4.41962279330196e-42 1 5.27851887612892e-27
1.53782288328278e-51 1.36487770200489e-26 1
3.72273985932264e-41 1 2.25050880861913e-32
2.77146456351506e-54 7.40555681928876e-32 1
1 2.94981306423086e-33 7.64468861479622e-53
1 8.22952350340145e-34 6.55984938733073e-61
1 2.15917363002079e-41 3.91757268265561e-67
1.15738051886687e-37 1 1.65942234464765e-41
2.50284439389846e-42 1 3.42159378896615e-33
1.05621588562779e-37 1 1.74416834259866e-35
1.25212975102267e-28 1 5.74751118947806e-30
6.74489213028083e-36 1 3.47034381834495e-38
2.87349202487663e-30 1 4.55004255832223e-32
3.68950485819148e-42 1 2.20684482706793e-34
9.1718284276174e-35 1 1.75427836528958e-43
1 8.41729775988793e-35 7.82322701431469e-50
1.63300944541428e-33 1 8.16363671003282e-28
8.13495614990526e-63 2.24540252473456e-31 1
1 5.87018690260698e-44 1.06119621379271e-61
1.61780339572465e-35 1 4.87512276155463e-44
4.08009601713867e-54 1.81612848420185e-29 1
3.05018508692739e-48 1 9.84469075722317e-40
3.96000014012553e-32 1 3.87927024508312e-24
3.72401356347582e-38 1 1.06211359380315e-40
1.64750969299672e-65 3.24516181168191e-42 1
9.74490119113418e-34 1 1.01347455359337e-33
2.84651237339046e-32 1 1.00667061653385e-27
2.4381996616174e-25 1 1.30281883699779e-27
1 1.70166775414383e-38 2.27358129723941e-59
8.67380758739173e-58 2.0610738498077e-30 1
2.7477367305315e-41 1 1.64692164937668e-40
1 5.1029409047532e-39 3.47459991775927e-62
4.99484408739908e-41 1 2.47118751420316e-43
1.15367824248524e-59 7.62839281141765e-37 1
1 7.42554148468899e-39 1.61592664209316e-65
1.16009213196461e-57 1.42045406518339e-35 1
1 5.30109217119259e-39 1.39155436013431e-69
6.78827165554377e-58 2.2339801336466e-33 1
7.83624031008071e-48 1 8.55817390091722e-45
9.36222791008438e-48 1 1.91503483383896e-32
1 6.18117497587467e-33 1.10450938482226e-52
2.57200682816296e-35 1 2.82822243594781e-43
3.77439974326287e-49 1.93203067309164e-31 1
2.65955288896033e-40 1 2.33923751108022e-41
3.76944347853834e-45 1 3.23390051138776e-46
3.86779677027534e-37 1 2.57963041374681e-38
9.91942123520361e-54 6.38023363271751e-33 1
3.01694969099132e-62 3.46862353708049e-39 1
4.2635431357212e-62 5.46704119757749e-35 1
2.50973849242031e-34 1 6.84181246172474e-40
3.13434108675847e-39 1 5.79395326393417e-33
4.67668000801156e-41 1 4.86939349314412e-41
1 6.85339272518358e-43 1.48494632749907e-57
1.5609574160199e-38 1 7.44530003807876e-37
1 7.63648602628567e-29 5.09430390770937e-48
4.81378404060685e-57 1.27033879814944e-36 1
9.09349408666551e-61 2.96051330484014e-42 1
7.8397045357967e-33 1 7.94272118855322e-34
9.15245120141039e-40 1 9.62284171728532e-40
3.27022718145467e-74 1.12088327141102e-39 1
2.18969418000419e-48 8.59070183135819e-29 1
1 4.26877090823193e-38 1.36880050117156e-59
9.89507071212292e-33 1 1.09359941748243e-38
3.38018538563772e-41 1 4.4312757725165e-36
3.24850614056973e-43 1 7.29101811801146e-46
1.16391893409873e-41 1 2.23455086356436e-30
8.57588856972383e-35 1 5.60571592708868e-34
1.48139801918745e-46 1 5.28565570718585e-31
1 2.98936141648909e-42 1.44958001552774e-57
1 5.14187402739502e-39 2.05161181312262e-70
2.76325717870046e-33 1 1.32097488063525e-36
9.19759004813044e-37 1 9.07125110330101e-38
1.29777505776741e-54 4.69224317947191e-36 1
1 3.34798922641888e-38 1.2795720437396e-62
1 6.65755939438042e-34 1.04152880224613e-64
5.78461893591527e-48 1 6.46635570123376e-39
4.46434273806801e-36 1 3.41477281877296e-42
2.61337910968568e-35 1 1.72263462110806e-42
2.04911099630095e-46 1 9.81017049409969e-43
1 8.49821240851291e-47 2.74209520696825e-64
2.70056682291648e-38 1 8.72560371280791e-45
1 3.37805268027095e-26 3.87978380971371e-54
9.38373584180338e-58 5.72679666418878e-36 1
2.1361850249966e-39 5.36910101491638e-28 1
4.60318912024733e-67 1.05885653116616e-41 1
1 2.43171144788083e-46 4.59412531284074e-67
1 2.03798845008249e-33 2.40613064696845e-68
3.26452217602581e-35 1 5.66978267834734e-39
1 1.29508157868536e-39 2.03176503017123e-65
1 2.38933762960774e-35 7.38430685984402e-56
1 9.10347236835984e-35 4.34349680563255e-65
4.27625434145735e-66 4.07291195854046e-45 1
1.68712241602631e-34 1 2.15348054389851e-33
1.62155209995731e-34 1 9.22642998554409e-24
7.49466851921371e-59 9.70805970164127e-38 1
1 8.9870878139447e-41 3.32640074618169e-73
1.81119537495417e-37 1 3.49796062050974e-35
8.46110203326515e-63 1.10459319498163e-35 1
1.30572170771704e-57 4.07135025760384e-40 1
1.40220197606717e-35 1 1.61212161973298e-36
1 2.97283280808519e-35 8.58965227933598e-61
1 6.73379835063553e-41 1.95135327458545e-57
1.76529404799072e-18 1 4.06136038716886e-25
2.1671676998383e-54 1.4563429356191e-29 1
1.75173574331724e-60 1.57027766912944e-39 1
1.05922023816449e-35 1 4.13468914960956e-41
3.94841702228209e-41 1 2.70753861467077e-44
1.73177230807369e-36 1 7.20061099264548e-27
1.51654269541963e-63 2.4402287278873e-34 1
5.57700134253761e-59 3.75062890977831e-41 1
1 1.01482674872595e-46 3.2340596875113e-64
2.82653029712376e-66 9.70301329474143e-41 1
1 2.84558096555082e-38 1.50260904479069e-60
1 1.52371550645752e-34 2.74679749288671e-60
3.0731430608867e-42 1 1.87434059647963e-43
1 4.84018552405068e-29 4.21125573905015e-53
8.82485346728723e-41 1 2.3333292057074e-36
6.95537036218324e-36 1 7.16175156076791e-41
5.54720319958046e-31 1 8.80776920617022e-28
2.96940676663459e-43 1 1.13255141042606e-46
7.67584075359963e-33 1 2.5095151611329e-47
3.08981372849551e-29 1 2.82502738982116e-35
7.1118276387601e-46 4.32065779810309e-31 1
1.02968192690527e-33 1 5.38231538065119e-38
4.80153549655005e-43 1 1.03099910954208e-50
1.80835705894366e-62 1.04820233661278e-36 1
1 2.69540230541597e-50 9.96518223349574e-66
8.53893024320714e-56 2.2071876957255e-45 1
6.17849763674115e-43 1 2.9202004505945e-32
1 8.93145479879275e-40 3.77245703866708e-53
3.06236317899945e-68 9.9556533337176e-48 1
8.36731632996279e-37 1 3.48897634285749e-42
1.88882237846572e-32 1 4.36950514343282e-44
1.07074287429949e-29 1 2.9387598851205e-34
1.66748892878195e-59 1.56305462913613e-38 1
1 7.76252696434209e-34 7.43902550473556e-54
1.42425485776673e-62 3.88899369611172e-47 1
4.17273344518808e-42 1 3.57138144587647e-26
1.31316635118278e-51 1 1.54369099994412e-34
1.27830797375123e-50 1 3.31156053021202e-46
5.09471148779329e-61 3.51247899594981e-31 1
1 1.13675880232556e-33 2.97911843970833e-54
8.86097757483435e-39 1 1.38228603064399e-24
1.18911948313985e-39 1 1.89738516911288e-34
2.83609403050081e-36 1 2.36553935117264e-42
2.2216801511176e-39 1 8.40660040405068e-31
2.57820045898803e-68 6.91081726207578e-31 1
1 2.65500307850234e-27 1.66344508656336e-44
5.65954295017734e-50 1.69639674158533e-28 1
1 6.04379596571372e-34 1.76698717830474e-54
2.77831148423682e-61 2.64903986532925e-31 1
8.13452991652441e-39 1 1.28207151130453e-32
