1.51863621205591e-31 1 3.54704355510389e-52
1 3.54565949103762e-42 2.66545027626872e-38
2.84558096555106e-38 1 1.5026090447912e-60
5.10294090475334e-39 1 3.47459991776045e-62
1 1.25212975102288e-28 5.74751118947855e-30
4.01261897131675e-43 1 2.82725981298931e-62
1 2.98077764311259e-43 1.78188965189288e-26
3.5124789959504e-31 5.0947114877959e-61 1
1 1.44279856694108e-34 2.68443677907056e-33
3.49346364016623e-36 1.86573535138558e-67 1
1 4.41962279330203e-42 5.27851887612975e-27
6.78390206410298e-31 1.46399570535169e-50 1
4.94317529421837e-33 4.26022125017356e-67 1
2.65500307850238e-27 1 1.66344508656396e-44
1 1.09279806720487e-35 7.00726616019803e-33
5.59187236372682e-45 4.86795077468572e-63 1
1 4.67668000801249e-41 4.86939349314467e-41
1 3.00114822364373e-38 1.18209693375491e-32
1 2.3702120749758e-40 1.43319473351561e-40
1 1.4268894051672e-33 3.67060650760524e-42
3.24516181168256e-42 1.64750969299733e-65 1
1 4.18062024998614e-38 2.16882455206934e-40
1.12088327141134e-39 3.27022718145671e-74 1
1 1.21300044883486e-44 1.22603795637575e-48
1 1.31477165081689e-38 1.10309763809488e-41
1 1.02968192690546e-33 5.3823153806521e-38
1 1.34382865930001e-39 4.28929106404496e-43
1 9.38212217589131e-38 8.71325019899775e-38
1.51529957959799e-38 1 1.66716787348704e-57
1 3.07314306088679e-42 1.87434059648001e-43
2.18081230121271e-42 1 4.9579535948558e-64
1 4.17273344518862e-42 3.57138144587687e-26
1 3.72273985932317e-41 2.25050880861964e-32
6.6575593943808e-34 1 1.04152880224649e-64
5.22004076873513e-35 1.56573294498882e-59 1
1.34929439287296e-36 4.40600389156151e-60 1
1.29134452028034e-34 1 6.53234245022982e-56
1 2.57200682816333e-35 2.82822243594829e-43
7.42554148468973e-39 1 1.61592664209381e-65
1 9.74490119113529e-34 1.01347455359353e-33
5.62874151378036e-37 1.41919451253836e-66 1
3.24018937040059e-37 1 1.7518459720072e-60
1.75381566663445e-34 4.91924235986647e-49 1
1 3.76944347853866e-45 3.23390051138831e-46
1 1.53826716368488e-36 1.99411368919985e-37
3.14299591774783e-29 1 3.29771255748194e-40
9.80297665938503e-42 3.80362865540643e-62 1
2.9605133048409e-42 9.09349408667016e-61 1
1 9.15245120141156e-40 9.6228417172871e-40
1 1.01000138303161e-26 1.29784534372004e-37
1 1.88882237846586e-32 4.36950514343381e-44
1.46401845636232e-39 1 5.03245233490088e-63
2.03798845008261e-33 1 2.40613064696941e-68
1 1.73177230807371e-36 7.20061099264599e-27
1 1.99196413281993e-45 5.62910626414493e-42
1.30877754439897e-29 4.8364618340782e-50 1
1 1.28689434510003e-33 1.89041182255019e-33
3.52665737289747e-45 1 5.23321767923231e-67
8.11768640638697e-48 1 7.72175974109074e-68
4.5325219381795e-27 1 1.11530637499891e-42
1 3.92184064337496e-35 7.63197438887391e-35
1 2.1246603533501e-37 2.7331750582951e-37
1 2.50284439389878e-42 3.4215937889663e-33
3.04419206286665e-36 5.69157943557363e-59 1
6.72108845293342e-38 1.6983284736268e-54 1
1 8.64554921499998e-35 3.05933295403209e-36
5.72679666419e-36 9.38373584180738e-58 1
1.70085448323529e-40 1.07757522161503e-65 1
1.3516418867296e-44 1 2.49071428210599e-69
1.0905869808617e-43 1 8.6763416552973e-65
6.3802336327186e-33 9.91942123520911e-54 1
1 2.74773673053177e-41 1.64692164937703e-40
1 9.36222791008518e-48 1.91503483383931e-32
1.72810469715334e-37 1 6.26344342698109e-58
7.62839281141895e-37 1.1536782424855e-59 1
1.5702776691297e-39 1.75173574331804e-60 1
1 8.82485346728823e-41 2.3333292057079e-36
1 1.17503216709114e-30 2.12942136058018e-32
1 1.52477084207059e-37 3.27686244105279e-37
1 6.06522673150649e-51 2.92735122126305e-40
1 3.68950485819226e-42 2.20684482706834e-34
1 6.9889444862065e-38 1.38103078532906e-40
1 7.20389923073331e-40 5.78486139798586e-35
1 3.79842397455519e-43 5.10121513203013e-35
4.57256712207439e-31 3.31137621599902e-53 1
3.79898865019498e-35 1 1.92245818952843e-56
1 2.70056682291725e-38 8.7256037128089e-45
1 1.94115282314409e-34 1.12675506105683e-30
7.40555681929002e-32 2.77146456351616e-54 1
4.22913297273439e-42 1 3.61463648028919e-61
5.27971820526342e-42 1 4.27076493794292e-60
1 6.3493005759061e-44 2.23550505328759e-41
1.81612848420215e-29 4.08009601714041e-54 1
7.76252696434287e-34 1 7.4390255047381e-54
5.36910101491661e-28 2.13618502499724e-39 1
1 1.81119537495427e-37 3.49796062051009e-35
1 1.69403218296871e-41 1.4167269675479e-32
4.69224317947258e-36 1.29777505776794e-54 1
1.3759409527015e-27 1 1.33271150566004e-46
1.24572511167975e-40 1 5.51894859301175e-65
1 4.80153549655026e-43 1.03099910954223e-50
5.32053741437705e-36 1 1.26955870201963e-60
1 5.25356160492263e-30 3.27618040974071e-36
1.23792969524041e-41 1 8.49014478742464e-62
1 5.54720319958094e-31 8.80776920617147e-28
1 6.03769843194319e-31 4.18864393813947e-39
1 7.83970453579736e-33 7.94272118855491e-34
1 5.78461893591609e-48 6.46635570123459e-39
1 1.2674006118674e-35 5.28751516428039e-41
7.18175327776835e-39 1.12354968669144e-73 1
1.36487770200492e-26 1.5378228832832e-51 1
2.92483512357042e-41 1 3.20157254507303e-63
1 3.94841702228299e-41 2.70753861467154e-44
1 3.24850614057056e-43 7.2910181180127e-46
1.10459319498185e-35 8.46110203326851e-63 1
5.33980762207803e-51 1 3.71698719192373e-65
1 1.68712241602657e-34 2.15348054389875e-33
2.44022872788765e-34 1.5165426954201e-63 1
3.34798922641945e-38 1 1.27957204374025e-62
1.66582041583424e-38 1 3.61875604756994e-64
1 1.81798784642371e-46 6.27428917710555e-39
6.35205591304809e-36 1.98756333559939e-54 1
9.10347236836087e-35 1 4.34349680563415e-65
1 5.20195592858851e-34 3.74831986953683e-33
2.39574125125146e-42 1 1.12981945373714e-67
1 2.61337910968598e-35 1.72263462110858e-42
2.87609511080804e-44 9.24818989852816e-75 1
1 5.63065298676307e-46 8.41799780768977e-42
4.07291195854133e-45 4.27625434145966e-66 1
1.42045406518361e-35 1.16009213196501e-57 1
5.5683258639134e-41 4.63521169401209e-59 1
3.75062890977911e-41 5.5770013425403e-59 1
1 1.25236489186784e-36 3.46515066277099e-40
1 6.7448921302817e-36 3.47034381834555e-38
8.41729775988793e-35 1 7.82322701431658e-50
1 4.86352277566109e-40 3.37203329935538e-41
1 3.05018508692765e-48 9.84469075722401e-40
1 1.68099526674883e-45 1.12591157404054e-33
2.43171144788104e-46 1 4.59412531284283e-67
5.46704119757927e-35 4.26354313572399e-62 1
1.44281691070712e-34 1.42819314205869e-60 1
1 2.22168015111827e-39 8.40660040405175e-31
8.59070183135917e-29 2.18969418000482e-48 1
2.7621678425546e-36 1 2.49805612449114e-62
2.84799036721059e-39 1 1.35227619829993e-65
1.69639674158552e-28 5.65954295017952e-50 1
1 1.05621588562789e-37 1.74416834259893e-35
1.63380967695628e-31 1 5.05621852846487e-50
1 9.17182842761923e-35 1.75427836529e-43
1.01482674872598e-46 1 3.23405968751232e-64
1 6.96047481749726e-32 3.86958557342551e-45
1 7.67584075360105e-33 2.50951516113375e-47
1 4.73874310549124e-45 7.79715134777263e-47
1.66718220823649e-42 7.07456288056158e-59 1
9.9556533337193e-48 3.06236317900093e-68 1
2.94981306423095e-33 1 7.6446886147985e-53
2.15935205602703e-44 1 5.0896513161936e-71
1.29508157868544e-39 1 2.03176503017204e-65
1 3.86779677027606e-37 2.5796304137474e-38
1 8.36731632996422e-37 3.48897634285819e-42
2.82930937920236e-39 1 4.76613637368344e-48
1 3.80778631198467e-43 1.06702405950626e-35
3.37805268027105e-26 1 3.87978380971481e-54
1.93203067309181e-31 3.77439974326405e-49 1
1 1.84454882396496e-41 2.88096407389431e-35
1 6.95537036218403e-36 7.16175156076953e-41
1 9.28860545200719e-44 5.27003678215404e-35
1 7.22341259490378e-42 6.82149574067405e-28
5.91264102317841e-44 1.56469359529469e-65 1
1 2.04911099630127e-46 9.81017049410122e-43
1 8.86097757483649e-39 1.38228603064407e-24
1 2.96940676663514e-43 1.13255141042626e-46
1 1.84483568751988e-26 1.67140198119707e-43
1 3.08981372849573e-29 2.82502738982164e-35
1.13675880232562e-33 1 2.97911843970931e-54
2.69569195079779e-37 1 2.44795952425946e-63
1 1.56095741602021e-38 7.44530003807981e-37
7.50030679675659e-35 1 2.4716451017077e-55
4.26877090823248e-38 1 1.3688005011721e-59
6.85339272518397e-43 1 1.48494632749949e-57
1 4.99484408739965e-41 2.47118751420337e-43
1 2.65955288896029e-40 2.33923751108066e-41
9.86540677313379e-38 1 1.0611080831349e-64
6.1101075645681e-39 1 8.53457806303347e-50
1 3.13434108675896e-39 5.79395326393466e-33
2.06107384980799e-30 8.67380758739567e-58 1
1.52371550645765e-34 1 2.74679749288772e-60
1 6.17849763674185e-43 2.92020045059484e-32
1.70166775414407e-38 1 2.27358129724032e-59
2.98936141648931e-42 1 1.44958001552816e-57
1 2.7632571787009e-33 1.32097488063544e-36
3.53818243235313e-31 1 2.18803130592874e-49
1 1.157380518867e-37 1.65942234464789e-41
1.45634293561927e-29 2.16716769983907e-54 1
5.14187402739553e-39 1 2.05161181312349e-70
1 3.72401356347624e-38 1.06211359380337e-40
4.96740342120591e-39 1 6.24140014147716e-66
1 1.61780339572483e-35 4.87512276155587e-44
2.03670680375365e-34 3.14199905184334e-57 1
1 9.0966073367106e-35 4.02523582861982e-34
2.23398013364692e-33 6.78827165554628e-58 1
1 1.18403748956683e-37 2.22817278119137e-31
1 2.87349202487703e-30 4.55004255832295e-32
1 7.83624031008249e-48 8.55817390091844e-45
6.41156186338605e-42 3.93108177263404e-66 1
1 2.50973849242041e-34 6.84181246172601e-40
1 8.13452991652511e-39 1.28207151130462e-32
1 1.77540448393959e-34 3.34162651458898e-38
1 8.87640332343649e-46 7.72302559119124e-42
4.01933498129648e-29 1 1.24289978744259e-56
2.6954023054162e-50 1 9.96518223349943e-66
8.98708781394508e-41 1 3.32640074618302e-73
6.10582044101265e-39 1.71868794658159e-63 1
4.32065779810352e-31 7.11182763876242e-46 1
7.14261385107698e-34 1.3863466737561e-54 1
4.68220697463928e-34 3.04344789308224e-57 1
8.22952350340204e-34 1 6.55984938733297e-61
1 1.07074287429946e-29 2.93875988512121e-34
1.05820794911223e-31 1 1.23657723796878e-54
1 4.46434273806915e-36 3.41477281877364e-42
1.2703387981496e-36 4.8137840406089e-57 1
2.20718769572569e-45 8.53893024320945e-56 1
4.49293182137766e-32 1 6.88712749108256e-65
1 1.18911948314003e-39 1.89738516911304e-34
1 1.63274970742848e-40 1.03952087921207e-32
1 2.39876311420102e-35 1.0371620460366e-32
1 1.27830797375152e-50 3.31156053021264e-46
1 8.00267345287729e-32 3.28129466759698e-42
1 9.19759004813188e-37 9.0712511033023e-38
5.49980514672188e-41 3.24967749094405e-62 1
1 3.79051378354848e-36 2.37654538868992e-32
1 2.43819966161761e-25 1.30281883699799e-27
1 9.89507071212404e-33 1.09359941748265e-38
7.63648602628687e-29 1 5.09430390771147e-48
1 5.91827424337615e-48 1.22042717372069e-29
5.73386966005046e-42 9.95186405678559e-62 1
1 2.83609403050109e-36 2.36553935117307e-42
5.52734227007968e-41 1 1.13997041046172e-66
3.15494783947186e-38 9.55122975253431e-67 1
2.97283280808553e-35 1 8.58965227933867e-61
1 3.26452217602614e-35 5.66978267834838e-39
2.64903986532963e-31 2.77831148423792e-61 1
1 3.1442536713987e-37 2.52704177373086e-44
1 6.37477299374496e-37 5.59694680871621e-48
1 2.11919163527952e-35 9.98232096325041e-34
9.7080597016432e-38 7.49466851921711e-59 1
1 2.84651237339063e-32 1.00667061653394e-27
7.85777839928405e-28 1 2.61271014280515e-50
4.07135025760476e-40 1.30572170771752e-57 1
1 1.31316635118301e-51 1.54369099994427e-34
1 1.63300944541437e-33 8.16363671003328e-28
1 3.38018538563825e-41 4.43127577251726e-36
6.18117497587484e-33 1 1.10450938482262e-52
1 4.86596719113514e-36 8.4275524256361e-54
6.73379835063563e-41 1 1.951353274586e-57
2.57996265833679e-49 1 5.15402800309018e-65
2.15917363002094e-41 1 3.91757268265717e-67
6.0437959657144e-34 1 1.76698717830532e-54
1 8.57588856972554e-35 5.60571592708964e-34
1.0482023366129e-36 1.80835705894433e-62 1
1 7.77860853203509e-46 8.1225947166441e-42
3.46862353708108e-39 3.01694969099278e-62 1
7.47252398067981e-39 1.44469228658443e-65 1
1.77700128409839e-39 1 2.39187301074183e-67
1 9.032308519634e-42 2.08748272137611e-35
1 7.72730082008177e-52 3.88337851522353e-34
1 1.16391893409884e-41 2.23455086356458e-30
1.99403488706718e-40 1.06431267799208e-73 1
1 3.96000014012558e-32 3.87927024508378e-24
1 1.45887981100097e-47 2.75005230961131e-44
6.91081726207696e-31 2.57820045898913e-68 1
5.30109217119229e-39 1 1.39155436013459e-69
1 1.40220197606737e-35 1.6121216197333e-36
7.32253494152243e-23 5.9953925671089e-39 1
8.4982124085146e-47 1 2.74209520696957e-64
1 2.15084425210062e-32 7.99162514319445e-40
1.56305462913649e-38 1.66748892878276e-59 1
1 7.29378854323811e-31 4.91718265178076e-32
1 6.96911747057965e-34 4.41669973318387e-31
4.84018552405102e-29 1 4.21125573905128e-53
2.24540252473494e-31 8.13495614990919e-63 1
4.34177212239127e-28 1 1.30494659611801e-60
7.16783270953132e-43 4.28961480062758e-73 1
1 1.48139801918762e-46 5.2856557071866e-31
5.47135376034574e-43 1.27980564160764e-56 1
1 1.05922023816453e-35 4.13468914961027e-41
1 1.62155209995758e-34 9.22642998554547e-24
1 2.0109246975582e-43 2.21851986155691e-45
1 2.54039956687714e-44 3.268250161115e-38
1.05885653116639e-41 4.60318912024956e-67 1
1.18212423947018e-35 6.97207719985556e-58 1
7.30392300994671e-41 1 8.97943415378686e-60
8.93145479879275e-40 1 3.77245703866816e-53
1 3.91740668337807e-28 1.08537074890339e-27
1 5.55585760342589e-34 9.36745862171443e-41
3.88899369611249e-47 1.42425485776729e-62 1
9.70301329474295e-41 2.82653029712464e-66 1
2.38933762960774e-35 1 7.38430685984611e-56
5.87018690260748e-44 1 1.0611962137931e-61
1 1.76529404799097e-18 4.06136038716918e-25
