2.35344783194371e-36 8.07876753378703e-48 1
3.95605568084553e-41 2.10208665206176e-35 1
1.02654337551083e-32 1.81900557453658e-33 1
1.26894997220361e-62 1 4.93851080113454e-42
1.65402581911147e-38 4.98201828841968e-50 1
1 7.9630493043429e-62 8.28679291380596e-31
5.12331214379771e-60 1 2.51224515894184e-42
6.44569685827755e-44 3.28939949871431e-38 1
1.22989977678852e-33 7.4107550044504e-41 1
1.0526166284325e-46 1 2.52861034082308e-29
1.06017362791384e-45 6.66404534281491e-45 1
7.87601269788808e-57 1 6.28618385088838e-31
4.099964692141e-54 1 7.48168374501697e-36
1 1.87461501173786e-50 5.3221952792053e-30
5.96672315317774e-45 6.71274740147912e-43 1
2.44460097181573e-42 4.3110980118968e-42 1
3.32330495489334e-42 3.04782252501441e-42 1
6.18786050915044e-45 1 1.09005459957784e-30
6.23100382021726e-25 1.4264282889662e-37 1
5.12150691940592e-47 1 4.78812183785824e-34
3.0291793029221e-51 1 3.25751179574781e-31
2.28207226513898e-61 1 1.28305829742876e-36
4.39341007526306e-27 1.08600324020545e-35 1
1.84531489142873e-38 3.59541046953557e-43 1
6.03921722539717e-39 1.72120393630794e-35 1
1.16528764674122e-55 1 4.29176289377259e-37
1.22813409817209e-35 1.41309171803351e-40 1
1 2.27383730081853e-60 7.60565032498427e-36
1 4.51341152263636e-61 1.11218824433987e-45
9.25539911230623e-35 2.4923091027857e-47 1
8.91470863860654e-35 1.51264159932666e-31 1
1.63308836225301e-57 1 4.81833080235484e-32
1.15847529595052e-32 2.22197999851029e-34 1
1 8.60514809601767e-58 3.74299856743693e-40
1.11916366881896e-30 3.43742348879744e-28 1
9.45886111319122e-27 5.09877150052588e-42 1
5.66641199898606e-32 2.56887833051175e-33 1
5.94089377477092e-60 1 1.66013771282937e-38
9.86280410341578e-41 4.84904748725607e-46 1
2.10253929193618e-39 1.20068865252312e-34 1
1 7.05621294206934e-63 1.83002810100922e-37
1 9.17889411610371e-61 6.29627610199732e-39
3.83857168786693e-38 1.05728331370427e-31 1
1 1.50061463115466e-63 1.5582724940289e-37
5.78227811666684e-41 1.4334416748555e-41 1
1.8038623738934e-30 9.53553146146051e-43 1
1 8.55054045723338e-52 6.48857964619933e-32
1.22002279069918e-40 1.34171360852302e-34 1
1 9.28676288963663e-51 5.21931773806589e-30
1.50873790861315e-38 1.03597563088045e-32 1
2.20666346567462e-30 1.34424810545402e-27 1
1 2.53478089285106e-59 8.92395355630437e-40
1.38993435783789e-35 7.63069327780387e-38 1
6.68222537483171e-36 1.39847246714866e-40 1
1 2.81130729536296e-65 8.7652437864767e-45
2.08239908443687e-32 7.88731516277454e-37 1
1 1.6540645673677e-66 1.66621323257129e-34
7.43176867168347e-60 1 7.62234434996779e-36
9.10715327085813e-50 1 2.32943389335933e-29
1 3.75123405741084e-68 5.95513275968998e-41
1.04159432090824e-48 3.62186073790401e-46 1
1 9.64725281574404e-60 1.55091248759972e-35
4.66577440180612e-32 2.67617223045152e-37 1
1.10346665079312e-55 1 1.40572185549423e-37
1 6.90208828828935e-53 7.89581164497402e-30
2.68354335944907e-33 1.3371393358165e-36 1
2.12863742492079e-32 5.33294048099322e-36 1
1 1.25448631831137e-60 5.64012899773077e-45
1 6.92472542925015e-60 2.92495430145188e-38
1.36544782750165e-34 6.99444095460985e-42 1
1.43612224557084e-32 5.64886813900994e-33 1
3.08983531025907e-35 2.72481076722806e-32 1
2.9804932533207e-33 1.61292541113182e-40 1
9.68840350124182e-40 1.39590598739489e-25 1
3.00407476012864e-33 4.09094126717061e-34 1
1 1.38681515046441e-59 8.1353403601326e-40
1.95779320213744e-45 1 1.12110379648002e-28
1.28045015630687e-71 1 1.8360708507303e-38
1 3.96780131087577e-53 4.37345911692782e-25
1 3.05058262153267e-64 4.07337005689428e-38
8.93910366388668e-29 1.16964089847022e-43 1
1.96343352061649e-55 1 9.19490454059248e-31
1 1.42791672231542e-64 4.08584232542835e-39
3.71688843121138e-29 2.51476243666647e-41 1
1.48506169618731e-58 1 2.36212784192756e-39
7.75471658406074e-39 1.07370268886137e-39 1
9.21964687732549e-38 6.23834906982457e-35 1
1.14462747640802e-55 1 2.36298972342824e-40
2.32507242092742e-42 6.41841935082364e-46 1
1.71087020987169e-46 1 1.32742176233816e-28
2.19413908862818e-53 1 5.7048737215291e-33
2.33539058166544e-33 2.42236562602288e-37 1
9.50732204866427e-37 1.48036802611306e-40 1
1 1.58966871538197e-59 3.5376965519102e-36
5.69465307454428e-42 6.87023775831122e-47 1
7.12805917643202e-53 1 5.9917403298485e-36
4.64968990999822e-39 3.91681766373863e-38 1
9.54409586577613e-36 1.21325886453773e-32 1
1.16890284842963e-37 6.96725787800025e-27 1
1 9.16746478349949e-60 2.1295137711932e-38
1 3.81049488029769e-47 5.40949918958466e-32
1 2.71783270619787e-53 5.43518603316746e-34
1 3.34158938470009e-52 1.92223890174232e-31
1 2.35930432642913e-52 4.71425220780167e-32
2.95339604817719e-47 6.56108091284939e-39 1
1.46689359936069e-31 1.80029586402956e-42 1
1.84149165894552e-39 5.23859797944865e-36 1
1 6.24987319994339e-66 1.13217099089382e-30
1 3.24439889169968e-65 1.11197783587544e-42
3.18833326198145e-26 9.64505465497911e-32 1
1 3.43277863813064e-59 2.79129785194862e-32
1 1.26164366953443e-62 3.93926842449832e-36
4.80205389529613e-35 2.07760294858981e-42 1
1 1.87231865124129e-57 2.90325009044415e-32
4.5382030379166e-33 2.61743634622622e-32 1
3.94441088512913e-35 9.19379740753076e-38 1
7.9578684822204e-58 1 2.06510584010632e-36
1.59803401836271e-22 6.62016784991339e-28 1
2.40201902480489e-33 3.98532601305331e-33 1
1 1.3495586908148e-58 2.561330710701e-26
1.75191229212732e-67 1 7.31880764130035e-48
1.2238190375084e-64 1 2.46180087846284e-35
1.12775228805914e-47 5.88764541572824e-34 1
2.08012821709146e-70 1 1.72582756117397e-43
1.71570580805842e-38 1 1.21839151548893e-27
1.09810170593872e-31 2.49707483991686e-33 1
2.87736708683119e-37 1.06863875205666e-42 1
5.09507138742126e-64 1 2.05644151909504e-40
1 7.3995946212177e-40 9.36454348640255e-29
1 1.73546794435126e-64 4.7300611821102e-34
5.24005674908709e-61 1 1.732870176764e-36
3.75841467336889e-29 2.14189700968904e-33 1
1.55036312908252e-40 8.63628270134304e-28 1
1.43354351134596e-39 4.06613692182458e-41 1
4.16652782283198e-33 2.89931030596833e-34 1
2.29211093486434e-31 1.03220348007454e-33 1
7.86072823471156e-53 1 3.86138427057383e-36
7.62622372370136e-61 1 4.80848938801232e-31
1.23819968506904e-41 6.02115336169945e-31 1
3.7049374105938e-47 2.12961878583051e-32 1
1 4.04400798179433e-63 3.22342867096859e-45
1 3.95724467354066e-66 6.83385394720838e-41
1 1.00362763452629e-55 2.00634018804619e-40
1.1606721594253e-58 1 2.2623920405499e-46
3.96828407410182e-39 1.00664903544226e-43 1
1 1.5802025520994e-65 5.10283529790125e-39
7.40343965362039e-33 4.74054369444203e-38 1
1.0454371120195e-36 4.04519746571488e-41 1
1.65715269310501e-39 4.91289847569481e-40 1
1.01511862625389e-29 4.15287417873003e-33 1
2.64252109624832e-60 1 8.33505307735829e-34
2.36945308896675e-48 1 3.49638051738445e-31
7.69040282365555e-32 7.37396964458927e-44 1
1 3.85253729172218e-66 4.16094902757239e-39
4.83507381008637e-53 1 4.72844641072113e-34
1.14398875868713e-41 7.14038082366999e-47 1
2.01033886196664e-61 1 6.37512836720593e-38
1 1.21519984524551e-56 3.73106778862208e-41
1.91944580695999e-54 1 6.55988327241772e-35
7.64306396432029e-46 1 1.51592435312639e-31
3.27920005976915e-56 1 5.9381465362828e-42
1 2.80999667071211e-59 1.24716801423594e-41
9.81814546193882e-53 1 3.05029415876491e-29
7.06205801420082e-31 2.00987375498573e-44 1
1.63728280240389e-66 1 2.88192397972294e-33
6.48766217624076e-58 1 6.99081214993678e-35
1 3.60548102543411e-59 9.12498977808135e-33
1 3.39442662213663e-59 3.25278394448383e-38
1 2.02737654085978e-65 1.72751820085164e-34
1 3.08893019945512e-49 2.74622591045265e-29
1 3.98643568310945e-54 2.10333008223823e-32
1.2128286348894e-32 1.25479371241503e-38 1
3.11764150579828e-40 1.22931549668116e-39 1
1.67985092873326e-33 5.1312343597431e-41 1
2.02734726816174e-15 8.29301465869298e-25 0.999999999999998
2.66256696732083e-23 4.71483544662953e-30 1
1 1.37418039252195e-56 2.39113216199397e-36
1.18343499344927e-35 4.65953782488454e-42 1
1 3.09697695336093e-52 8.5940004653271e-28
7.25548301752071e-31 1.37532581137964e-36 1
1 1.62200183195605e-65 5.52014900569634e-37
1.16693816812789e-61 1 1.53391220327565e-44
5.08782845313963e-35 1.78023426916581e-35 1
1 1.32551921154627e-47 1.04747802347788e-29
2.10083576639752e-35 8.58872156256568e-33 1
8.58739048129675e-49 2.22478443067791e-34 1
1.78092727717749e-36 1.13610456733043e-24 1
1.98127677463463e-40 5.99756619815363e-42 1
5.15748325741385e-63 1 9.0509159062705e-31
7.69705717285753e-58 1 3.07459560817294e-38
1 3.27921203512383e-58 1.46596554032503e-32
3.28955991205777e-47 5.52425439170761e-40 1
5.68493243318473e-36 1.22018472293066e-42 1
1 8.35638815487253e-56 2.15058891245422e-34
3.77794892098691e-59 1 2.35688415647421e-36
7.43496755260839e-55 1 8.79739805454673e-45
5.78708845485258e-65 1 5.52748713772059e-40
1.31172992957491e-56 1 8.38549891972238e-34
8.6262711440604e-73 1 4.22045355749874e-40
2.70994761046856e-29 2.86179316357021e-35 1
4.38703704288374e-39 2.20768253990684e-36 1
4.01421582603371e-23 2.61568214583635e-43 1
1 7.17004639443559e-46 5.3823249738912e-27
3.06059131490384e-34 1.06623800169332e-44 1
2.63681770467912e-63 1 1.41675610582506e-41
2.73096522234846e-34 1 5.07876792616999e-23
2.45803580957758e-43 3.99890683873744e-33 1
2.20972287651949e-31 9.1613969003138e-41 1
1.28001650494618e-55 1 8.57939062151599e-37
2.31682231333698e-36 1.09034266023025e-30 1
4.28710919375833e-30 2.33342113946047e-32 1
2.90238507182677e-37 8.59062492835726e-40 1
1 1.23271752215137e-43 2.95075769239622e-24
4.71129825629888e-59 1 5.52278544857404e-34
9.90032304245515e-53 1 8.45226274112971e-38
1 1.61650811578959e-59 3.45585822774713e-35
1 9.85963565317308e-59 6.33691224193364e-36
4.88921090622015e-37 3.05616132312468e-32 1
1 2.86442639008641e-59 7.07154354753646e-41
2.65691523709449e-64 1 1.06298956444966e-43
2.60797982724379e-31 7.32169485719964e-27 1
1 5.78075205043797e-54 3.67045211861989e-33
2.14590177798031e-34 2.34476742660643e-23 1
1.13867690550804e-60 1 1.24122884117371e-42
3.94085753037133e-27 7.2225002555292e-32 1
1 9.45931636933789e-64 1.10254334346956e-37
1.05708512601967e-40 1.56588585243409e-35 1
7.54038033188737e-40 1.68739324758984e-40 1
3.51790819639729e-31 5.59459819300118e-38 1
8.80949041037416e-35 6.11734193370508e-54 1
6.03361419233878e-33 9.32349636671787e-44 1
3.14445882611291e-37 3.72903132905628e-41 1
1 7.25039196665624e-54 7.30259787883598e-32
1.33717596888591e-27 1.28829405707852e-33 1
1 1.22227537080495e-58 3.70887453365424e-37
1 2.09953696245912e-61 1.40591701058244e-28
2.08124910535696e-29 2.98918919941122e-38 1
2.69743639446199e-33 7.14029936841927e-38 1
3.51986518399208e-27 2.53904386476684e-28 1
1.53557184418381e-27 7.19352440412171e-28 1
6.00120977912406e-33 7.43671695188612e-40 1
8.66362903727045e-39 1.6921384749715e-25 1
3.73710352381228e-32 2.24677513848324e-40 1
1.04649314959841e-41 1.38558226918758e-28 1
1.38342172435579e-28 1.46103772231194e-24 1
1 1.67865239726523e-61 3.04460205927934e-34
1 1.53156506755274e-56 6.04638974037447e-37
1 1.18283924184588e-46 3.05975992490826e-27
6.71084262962684e-64 1 5.65094250075261e-39
5.8855515861363e-51 1 3.71384209985453e-31
1 8.62889914034225e-63 1.74754172326876e-41
1.66049551898953e-29 1.7537049171713e-39 1
4.76575479672094e-43 2.99505784530619e-46 1
6.51262689961039e-57 1 2.79862949952133e-41
1.38310745740283e-57 1 4.44125797350811e-43
1 7.36652609015458e-55 2.63492068202376e-27
1 6.57708510475723e-42 3.96069780780544e-26
6.38480829493443e-32 7.96786162380597e-31 1
1 5.47304259748016e-53 4.64067254240696e-36
1 2.55869741103485e-50 2.80980992436292e-36
6.80018354430787e-37 1.42900726301089e-41 1
3.80559010962541e-35 5.67667552438373e-37 1
5.91645916767976e-58 1 6.58957253334307e-41
7.69465851129028e-37 5.57713559787196e-30 1
3.65541440600479e-53 1 1.35661325464201e-32
1 4.25501337361142e-61 6.48722399109622e-47
1.47670112629223e-34 2.09081264250845e-40 1
1.03417380088924e-55 1 1.45569245257078e-35
3.24605572704296e-44 7.70251480013995e-44 1
1 1.44181697418474e-45 4.11557060574993e-34
1 4.56963520957671e-60 6.79391374302097e-34
7.3418009110841e-52 1 5.08122771252646e-26
5.01192257462255e-71 1 4.31273289570944e-44
1.77142207600718e-62 1 2.28151298904795e-42
1.9964189548221e-53 1 1.03136544348932e-33
1.5337070560797e-45 9.1080153105834e-49 1
9.83608165657196e-59 1 1.0439584680414e-38
2.97045423732871e-32 7.73079516839309e-44 1
1 1.19190422158031e-71 4.2541284518977e-39
1.00199845297071e-42 2.17956219712879e-39 1
1 9.46278299320997e-63 8.53659942318443e-36
3.36049979530634e-58 1 2.15097445762236e-40
2.886714179483e-32 7.75361157084972e-35 1
1.14501469236e-33 3.04938947883148e-34 1
8.47603687626676e-39 3.16119806636849e-32 1
1.74966818869729e-36 4.97591200951671e-32 1
2.64273601522268e-59 1 3.36425817209786e-41
1 5.55852280176674e-40 8.88418613808041e-23
1.55966094482394e-53 1 1.74038099567614e-35
4.19038588629674e-35 9.29269631765914e-34 1
1 1.13164976069343e-51 2.46622610457964e-31
2.06099095195715e-66 1 1.44073385038354e-44
1.18081373205585e-68 1 1.18602641155551e-39
1 5.37491926839476e-46 1.07799750820943e-36
1 1.18624700631796e-50 1.11326052836772e-27
1.4209829150202e-32 3.79358082838523e-31 1
4.59950732858597e-31 4.16481313531255e-38 1
8.33431209210767e-36 4.8524082396247e-37 1
7.40728933336771e-42 1.87771629658981e-34 1
1 1.29435320196082e-59 1.28768271471589e-35
