2.64671636655824e-77 4.18247741525197e-49 1
1.15642297668599e-48 1 5.21828080045394e-38
2.50613246073034e-52 1 7.33673764836442e-50
3.74685683308996e-43 1 5.4643051380913e-35
1 4.26657925898599e-40 8.45025299111522e-73
1 1.70330675632396e-30 3.28217391463863e-64
1.33739022824727e-43 1 3.16512434296647e-35
1 4.96597945643224e-48 1.13933626886786e-75
1.18573089511139e-46 1 1.42155779912833e-38
1 6.04540466558503e-43 5.51899645268386e-78
1 1.11796616427021e-28 5.07529593701095e-62
2.24680383851319e-46 1 3.91523526513198e-48
1.30848937863578e-51 1 5.49078724571737e-45
1 8.28678293166974e-31 1.79057855254601e-55
3.25353044189533e-34 1 4.68957516619565e-36
3.03584320858224e-47 1 2.01880954027258e-53
1 2.93688129984218e-42 1.75313964129005e-76
1.11022123768722e-49 1 1.7497151588036e-49
8.29305238037301e-30 1 4.82634982670115e-42
4.00125381189295e-41 1 4.09456672981011e-43
4.74724058761541e-40 1 1.58303676067835e-36
2.15523393074868e-56 1.77143040046671e-29 1
2.60125770936335e-46 1 1.48335091031872e-47
1.1801201634972e-46 1 1.40065076427722e-42
1 1.01313701271027e-30 6.209645204213e-50
3.81975489102787e-46 1 8.96414389511717e-33
1 2.26561076162225e-45 9.28381078142142e-87
1 1.63626040761395e-39 3.77202156563672e-69
1 2.75082936502561e-45 1.41120707139926e-79
1.52163785914662e-41 1 9.23275981440059e-40
2.2220793828363e-51 6.96209978167388e-33 1
1 2.02948270244601e-41 3.16953054435242e-71
1 1.55988251681367e-49 1.16544061705804e-77
1 4.55437372327464e-33 1.0328362582475e-64
1 3.67015644432001e-45 6.01610319619589e-71
1.15779101885175e-79 2.24710149568094e-41 1
5.27708927404126e-65 8.97399519968561e-39 1
2.11810003613503e-72 5.95662598705649e-41 1
2.31169565342783e-73 2.17361697889634e-45 1
1.60284029402888e-33 1 5.0811135326176e-40
8.71049503460707e-30 1 2.7795887726696e-33
6.90634084259976e-75 2.47754207861011e-44 1
3.01864085309631e-71 4.22950661663452e-39 1
1.67329813541786e-41 1 8.43224853496068e-36
4.44502572645069e-84 3.64619960340483e-44 1
5.30227310094357e-78 1.64903922523946e-43 1
1.00821815444569e-74 6.31006884520971e-47 1
1.22112834757801e-53 1 2.74445817506665e-39
1.8313944994084e-61 1.11169410664518e-30 1
2.85871027997297e-46 1 4.93494558990547e-38
5.831585864575e-50 1 1.27333304627087e-36
2.93603431761697e-38 1 1.3390092624728e-42
1 2.30273182000884e-50 2.84381917058357e-74
1 4.80092648924809e-38 9.28519909721359e-77
1.89971382646193e-45 1 1.38749634333116e-30
8.23851230484388e-38 1 6.4056766675638e-45
9.81179086380696e-32 1 3.46547147009719e-36
1 9.16020900009808e-44 1.50490583892283e-82
1 3.01377144691366e-42 1.2243192517431e-71
1.45805111642883e-75 4.02668417325388e-35 1
1.9578850158702e-41 1 1.1240905988494e-45
8.82877851247144e-71 2.07227889873488e-43 1
1.58460127123001e-67 1.07817347484086e-40 1
1 5.09446359552322e-41 2.98157504301791e-75
1.04498988983108e-33 1 1.40826838507947e-32
8.14038204077182e-59 3.51079748752801e-28 1
1 3.81512728502257e-47 1.8655613842459e-70
1.27017717944272e-37 1 1.39199252415001e-40
4.14845582844873e-67 4.55691547295695e-37 1
1 3.44032408670259e-36 5.02327110001918e-63
2.62463859035739e-58 1.61887392325832e-33 1
4.24301169988413e-41 1 3.01504538471049e-42
1.3869430218365e-69 1.00066522148925e-46 1
2.90222859450557e-42 1 2.78273391833229e-46
1 2.29598000206213e-42 8.49294484520713e-59
4.22463249721673e-31 1 5.44236772190785e-46
3.52307294304805e-66 7.08306671458695e-43 1
8.80556561918721e-36 1 8.03069966186155e-49
1 7.55020846512448e-41 9.31636394267516e-73
1 7.53586137904075e-43 3.06791329419991e-76
2.03547361979794e-42 1 1.70510083229029e-38
1.8088710282982e-19 1 2.08260485654322e-30
3.80082805094801e-72 4.04185936262028e-43 1
1.2997924031007e-38 1 4.97626476408876e-32
9.40320187597517e-66 6.66683972001101e-35 1
1 7.31094003678357e-29 1.67410776583472e-55
3.83169992541087e-69 6.81975056593146e-50 1
5.65331262558354e-76 3.50322976039301e-41 1
1.12743580846303e-64 4.90634428984944e-43 1
7.66501965536646e-40 1 1.89712162908688e-32
6.74491336059064e-46 1 1.85221960651259e-31
4.42581523718612e-35 1 1.65255666723135e-40
3.25992393010414e-75 3.71656574127858e-46 1
3.24441193147809e-84 1.00194968880927e-46 1
3.19756370680462e-35 1 1.2696078386157e-31
6.31259008060138e-42 1 2.47588853929161e-47
1 1.15106063646971e-35 6.47682641392926e-61
8.73655957654418e-65 1.29600059649578e-37 1
1.23279704591997e-37 1 6.287787329201e-38
8.68463941029002e-72 1.65413489889462e-45 1
1 2.3943965614417e-41 4.48084027500576e-73
2.56141873875521e-44 1 1.60433331809483e-37
7.20892263557803e-61 3.64975385060303e-32 1
6.14712329709135e-38 1 8.19046675237734e-46
2.71338921454654e-47 1 2.77372191930294e-49
1.03803081942344e-67 6.2835918796515e-43 1
8.1051623432237e-71 6.80534413432846e-34 1
1.63012762667202e-43 1 2.61233081760325e-47
1.37052630510484e-43 1 6.14858767258318e-38
1.63724926206321e-64 4.60241182556496e-39 1
1 3.00636840702338e-33 3.27516609628236e-76
1 2.66184598032245e-37 1.4872012021341e-61
1 1.05120713245067e-41 1.01048233952725e-76
1 1.02941511340027e-44 2.49744448908592e-76
2.81668652897515e-44 1 9.02085214478829e-47
1.80782664788141e-54 1 5.26252591037482e-38
1.41044917577121e-36 1 1.70944408552373e-44
1.96250045471286e-39 1 7.71140640900674e-32
1 4.68184375769531e-34 2.98476734619036e-64
8.14748483967935e-39 1 3.09052652092014e-38
1 7.72198999256141e-39 3.93560655157574e-70
6.93712239253039e-42 1 5.14454113202454e-46
1 1.1247968085153e-26 1.45217976157983e-52
1.65569781593293e-40 1 3.47593180764584e-40
1.33188277111202e-47 1 4.0413607802089e-32
1.13768206463648e-33 1 1.02566035353339e-29
1.81778169930333e-68 3.87424571039359e-39 1
3.03089249408526e-45 1 4.35040538659304e-36
1.50078109875064e-40 1 5.5023083360844e-44
1.26547323470039e-35 1 2.26898443621752e-30
5.41142104523502e-75 6.64830087881239e-41 1
6.33564235771387e-71 1.35531887875921e-38 1
3.89778240332586e-73 1.31029375831531e-48 1
2.05477080449447e-71 7.7991113973354e-45 1
1 4.74854159099153e-48 1.64272711783576e-74
2.69957147090064e-47 1 3.61920282057276e-37
4.14852668612878e-53 1 1.15807419338105e-41
5.63669941016543e-41 1 5.38237197246275e-27
9.90781181217804e-41 1 2.80461728028088e-41
1 1.13159927788119e-45 5.4401728249253e-67
4.10973991768728e-37 1 1.32329651289225e-35
4.20888408480563e-66 5.04396459385387e-39 1
1 3.26124888295409e-36 3.46680776802932e-63
4.86188765288292e-73 7.83351651242185e-42 1
1 7.0595029699722e-37 2.94003924680054e-78
2.0817490217364e-38 1 1.25516134591336e-45
5.14204104511715e-42 1 3.00068844349354e-36
1 1.59024605066673e-49 2.43272739713702e-76
5.08974179059796e-44 1 1.9103088583569e-50
2.80964803678482e-76 6.00053752293696e-41 1
1 4.96328667901691e-43 3.65711873385301e-78
3.27190659700419e-39 1 2.6362439279351e-34
1.07536458243052e-47 1 1.79443650462597e-47
6.10480720103929e-49 1 4.69612168026577e-48
8.79535566712118e-39 1 9.17329936156325e-47
1.78793264862082e-38 1 3.69408403043086e-35
1 7.61111446594919e-44 2.47344868075221e-70
1 5.36790800250667e-36 1.73662968899259e-63
8.45963244921117e-78 1.08656198183342e-45 1
6.8281538743364e-86 2.10103839866221e-37 1
1.27855066517768e-42 1 1.08795624791362e-38
7.69224856642496e-55 3.24307316962808e-29 1
1 2.22029765603754e-41 4.82336836904933e-67
7.62238766368922e-83 9.98548146387951e-43 1
1.41890939278582e-40 1 4.41352554729134e-40
1.18480043199025e-40 1 2.12502426754292e-42
1 4.08456483264771e-39 4.58574683873753e-78
2.07916916052383e-62 2.16805451582708e-40 1
2.68147709020687e-37 1 1.38865147933387e-43
8.03675013876123e-64 5.60803438399908e-35 1
1.01757822011532e-36 1 2.82847224473897e-49
1 3.33297079291729e-36 2.0678082531057e-71
2.51396019344844e-51 2.41939589986126e-27 1
1 2.60137682621948e-45 4.5080740691982e-73
1.4131625392118e-33 1 3.96042577293002e-47
1.19448435418527e-44 1 4.28189838212185e-43
1.210158128795e-71 8.76799846632305e-50 1
2.88424367767432e-36 1 4.02234794344049e-39
1 3.82692760488712e-40 1.18921983748288e-69
1 7.93431115042005e-47 6.28073471325029e-75
1.1744112699612e-76 2.52097296864626e-44 1
4.93079844668074e-76 5.15421390035928e-40 1
1 2.70524800247658e-40 2.67867750504943e-67
5.06281742341812e-83 2.75083057225389e-46 1
3.46440467795997e-78 9.90857774467687e-37 1
1 3.73845991879966e-40 3.46139873283006e-67
7.15785562984184e-44 1 1.98735232133465e-45
1 6.3496151775117e-53 1.7007071009515e-79
1 3.01233320176567e-37 2.60584444798597e-81
1 3.31706435588992e-28 2.44744418185727e-48
1.88749055135864e-39 1 2.81338142671102e-47
5.2702167862331e-60 3.51585330107433e-34 1
9.02460372671299e-36 1 1.75288762937122e-45
1 3.0291416162743e-48 2.65892510486908e-84
7.95533780465484e-52 1 2.30479402156981e-43
1 1.14470345474762e-35 7.37325945128989e-69
1.14029384722499e-57 1 8.25864296595017e-36
1 4.15030506977041e-52 5.6310997080366e-74
1.61157371541906e-45 1 9.77116762896152e-40
1.57777037573489e-39 1 2.12745624130389e-38
5.97056021896875e-71 3.62768323242692e-36 1
1 1.41427780427357e-45 3.22981680730403e-70
2.57727640599216e-37 1 3.01235950380414e-48
1.6287673851964e-33 1 2.30350841008822e-39
1.57059015850481e-41 1 3.84635709335626e-36
2.54610128498614e-36 1 5.99652731727241e-40
7.13370675490195e-46 1 5.26754191180217e-36
5.59412354583117e-78 3.6690051650118e-45 1
1.84129676157794e-43 1 5.0848890135754e-47
2.89859051196742e-77 5.48878302477516e-44 1
1.19837394227108e-75 2.2610248677278e-45 1
1 2.01259324677859e-36 1.88164715975293e-60
4.26577001911827e-37 1 8.96529811653654e-41
1.25015815445663e-67 8.92656269182297e-44 1
6.37342979995447e-41 1 1.29347687090074e-45
2.97679852496637e-45 1 3.00765357552207e-31
6.16980988093157e-34 1 6.80951130124078e-34
1.7632552622185e-39 1 1.05006795799401e-37
1.36696974886492e-41 1 1.74757346956575e-45
7.73015171345682e-46 1 1.7253153919045e-46
1.43005839422699e-40 1 1.14429459111593e-44
4.12802817324425e-74 9.42431009779741e-43 1
1.6590425318666e-35 1 3.67011760115986e-40
3.75955962913981e-73 1.77802971610932e-47 1
1.29743185472548e-40 1 4.2192787078944e-22
1 3.83792005222797e-42 5.1861129487207e-61
1.15523668748078e-37 1 2.66943530919607e-46
1.76429414876671e-49 1 4.72630302340388e-36
1 3.14128897909646e-46 1.56229720843729e-76
3.68027292702385e-36 1 4.12537982708217e-32
1.1352197499754e-51 1 3.16778595287337e-46
5.30804873572753e-38 1 5.61796681263726e-38
1 5.49296933651511e-39 4.4316582532031e-74
5.57291106923434e-39 1 3.33573707726233e-40
1 2.8492200617429e-32 2.13519320300667e-66
1.92117315303817e-68 9.02036052745752e-35 1
2.36210615449049e-44 1 5.16981070031697e-41
1 1.8648883955265e-41 7.73829061097549e-75
1 2.88736321408884e-55 2.3692527126498e-78
1 4.90298908038697e-48 9.80124391528978e-73
3.29683104970134e-46 1 9.6499519406945e-49
8.83119868072914e-78 7.10951381937043e-38 1
1 2.53140106335368e-44 4.89884029751307e-77
9.88470328338125e-49 1 1.59513998892786e-44
1 3.44194873664228e-38 4.99908386768279e-69
2.71964196678102e-63 3.89645570053972e-35 1
1 5.42778825140168e-45 9.92362289547816e-74
3.23073120018292e-34 1 3.05578285865989e-42
1.8252682485361e-35 1 2.9488278509081e-35
1 2.52171860342777e-41 5.11646971459002e-78
1.89868380263601e-46 1 1.58393840856457e-50
1 8.30746771686048e-45 4.12136625121604e-73
1 2.81637703332204e-46 7.93905798011571e-78
2.76414261973265e-68 6.95476532607329e-38 1
1 1.78956922323223e-44 2.64432443426193e-81
3.67505317796204e-31 1 5.87388395022243e-30
1.14210905172867e-42 1 1.21106833303424e-40
7.15493128815851e-43 1 3.55197931707597e-36
1.38589381327033e-48 1 6.52199507402266e-54
2.18848183365528e-68 7.34014056458616e-37 1
1 5.13643022448618e-47 2.26099791690441e-79
3.70975115452344e-75 2.7264005187746e-40 1
3.50610390285089e-68 4.92378079558871e-37 1
1 8.74727162595295e-38 2.15748866846146e-64
2.3263760414878e-40 1 2.33862686756383e-44
5.04813635105918e-50 1 6.86965680865223e-33
1 1.13803450168518e-47 6.27172122828015e-79
9.22546509762055e-29 1 4.0238024651378e-33
4.89723527816796e-39 1 3.61314189848036e-45
4.63281244002884e-41 1 1.32985302591456e-43
1.35435892740416e-46 1 1.26378510797893e-35
3.10919939403758e-44 1 3.48337979453041e-42
1.51626104215788e-35 1 3.45881509940833e-50
4.23388038229838e-53 1 6.31501488442915e-34
1 1.69733150932093e-34 4.08071336419649e-61
2.1243273905135e-40 1 7.6130477004852e-42
6.62202159558338e-36 1 5.07940419052035e-45
1 3.18559775947989e-40 1.56728264674078e-72
1.57567136246468e-39 1 1.4594233843674e-54
1.31523675474923e-35 1 3.5750135521291e-45
2.38177361722335e-35 1 2.97773922031932e-39
1.59290847820257e-74 2.45186225339778e-42 1
3.88597525378293e-78 2.97063908256733e-45 1
4.25431179996209e-59 3.34282904616831e-36 1
4.23501921545155e-77 9.20633453788953e-50 1
4.66748389335654e-62 3.08206132566491e-32 1
1 8.36871080480876e-41 9.02127874048613e-73
6.06982346242854e-39 1 3.76483187916635e-42
6.56492924518985e-46 1 2.78949421429692e-56
9.79067266416198e-87 9.9267689298891e-44 1
1.17264703634197e-48 1 1.02127671888729e-43
1 2.14891375155127e-38 5.24426025918683e-67
9.39236570039366e-48 1 7.04004862505128e-50
1 1.44861249227141e-33 1.92099659292829e-61
3.43190383018064e-39 1 3.42371628950273e-45
6.73487828339455e-42 1 5.0951857515921e-47
1.17558709229282e-37 1 1.444201885148e-39
1 3.55475883341688e-36 1.77224854597403e-63
6.14778222585246e-40 1 1.04426057728026e-52
6.0822637707291e-35 1 3.48127247607799e-36
