1.62200183195614e-65 5.52014900569626e-37 1
1 1.06298956444992e-43 2.65691523709464e-64
1.39847246714904e-40 1 6.68222537483171e-36
1 8.4522627411314e-38 9.90032304245487e-53
7.37396964459043e-44 1 7.69040282365533e-32
4.98201828842089e-50 1 1.65402581911138e-38
8.35638815487265e-56 2.15058891245431e-34 1
1.37418039252199e-56 2.39113216199407e-36 1
3.28939949871497e-38 1 6.44569685827736e-44
1.23271752215138e-43 2.95075769239622e-24 1
1.09034266023042e-30 1 2.31682231333695e-36
4.09094126717166e-34 1 3.00407476012864e-33
1 8.79739805454836e-45 7.43496755260829e-55
1 5.70487372152991e-33 2.19413908862822e-53
2.17956219712929e-39 1 1.00199845297068e-42
3.2443988916994e-65 1.11197783587533e-42 1
1 8.5793906215177e-37 1.28001650494613e-55
1.18624700631791e-50 1.11326052836764e-27 1
5.23859797944991e-36 1 1.84149165894558e-39
1 1.41675610582538e-41 2.63681770467912e-63
1 3.0502941587653e-29 9.81814546193812e-53
1 1.28305829742889e-36 2.28207226513865e-61
1.34171360852325e-34 1 1.22002279069907e-40
1 2.52861034082348e-29 1.05261662843244e-46
1.19190422158024e-71 4.25412845189733e-39 1
1.72120393630828e-35 1 6.039217225397e-39
4.31109801189802e-42 1 2.44460097181587e-42
1 6.58957253334475e-41 5.91645916767976e-58
7.14029936842059e-38 1 2.69743639446184e-33
1 1.03136544348944e-33 1.99641895482193e-53
2.24677513848366e-40 1 3.73710352381217e-32
1.75370491717167e-39 1 1.66049551898944e-29
1.29435320196071e-59 1.28768271471569e-35 1
2.07760294859034e-42 1 4.8020538952962e-35
6.96725787800143e-27 1 1.16890284842955e-37
1.06623800169362e-44 1 3.06059131490375e-34
1 2.362127841928e-39 1.48506169618719e-58
4.51341152263623e-61 1.11218824433983e-45 1
1 1.09005459957807e-30 6.1878605091507e-45
1.46103772231212e-24 1 1.38342172435579e-28
1.00664903544246e-43 1 3.96828407410182e-39
8.58872156256703e-33 1 2.10083576639743e-35
3.43277863813064e-59 2.79129785194822e-32 1
2.333421139461e-32 1 4.28710919375839e-30
1 5.52278544857499e-34 4.71129825629874e-59
1.38558226918778e-28 1 1.04649314959823e-41
1 1.24122884117402e-42 1.13867690550808e-60
3.98643568310933e-54 2.10333008223817e-32 1
8.62889914034127e-63 1.74754172326864e-41 1
1.06863875205687e-42 1 2.87736708683119e-37
1.25479371241528e-38 1 1.21282863488933e-32
5.47304259747984e-53 4.6406725424067e-36 1
4.65953782488534e-42 1 1.18343499344912e-35
1 6.3751283672071e-38 2.01033886196658e-61
1.21519984524544e-56 3.73106778862198e-41 1
9.17889411610319e-61 6.29627610199705e-39 1
7.36652609015479e-55 2.6349206820237e-27 1
1.41309171803381e-40 1 1.22813409817214e-35
1 3.07459560817338e-38 7.69705717285643e-58
1 3.4963805173851e-31 2.36945308896668e-48
1.42900726301125e-41 1 6.80018354430806e-37
7.19352440412289e-28 1 1.53557184418371e-27
1.51264159932696e-31 1 8.91470863860616e-35
3.99890683873812e-33 1 2.45803580957737e-43
1 6.55988327241893e-35 1.91944580695983e-54
9.46278299320943e-63 8.53659942318321e-36 1
2.98918919941177e-38 1 2.08124910535687e-29
6.71274740148094e-43 1 5.96672315317799e-45
2.49707483991732e-33 1 1.09810170593869e-31
1 2.36298972342885e-40 1.144627476408e-55
9.85963565317224e-59 6.33691224193301e-36 1
1.26164366953439e-62 3.93926842449832e-36 1
9.16746478349845e-60 2.12951377119308e-38 1
1.4418169741847e-45 4.1155706057497e-34 1
4.16481313531326e-38 1 4.59950732858558e-31
1.07370268886155e-39 1 7.75471658406008e-39
2.71783270619764e-53 5.43518603316691e-34 1
9.10801531058599e-49 1 1.53370705607973e-45
7.41075500445188e-41 1 1.22989977678839e-33
1 4.44125797350912e-43 1.38310745740271e-57
1.00362763452614e-55 2.00634018804587e-40 1
1.80029586402989e-42 1 1.46689359936069e-31
2.53478089285099e-59 8.92395355630399e-40 1
9.535531461462e-43 1 1.80386237389335e-30
3.91681766373952e-38 1 4.64968990999822e-39
1.81900557453684e-33 1 1.02654337551076e-32
1 5.52748713772169e-40 5.78708845485258e-65
1.48036802611339e-40 1 9.507322048664e-37
6.11734193370699e-54 1 8.80949041037441e-35
1 3.25751179574842e-31 3.02917930292201e-51
6.41841935082529e-46 1 2.32507242092738e-42
1 1.44073385038383e-44 2.06099095195721e-66
1 4.31273289571017e-44 5.01192257462227e-71
1 1.51592435312672e-31 7.64306396432018e-46
1 3.36425817209858e-41 2.64273601522268e-59
5.64886813901098e-33 1 1.43612224557084e-32
3.95724467354066e-66 6.83385394720799e-41 1
2.27383730081846e-60 7.60565032498373e-36 1
1 2.35688415647461e-36 3.7779489209867e-59
5.55852280176642e-40 8.88418613808035e-23 1
7.22250025553023e-32 1 3.94085753037102e-27
6.92472542924996e-60 2.9249543014518e-38 1
1.20068865252332e-34 1 2.102539291936e-39
1.67865239726513e-61 3.04460205927908e-34 1
1 1.74038099567648e-35 1.5596609448238e-53
3.96780131087577e-53 4.37345911692757e-25 1
1 1.53391220327599e-44 1.16693816812799e-61
7.96786162380755e-31 1 6.38480829493425e-32
4.15287417873068e-33 1 1.01511862625382e-29
1 1.18602641155575e-39 1.18081373205581e-68
1 5.6509425007539e-39 6.71084262962665e-64
2.2219799985108e-34 1 1.15847529595053e-32
9.45931636933789e-64 1.10254334346949e-37 1
1.05728331370444e-31 1 3.83857168786666e-38
1.25448631831123e-60 5.64012899773061e-45 1
7.3995946212176e-40 9.36454348640282e-29 1
2.67617223045213e-37 1 4.66577440180599e-32
1 4.808489388013e-31 7.62622372370092e-61
2.34476742660671e-23 1 2.14590177798006e-34
3.04782252501523e-42 1 3.3233049548933e-42
1 5.08122771252703e-26 7.341800911084e-52
5.37491926839438e-46 1.07799750820939e-36 1
1 4.22045355749952e-40 8.62627114406015e-73
1 1.21839151548907e-27 1.71570580805833e-38
4.91289847569607e-40 1 1.65715269310501e-39
1.22931549668157e-39 1 3.11764150579872e-40
2.53904386476734e-28 1 3.51986518399223e-27
1.43344167485583e-41 1 5.78227811666668e-41
1 5.93814653628398e-42 3.27920005976915e-56
2.49230910278634e-47 1 9.25539911230649e-35
2.09081264250893e-40 1 1.47670112629223e-34
1 2.46180087846312e-35 1.22381903750833e-64
3.75123405741042e-68 5.9551327596893e-41 1
7.05621294206894e-63 1.83002810100924e-37 1
3.04938947883204e-34 1 1.14501469235994e-33
4.97591200951749e-32 1 1.74966818869717e-36
2.02737654085989e-65 1.72751820085164e-34 1
3.98532601305421e-33 1 2.40201902480482e-33
1 8.3350530773596e-34 2.6425210962484e-60
1 5.07876792617085e-23 2.73096522234831e-34
1.13164976069343e-51 2.46622610457964e-31 1
1 9.05091590627179e-31 5.15748325741341e-63
4.06613692182556e-41 1 1.43354351134596e-39
6.02115336170056e-31 1 1.23819968506901e-41
8.5906249283586e-40 1 2.90238507182664e-37
1.42791672231546e-64 4.08584232542829e-39 1
9.64725281574349e-60 1.55091248759961e-35 1
2.61568214583687e-43 1 4.0142158260338e-23
2.86442639008625e-59 7.07154354753625e-41 1
1.08600324020553e-35 1 4.39341007526272e-27
1 1.73287017676424e-36 5.24005674908664e-61
7.96304930434245e-62 8.28679291380525e-31 1
1 2.88192397972335e-33 1.63728280240361e-66
2.55869741103456e-50 2.80980992436264e-36 1
3.05616132312516e-32 1 4.88921090621981e-37
1 9.19490454059431e-31 1.96343352061635e-55
2.51476243666704e-41 1 3.71688843121106e-29
1 1.66013771282963e-38 5.94089377477041e-60
7.17004639443539e-46 5.38232497389093e-27 1
4.04400798179376e-63 3.22342867096836e-45 1
6.2383490698259e-35 1 9.21964687732536e-38
1.78023426916617e-35 1 5.08782845313984e-35
4.84904748725759e-46 1 9.8628041034162e-41
7.70251480014203e-44 1 3.24605572704278e-44
9.16139690031588e-41 1 2.20972287651946e-31
2.8113072953628e-65 8.76524378647645e-45 1
4.04519746571614e-41 1 1.04543711201952e-36
1.03220348007471e-33 1 2.29211093486427e-31
7.14038082367161e-47 1 1.1439887586871e-41
1.87231865124118e-57 2.90325009044395e-32 1
1 1.83607085073059e-38 1.2804501563069e-71
1.73546794435121e-64 4.73006118211013e-34 1
5.99756619815542e-42 1 1.98127677463469e-40
3.81049488029731e-47 5.40949918958443e-32 1
6.87023775831317e-47 1 5.69465307454461e-42
3.62186073790503e-46 1 1.04159432090831e-48
1.34424810545423e-27 1 2.20666346567444e-30
1.69213847497168e-25 1 8.66362903726934e-39
2.89931030596907e-34 1 4.1665278228321e-33
6.90208828828886e-53 7.89581164497357e-30 1
7.4367169518877e-40 1 6.00120977912397e-33
6.57708510475761e-42 3.96069780780558e-26 1
7.75361157085104e-35 1 2.88671417948267e-32
2.72481076722868e-32 1 3.08983531025903e-35
3.3415893847e-52 1.92223890174229e-31 1
2.22478443067845e-34 1 8.58739048129651e-49
1 6.28618385088945e-31 7.87601269788786e-57
1.87461501173779e-50 5.32219527920477e-30 1
3.43742348879817e-28 1 1.11916366881895e-30
5.88764541572933e-34 1 1.12775228805903e-47
2.86179316357086e-35 1 2.70994761046849e-29
1.03597563088061e-32 1 1.50873790861313e-38
4.71483544663026e-30 1 2.66256696732068e-23
1.39590598739508e-25 1 9.68840350124071e-40
2.09953696245888e-61 1.40591701058228e-28 1
1 1.12110379648022e-28 1.95779320213736e-45
7.73079516839485e-44 1 2.9704542373285e-32
2.4223656260233e-37 1 2.33539058166521e-33
1.13610456733063e-24 1 1.78092727717744e-36
4.74054369444284e-38 1 7.40343965362018e-33
1 1.32742176233838e-28 1.71087020987164e-46
1.53156506755265e-56 6.04638974037387e-37 1
1.4264282889665e-37 1 6.23100382021708e-25
3.16119806636899e-32 1 8.47603687626579e-39
1 1.40572185549447e-37 1.10346665079301e-55
2.99505784530713e-46 1 4.76575479672134e-43
2.61743634622655e-32 1 4.53820303791596e-33
1.22227537080495e-58 3.70887453365413e-37 1
2.12961878583093e-32 1 3.70493741059359e-47
3.08893019945485e-49 2.74622591045253e-29 1
1 3.71384209985527e-31 5.88555158613605e-51
1 3.86138427057482e-36 7.86072823471134e-53
1 2.06510584010673e-36 7.95786848222018e-58
1 7.31880764130201e-48 1.75191229212732e-67
6.6640453428168e-45 1 1.06017362791381e-45
1 1.45569245257107e-35 1.03417380088918e-55
1.58020255209922e-65 5.10283529790111e-39 1
5.78075205043748e-54 3.67045211861974e-33 1
1.34955869081487e-58 2.56133071070087e-26 1
7.63069327780506e-38 1 1.38993435783785e-35
1 2.51224515894238e-42 5.12331214379742e-60
3.05058262153258e-64 4.07337005689428e-38 1
1.58966871538179e-59 3.53769655190989e-36 1
9.32349636672025e-44 1 6.03361419233904e-33
1 2.32943389335969e-29 9.10715327085748e-50
8.07876753378898e-48 1 2.35344783194377e-36
2.20768253990731e-36 1 4.38703704288368e-39
1 4.818330802356e-32 1.63308836225283e-57
1 4.93851080113594e-42 1.26894997220365e-62
1 2.15097445762272e-40 3.36049979530615e-58
9.29269631766073e-34 1 4.19038588629626e-35
2.00987375498613e-44 1 7.06205801420041e-31
1 4.78812183785906e-34 5.12150691940599e-47
1.38681515046445e-59 8.13534036013214e-40 1
1.32551921154622e-47 1.04747802347791e-29 1
1 1.0439584680416e-38 9.83608165657196e-59
3.59541046953639e-43 1 1.84531489142863e-38
2.56887833051223e-33 1 5.6664119989859e-32
7.32169485720079e-27 1 2.6079798272436e-31
1 7.48168374501814e-36 4.09996469214059e-54
1.28829405707872e-33 1 1.33717596888577e-27
1.21325886453802e-32 1 9.54409586577531e-36
6.62016784991448e-28 1 1.5980340183627e-22
5.33294048099435e-36 1 2.1286374249207e-32
1.50061463115466e-63 1.55827249402885e-37 1
1 4.29176289377344e-37 1.16528764674114e-55
1 6.99081214993778e-35 6.48766217623984e-58
6.24987319994303e-66 1.13217099089366e-30 1
1.68739324759013e-40 1 7.54038033188662e-40
3.39442662213634e-59 3.25278394448337e-38 1
6.99444095461114e-42 1 1.36544782750152e-34
1 4.72844641072207e-34 4.83507381008637e-53
1.56588585243445e-35 1 1.05708512601961e-40
1.3371393358168e-36 1 2.68354335944907e-33
1 2.05644151909536e-40 5.09507138742111e-64
1.87771629659026e-34 1 7.40728933336781e-42
8.29301465869404e-25 0.999999999999998 2.02734726816165e-15
1.61292541113212e-40 1 2.98049325332062e-33
1.65406456736765e-66 1.66621323257112e-34 1
1 8.38549891972393e-34 1.3117299295748e-56
4.25501337361118e-61 6.48722399109613e-47 1
8.55054045723326e-52 6.48857964619915e-32 1
4.85240823962588e-37 1 8.33431209210755e-36
5.52425439170902e-40 1 3.28955991205777e-47
7.88731516277577e-37 1 2.08239908443661e-32
9.28676288963649e-51 5.21931773806574e-30 1
1 2.26239204055051e-46 1.16067215942543e-58
8.63628270134433e-28 1 1.55036312908248e-40
1 1.72582756117448e-43 2.08012821709146e-70
2.10208665206223e-35 1 3.95605568084542e-41
1 2.798629499522e-41 6.51262689961002e-57
3.85253729172218e-66 4.1609490275721e-39 1
1 5.99174032984952e-36 7.12805917643172e-53
3.72903132905718e-41 1 3.14445882611282e-37
3.79358082838599e-31 1 1.42098291502024e-32
5.09877150052668e-42 1 9.45886111319082e-27
3.60548102543432e-59 9.12498977808122e-33 1
7.25039196665634e-54 7.30259787883556e-32 1
2.14189700968937e-33 1 3.75841467336883e-29
1.22018472293097e-42 1 5.68493243318489e-36
1.16964089847045e-43 1 8.93910366388604e-29
5.6766755243847e-37 1 3.80559010962514e-35
2.80999667071195e-59 1.24716801423587e-41 1
5.57713559787284e-30 1 7.69465851128984e-37
3.27921203512355e-58 1.46596554032493e-32 1
1.37532581137991e-36 1 7.2554830175205e-31
5.13123435974441e-41 1 1.67985092873321e-33
1 2.28151298904853e-42 1.77142207600708e-62
9.19379740753272e-38 1 3.94441088512924e-35
8.60514809601718e-58 3.74299856743693e-40 1
1 7.62234434996941e-36 7.43176867168284e-60
9.64505465498075e-32 1 3.18833326198127e-26
1 1.3566132546422e-32 3.65541440600464e-53
1.61650811578955e-59 3.45585822774679e-35 1
5.59459819300229e-38 1 3.51790819639719e-31
2.35930432642916e-52 4.71425220780201e-32 1
4.56963520957645e-60 6.79391374302039e-34 1
6.56108091285107e-39 1 2.95339604817698e-47
1.18283924184588e-46 3.05975992490824e-27 1
3.09697695336079e-52 8.59400046532649e-28 1
