1.75381566663415e-34 4.91924235986759e-49 1
4.32065779810254e-31 7.11182763876364e-46 1
1 1.42688940516686e-33 3.6706065076042e-42
1 1.1639189340985e-41 2.23455086356401e-30
1 1.81119537495337e-37 3.49796062050914e-35
1 1.34382865929959e-39 4.28929106404453e-43
1 6.95537036218433e-36 7.16175156076841e-41
1.09058698086108e-43 1 8.67634165529779e-65
2.82930937920212e-39 1 4.76613637368506e-48
1.70085448323476e-40 1.07757522161506e-65 1
1 9.17182842761949e-35 1.75427836528983e-43
1 2.98077764311242e-43 1.78188965189281e-26
1 5.55585760342479e-34 9.36745862171377e-41
5.46704119757904e-35 4.2635431357252e-62 1
3.46862353708079e-39 3.01694969099389e-62 1
4.07135025760372e-40 1.30572170771719e-57 1
7.32253494152295e-23 5.99539256711077e-39 1
3.15494783947231e-38 9.5512297525392e-67 1
1 1.63274970742801e-40 1.03952087921194e-32
4.26877090823175e-38 1 1.36880050117257e-59
1 5.25356160492113e-30 3.27618040974029e-36
1 1.45887981100052e-47 2.75005230961076e-44
3.24516181168237e-42 1.64750969299691e-65 1
5.32053741437614e-36 1 1.26955870201999e-60
4.01933498129591e-29 1 1.24289978744287e-56
1 8.6455492149985e-35 3.059332954032e-36
3.24018937040077e-37 1 1.75184597200774e-60
1 4.67668000801302e-41 4.86939349314474e-41
6.11010756456723e-39 1 8.53457806303687e-50
1 8.13452991652141e-39 1.28207151130444e-32
9.80297665938447e-42 3.80362865540783e-62 1
1 9.09660733670711e-35 4.02523582861948e-34
1.36487770200453e-26 1.53782288328316e-51 1
1 5.63065298676203e-46 8.4179978076875e-42
1 3.05018508692575e-48 9.84469075722107e-40
1 1.84483568751939e-26 1.67140198119686e-43
8.22952350340344e-34 1 6.55984938733502e-61
7.50030679675563e-35 1 2.47164510170862e-55
1 3.6895048581919e-42 2.20684482706849e-34
1 2.11919163527898e-35 9.98232096324928e-34
1 6.06522673150485e-51 2.9273512212626e-40
1 1.31477165081661e-38 1.10309763809483e-41
1.5630546291362e-38 1.66748892878319e-59 1
4.96740342120288e-39 1 6.24140014147467e-66
1.66582041583391e-38 1 3.61875604757024e-64
8.59070183135807e-29 2.18969418000444e-48 1
1 1.05621588562749e-37 1.74416834259876e-35
3.53818243235213e-31 1 2.18803130592893e-49
1 2.50973849241984e-34 6.84181246172581e-40
1.04820233661275e-36 1.80835705894474e-62 1
1 3.9218406433748e-35 7.63197438887412e-35
4.01261897131664e-43 1 2.82725981299043e-62
1 8.00267345287592e-32 3.28129466759595e-42
1.01482674872557e-46 1 3.23405968751167e-64
1 3.86779677027622e-37 2.57963041374751e-38
1.69639674158573e-28 5.65954295018112e-50 1
2.65500307850176e-27 1 1.66344508656445e-44
3.7989886501932e-35 1 1.92245818952838e-56
1 8.86097757483737e-39 1.382286030644e-24
1.05885653116633e-41 4.60318912025073e-67 1
1.30877754439892e-29 4.83646183407916e-50 1
1 8.87640332342917e-46 7.72302559118872e-42
4.69224317947178e-36 1.29777505776817e-54 1
7.47252398067833e-39 1.44469228658467e-65 1
1 2.2216801511194e-39 8.40660040405032e-31
5.30109217119041e-39 1 1.39155436013487e-69
1.42045406518367e-35 1.16009213196504e-57 1
3.37805268027038e-26 1 3.87978380971503e-54
1 2.70056682291771e-38 8.72560371280741e-45
1 7.22341259490049e-42 6.82149574067352e-28
1.51529957959812e-38 1 1.66716787348809e-57
4.57256712207348e-31 3.31137621599939e-53 1
7.85777839928142e-28 1 2.61271014280463e-50
1.13675880232562e-33 1 2.97911843971066e-54
1 9.15245120140779e-40 9.62284171728765e-40
9.70301329474185e-41 2.82653029712376e-66 1
1 1.25236489186766e-36 3.46515066277109e-40
1 3.790513783548e-36 2.37654538869009e-32
1 6.34930057590537e-44 2.23550505328727e-41
5.14187402739377e-39 1 2.05161181312372e-70
3.49346364016598e-36 1.86573535138621e-67 1
1 1.56095741602001e-38 7.44530003807876e-37
5.87018690260648e-44 1 1.06119621379353e-61
1 9.74490119113155e-34 1.01347455359356e-33
2.23398013364632e-33 6.7882716555457e-58 1
2.03670680375376e-34 3.14199905184378e-57 1
8.49821240851593e-47 1 2.7420952069716e-64
5.33980762207484e-51 1 3.71698719192352e-65
1 1.62155209995793e-34 9.22642998554704e-24
1.24572511167922e-40 1 5.51894859301254e-65
1 8.8248534672856e-41 2.3333292057077e-36
2.03798845008258e-33 1 2.40613064697023e-68
4.84018552405171e-29 1 4.21125573905302e-53
2.84558096555102e-38 1 1.50260904479167e-60
7.14261385107576e-34 1.38634667375578e-54 1
1 2.15084425210007e-32 7.99162514319308e-40
2.69540230541562e-50 1 9.96518223350339e-66
1 2.12466035335016e-37 2.73317505829467e-37
1 4.7387431054907e-45 7.79715134777175e-47
1 6.17849763673904e-43 2.92020045059409e-32
5.1029409047508e-39 1 3.47459991776015e-62
1 7.72730082007847e-52 3.88337851522243e-34
2.0610738498077e-30 8.67380758739838e-58 1
1 1.25212975102297e-28 5.74751118947659e-30
1 8.5758885697253e-35 5.60571592708988e-34
5.36910101491569e-28 2.13618502499791e-39 1
1 3.80778631198424e-43 1.06702405950628e-35
1 3.94841702228388e-41 2.70753861467138e-44
7.30392300994505e-41 1 8.97943415378865e-60
1 4.180620249984e-38 2.16882455206907e-40
1.72810469715275e-37 1 6.26344342698092e-58
2.24540252473462e-31 8.13495614990734e-63 1
1 3.91740668337773e-28 1.08537074890328e-27
1 1.40220197606713e-35 1.61212161973305e-36
1 3.14425367139762e-37 2.5270417737301e-44
6.10582044101248e-39 1.71868794658203e-63 1
9.70805970164237e-38 7.49466851921882e-59 1
1 7.83624031008293e-48 8.55817390091746e-45
1.63380967695535e-31 1 5.05621852846465e-50
9.95565333371675e-48 3.06236317900128e-68 1
1 3.54565949103605e-42 2.66545027626823e-38
6.41156186338569e-42 3.93108177263371e-66 1
1 3.24850614057066e-43 7.29101811801343e-46
1 2.74773673053142e-41 1.64692164937694e-40
4.53252193817821e-27 1 1.11530637499888e-42
2.69569195079829e-37 1 2.44795952426106e-63
5.56832586391229e-41 4.63521169401235e-59 1
1 6.96911747057836e-34 4.41669973318387e-31
6.35205591304592e-36 1.98756333559927e-54 1
4.49293182137549e-32 1 6.88712749108256e-65
1 2.04911099630074e-46 9.81017049410053e-43
1 7.7786085320331e-46 8.1225947166411e-42
1.1045931949817e-35 8.46110203326851e-63 1
1 2.39876311420123e-35 1.03716204603649e-32
1 3.72273985932206e-41 2.25050880861913e-32
3.14299591774819e-29 1 3.29771255748297e-40
1 1.94115282314406e-34 1.12675506105671e-30
1 3.00114822364326e-38 1.18209693375493e-32
4.07291195853959e-45 4.27625434146027e-66 1
1.18212423947004e-35 6.97207719985556e-58 1
1.27033879814938e-36 4.81378404061136e-57 1
1 1.4813980191871e-46 5.2856557071845e-31
1 2.87349202487708e-30 4.55004255832191e-32
1.29134452028019e-34 1 6.53234245023139e-56
7.76252696434243e-34 1 7.43902550474063e-54
1 1.68712241602645e-34 2.15348054389826e-33
1 2.57200682816322e-35 2.82822243594765e-43
1 3.96000014012372e-32 3.87927024508265e-24
1 3.26452217602567e-35 5.66978267834766e-39
1.57027766912948e-39 1.75173574331828e-60 1
1 1.6178033957247e-35 4.87512276155483e-44
5.47135376034348e-43 1.27980564160745e-56 1
2.96051330484103e-42 9.09349408667274e-61 1
1.66718220823559e-42 7.07456288055917e-59 1
1 6.37477299374342e-37 5.59694680871589e-48
1 2.5028443938981e-42 3.42159378896503e-33
1 2.83609403050053e-36 2.36553935117297e-42
2.76216784255303e-36 1 2.49805612449071e-62
1 3.08981372849533e-29 2.82502738982204e-35
1.70166775414397e-38 1 2.2735812972407e-59
1.29508157868547e-39 1 2.03176503017291e-65
4.22913297273433e-42 1 3.61463648029043e-61
3.04419206286587e-36 5.69157943557315e-59 1
1.52371550645791e-34 1 2.74679749288913e-60
1 1.18911948313993e-39 1.89738516911272e-34
1 9.38212217588811e-38 8.71325019899577e-38
1 1.77540448393898e-34 3.34162651458856e-38
6.91081726207775e-31 2.57820045898913e-68 1
5.72679666419016e-36 9.38373584180924e-58 1
1.51863621205634e-31 1 3.5470435551055e-52
1 4.86352277565709e-40 3.37203329935494e-41
5.59187236372563e-45 4.86795077468752e-63 1
1 9.89507071212278e-33 1.09359941748264e-38
1.23792969524022e-41 1 8.49014478742657e-62
3.5124789959505e-31 5.09471148779822e-61 1
6.7210884529317e-38 1.69832847362709e-54 1
8.93145479878742e-40 1 3.77245703866751e-53
6.0437959657144e-34 1 1.76698717830575e-54
3.52665737289857e-45 1 5.23321767923573e-67
1 1.28689434509945e-33 1.89041182254987e-33
1 6.98894448620322e-38 1.38103078532908e-40
1 1.69403218296907e-41 1.41672696754778e-32
3.88899369611244e-47 1.42425485776741e-62 1
1 1.09279806720459e-35 7.00726616019693e-33
1 7.83970453579335e-33 7.94272118855344e-34
1 1.21300044883403e-44 1.22603795637593e-48
2.43171144788121e-46 1 4.59412531284544e-67
1.1208832714115e-39 3.27022718145783e-74 1
1 1.18403748956641e-37 2.22817278119118e-31
1 1.88882237846519e-32 4.36950514343263e-44
6.78390206410192e-31 1.46399570535169e-50 1
8.117686406388e-48 1 7.72175974109469e-68
1.81612848420236e-29 4.08009601714308e-54 1
6.73379835063324e-41 1 1.95135327458628e-57
1 1.99196413281917e-45 5.62910626414389e-42
1 4.80153549654732e-43 1.03099910954202e-50
1 4.46434273806896e-36 3.41477281877374e-42
1.44281691070681e-34 1.42819314205926e-60 1
1 9.19759004813097e-37 9.07125110330153e-38
1 2.43819966161613e-25 1.30281883699782e-27
7.1678327095301e-43 4.28961480062794e-73 1
1.37594095270124e-27 1 1.33271150566038e-46
9.10347236836139e-35 1 4.34349680563563e-65
1 2.61337910968524e-35 1.72263462110799e-42
1 7.67584075360072e-33 2.50951516113432e-47
1 9.28860545200758e-44 5.27003678215307e-35
1 1.07074287429889e-29 2.93875988512092e-34
1 1.01000138303128e-26 1.29784534372004e-37
1 5.54720319957857e-31 8.8077692061726e-28
1 1.63300944541402e-33 8.16363671002974e-28
1 5.78461893591584e-48 6.46635570123477e-39
1 1.8445488239643e-41 2.88096407389378e-35
6.65755939437948e-34 1 1.04152880224676e-64
1.35164188672948e-44 1 2.49071428210698e-69
1.45634293561906e-29 2.16716769983925e-54 1
1 3.07314306088539e-42 1.87434059647947e-43
2.84799036720925e-39 1 1.35227619829939e-65
1 3.38018538563767e-41 4.43127577251732e-36
2.15935205602672e-44 1 5.08965131619519e-71
1 1.17503216709123e-30 2.12942136057985e-32
2.92483512356946e-41 1 3.20157254507321e-63
1 4.17273344518773e-42 3.57138144587662e-26
7.62839281141895e-37 1.15367824248554e-59 1
2.44022872788758e-34 1.51654269542019e-63 1
4.68220697463928e-34 3.04344789308232e-57 1
5.91264102317706e-44 1.56469359529509e-65 1
1 1.68099526674823e-45 1.12591157404053e-33
1 1.05922023816381e-35 4.13468914960991e-41
1 1.26740061186686e-35 5.28751516427881e-41
2.15917363001996e-41 1 3.91757268265717e-67
1 3.72401356347476e-38 1.06211359380318e-40
1 2.37021207497425e-40 1.43319473351544e-40
1 5.20195592858593e-34 3.74831986953662e-33
1 1.73177230807297e-36 7.20061099264333e-27
1.4640184563623e-39 1 5.03245233490317e-63
2.98936141648884e-42 1 1.44958001552836e-57
1 1.15738051886713e-37 1.65942234464761e-41
1 1.02968192690537e-33 5.38231538065149e-38
6.38023363271678e-33 9.91942123521221e-54 1
2.94981306423007e-33 1 7.64468861479883e-53
2.87609511080804e-44 9.24818989852973e-75 1
1 4.99484408739837e-41 2.47118751420302e-43
1 7.20389923073362e-40 5.78486139798529e-35
1.99403488706662e-40 1.06431267799211e-73 1
7.42554148468814e-39 1 1.61592664209399e-65
1 6.96047481749835e-32 3.86958557342573e-45
1 2.96940676663501e-43 1.13255141042622e-46
5.52734227007992e-41 1 1.13997041046214e-66
7.18175327776743e-39 1.12354968669195e-73 1
5.62874151378084e-37 1.4191945125386e-66 1
1 1.76529404799072e-18 4.06136038716918e-25
1.34929439287258e-36 4.40600389156314e-60 1
1 3.13434108675864e-39 5.79395326393293e-33
1 2.540399566877e-44 3.26825016111379e-38
1 6.74489213028055e-36 3.47034381834535e-38
1 1.27830797375167e-50 3.3115605302124e-46
8.98708781394163e-41 1 3.32640074618254e-73
4.34177212239115e-28 1 1.30494659611838e-60
1 9.36222791008318e-48 1.9150348338394e-32
1 1.53826716368376e-36 1.99411368919934e-37
1 2.76325717870082e-33 1.32097488063535e-36
1 1.52477084207035e-37 3.27686244105246e-37
5.73386966004932e-42 9.95186405678474e-62 1
2.38933762960672e-35 1 7.38430685984664e-56
1 7.29378854323717e-31 4.91718265178111e-32
2.20718769572518e-45 8.53893024321018e-56 1
1 6.03769843194379e-31 4.18864393813977e-39
2.97283280808486e-35 1 8.58965227933842e-61
3.34798922641964e-38 1 1.27957204374087e-62
3.7506289097782e-41 5.57700134254157e-59 1
9.86540677313127e-38 1 1.06110808313502e-64
1 2.65955288895871e-40 2.33923751108029e-41
4.94317529421689e-33 4.26022125017344e-67 1
1 1.31316635118267e-51 1.54369099994409e-34
1 1.81798784642335e-46 6.27428917710528e-39
5.2797182052617e-42 1 4.27076493794292e-60
2.64903986532955e-31 2.77831148423863e-61 1
1 2.01092469755743e-43 2.21851986155647e-45
6.18117497587361e-33 1 1.10450938482293e-52
1 3.79842397455417e-43 5.10121513202947e-35
7.4055568192896e-32 2.77146456351616e-54 1
1 8.36731632996362e-37 3.48897634285814e-42
5.22004076873542e-35 1.56573294498927e-59 1
8.4172977598853e-35 1 7.82322701431725e-50
2.18081230121219e-42 1 4.95795359485735e-64
5.49980514672188e-41 3.24967749094498e-62 1
1 9.03230851963656e-42 2.08748272137608e-35
1 5.91827424337564e-48 1.22042717372029e-29
6.85339272518436e-43 1 1.48494632750016e-57
7.63648602628806e-29 1 5.09430390771378e-48
2.57996265833613e-49 1 5.15402800309194e-65
1 1.44279856694018e-34 2.68443677907041e-33
1 4.86596719113569e-36 8.42755242563586e-54
1 3.76944347853711e-45 3.23390051138789e-46
1.77700128409778e-39 1 2.39187301074156e-67
1.05820794911187e-31 1 1.23657723796871e-54
2.39574125125108e-42 1 1.1298194537375e-67
1 4.41962279329914e-42 5.27851887612783e-27
1.9320306730917e-31 3.77439974326427e-49 1
1 2.84651237338974e-32 1.00667061653391e-27
