1.38342172435577e-28 1.46103772231174e-24 1
5.78708845485192e-65 1 5.52748713771996e-40
1.18343499344914e-35 4.65953782488401e-42 1
1 7.39959462121697e-40 9.36454348640295e-29
1 6.90208828828769e-53 7.89581164497357e-30
2.2066634656745e-30 1.34424810545392e-27 1
6.80018354430767e-37 1.42900726301071e-41 1
1 1.4418169741845e-45 4.11557060574946e-34
3.32330495489315e-42 3.04782252501398e-42 1
7.69465851129006e-37 5.57713559787157e-30 1
3.7049374105938e-47 2.12961878583027e-32 1
6.23100382021722e-25 1.42642828896602e-37 1
1 1.3495586908146e-58 2.56133071070107e-26
3.75841467336862e-29 2.14189700968874e-33 1
1 9.64725281574239e-60 1.55091248759966e-35
2.08012821709116e-70 1 1.7258275611738e-43
1.05708512601966e-40 1.56588585243396e-35 1
7.06205801420072e-31 2.00987375498545e-44 1
6.0012097791238e-33 7.43671695188506e-40 1
3.28955991205787e-47 5.52425439170714e-40 1
1 9.28676288963491e-51 5.21931773806567e-30
3.11764150579881e-40 1.22931549668113e-39 1
3.06059131490384e-34 1.06623800169322e-44 1
5.9408937747699e-60 1 1.66013771282925e-38
4.28710919375858e-30 2.3334211394603e-32 1
3.94085753037099e-27 7.22250025552848e-32 1
4.8020538952962e-35 2.07760294858963e-42 1
1.71570580805833e-38 1 1.21839151548887e-27
7.40343965361966e-33 4.74054369444102e-38 1
4.64968990999835e-39 3.9168176637383e-38 1
8.93910366388528e-29 1.16964089847002e-43 1
9.54409586577491e-36 1.21325886453763e-32 1
1 1.38681515046414e-59 8.13534036013191e-40
1.10346665079294e-55 1 1.40572185549403e-37
1.02654337551079e-32 1.81900557453637e-33 1
1 3.43277863812996e-59 2.79129785194846e-32
1.00199845297058e-42 2.17956219712852e-39 1
1 1.26164366953418e-62 3.93926842449815e-36
5.12150691940512e-47 1 4.78812183785776e-34
2.65691523709412e-64 1 1.06298956444954e-43
1.46689359936064e-31 1.80029586402925e-42 1
6.03361419233861e-33 9.32349636671627e-44 1
1.14462747640777e-55 1 2.36298972342801e-40
1 1.42791672231517e-64 4.08584232542829e-39
6.38480829493443e-32 7.9678616238054e-31 1
1.53557184418372e-27 7.1935244041211e-28 1
1.38993435783789e-35 7.63069327780279e-38 1
9.50732204866373e-37 1.48036802611287e-40 1
1 3.34158938469952e-52 1.92223890174226e-31
1 1.87461501173736e-50 5.32219527920424e-30
2.14590177798027e-34 2.3447674266062e-23 1
6.445696858277e-44 3.28939949871403e-38 1
3.0040747601286e-33 4.09094126717038e-34 1
1.16693816812783e-61 1 1.53391220327547e-44
1 5.78075205043674e-54 3.67045211861969e-33
3.08983531025912e-35 2.72481076722787e-32 1
3.94441088512902e-35 9.19379740752919e-38 1
3.24605572704278e-44 7.70251480013907e-44 1
6.71084262962531e-64 1 5.65094250075213e-39
3.02917930292167e-51 1 3.25751179574763e-31
1 3.96780131087493e-53 4.37345911692744e-25
2.44460097181567e-42 4.31109801189619e-42 1
1.42098291502034e-32 3.79358082838486e-31 1
3.65541440600412e-53 1 1.35661325464182e-32
1 3.81049488029688e-47 5.4094991895842e-32
1.65402581911126e-38 4.98201828841905e-50 1
1.66049551898927e-29 1.75370491717103e-39 1
8.47603687626628e-39 3.16119806636809e-32 1
1.74966818869712e-36 4.975912009516e-32 1
1 9.16746478349663e-60 2.12951377119296e-38
2.10253929193606e-39 1.200688652523e-34 1
1.7108702098715e-46 1 1.3274217623381e-28
5.1233121437964e-60 1 2.51224515894156e-42
8.33431209210755e-36 4.85240823962429e-37 1
1 1.6786523972648e-61 3.044602059279e-34
5.24005674908634e-61 1 1.73287017676385e-36
3.73710352381222e-32 2.24677513848293e-40 1
9.45886111319069e-27 5.09877150052501e-42 1
2.08239908443661e-32 7.88731516277342e-37 1
1 9.85963565317084e-59 6.33691224193328e-36
2.28207226513846e-61 1 1.28305829742849e-36
1.18081373205565e-68 1 1.18602641155538e-39
2.32507242092709e-42 6.41841935082255e-46 1
5.6664119989855e-32 2.56887833051142e-33 1
6.51262689960891e-57 1 2.79862949952105e-41
4.71129825629847e-59 1 5.52278544857373e-34
1.28001650494595e-55 1 8.57939062151526e-37
1 1.62200183195563e-65 5.52014900569595e-37
2.68354335944895e-33 1.33713933581629e-36 1
3.71688843121085e-29 2.51476243666594e-41 1
1 3.39442662213566e-59 3.25278394448327e-38
2.63681770467889e-63 1 1.41675610582494e-41
1 6.57708510475592e-42 3.96069780780504e-26
7.40728933336718e-42 1.87771629658965e-34 1
1.75191229212712e-67 1 7.31880764129972e-48
2.98049325332049e-33 1.61292541113148e-40 1
1 2.86442639008568e-59 7.07154354753525e-41
2.6425210962481e-60 1 8.33505307735735e-34
1.2689499722035e-62 1 4.93851080113433e-42
1 2.09953696245864e-61 1.4059170105824e-28
1.03417380088906e-55 1 1.45569245257066e-35
7.75471658405986e-39 1.07370268886119e-39 1
6.039217225397e-39 1.72120393630772e-35 1
1.43354351134604e-39 4.06613692182429e-41 1
1 5.37491926839361e-46 1.07799750820927e-36
1.04543711201947e-36 4.04519746571459e-41 1
1 7.05621294206814e-63 1.83002810100919e-37
2.73096522234808e-34 1 5.07876792616973e-23
2.45803580957734e-43 3.99890683873699e-33 1
1 5.4730425974793e-53 4.6406725424067e-36
1.43612224557096e-32 5.64886813900929e-33 1
5.09507138742068e-64 1 2.05644151909481e-40
1 3.27921203512299e-58 1.46596554032499e-32
1.22989977678839e-33 7.41075500444935e-41 1
7.95786848221904e-58 1 2.06510584010614e-36
9.81814546193729e-53 1 3.0502941587647e-29
1.67985092873311e-33 5.13123435974244e-41 1
7.87601269788764e-57 1 6.28618385088802e-31
1.47670112629213e-34 2.09081264250819e-40 1
3.80559010962519e-35 5.67667552438293e-37 1
4.76575479672148e-43 2.99505784530593e-46 1
1.95779320213719e-45 1 1.12110379648e-28
1.06017362791378e-45 6.66404534281396e-45 1
3.83857168786666e-38 1.05728331370415e-31 1
8.91470863860616e-35 1.5126415993266e-31 1
1.98127677463455e-40 5.99756619815304e-42 1
1 3.05058262153198e-64 4.07337005689416e-38
1.2128286348893e-32 1.25479371241483e-38 1
3.18833326198148e-26 9.64505465497801e-32 1
1.22381903750823e-64 1 2.46180087846242e-35
1.53370705607964e-45 9.10801531058197e-49 1
1 6.92472542924897e-60 2.9249543014518e-38
1.36544782750144e-34 6.99444095460875e-42 1
1.96343352061619e-55 1 9.19490454059144e-31
1 3.08893019945446e-49 2.74622591045242e-29
1 2.80999667071155e-59 1.24716801423584e-41
1.99641895482176e-53 1 1.03136544348918e-33
1.16067215942523e-58 1 2.26239204054968e-46
7.54038033188609e-40 1.6873932475896e-40 1
1 2.35930432642876e-52 4.7142522078016e-32
1 1.58966871538165e-59 3.5376965519103e-36
4.39341007526281e-27 1.08600324020523e-35 1
4.66577440180566e-32 2.67617223045125e-37 1
1.65715269310496e-39 4.91289847569439e-40 1
1 1.37418039252176e-56 2.3911321619939e-36
1 7.96304930434086e-62 8.28679291380525e-31
1 1.87231865124076e-57 2.90325009044386e-32
3.27920005976869e-56 1 5.93814653628195e-42
1.11916366881904e-30 3.43742348879727e-28 1
2.31682231333711e-36 1.09034266023014e-30 1
2.35344783194351e-36 8.07876753378531e-48 1
1 8.35638815487122e-56 2.15058891245422e-34
1.33717596888554e-27 1.28829405707819e-33 1
2.88671417948251e-32 7.75361157084862e-35 1
1.84531489142844e-38 3.59541046953485e-43 1
5.08782845313955e-35 1.78023426916559e-35 1
1.04649314959817e-41 1.38558226918742e-28 1
3.14445882611246e-37 3.72903132905575e-41 1
7.62622372370027e-61 1 4.80848938801177e-31
9.21964687732536e-38 6.23834906982377e-35 1
1 4.25501337361045e-61 6.48722399109549e-47
1 3.75123405740988e-68 5.95513275968947e-41
1 1.2151998452453e-56 3.73106778862187e-41
1.16890284842948e-37 6.96725787799925e-27 1
1 4.56963520957541e-60 6.79391374301991e-34
4.38703704288343e-39 2.20768253990653e-36 1
1 8.6051480960162e-58 3.74299856743683e-40
3.36049979530596e-58 1 2.15097445762205e-40
1 9.45931636933601e-64 1.10254334346956e-37
1 1.22227537080474e-58 3.70887453365403e-37
1 2.81130729536224e-65 8.7652437864762e-45
3.51790819639734e-31 5.59459819300062e-38 1
1.22813409817216e-35 1.41309171803333e-40 1
2.02734726816174e-15 8.29301465869239e-25 0.999999999999998
2.40201902480489e-33 3.98532601305297e-33 1
1 3.24439889169885e-65 1.11197783587539e-42
1 8.5505404572318e-52 6.48857964619887e-32
1.63308836225269e-57 1 4.8183308023547e-32
1 3.6054810254335e-59 9.12498977808096e-33
2.60797982724349e-31 7.32169485719881e-27 1
7.34180091108379e-52 1 5.08122771252627e-26
1.55966094482358e-53 1 1.74038099567599e-35
1 1.23271752215124e-43 2.95075769239631e-24
1 2.27383730081807e-60 7.60565032498341e-36
9.83608165657085e-59 1 1.04395846804126e-38
7.2554830175205e-31 1.37532581137948e-36 1
1.16528764674084e-55 1 4.29176289377216e-37
4.16652782283198e-33 2.89931030596812e-34 1
8.5873904812959e-49 2.22478443067759e-34 1
1 1.3255192115461e-47 1.04747802347788e-29
2.64273601522238e-59 1 3.36425817209753e-41
1.2804501563068e-71 1 1.83607085073009e-38
2.10083576639755e-35 8.58872156256507e-33 1
1 1.61650811578927e-59 3.45585822774689e-35
9.1071532708567e-50 1 2.32943389335906e-29
1.91944580695961e-54 1 6.55988327241716e-35
1.50873790861307e-38 1.03597563088026e-32 1
6.48766217623929e-58 1 6.99081214993559e-35
1.1439887586871e-41 7.14038082366877e-47 1
1 1.73546794435081e-64 4.73006118210973e-34
8.62627114405917e-73 1 4.22045355749814e-40
2.97045423732833e-32 7.73079516839189e-44 1
4.09996469214048e-54 1 7.48168374501623e-36
1.78092727717756e-36 1.13610456733042e-24 1
1 4.04400798179341e-63 3.22342867096827e-45
2.19413908862797e-53 1 5.7048737215287e-33
7.69705717285556e-58 1 3.07459560817246e-38
1 9.46278299320782e-63 8.53659942318346e-36
1 2.55869741103416e-50 2.80980992436252e-36
2.0103388619663e-61 1 6.37512836720511e-38
9.86280410341606e-41 4.84904748725559e-46 1
1 1.19190422157994e-71 4.25412845189745e-39
1 1.29435320196049e-59 1.28768271471574e-35
1.22002279069907e-40 1.34171360852283e-34 1
1 3.85253729172108e-66 4.16094902757216e-39
1.48506169618698e-58 1 2.36212784192726e-39
8.80949041037466e-35 6.11734193370412e-54 1
5.68493243318497e-36 1.22018472293052e-42 1
1.8038623738934e-30 9.53553146145915e-43 1
7.43176867168199e-60 1 7.62234434996714e-36
1.31172992957469e-56 1 8.38549891972143e-34
2.12863742492076e-32 5.33294048099276e-36 1
4.83507381008568e-53 1 4.72844641072086e-34
1 1.18283924184578e-46 3.05975992490837e-27
3.51986518399221e-27 2.53904386476655e-28 1
8.6636290372691e-39 1.69213847497128e-25 1
4.19038588629656e-35 9.29269631765848e-34 1
4.01421582603371e-23 2.61568214583597e-43 1
2.7099476104686e-29 2.86179316357005e-35 1
1 1.65406456736713e-66 1.6662132325711e-34
1.13867690550785e-60 1 1.24122884117356e-42
9.6884035012403e-40 1.39590598739475e-25 1
2.95339604817715e-47 6.56108091284874e-39 1
5.91645916767858e-58 1 6.58957253334251e-41
1.01511862625382e-29 4.15287417872961e-33 1
1 2.7178327061974e-53 5.43518603316715e-34
1.09810170593867e-31 2.49707483991661e-33 1
1 6.24987319994179e-66 1.13217099089373e-30
4.88921090621981e-37 3.05616132312433e-32 1
1.14501469235995e-33 3.04938947883117e-34 1
9.90032304245374e-53 1 8.45226274112887e-38
1 4.51341152263572e-61 1.11218824433983e-45
1 1.50061463115441e-63 1.5582724940289e-37
7.86072823471044e-53 1 3.8613842705735e-36
7.43496755260723e-55 1 8.79739805454573e-45
1 1.13164976069319e-51 2.46622610457939e-31
1 5.55852280176563e-40 8.88418613808003e-23
3.96828407410182e-39 1.00664903544205e-43 1
2.66256696732074e-23 4.71483544662899e-30 1
3.77794892098648e-59 1 2.35688415647394e-36
5.96672315317808e-45 6.71274740147855e-43 1
1.84149165894555e-39 5.23859797944828e-36 1
9.25539911230623e-35 2.49230910278534e-47 1
1 7.25039196665448e-54 7.30259787883494e-32
4.53820303791635e-33 2.61743634622596e-32 1
5.78227811666692e-41 1.43344167485534e-41 1
2.90238507182635e-37 8.59062492835567e-40 1
6.68222537483171e-36 1.3984724671485e-40 1
1.15847529595048e-32 2.22197999851004e-34 1
7.64306396431888e-46 1 1.51592435312631e-31
2.06099095195703e-66 1 1.44073385038334e-44
1 9.17889411610136e-61 6.2962761019966e-39
1.38310745740252e-57 1 4.44125797350761e-43
2.87736708683078e-37 1.06863875205645e-42 1
2.08124910535684e-29 2.98918919941084e-38 1
2.33539058166528e-33 2.42236562602257e-37 1
2.29211093486437e-31 1.03220348007445e-33 1
1 1.580202552099e-65 5.10283529790104e-39
1.59803401836269e-22 6.62016784991283e-28 1
2.36945308896641e-48 1 3.49638051738425e-31
1 3.09697695336035e-52 8.59400046532655e-28
2.69743639446188e-33 7.14029936841846e-38 1
1 8.62889914034005e-63 1.74754172326866e-41
1.5503631290823e-40 8.6362827013415e-28 1
1 1.00362763452603e-55 2.0063401880459e-40
1.23819968506892e-41 6.02115336169859e-31 1
1 2.53478089285056e-59 8.92395355630399e-40
1 7.36652609015343e-55 2.63492068202372e-27
1 3.98643568310865e-54 2.10333008223811e-32
1 1.18624700631768e-50 1.11326052836758e-27
7.69040282365512e-32 7.37396964458781e-44 1
5.01192257462156e-71 1 4.31273289570858e-44
1.63728280240351e-66 1 2.88192397972257e-33
5.88555158613571e-51 1 3.71384209985416e-31
1 7.17004639443386e-46 5.38232497389051e-27
1.77142207600678e-62 1 2.28151298904788e-42
1 3.95724467353976e-66 6.8338539472076e-41
6.18786050915035e-45 1 1.09005459957782e-30
1 1.53156506755235e-56 6.04638974037387e-37
1.05261662843232e-46 1 2.52861034082283e-29
5.15748325741283e-63 1 9.05091590626973e-31
2.20972287651934e-31 9.16139690031224e-41 1
1 1.25448631831109e-60 5.64012899773061e-45
7.12805917643091e-53 1 5.99174032984791e-36
1 2.02737654085932e-65 1.72751820085154e-34
4.59950732858538e-31 4.1648131353119e-38 1
1.12775228805911e-47 5.88764541572774e-34 1
3.95605568084536e-41 2.10208665206146e-35 1
1.04159432090831e-48 3.6218607379037e-46 1
5.69465307454493e-42 6.87023775831063e-47 1
