4.65953782488501e-42 1.18343499344944e-35 1
1.09034266023028e-30 2.31682231333747e-36 1
1 1.96343352061686e-55 9.19490454059301e-31
1 5.12150691940672e-47 4.78812183785865e-34
1 2.28207226513924e-61 1.28305829742876e-36
8.59062492835787e-40 2.9023850718271e-37 1
2.14189700968916e-33 3.75841467336942e-29 1
6.5770851047577e-42 1 3.96069780780569e-26
1.58020255209958e-65 1 5.10283529790183e-39
4.56963520957749e-60 1 6.79391374302184e-34
4.15287417873038e-33 1.01511862625399e-29 1
1 9.83608165657392e-59 1.04395846804146e-38
1 2.06099095195762e-66 1.44073385038371e-44
1.34955869081503e-58 1 2.56133071070132e-26
7.3739696445898e-44 7.69040282365686e-32 1
4.31109801189717e-42 2.44460097181615e-42 1
1.75370491717145e-39 1.66049551898965e-29 1
1 5.88555158613722e-51 3.71384209985474e-31
2.80999667071275e-59 1 1.24716801423616e-41
1 9.10715327085955e-50 2.32943389335949e-29
1 5.94089377477176e-60 1.66013771282947e-38
8.07876753378795e-48 2.35344783194404e-36 1
1.48036802611318e-40 9.50732204866549e-37 1
3.85253729172273e-66 1 4.16094902757298e-39
7.36652609015542e-55 1 2.63492068202394e-27
9.16139690031484e-41 2.20972287651987e-31 1
1.46103772231199e-24 1.38342172435603e-28 1
3.60548102543493e-59 1 9.12498977808303e-33
2.27383730081891e-60 1 7.60565032498524e-36
4.25501337361214e-61 1 6.48722399109752e-47
2.24677513848344e-40 3.73710352381302e-32 1
3.7290313290566e-41 3.14445882611326e-37 1
1.28829405707861e-33 1.33717596888593e-27 1
1.25448631831159e-60 1 5.64012899773181e-45
1 1.26894997220393e-62 4.93851080113517e-42
5.55852280176753e-40 1 8.88418613808155e-23
1 4.83507381008706e-53 4.72844641072153e-34
2.49230910278591e-47 9.25539911230728e-35 1
1.8746150117381e-50 1 5.3221952792059e-30
6.870237758312e-47 5.69465307454558e-42 1
2.53904386476697e-28 3.51986518399263e-27 1
2.09953696245942e-61 1 1.40591701058264e-28
4.98201828842032e-50 1.65402581911169e-38 1
3.09697695336141e-52 1 8.59400046532802e-28
1.16964089847035e-43 8.93910366388744e-29 1
1.21519984524572e-56 1 3.73106778862256e-41
3.91681766373896e-38 4.64968990999921e-39 1
3.81049488029807e-47 1 5.40949918958535e-32
3.59541046953598e-43 1.84531489142899e-38 1
1 8.62627114406236e-73 4.2204535574991e-40
1 1.63308836225329e-57 4.81833080235525e-32
1 1.2804501563072e-71 1.83607085073046e-38
1 5.01192257462369e-71 4.31273289570981e-44
7.6306932778042e-38 1.38993435783808e-35 1
7.75361157085038e-35 2.88671417948324e-32 1
2.12961878583066e-32 3.70493741059459e-47 1
4.74054369444237e-38 7.40343965362145e-33 1
2.98918919941143e-38 2.08124910535728e-29 1
1.67865239726542e-61 1 3.04460205927947e-34
1.34171360852308e-34 1.2200227906994e-40 1
6.71274740147979e-43 5.96672315317901e-45 1
3.95724467354155e-66 1 6.83385394720945e-41
2.56887833051193e-33 5.66641199898638e-32 1
1 1.10346665079326e-55 1.40572185549427e-37
1.3371393358166e-36 2.68354335944945e-33 1
1 1.16693816812816e-61 1.53391220327582e-44
1 5.15748325741502e-63 9.05091590627101e-31
1.41309171803361e-40 1.22813409817227e-35 1
1 1.28001650494638e-55 8.57939062151697e-37
6.62016784991396e-28 1.59803401836282e-22 1
4.85240823962519e-37 8.33431209210909e-36 1
7.41075500445103e-41 1.22989977678869e-33 1
2.2247844306781e-34 8.58739048129871e-49 1
1.06863875205672e-42 2.87736708683143e-37 1
5.67667552438422e-37 3.80559010962606e-35 1
1 1.16067215942546e-58 2.26239204055006e-46
1.58966871538224e-59 1 3.53769655191085e-36
1.03220348007464e-33 2.29211093486482e-31 1
3.99890683873772e-33 2.4580358095779e-43 1
2.61743634622641e-32 4.53820303791738e-33 1
9.85963565317504e-59 1 6.33691224193463e-36
1.72120393630806e-35 6.0392172253982e-39 1
1.13610456733051e-24 1.78092727717784e-36 1
5.37491926839529e-46 1 1.07799750820955e-36
1 3.65541440600516e-53 1.35661325464205e-32
1.05728331370436e-31 3.83857168786769e-38 1
1 3.36049979530672e-58 2.15097445762242e-40
1 2.36945308896708e-48 3.49638051738465e-31
1 6.1878605091514e-45 1.09005459957792e-30
2.07760294858995e-42 4.80205389529668e-35 1
9.64505465497993e-32 3.18833326198211e-26 1
6.24987319994445e-66 1 1.13217099089394e-30
3.43277863813142e-59 1 2.79129785194914e-32
2.3593043264294e-52 1 4.71425220780207e-32
1.42791672231558e-64 1 4.08584232542887e-39
4.04519746571545e-41 1.04543711201966e-36 1
2.71783270619833e-53 1 5.43518603316831e-34
2.10208665206188e-35 3.95605568084632e-41 1
1.294353201961e-59 1 1.28768271471607e-35
1 9.8181454619398e-53 3.05029415876509e-29
2.86179316357053e-35 2.70994761046883e-29 1
1 1.71087020987193e-46 1.32742176233831e-28
1 2.64273601522313e-59 3.3642581720981e-41
1 7.64306396432105e-46 1.51592435312646e-31
3.98643568311018e-54 1 2.10333008223853e-32
1.21325886453787e-32 9.5440958657768e-36 1
4.04400798179491e-63 1 3.2234286709691e-45
7.73079516839408e-44 2.97045423732905e-32 1
1.19190422158048e-71 1 4.25412845189806e-39
4.09094126717102e-34 3.00407476012894e-33 1
1.07370268886146e-39 7.75471658406185e-39 1
2.22197999851051e-34 1.15847529595065e-32 1
1 1.13867690550817e-60 1.24122884117381e-42
1.80029586402976e-42 1.46689359936094e-31 1
7.43671695188675e-40 6.00120977912483e-33 1
5.33294048099367e-36 2.12863742492107e-32 1
1.43344167485571e-41 5.78227811666799e-41 1
7.96304930434426e-62 1 8.28679291380702e-31
4.06613692182498e-41 1.43354351134628e-39 1
1 7.69705717285818e-58 3.07459560817294e-38
1 4.09996469214152e-54 7.48168374501751e-36
1 3.02917930292244e-51 3.25751179574805e-31
2.81130729536343e-65 1 8.76524378647807e-45
1 7.95786848222176e-58 2.0651058401065e-36
2.61568214583661e-43 4.01421582603428e-23 1
6.02115336169996e-31 1.23819968506929e-41 1
7.70251480014104e-44 3.2460557270437e-44 1
1.3984724671488e-40 6.68222537483266e-36 1
1.78023426916599e-35 5.08782845314049e-35 1
1 2.19413908862853e-53 5.70487372152959e-33
1 1.63728280240412e-66 2.8819239797231e-33
3.96780131087623e-53 1 4.3734591169281e-25
6.41841935082419e-46 2.32507242092755e-42 1
6.96725787800084e-27 1.16890284842977e-37 1
3.28939949871469e-38 6.44569685827865e-44 1
2.53478089285149e-59 1 8.92395355630602e-40
1 1.1652876467414e-55 4.29176289377289e-37
1 1.18081373205608e-68 1.18602641155562e-39
1 6.71084262962741e-64 5.6509425007531e-39
9.29269631766007e-34 4.19038588629751e-35 1
1.73546794435165e-64 1 4.73006118211108e-34
9.32349636671879e-44 6.03361419233938e-33 1
7.1403808236706e-47 1.14398875868736e-41 1
7.96786162380676e-31 6.38480829493543e-32 1
1 5.91645916768043e-58 6.58957253334363e-41
5.09877150052624e-42 9.4588611131925e-27 1
1.42900726301101e-41 6.80018354430912e-37 1
1.37532581137972e-36 7.25548301752133e-31 1
6.11734193370604e-54 8.80949041037578e-35 1
3.04782252501471e-42 3.32330495489396e-42 1
1.18283924184612e-46 1 3.0597599249088e-27
3.43742348879769e-28 1.11916366881907e-30 1
1 1.95779320213763e-45 1.12110379648008e-28
1 6.51262689961094e-57 2.79862949952149e-41
9.53553146146132e-43 1.80386237389371e-30 1
9.64725281574513e-60 1 1.55091248759988e-35
2.89931030596866e-34 4.16652782283239e-33 1
2.17956219712904e-39 1.00199845297082e-42 1
3.79358082838545e-31 1.42098291502048e-32 1
1 9.90032304245712e-53 8.45226274113068e-38
8.63628270134353e-28 1.55036312908277e-40 1
2.72481076722829e-32 3.0898353102596e-35 1
1 4.71129825629981e-59 5.52278544857451e-34
7.8873151627751e-37 2.08239908443717e-32 1
1 5.09507138742242e-64 2.05644151909525e-40
1 1.75191229212772e-67 7.31880764130139e-48
1.3255192115464e-47 1 1.04747802347797e-29
1.1316497606936e-51 1 2.46622610457999e-31
3.98532601305359e-33 2.40201902480527e-33 1
6.99444095461054e-42 1.36544782750183e-34 1
2.49707483991704e-33 1.09810170593883e-31 1
9.46278299321185e-63 1 8.53659942318564e-36
1 1.71570580805857e-38 1.21839151548899e-27
1.8723186512415e-57 1 2.90325009044444e-32
1 2.63681770467972e-63 1.41675610582518e-41
3.27921203512439e-58 1 1.46596554032524e-32
1 1.38310745740291e-57 4.4412579735083e-43
9.45931636934004e-64 1 1.10254334346979e-37
1 7.8607282347129e-53 3.86138427057405e-36
4.71483544662999e-30 2.66256696732129e-23 1
7.22250025552982e-32 3.94085753037183e-27 1
1.26164366953465e-62 1 3.93926842449876e-36
4.84904748725649e-46 9.86280410341747e-41 1
5.13123435974361e-41 1.67985092873342e-33 1
1.3855822691877e-28 1.04649314959855e-41 1
2.55869741103496e-50 1 2.80980992436319e-36
1.61650811579005e-59 1 3.45585822774787e-35
2.33342113946066e-32 4.28710919375888e-30 1
5.52425439170824e-40 3.28955991205861e-47 1
1 7.34180091108525e-52 5.08122771252674e-26
1.22227537080512e-58 1 3.70887453365477e-37
3.7512340574117e-68 1 5.95513275969125e-41
1 1.77142207600734e-62 2.28151298904814e-42
1.69213847497156e-25 8.66362903727107e-39 1
1 7.87601269789032e-57 6.28618385088918e-31
1 1.22381903750868e-64 2.46180087846298e-35
1.00362763452639e-55 1 2.00634018804636e-40
2.67617223045182e-37 4.66577440180659e-32 1
1.03597563088051e-32 1.50873790861341e-38 1
4.97591200951699e-32 1.74966818869747e-36 1
1.18624700631811e-50 1 1.11326052836782e-27
7.1700463944361e-46 1 5.38232497389154e-27
1.06623800169344e-44 3.06059131490419e-34 1
1.50061463115509e-63 1 1.55827249402923e-37
1 1.55966094482411e-53 1.74038099567624e-35
1 1.48506169618744e-58 2.3621278419277e-39
1.65406456736789e-66 1 1.66621323257145e-34
5.47304259748109e-53 1 4.64067254240769e-36
8.35638815487419e-56 1 2.15058891245465e-34
1 5.12331214379815e-60 2.51224515894195e-42
1.38681515046465e-59 1 8.13534036013399e-40
1.56588585243427e-35 1.05708512601982e-40 1
1 1.99641895482227e-53 1.03136544348935e-33
5.9975661981544e-42 1.98127677463491e-40 1
5.57713559787252e-30 7.69465851129192e-37 1
8.60514809601913e-58 1 3.74299856743757e-40
1 1.91944580696032e-54 6.55988327241819e-35
3.39442662213711e-59 1 3.25278394448406e-38
2.51476243666669e-41 3.71688843121191e-29 1
1 1.14462747640813e-55 2.36298972342838e-40
7.32169485720022e-27 2.60797982724419e-31 1
1.23271752215153e-43 1 2.95075769239666e-24
1 7.43176867168474e-60 7.62234434996822e-36
1 2.6569152370951e-64 1.06298956444975e-43
1.20068865252322e-34 2.1025392919366e-39 1
2.99505784530653e-46 4.76575479672175e-43 1
1 2.64252109624877e-60 8.33505307735853e-34
2.34476742660653e-23 2.14590177798073e-34 1
1.68739324759003e-40 7.54038033188844e-40 1
2.00987375498588e-44 7.06205801420202e-31 1
8.55054045723411e-52 1 6.4885796461997e-32
3.16119806636863e-32 8.47603687626772e-39 1
1.61292541113191e-40 2.98049325332117e-33 1
5.5945981930015e-38 3.51790819639769e-31 1
1 1.3117299295751e-56 8.38549891972274e-34
1 1.05261662843259e-46 2.52861034082326e-29
1 7.43496755260913e-55 8.79739805454748e-45
1 1.03417380088938e-55 1.45569245257087e-35
1 2.7309652223487e-34 5.0787679261702e-23
3.62186073790452e-46 1.04159432090846e-48 1
1 7.12805917643313e-53 5.9917403298491e-36
2.86442639008674e-59 1 7.07154354753726e-41
5.64886813901018e-33 1.43612224557116e-32 1
7.39959462121865e-40 1 9.36454348640375e-29
2.09081264250866e-40 1.47670112629246e-34 1
3.24439889170023e-65 1 1.11197783587564e-42
5.88764541572883e-34 1.12775228805943e-47 1
1 3.27920005976971e-56 5.93814653628314e-42
1 3.77794892098756e-59 2.35688415647438e-36
2.42236562602309e-37 2.33539058166571e-33 1
2.20768253990703e-36 4.38703704288443e-39 1
2.02737654086012e-65 1 1.72751820085193e-34
6.23834906982492e-35 9.21964687732707e-38 1
4.51341152263739e-61 1 1.11218824434006e-45
1.62200183195642e-65 1 5.52014900569728e-37
1.37418039252215e-56 1 2.39113216199424e-36
3.04938947883178e-34 1.14501469236015e-33 1
9.16746478350054e-60 1 2.12951377119344e-38
4.16481313531302e-38 4.59950732858662e-31 1
8.29301465869339e-25 2.02734726816185e-15 0.999999999999998
3.08893019945547e-49 1 2.74622591045293e-29
1.22018472293082e-42 5.68493243318562e-36 1
9.17889411610475e-61 1 6.29627610199786e-39
3.05616132312498e-32 4.8892109062212e-37 1
9.28676288963834e-51 1 5.21931773806671e-30
1.87771629658994e-34 7.40728933336834e-42 1
6.90208828828974e-53 1 7.89581164497447e-30
1.08600324020549e-35 4.39341007526366e-27 1
1 2.08012821709193e-70 1.72582756117407e-43
1.44181697418499e-45 1 4.1155706057504e-34
7.19352440412227e-28 1.53557184418403e-27 1
5.2385979794491e-36 1.84149165894584e-39 1
4.91289847569516e-40 1.65715269310513e-39 1
1 5.24005674908769e-61 1.73287017676407e-36
1.34424810545414e-27 2.20666346567484e-30 1
1.39590598739497e-25 9.68840350124319e-40 1
9.10801531058443e-49 1.53370705607992e-45 1
3.05058262153319e-64 1 4.07337005689497e-38
1.51264159932681e-31 8.91470863860768e-35 1
1 7.62622372370266e-61 4.80848938801259e-31
7.14029936841998e-38 2.69743639446241e-33 1
1.00664903544235e-43 3.96828407410266e-39 1
1.22931549668127e-39 3.11764150579881e-40 1
9.19379740753115e-38 3.94441088512981e-35 1
1.53156506755304e-56 1 6.04638974037558e-37
1.42642828896628e-37 6.23100382021793e-25 1
6.56108091284995e-39 2.95339604817774e-47 1
8.62889914034373e-63 1 1.74754172326906e-41
7.05621294207035e-63 1 1.83002810100942e-37
6.66404534281548e-45 1.06017362791398e-45 1
1.81900557453673e-33 1.02654337551095e-32 1
1.25479371241515e-38 1.21282863488956e-32 1
3.34158938470038e-52 1 1.92223890174243e-31
1 5.7870884548534e-65 5.52748713772075e-40
5.78075205043822e-54 1 3.67045211862015e-33
8.58872156256654e-33 2.10083576639788e-35 1
7.25039196665706e-54 1 7.3025978788366e-32
1 6.48766217624187e-58 6.99081214993698e-35
6.92472542925133e-60 1 2.9249543014523e-38
1 2.01033886196698e-61 6.37512836720638e-38
