"LD1" "LD2"
0.356115154447948 -5.83605670423527
0.220854008297716 -4.08050951930708
9.91698731854033 5.00736314382722
-7.56371937981518 6.09614884571237
-0.622646129947576 -5.05742238474586
-9.84763353121186 5.08071272076456
-0.0365070437765252 -5.46572609402222
-1.94637041915612 -6.19710316221605
-0.685646817926297 -5.88854524251836
-0.746520258672829 -7.10970577229406
-0.292577471433522 -5.4313446038506
1.17282838789198 -6.01786820738422
-0.335435194837867 -3.75361878449915
9.11405395675274 1.82155676287896
7.15905853719128 3.67059589371051
-7.87000421817258 7.87835805311759
9.58162665873952 1.66901986799696
-1.25452359529995 -6.28027148931318
-0.770530330553921 -5.12076640421352
-1.40874372938413 -6.50205149889434
-6.88924968953995 5.11516597839418
-7.53876792365338 5.1959074136811
5.96234811792823 4.44322237061784
-1.81476634402011 -4.80943275529492
-0.614043230527402 -5.12388459353324
8.00436179495258 2.24425945803533
9.09436855715211 4.67768881297016
-0.587996702517411 -6.80716319650185
-2.03080573550416 -5.04528497723771
-8.46195595124881 7.08563390612591
-0.836645036660482 -4.3237882421713
0.0412477166353641 -5.64469711485551
-7.11103730378568 4.66148327652843
-1.02831521615366 -4.31990615405106
-7.43568954873851 7.17630507440849
-2.949828080832 -5.46054287595098
-0.347633529937273 -3.32001804750188
9.43564760368817 5.23775851880667
9.20227041695177 3.37791237806313
-1.18141195286342 -3.36822572961837
-1.35898651720012 -3.49790979564249
8.70778646350152 3.57302313910142
-7.78263325608047 5.71986383676215
-0.762733764907653 -5.22014754638686
-2.17586363704882 -6.3372624148631
-1.00850827577074 -3.9655151747226
-8.11173681294194 4.4036792867424
-0.228215054391447 -5.13642190606254
-0.739566779321707 -6.39556222941892
-0.0940110875165959 -5.45144616615955
7.86974987214983 3.62495205207547
-1.04344677933462 -4.84832520496678
8.99370244891061 4.40259504562944
9.42292629901582 4.47346383597762
-6.9407765101789 6.10284524904572
-6.49139081174024 5.32695000804487
-1.54520234378252 -4.36210745434177
10.2183057026976 3.80810310926654
-6.75939260570667 4.25652942554822
9.40123542326247 3.36316047595638
-6.88708089727659 8.12218965667569
-6.26152490961685 5.58460963791802
-1.56779326849639 -4.6365174880762
-0.229633608576527 -4.64029106676368
9.89027238613321 2.77386235470528
-0.705765033750043 -5.93441644249636
-1.42388081973233 -7.10312135629648
-0.506744356612209 -4.22939238239394
-0.96132672374924 -5.91560710156238
-6.15984942577541 6.2865903854088
-0.460971176110913 -5.64402432426334
-1.60607742095674 -2.87982841012661
10.0135539549952 4.07805221251733
8.48379837959262 5.10319878964204
9.4363603715457 3.26381507180839
-7.07876170412045 7.50015990638063
7.61286530711026 1.91016240202851
9.24723754512366 3.13187261755389
8.50019340913519 5.24990363183834
-2.56231132455767 -3.56937650662143
-1.04145838902382 -4.9105386536247
9.04594134913077 4.94339154770181
-1.46457948053092 -6.69612140819161
-2.27972528799602 -4.60929686763446
-0.555654056092931 -2.97169450962816
-8.75163387247008 5.45890218941316
-0.825077266952156 -5.66981072908117
-1.95424252992589 -4.82586015676676
-7.71216299149859 5.81574504385034
-6.89651281572615 6.54515446198018
-0.491932813135437 -5.5982096630232
-1.9279866818659 -5.36473844546023
-0.35347760518036 -3.83408497354071
-0.764524665044223 -4.45188748740934
-2.46190711887278 -6.79759353623605
-0.657726283971236 -4.30118930169702
6.4440960486519 3.43651684442293
-0.570233786757616 -6.26491060398014
9.6514051952732 3.64117644577981
9.16062133308733 4.12927135482825
0.418497918310735 -5.4031910108556
-7.44257331967929 5.7169903091549
-7.31951634530266 6.01375091236586
8.47118307485025 1.48262463757414
-0.81438835132836 -4.3300232291665
-2.94673195652071 -5.15609712953083
-0.802267736282716 -5.1239878062609
8.69202436250465 3.08618227892041
-1.47926752005752 -6.51713176584073
-0.603297616761938 -5.23184742097361
-0.430248453976047 -3.8055848713394
7.86553926202677 5.12550633148185
8.00118815274629 3.71771423600021
-1.64047023203814 -5.23779351499468
8.43029850882493 4.8129946859676
6.92426540265489 3.3213507634058
-8.453088052036 6.48202933813843
9.60675155535465 5.72161979644598
7.78901141649952 3.68292172038643
-7.50579346403702 6.81274496465776
-8.70375215098393 6.21810831734755
-0.81139758136963 -5.83491824432224
-1.98125299874012 -4.88487820814668
-0.459850200651243 -7.30981817624779
0.0209398864173789 -5.17408437830264
0.220255111710927 -4.27732068621976
8.06661754574502 3.58758602504888
-0.430402583719698 -5.09713898277047
0.131204345341653 -6.03602502563544
-0.504022938928015 -4.73458246371985
7.31493248149189 4.43465071755852
-1.49072055932775 -6.51966434699573
9.38008843392841 3.2788548022119
8.69157137545954 3.27839925214217
-2.7637444444565 -4.20248226373096
7.2164774284473 5.68724900486936
8.74531373755332 3.80418713644442
-6.91758651088923 5.48704044914516
-7.42082959673593 5.41182547661161
0.18098378253225 -5.25572275906306
9.00107407999514 3.51408250211007
0.041655931285787 -7.43321578745849
-1.70913993613276 -5.89889663865961
8.14746228109066 3.63796316304111
8.39741940624899 3.97313117482074
1.49224227462546 -7.1781403577241
-2.62062954659005 -4.29992868650895
-1.51400977975438 -6.53090973127999
6.21026122412675 3.62558403345845
8.62097129555774 3.89122222264833
-6.96530916474808 6.11518360230394
7.61819489181335 3.63336065269382
-0.466197859186033 -6.40174495264393
6.71300685841865 3.22379714680593
7.6469823143799 3.68518651871425
-1.14362982043699 -3.96426496794599
-0.786330418550828 -4.43526745367996
-1.44592838590474 -7.01041581371067
-0.212213033953969 -4.96471560459457
8.91187359926375 3.11717681913937
-8.1428181834474 5.51859497652686
-2.87092948003662 -4.09490350331917
-9.78838144802055 4.94825157130474
-6.44797496115482 5.08412224702799
-9.58914321377198 5.91228608255025
9.06544253689037 3.21318036338235
-8.55479673574394 5.71280259918299
-7.03131947163093 5.19268205331863
-7.74275633729131 5.41139026308626
9.29267946622892 4.2781476789191
9.77970258539861 4.77449249477305
-8.91612267198311 4.92728504243097
-0.997277624597061 -5.17059283556082
9.74052431427971 4.51812795941928
-8.94872847478513 4.24548950597179
-0.433563387774722 -5.60301632960962
7.83391265463307 3.59266236197885
9.38868972242692 3.46432114155316
8.37372792231926 4.26957000029865
-7.76241159767494 6.34846891166545
-7.62330876547093 5.74488924453216
9.08914467218148 3.7692050013019
-4.87262344325499 5.72646238119215
7.82698419248784 3.09481022606392
-1.43594440775889 -5.04686989874797
8.92827095036519 4.59186702451184
0.291687258390605 -5.71587616868121
-8.22131380790431 5.25498955321421
-2.11637821109704 -6.47184304817245
-8.34310829225727 4.27467416074351
-1.37171846803102 -5.70736945827558
-1.4670525112131 -4.957937377937
-0.860286785584124 -5.96379188217052
-0.977910737272609 -3.2536842262666
-0.909923650454177 -4.45961773710711
-2.01630129674977 -3.05628061242786
-0.769938578780468 -4.25181034084066
0.026472201359345 -6.19820037229678
-8.40836937667936 6.87507013817563
-8.00065711129644 7.34399120608891
0.0241662199397688 -3.98944354458655
0.306702204005706 -4.98197245202841
-1.6702389851741 -5.28570568848038
-7.47401817905238 5.71415542343259
-8.04036612429365 6.1031230582051
8.08026255772088 3.76110268139935
-7.4456762376267 5.7978855363361
-5.77278361423398 5.81557132658401
-0.38246067802801 -6.09770360905618
-7.0718742935381 4.66574025073007
0.401544818331726 -5.69101261727287
-6.4683732532497 4.83781963891217
8.60458378447196 4.01114251162863
8.60952705118338 2.99179559115692
-1.0590726813731 -4.37481285146845
9.74506182760623 3.78659216500205
-7.30907026271387 6.7538497742786
-3.36043968797164 -6.07167013691396
7.56260195814261 2.69333414083551
-0.493236688495253 -6.91794560277958
8.96965926577358 3.75712292744155
0.195039333390027 -5.61131875823734
-1.92937284388739 -3.65459488090546
-4.94648804991196 4.60243683501261
-1.1950929895836 -4.34815900207194
0.593088510328385 -1.71614294569212
9.44670308884884 5.24577638700738
-1.58787536625341 -4.72144153411988
-8.61042265180649 6.07424194513123
7.18138740449423 2.78813412153765
-7.73035858384231 6.94045319664005
-7.95453186624622 6.69168676208059
-7.60460435572621 4.53241339347244
-3.32931544061737 -5.10809212996155
1.66779496456308 -4.906914142781
8.79207233533177 4.71198002890906
-2.45354980034863 -5.40988005725238
-0.589599960848109 -4.84628585059995
9.62509026039122 3.1776693641635
-1.84321766703814 -5.45461071688086
-1.40110179420674 -5.31790603327093
1.04610032998994 -5.63740308238396
-9.74889594724524 5.2996222474156
-7.6411010152814 6.21448370947949
-2.02282909747055 -5.42082944161069
-3.27550775245509 -6.10289713024848
0.690701289148846 -5.24390917690941
9.21350021533094 2.40690801293245
9.99415930589604 2.66678342255741
9.5823517797115 3.60985904221687
7.24756178017795 3.662587620236
-0.67305912175255 -4.25389537953316
0.828814913077896 -5.55168387047377
-7.91323026256551 5.21253427073622
-7.40872077668697 5.49526639577943
0.632967563078319 -6.49085661666932
-1.67222513251717 -7.55428747166489
-1.47712341612531 -4.58745871268153
-0.0379470042827287 -5.44419856398604
-0.679868007366301 -6.76291037876137
-1.87977334541983 -4.44937869184272
0.113914141760038 -4.86347717646575
0.894581506809594 -4.15178508789804
-8.7600857513932 5.19090700359895
-8.23653036063376 5.92940863711624
-7.48882019917183 6.85934571894699
-0.285643599873588 -5.70410794844432
-7.88452083184939 6.78418243990715
9.67102226974177 6.08540853445092
-0.0705762454768605 -5.71237129383303
-8.37211991597753 4.87886345581131
7.42474786643126 5.37996737754712
-0.407316020626625 -5.81710769017014
0.437520665274934 -4.74946588104932
-0.121812893804 -4.86496076374734
0.0311137565590187 -5.68447991338628
9.36278828540922 3.75279566370333
-7.0213306458135 5.62209315112583
9.72275355983592 5.84998066922055
-8.71612032916431 7.4757101202992
-8.52872049450348 6.07394211181832
-1.49920906803693 -5.32051735244854
-6.21859488763829 5.05539917630008
-8.13364745045805 5.16376167230321
8.66669954683453 2.74304427940526
8.72031895802578 4.49551888792083
-9.19346465732636 3.64264210052165
-3.00774519742978 -4.24349523051718
-8.07505177049384 4.40079971220926
-2.23920756980413 -4.9795599859038
-0.140324869238757 -2.69641335316226
-8.55597475965305 6.35587320521679
9.14229815006104 2.2608970382141
7.51663548481738 3.38459081764341
-7.98565768924367 6.51505599083069
10.390191444826 2.69660256752209
-0.730212513576701 -4.58213523129645
-0.838567676715565 -7.03732144444938
-9.80409060547803 6.07164463255339
-1.85693108609308 -5.18694406522723
