1.04820233661266e-36 1 1.80835705894402e-62
2.20718769572506e-45 1 8.53893024320775e-56
6.11010756456844e-39 8.5345780630325e-50 1
1 8.40660040405008e-31 2.2216801511182e-39
6.04379596571509e-34 1.76698717830525e-54 1
1.13675880232572e-33 2.97911843970901e-54 1
1 7.44530003807833e-37 1.56095741602021e-38
2.64903986532895e-31 1 2.77831148423737e-61
1 8.41799780768762e-42 5.63065298676315e-46
1.27033879814929e-36 1 4.81378404060835e-57
2.15917363002094e-41 3.91757268265628e-67 1
2.65500307850268e-27 1.66344508656386e-44 1
5.87018690260773e-44 1.06119621379295e-61 1
1 2.82822243594753e-43 2.57200682816318e-35
1 3.46515066277016e-40 1.25236489186785e-36
1 8.7132501989954e-38 9.38212217589118e-38
1 4.43127577251612e-36 3.3801853856381e-41
1 2.82502738982088e-35 3.08981372849577e-29
4.57256712207348e-31 1 3.31137621599864e-53
5.27971820526372e-42 4.27076493794279e-60 1
1 9.07125110329998e-38 9.19759004813267e-37
1 1.89041182254968e-33 1.28689434510005e-33
2.82930937920236e-39 4.76613637368317e-48 1
1 2.52704177373e-44 3.14425367139843e-37
1 2.15348054389838e-33 1.68712241602638e-34
1 3.48897634285714e-42 8.36731632996362e-37
4.8401855240513e-29 4.21125573905074e-53 1
1.34929439287252e-36 1 4.40600389156039e-60
1 2.23550505328692e-41 6.34930057590619e-44
1 1.03952087921185e-32 1.63274970742825e-40
7.16783270952928e-43 1 4.28961480062685e-73
1 1.00667061653372e-27 2.84651237339063e-32
1 3.87927024508318e-24 3.96000014012496e-32
2.06107384980758e-30 1 8.67380758739468e-58
1 1.75427836528941e-43 9.17182842761949e-35
6.73379835063544e-41 1.95135327458556e-57 1
1.30877754439866e-29 1 4.83646183407738e-50
1 2.47118751420267e-43 4.99484408740007e-41
1 7.7971513477702e-47 4.73874310549137e-45
1 1.9150348338388e-32 9.36222791008438e-48
1 6.82149574067245e-28 7.22341259490306e-42
1 3.34162651458818e-38 1.77540448393944e-34
1 2.16882455206879e-40 4.18062024998602e-38
7.40555681928823e-32 1 2.77146456351593e-54
1 1.2204271737204e-29 5.91827424337564e-48
9.95565333371619e-48 1 3.06236317900032e-68
1 1.22603795637526e-48 1.21300044883479e-44
1.46401845636239e-39 5.03245233490016e-63 1
2.84558096555123e-38 1.50260904479112e-60 1
1 2.23455086356417e-30 1.1639189340987e-41
1 1.12591157404022e-33 1.68099526674883e-45
5.47135376034457e-43 1 1.27980564160742e-56
1 9.84469075722135e-40 3.05018508692757e-48
1 8.55817390091588e-45 7.83624031008349e-48
1 3.47034381834466e-38 6.7448921302817e-36
1 7.29101811801063e-46 3.24850614057075e-43
1 5.60571592708829e-34 8.57588856972554e-35
1 1.0309991095419e-50 4.80153549655032e-43
1 3.0593329540313e-36 8.64554921499973e-35
1 7.00726616019693e-33 1.09279806720481e-35
1 4.13468914960891e-41 1.05922023816456e-35
1.72810469715359e-37 6.26344342698109e-58 1
1 8.16363671003183e-28 1.63300944541414e-33
1 2.50951516113293e-47 7.67584075360105e-33
3.51247899594946e-31 1 5.09471148779503e-61
6.910817262075e-31 1 2.57820045898825e-68
1 5.78486139798471e-35 7.20389923073393e-40
3.34798922641959e-38 1.27957204374003e-62 1
1 1.87434059647942e-43 3.07314306088662e-42
1 1.28207151130428e-32 8.13452991652557e-39
9.86540677313548e-38 1.06110808313487e-64 1
1.69639674158518e-28 1 5.65954295017887e-50
1 2.70753861467065e-44 3.94841702228299e-41
1 2.25050880861907e-32 3.72273985932253e-41
1 7.94272118855333e-34 7.83970453579725e-33
7.14261385107535e-34 1 1.38634667375574e-54
4.22913297273499e-42 3.6146364802894e-61 1
1 1.12675506105659e-30 1.94115282314417e-34
1 2.3333292057073e-36 8.82485346728773e-41
1.66582041583452e-38 3.61875604756994e-64 1
1 8.72560371280667e-45 2.70056682291748e-38
1 3.57138144587611e-26 4.17273344518879e-42
1.5186362120561e-31 3.54704355510379e-52 1
1 7.1617515607678e-41 6.95537036218394e-36
1 1.03716204603638e-32 2.39876311420089e-35
4.69224317947151e-36 1 1.29777505776776e-54
1 2.75005230961041e-44 1.45887981100085e-47
1 4.28929106404374e-43 1.34382865929999e-39
1 2.20684482706771e-34 3.68950485819273e-42
6.10582044101092e-39 1 1.71868794658115e-63
7.62839281141678e-37 1 1.15367824248514e-59
1 2.66545027626812e-38 3.54565949103772e-42
4.49293182137753e-32 6.88712749108099e-65 1
4.53252193817972e-27 1.1153063749988e-42 1
6.41156186338405e-42 1 3.93108177263292e-66
4.94317529421731e-33 1 4.2602212501732e-67
1 2.68443677906995e-33 1.44279856694102e-34
7.30392300994754e-41 8.97943415378686e-60 1
1.23792969524053e-41 8.49014478742464e-62 1
1 1.0134745535933e-33 9.74490119113584e-34
2.43171144788135e-46 4.59412531284244e-67 1
3.75062890977809e-41 1 5.57700134253935e-59
1 3.37203329935432e-41 4.86352277566123e-40
1 5.28565570718548e-31 1.48139801918752e-46
1 1.29784534371967e-37 1.01000138303164e-26
8.4982124085146e-47 2.74209520696903e-64 1
1 2.88096407389366e-35 1.8445488239647e-41
5.72679666418837e-36 1 9.38373584180471e-58
2.94981306423103e-33 7.64468861479741e-53 1
1 5.5969468087143e-48 6.37477299374496e-37
2.44022872788702e-34 1 1.51654269541967e-63
2.24540252473456e-31 1 8.13495614990758e-63
1 1.61212161973287e-36 1.40220197606735e-35
1 3.67060650760415e-42 1.42688940516716e-33
1 2.12942136057967e-32 1.17503216709111e-30
1 8.80776920616935e-28 5.54720319958102e-31
3.53818243235338e-31 2.18803130592862e-49 1
1.37594095270153e-27 1.33271150565985e-46 1
3.52665737289777e-45 5.23321767923216e-67 1
1 2.2281727811909e-31 1.18403748956681e-37
8.22952350340332e-34 6.55984938733297e-61 1
1 9.36745862171177e-41 5.55585760342589e-34
1 1.18209693375458e-32 3.0011482236439e-38
7.8577783992846e-28 2.61271014280493e-50 1
7.32253494152077e-23 1 5.99539256710753e-39
1 2.08748272137561e-35 9.032308519634e-42
1.52371550645769e-34 2.74679749288725e-60 1
1 1.3028188369977e-27 2.43819966161752e-25
1 1.06702405950604e-35 3.807786311985e-43
1 2.93875988512046e-34 1.07074287429949e-29
9.10347236836243e-35 4.34349680563428e-65 1
1 4.91718265177971e-32 7.29378854323821e-31
1 1.06211359380308e-40 3.7240135634763e-38
1.29508157868558e-39 2.03176503017187e-65 1
1 4.55004255832198e-32 2.87349202487667e-30
1 3.41477281877257e-42 4.46434273806947e-36
1 1.41672696754752e-32 1.69403218296883e-41
4.96740342120655e-39 6.2414001414768e-66 1
1 9.8101704940983e-43 2.04911099630121e-46
5.32053741437773e-36 1.26955870201967e-60 1
1 2.57963041374674e-38 3.86779677027606e-37
1.36487770200464e-26 1 1.53782288328302e-51
9.70805970164072e-38 1 7.49466851921541e-59
1 1.54369099994392e-34 1.31316635118289e-51
3.49346364016519e-36 1 1.86573535138526e-67
2.39574125125156e-42 1.12981945373702e-67 1
1 2.33923751107986e-41 2.65955288895991e-40
7.47252398067811e-39 1 1.44469228658426e-65
1.18212423946991e-35 1 6.97207719985417e-58
1 5.66978267834693e-39 3.26452217602618e-35
1.05820794911229e-31 1.23657723796871e-54 1
1 1.0853707489032e-27 3.91740668337779e-28
5.49980514672016e-41 1 3.24967749094313e-62
5.3691010149155e-28 1 2.13618502499699e-39
5.33980762207727e-51 3.71698719192257e-65 1
1.70166775414448e-38 2.27358129724045e-59 1
1 1.64692164937649e-40 2.74773673053185e-41
1 1.89738516911261e-34 1.18911948314005e-39
2.92483512357066e-41 3.20157254507275e-63 1
6.65755939438118e-34 1.04152880224634e-64 1
5.62874151377908e-37 1 1.41919451253812e-66
7.76252696434309e-34 7.43902550473715e-54 1
1 8.42755242563311e-54 4.86596719113521e-36
5.73386966004867e-42 1 9.95186405678361e-62
1.75381566663395e-34 1 4.91924235986507e-49
1 7.63197438887163e-35 3.92184064337496e-35
2.15935205602712e-44 5.08965131619302e-71 1
2.96051330483989e-42 1 9.0934940866668e-61
1 3.23390051138734e-46 3.76944347853914e-45
1 4.41669973318293e-31 6.96911747057935e-34
6.38023363271733e-33 1 9.91942123520855e-54
1 3.28129466759618e-42 8.00267345287672e-32
1.44281691070675e-34 1 1.42819314205853e-60
5.91264102317689e-44 1 1.56469359529438e-65
3.04419206286587e-36 1 5.69157943557266e-59
1 1.38103078532865e-40 6.9889444862057e-38
7.63648602628719e-29 5.09430390771074e-48 1
1.29134452028028e-34 6.53234245022833e-56 1
2.57996265833686e-49 5.15402800308974e-65 1
1 5.27003678215269e-35 9.28860545200679e-44
1 6.84181246172387e-40 2.50973849242038e-34
1 1.132551410426e-46 2.96940676663506e-43
2.84799036721051e-39 1.35227619829966e-65 1
1 5.10121513202897e-35 3.79842397455524e-43
1 2.73317505829452e-37 2.12466035335019e-37
1.77700128409849e-39 2.39187301074136e-67 1
1 4.87512276155442e-44 1.61780339572472e-35
1.66718220823616e-42 1 7.07456288056058e-59
1 3.49796062050924e-35 1.8111953749542e-37
1.63380967695637e-31 5.05621852846429e-50 1
1 1.38228603064389e-24 8.86097757483599e-39
1.51529957959812e-38 1.66716787348685e-57 1
1.24572511167977e-40 5.5189485930105e-65 1
2.38933762960784e-35 7.38430685984548e-56 1
4.07291195854017e-45 1 4.27625434145869e-66
1 3.42159378896571e-33 2.50284439389878e-42
1.09058698086173e-43 8.67634165529582e-65 1
1 9.62284171728382e-40 9.15245120141156e-40
1.56305462913609e-38 1 1.66748892878238e-59
1 7.72302559118937e-42 8.87640332343712e-46
1 5.38231538065065e-38 1.02968192690541e-33
7.42554148469004e-39 1.61592664209353e-65 1
3.1429959177481e-29 3.29771255748194e-40 1
1 1.4331947335152e-40 2.37021207497567e-40
3.37805268027124e-26 3.87978380971415e-54 1
1 4.18864393813852e-39 6.03769843194344e-31
1 6.46635570123275e-39 5.78461893591601e-48
1 3.74831986953587e-33 5.20195592858822e-34
1 2.92020045059421e-32 6.17849763674115e-43
1 9.22642998554389e-24 1.6215520999576e-34
1.01482674872598e-46 3.23405968751186e-64 1
1 7.99162514319229e-40 2.1508442521005e-32
6.85339272518446e-43 1.48494632749949e-57 1
2.7621678425546e-36 2.49805612449057e-62 1
5.52734227007992e-41 1.13997041046153e-66 1
1 1.99411368919931e-37 1.53826716368481e-36
1 4.36950514343245e-44 1.88882237846583e-32
2.03798845008287e-33 2.40613064696921e-68 1
1.10459319498158e-35 1 8.46110203326659e-63
8.93145479879339e-40 3.77245703866805e-53 1
1.70085448323481e-40 1 1.07757522161488e-65
1 4.02523582861885e-34 9.09660733670995e-35
2.03670680375313e-34 1 3.14199905184271e-57
1 3.86958557342435e-45 6.96047481749687e-32
1 8.12259471664168e-42 7.77860853203432e-46
1 1.72263462110809e-42 2.6133791096855e-35
1.45634293561896e-29 1 2.16716769983888e-54
1 1.65942234464742e-41 1.15738051886703e-37
3.88899369611117e-47 1 1.42425485776685e-62
1.57027766912937e-39 1 1.75173574331774e-60
1.99403488706662e-40 1 1.06431267799178e-73
1 1.10309763809459e-41 1.31477165081685e-38
2.69540230541631e-50 9.96518223349858e-66 1
6.78390206410154e-31 1 1.4639957053514e-50
5.1029409047532e-39 3.47459991775966e-62 1
5.46704119757772e-35 1 4.26354313572253e-62
1.05885653116612e-41 1 4.60318912024825e-67
1.42045406518329e-35 1 1.16009213196481e-57
1 1.32097488063512e-36 2.76325717870093e-33
1 5.79395326393342e-33 3.13434108675887e-39
5.30109217119229e-39 1.39155436013427e-69 1
4.3206577981026e-31 1 7.11182763876101e-46
1 6.27428917710377e-39 1.81798784642374e-46
7.50030679675595e-35 2.471645101707e-55 1
5.56832586391198e-41 1 4.63521169401143e-59
4.0713502576036e-40 1 1.30572170771726e-57
8.117686406388e-48 7.72175974109052e-68 1
4.34177212239118e-28 1.30494659611764e-60 1
2.69569195079795e-37 2.44795952425904e-63 1
3.79898865019498e-35 1.92245818952816e-56 1
1 2.92735122126239e-40 6.06522673150623e-51
1 4.86939349314343e-41 4.67668000801249e-41
6.18117497587555e-33 1.10450938482255e-52 1
2.97283280808579e-35 8.58965227933793e-61 1
2.1808123012129e-42 4.95795359485538e-64 1
1.35164188672964e-44 2.49071428210556e-69 1
1 5.28751516427904e-41 1.26740061186734e-35
1 1.09359941748236e-38 9.89507071212306e-33
1 3.2768624410519e-37 1.52477084207046e-37
1.93203067309131e-31 1 3.7743997432633e-49
3.4686235370798e-39 1 3.01694969099166e-62
1 5.62910626414365e-42 1.99196413281973e-45
6.72108845293141e-38 1 1.69832847362651e-54
9.80297665938224e-42 1 3.80362865540546e-62
1 3.26825016111416e-38 2.540399566877e-44
1 5.74751118947765e-30 1.25212975102285e-28
1 9.982320963248e-34 2.11919163527949e-35
4.01933498129671e-29 1.24289978744245e-56 1
2.87609511080715e-44 1 9.24818989852579e-75
8.41729775988781e-35 7.82322701431514e-50 1
1 1.78188965189248e-26 2.9807776431128e-43
1 3.27618040973996e-36 5.25356160492218e-30
1 2.3655393511723e-42 2.83609403050077e-36
7.18175327776662e-39 1 1.12354968669125e-73
9.70301329474019e-41 1 2.82653029712376e-66
5.59187236372491e-45 1 4.86795077468461e-63
6.35205591304664e-36 1 1.98756333559911e-54
1 2.21851986155622e-45 2.01092469755814e-43
8.98708781394508e-41 3.32640074618226e-73 1
4.26877090823272e-38 1.36880050117191e-59 1
1 5.27851887612847e-27 4.41962279330177e-42
1 7.20061099264466e-27 1.73177230807361e-36
1 3.8833785152227e-34 7.72730082008067e-52
1 1.74416834259843e-35 1.05621588562786e-37
1 2.37654538868935e-32 3.79051378354859e-36
4.0126189713171e-43 2.82725981298907e-62 1
4.68220697463834e-34 1 3.04344789308172e-57
5.14187402739597e-39 2.05161181312326e-70 1
3.15494783947106e-38 1 9.55122975253214e-67
1 4.06136038716848e-25 1.76529404799102e-18
2.98936141648931e-42 1.44958001552803e-57 1
8.59070183135746e-29 1 2.18969418000457e-48
3.24516181168163e-42 1 1.64750969299686e-65
1.12088327141106e-39 1 3.27022718145587e-74
2.23398013364648e-33 1 6.78827165554512e-58
3.24018937040086e-37 1.7518459720071e-60 1
5.22004076873379e-35 1 1.56573294498847e-59
1 3.31156053021169e-46 1.27830797375165e-50
1.81612848420174e-29 1 4.08009601713972e-54
1 1.67140198119657e-43 1.84483568751997e-26
