1 1.96250045471372e-39 7.71140640900554e-32
6.81975056593088e-50 3.83169992541185e-69 1
1 1.6028402940294e-33 5.08111353261688e-40
4.96597945643478e-48 1 1.13933626886811e-75
2.07227889873453e-43 8.82877851247219e-71 1
4.08456483264922e-39 1 4.58574683873818e-78
5.49296933651714e-39 1 4.43165825320348e-74
3.8742457103932e-39 1.81778169930395e-68 1
8.36871080481197e-41 1 9.02127874048715e-73
7.79911139733407e-45 2.05477080449471e-71 1
1 1.76325526221916e-39 1.05006795799387e-37
1 1.61157371541993e-45 9.77116762896055e-40
1 1.1552366874813e-37 2.66943530919554e-46
9.98548146387809e-43 7.6223876636916e-83 1
1 3.67505317796345e-31 5.87388395022126e-30
2.97063908256686e-45 3.88597525378393e-78 1
7.72198999256437e-39 1 3.93560655157607e-70
1.14470345474811e-35 1 7.37325945129156e-69
1 3.03089249408681e-45 4.35040538659217e-36
6.31006884520872e-47 1.00821815444589e-74 1
1 2.97679852496768e-45 3.00765357552177e-31
1 4.63281244003075e-41 1.32985302591426e-43
6.96209978167388e-33 2.22207938283686e-51 1
1 6.10480720104197e-49 4.69612168026497e-48
5.60803438399845e-35 8.0367501387626e-64 1
4.80092648924986e-38 1 9.28519909721491e-77
1 1.67329813541859e-41 8.4322485349596e-36
1.355318878759e-38 6.33564235771549e-71 1
1.59024605066752e-49 1 2.43272739713785e-76
1 1.76429414876761e-49 4.72630302340294e-36
4.15030506977265e-52 1 5.6310997080382e-74
1 6.16980988093385e-34 6.80951130123952e-34
1 2.38177361722413e-35 2.97773922031889e-39
1 1.8412967615787e-43 5.0848890135746e-47
7.61111446595243e-44 1 2.47344868075256e-70
1 1.23279704592043e-37 6.28778732920011e-38
2.39439656144272e-41 1 4.48084027500665e-73
1 1.14210905172915e-42 1.21106833303405e-40
2.52171860342899e-41 1 5.11646971459162e-78
1.8648883955273e-41 1 7.73829061097637e-75
1 1.65569781593364e-40 3.4759318076452e-40
1 1.22112834757869e-53 2.74445817506614e-39
1 1.41044917577183e-36 1.70944408552336e-44
1.12479680851554e-26 1 1.45217976157987e-52
3.66900516501118e-45 5.5941235458326e-78 1
1 8.79535566712443e-39 9.17329936156104e-47
1 5.04813635106184e-50 6.86965680865184e-33
1 1.29979240310124e-38 4.97626476408834e-32
6.66683972001006e-35 9.40320187597758e-66 1
1 1.57059015850539e-41 3.84635709335593e-36
1 2.81668652897659e-44 9.02085214478649e-47
1 4.1485266861312e-53 1.15807419338087e-41
1 7.95533780465913e-52 2.30479402156942e-43
4.02668417325359e-35 1.45805111642933e-75 1
3.44032408670361e-36 1 5.02327110001961e-63
4.96328667901896e-43 1 3.65711873385353e-78
4.5569154729563e-37 4.14845582844956e-67 1
9.42431009779688e-43 4.12802817324589e-74 1
1 6.06982346243112e-39 3.76483187916539e-42
2.8163770333232e-46 1 7.93905798011706e-78
1 4.24301169988588e-41 3.01504538470993e-42
3.82692760488831e-40 1 1.18921983748291e-69
1 6.7449133605938e-46 1.85221960651235e-31
1 6.73487828339704e-42 5.09518575159152e-47
1 2.68147709020782e-37 1.38865147933361e-43
1 1.36696974886554e-41 1.74757346956545e-45
1 1.4131625392123e-33 3.96042577292906e-47
8.74727162595643e-38 1 2.15748866846182e-64
1 2.85871027997415e-46 4.93494558990477e-38
1 9.8847032833849e-49 1.5951399889277e-44
1 1.14029384722573e-57 8.25864296594877e-36
4.04185936261988e-43 3.80082805094931e-72 1
8.97399519968434e-39 5.27708927404216e-65 1
1 6.31259008060407e-42 2.47588853929115e-47
2.10103839866198e-37 6.82815387433989e-86 1
6.34961517751549e-53 1 1.70070710095218e-79
1 1.04498988983157e-33 1.40826838507925e-32
9.02036052745624e-35 1.9211731530386e-68 1
1 3.81975489102987e-46 8.96414389511653e-33
4.60241182556444e-39 1.63724926206358e-64 1
1 3.27190659700581e-39 2.6362439279345e-34
1.77802971610912e-47 3.75955962914066e-73 1
1.11796616427053e-28 1 5.07529593701138e-62
2.26102486772745e-45 1.19837394227135e-75 1
3.51079748752789e-28 8.14038204077506e-59 1
4.92378079558794e-37 3.50610390285168e-68 1
6.28359187965025e-43 1.03803081942356e-67 1
1 2.88424367767527e-36 4.02234794344009e-39
1 9.81179086380989e-32 3.46547147009680e-36
1 5.1420410451192e-42 3.00068844349302e-36
5.48878302477454e-44 2.89859051196824e-77 1
1 5.30804873572965e-38 5.61796681263638e-38
1 1.50078109875126e-40 5.50230833608323e-44
8.30746771686403e-45 1 4.12136625121675e-73
5.15421390035811e-40 4.93079844668172e-76 1
1 1.31523675474966e-35 3.57501355212844e-45
1.77143040046644e-29 2.15523393074911e-56 1
1 1.57777037573543e-39 2.12745624130352e-38
1 1.19448435418576e-44 4.28189838212106e-43
7.55020846512748e-41 1 9.31636394267648e-73
3.89645570053944e-35 2.71964196678179e-63 1
1 6.62202159558611e-36 5.07940419051949e-45
1 2.54610128498708e-36 5.9965273172713e-40
1 1.11022123768771e-49 1.74971515880328e-49
4.90634428984846e-43 1.12743580846313e-64 1
1 7.1337067549054e-46 5.26754191180127e-36
1 7.15785562984489e-44 1.98735232133439e-45
3.08206132566447e-32 4.6674838933576e-62 1
1 1.80887102829854e-19 2.08260485654299e-30
1.02941511340068e-44 1 2.49744448908628e-76
1 6.08226377073118e-35 3.48127247607744e-36
1 1.27017717944317e-37 1.39199252414984e-40
3.64975385060267e-32 7.20892263557947e-61 1
1 3.25353044189644e-34 4.68957516619492e-36
1 1.63012762667288e-43 2.61233081760269e-47
2.01259324677927e-36 1 1.88164715975304e-60
1 2.03547361979878e-42 1.70510083229009e-38
2.75083057225331e-46 5.06281742341913e-83 1
1 1.80782664788239e-54 5.26252591037437e-38
2.70524800247774e-40 1 2.67867750505011e-67
1 8.14748483968248e-39 3.09052652091975e-38
1.1510606364701e-35 1 6.47682641393e-61
1 1.135219749976e-51 3.1677859528731e-46
5.13643022448874e-47 1 2.26099791690492e-79
3.4419487366436e-38 1 4.99908386768364e-69
2.93688129984348e-42 1 1.7531396412903e-76
2.02948270244682e-41 1 3.16953054435287e-71
3.6276832324264e-36 5.97056021897028e-71 1
2.60137682622048e-45 1 4.50807406919896e-73
2.8873632140904e-55 1 2.36925271265047e-78
1 1.37052630510552e-43 6.14858767258204e-38
1 1.57567136246542e-39 1.45942338436701e-54
2.5314010633549e-44 1 4.89884029751432e-77
9.16020900010224e-44 1 1.50490583892312e-82
1 9.02460372671607e-36 1.75288762937075e-45
3.55475883341809e-36 1 1.77224854597418e-63
5.04396459385301e-39 4.20888408480623e-66 1
1 8.80556561919046e-36 8.03069966186018e-49
9.90857774467574e-37 3.46440467796125e-78 1
4.26657925898781e-40 1 8.45025299111714e-73
1 2.93603431761801e-38 1.33900926247259e-42
1 1.1801201634978e-46 1.40065076427702e-42
1.55988251681443e-49 1 1.16544061705824e-77
1.31029375831521e-48 3.89778240332697e-73 1
3.71656574127815e-46 3.25992393010507e-75 1
3.34282904616803e-36 4.25431179996306e-59 1
3.50322976039271e-41 5.65331262558562e-76 1
8.28678293167209e-31 1 1.79057855254616e-55
1.07817347484072e-40 1.58460127123042e-67 1
1 1.4300583942276e-40 1.14429459111577e-44
1 1.41890939278643e-40 4.41352554729065e-40
8.7679984663213e-50 1.21015812879521e-71 1
3.81512728502463e-47 1 1.86556138424664e-70
1 1.38589381327096e-48 6.52199507402146e-54
1 1.18573089511203e-46 1.42155779912811e-38
5.42778825140408e-45 1 9.9236228954807e-74
1 1.88749055135944e-39 2.81338142671062e-47
6.04540466558726e-43 1 5.51899645268418e-78
2.41939589986098e-27 2.51396019344901e-51 1
6.95476532607211e-38 2.76414261973328e-68 1
1.00066522148905e-46 1.38694302183666e-69 1
1 2.50613246073166e-52 7.33673764836296e-50
2.29598000206297e-42 1 8.49294484520881e-59
1 8.71049503460967e-30 2.77958877266908e-33
3.73845991880126e-40 1 3.46139873283085e-67
1 1.13768206463687e-33 1.02566035353323e-29
2.22029765603861e-41 1 4.82336836905057e-67
1 9.90781181218185e-41 2.8046172802804e-41
1 1.15642297668653e-48 5.21828080045335e-38
1 2.24680383851428e-46 3.9152352651312e-48
1 5.63669941016792e-41 5.38237197246218e-27
1 1.07536458243111e-47 1.79443650462564e-47
1.29600059649562e-37 8.73655957654567e-65 1
7.10951381936942e-38 8.83119868073215e-78 1
1 4.74724058761723e-40 1.58303676067814e-36
2.30273182001022e-50 1 2.8438191705847e-74
1 2.577276405993e-37 3.01235950380371e-48
3.51585330107388e-34 5.27021678623415e-60 1
1 1.26547323470089e-35 2.2689844362173e-30
6.80534413432779e-34 8.10516234322692e-71 1
8.9265626918217e-44 1.25015815445688e-67 1
3.02914161627564e-48 1 2.65892510486953e-84
2.47754207860955e-44 6.90634084260054e-75 1
1 2.90222859450672e-42 2.78273391833181e-46
1 1.62876738519703e-33 2.3035084100877e-39
7.05950296997481e-37 1 2.94003924680079e-78
5.36790800250843e-36 1 1.73662968899289e-63
3.01233320176674e-37 1 2.60584444798627e-81
2.16805451582674e-40 2.07916916052431e-62 1
2.17361697889606e-45 2.31169565342823e-73 1
3.00636840702444e-33 1 3.27516609628273e-76
2.26561076162328e-45 1 9.28381078142327e-87
1 1.52163785914731e-41 9.23275981439902e-40
3.83792005222939e-42 1 5.18611294872203e-61
2.75082936502686e-45 1 1.41120707139958e-79
1 4.26577001912002e-37 8.96529811653489e-41
4.9029890803892e-48 1 9.80124391529228e-73
1 4.8972352781706e-39 3.61314189847985e-45
9.20633453788809e-50 4.2350192154524e-77 1
1 1.18480043199076e-40 2.1250242675427e-42
6.00053752293602e-41 2.80964803678546e-76 1
4.74854159099409e-48 1 1.64272711783627e-74
4.68184375769677e-34 1 2.98476734619053e-64
1 2.7133892145477e-47 2.77372191930247e-49
1 4.10973991768898e-37 1.3232965128921e-35
1 3.43190383018196e-39 3.4237162895021e-45
7.08306671458614e-43 3.52307294304865e-66 1
1 1.82526824853672e-35 2.94882785090776e-35
1.61887392325812e-33 2.62463859035784e-58 1
1.7033067563244e-30 1 3.28217391463863e-64
1 1.35435892740477e-46 1.26378510797872e-35
1 2.36210615449143e-44 5.16981070031638e-41
4.18247741525102e-49 2.64671636655869e-77 1
3.33297079291843e-36 1 2.06780825310582e-71
1 9.39236570039766e-48 7.04004862505028e-50
1 1.78793264862151e-38 3.69408403043018e-35
3.26124888295525e-36 1 3.46680776802991e-63
6.64830087881164e-41 5.41142104523671e-75 1
7.83351651242007e-42 4.86188765288361e-73 1
1.41427780427423e-45 1 3.22981680730485e-70
4.22950661663356e-39 3.01864085309674e-71 1
1 6.56492924519237e-46 2.78949421429649e-56
1 3.23073120018411e-34 3.0557828586592e-42
1.63626040761455e-39 1 3.77202156563715e-69
1 2.08174902173732e-38 1.25516134591322e-45
1 1.01757822011569e-36 2.82847224473841e-49
1 1.30848937863647e-51 5.49078724571635e-45
1 6.37342979995691e-41 1.29347687090048e-45
1 2.32637604148883e-40 2.33862686756333e-44
1 4.23388038230073e-53 6.31501488442789e-34
1 4.00125381189471e-41 4.09456672980924e-43
5.9566259870553e-41 2.11810003613539e-72 1
1 3.19756370680575e-35 1.26960783861556e-31
1 5.57291106923672e-39 3.33573707726176e-40
1 1.17264703634253e-48 1.02127671888714e-43
1 3.29683104970284e-46 9.64995194069285e-49
3.01377144691503e-42 1 1.22431925174341e-71
1.64903922523929e-43 5.30227310094568e-78 1
1 1.33188277111282e-47 4.04136078020838e-32
1 2.6012577093646e-46 1.4833509103184e-47
3.24307316962794e-29 7.69224856642671e-55 1
1 9.22546509762278e-29 4.02380246513712e-33
1 6.14712329709362e-38 8.19046675237559e-46
1 1.95788501587101e-41 1.12409059884918e-45
1.78956922323307e-44 1 2.64432443426276e-81
7.31094003678555e-29 1 1.67410776583486e-55
1 1.89868380263682e-46 1.58393840856421e-50
1 1.1755870922933e-37 1.44420188514777e-39
1.11169410664505e-30 1.83139449940893e-61 1
2.66184598032328e-37 1 1.48720120213419e-61
1.05120713245108e-41 1 1.01048233952742e-76
1 1.89971382646274e-45 1.38749634333104e-30
1 7.66501965537027e-40 1.89712162908658e-32
9.92676892988671e-44 9.79067266416421e-87 1
1 5.08974179059991e-44 1.91030885835647e-50
1 3.109199394039e-44 3.48337979452977e-42
1 1.27855066517826e-42 1.08795624791346e-38
1 4.22463249721799e-31 5.44236772190653e-46
2.24710149568059e-41 1.15779101885208e-79 1
1 5.83158586457823e-50 1.27333304627073e-36
1 3.74685683309156e-43 5.46430513809076e-35
1 8.29305238037525e-30 4.82634982670019e-42
1 2.69957147090206e-47 3.61920282057215e-37
3.14128897909785e-46 1 1.56229720843747e-76
1.44861249227195e-33 1 1.92099659292856e-61
1 3.68027292702526e-36 4.12537982708158e-32
1 1.29743185472611e-40 4.21927870789371e-22
1.13803450168566e-47 1 6.27172122828123e-79
1.08656198183327e-45 8.45963244921381e-78 1
1 3.03584320858354e-47 2.01880954027218e-53
4.55437372327633e-33 1 1.03283625824765e-64
5.09446359552547e-41 1 2.98157504301842e-75
2.14891375155216e-38 1 5.24426025918772e-67
3.67015644432173e-45 1 6.0161031961976e-71
1.00194968880913e-46 3.24441193147901e-84 1
3.31706435589084e-28 1 2.44744418185741e-48
7.34014056458522e-37 2.18848183365609e-68 1
1 1.65904253186715e-35 3.67011760115934e-40
2.84922006174391e-32 1 2.13519320300697e-66
2.45186225339733e-42 1.59290847820284e-74 1
2.72640051877429e-40 3.70975115452471e-75 1
1 8.23851230484739e-38 6.40567666756225e-45
1.01313701271059e-30 1 6.20964520421389e-50
1.65413489889438e-45 8.6846394102915e-72 1
3.18559775948093e-40 1 1.56728264674083e-72
2.52097296864591e-44 1.17441126996147e-76 1
1 7.73015171346e-46 1.72531539190425e-46
3.6461996034039e-44 4.44502572645145e-84 1
1 2.56141873875631e-44 1.60433331809464e-37
1 6.93712239253305e-42 5.14454113202388e-46
1 2.12432739051429e-40 7.61304770048423e-42
1.69733150932148e-34 1 4.08071336419684e-61
1 1.51626104215837e-35 3.45881509940755e-50
1.13159927788164e-45 1 5.44017282492607e-67
1 4.42581523718775e-35 1.65255666723107e-40
7.53586137904365e-43 1 3.06791329420026e-76
1 1.33739022824786e-43 3.16512434296597e-35
7.93431115042411e-47 1 6.28073471325207e-75
1 6.14778222585525e-40 1.04426057728003e-52
1 7.15493128816126e-43 3.55197931707562e-36
