1 3.34162651458803e-38 1.77540448393982e-34
1 5.6057159270886e-34 8.57588856972286e-35
1.27033879814954e-36 1 4.81378404060534e-57
1 2.57963041374674e-38 3.86779677027452e-37
2.84799036721103e-39 1.35227619829989e-65 1
1 1.08537074890318e-27 3.91740668337776e-28
1 7.29101811801104e-46 3.24850614056913e-43
1.51863621205524e-31 3.54704355510132e-52 1
1 1.74416834259878e-35 1.05621588562798e-37
1 5.78486139798496e-35 7.20389923073106e-40
7.4725239806795e-39 1 1.44469228658365e-65
3.79898865019622e-35 1.92245818952838e-56 1
1 6.46635570123256e-39 5.78461893591428e-48
1.69639674158518e-28 1 5.6595429501771e-50
3.49346364016534e-36 1 1.86573535138404e-67
1 5.62910626414485e-42 1.99196413282016e-45
6.41156186338478e-42 1 3.93108177263281e-66
7.30392300994827e-41 8.97943415378482e-60 1
1 9.62284171728437e-40 9.15245120141169e-40
1 3.74831986953635e-33 5.20195592858925e-34
1.42045406518331e-35 1 1.16009213196471e-57
1 1.67140198119697e-43 1.84483568751992e-26
5.72679666418772e-36 1 9.38373584180124e-58
4.94317529421879e-33 1 4.26022125017211e-67
1.35164188672941e-44 2.4907142821045e-69 1
5.46704119757756e-35 1 4.26354313571986e-62
1 8.80776920616922e-28 5.54720319958173e-31
2.65500307850276e-27 1.66344508656315e-44 1
1 5.28751516428001e-41 1.26740061186767e-35
1 3.46515066277035e-40 1.25236489186762e-36
1 3.42159378896717e-33 2.50284439389871e-42
8.41729775988889e-35 7.82322701431414e-50 1
1 5.38231538065157e-38 1.02968192690516e-33
1 4.28929106404392e-43 1.34382865930008e-39
1 3.27618040974005e-36 5.25356160492293e-30
6.10582044101126e-39 1 1.71868794658071e-63
1 1.13255141042605e-46 2.96940676663434e-43
1 2.92735122126301e-40 6.06522673150606e-51
2.7621678425555e-36 2.49805612449071e-62 1
1.51529957959764e-38 1.66716787348572e-57 1
1 4.02523582861925e-34 9.09660733671124e-35
6.72108845293265e-38 1 1.69832847362578e-54
7.42554148468994e-39 1.61592664209316e-65 1
5.87018690260706e-44 1.0611962137925e-61 1
3.04419206286665e-36 1 5.69157943557185e-59
3.75062890977905e-41 1 5.57700134253745e-59
1.75381566663432e-34 1 4.91924235986381e-49
1.81612848420174e-29 1 4.08009601713682e-54
1 3.05933295403165e-36 8.64554921499899e-35
7.14261385107718e-34 1 1.38634667375614e-54
2.44022872788723e-34 1 1.51654269541963e-63
3.88899369611139e-47 1 1.42425485776673e-62
1.99403488706713e-40 1 1.0643126779915e-73
1 1.09359941748228e-38 9.89507071212292e-33
1.4640184563621e-39 5.03245233489759e-63 1
1 1.03099910954218e-50 4.80153549655155e-43
1 5.59694680871398e-48 6.37477299374532e-37
1 8.40660040405092e-31 2.22168015111647e-39
3.53818243235399e-31 2.18803130592843e-49 1
1 1.28207151130455e-32 8.13452991652673e-39
1.01482674872609e-46 3.23405968751167e-64 1
1 7.63197438887174e-35 3.92184064337379e-35
2.39574125125139e-42 1.12981945373657e-67 1
3.14299591774725e-29 3.29771255748049e-40 1
2.24540252473472e-31 1 8.13495614990642e-63
7.62839281141743e-37 1 1.15367824248527e-59
5.91264102317807e-44 1 1.56469359529363e-65
1 1.302818836998e-27 2.43819966161837e-25
1 2.93875988512025e-34 1.07074287429997e-29
1 1.38103078532871e-40 6.98894448620789e-38
1.70166775414385e-38 2.27358129723928e-59 1
9.80297665938392e-42 1 3.80362865540427e-62
6.11010756456792e-39 8.5345780630285e-50 1
1 8.41799780769049e-42 5.63065298676203e-46
4.34177212239059e-28 1.30494659611719e-60 1
1 2.70753861467077e-44 3.94841702228097e-41
1.72810469715378e-37 6.26344342698038e-58 1
1 2.08748272137546e-35 9.03230851962899e-42
1 4.43127577251644e-36 3.38018538563777e-41
2.1593520560269e-44 5.08965131619114e-71 1
1 9.0712511033014e-38 9.19759004813005e-37
1 2.25050880861932e-32 3.72273985932317e-41
1 1.89041182255011e-33 1.28689434510022e-33
1 7.1617515607678e-41 6.95537036218226e-36
1 1.89738516911304e-34 1.18911948313978e-39
1 4.36950514343313e-44 1.88882237846621e-32
1 6.27428917710412e-39 1.81798784642317e-46
1 2.8809640738939e-35 1.84454882396496e-41
1.05820794911235e-31 1.23657723796841e-54 1
1 1.6594223446477e-41 1.1573805188666e-37
5.32053741437682e-36 1.26955870201898e-60 1
1 1.38228603064399e-24 8.86097757483284e-39
2.96051330483989e-42 1 9.09349408666318e-61
6.7839020641025e-31 1 1.46399570535127e-50
7.1678327095302e-43 1 4.28961480062453e-73
3.4686235370801e-39 1 3.01694969099029e-62
1 1.03952087921194e-32 1.63274970742838e-40
2.38933762960846e-35 7.38430685984433e-56 1
1 9.36745862171217e-41 5.55585760342565e-34
2.69540230541604e-50 9.96518223349291e-66 1
8.59070183135917e-29 1 2.18969418000482e-48
6.18117497587519e-33 1.10450938482211e-52 1
4.53252193817998e-27 1.11530637499873e-42 1
4.68220697463821e-34 1 3.04344789308094e-57
1 7.00726616019773e-33 1.0927980672049e-35
8.22952350339911e-34 6.55984938732924e-61 1
1 2.16882455206901e-40 4.18062024998685e-38
4.69224317947231e-36 1 1.29777505776732e-54
1 8.55817390091698e-45 7.83624031007937e-48
1 8.72560371280915e-45 2.70056682291571e-38
1 5.74751118947961e-30 1.25212975102258e-28
1 9.81017049409913e-43 2.04911099630092e-46
1 3.47034381834505e-38 6.74489213028045e-36
5.59187236372642e-45 1 4.8679507746824e-63
5.27971820526462e-42 4.27076493794292e-60 1
1.05885653116612e-41 1 4.60318912024642e-67
1 1.18209693375461e-32 3.00114822364339e-38
1 2.73317505829479e-37 2.12466035334968e-37
1 7.99162514319285e-40 2.15084425210072e-32
9.86540677313464e-38 1.06110808313453e-64 1
4.07291195854145e-45 1 4.27625434145674e-66
1 1.54369099994423e-34 1.31316635118273e-51
1.36487770200511e-26 1 1.53782288328289e-51
1.70085448323519e-40 1 1.07757522161442e-65
1 8.71325019899787e-38 9.38212217589091e-38
1.93203067309148e-31 1 3.77439974326255e-49
6.7337983506364e-41 1.951353274585e-57 1
1 4.55004255832269e-32 2.87349202487638e-30
1 3.41477281877296e-42 4.46434273806757e-36
1 5.7939532639354e-33 3.13434108675833e-39
1.44281691070701e-34 1 1.42819314205755e-60
1.77700128409844e-39 2.39187301074102e-67 1
1 2.2355050532873e-41 6.34930057590456e-44
1 1.12675506105678e-30 1.94115282314351e-34
2.03798845008226e-33 2.40613064696784e-68 1
1.04820233661291e-36 1 1.80835705894336e-62
1 3.31156053021221e-46 1.27830797375094e-50
1 6.84181246172445e-40 2.50973849242034e-34
1 2.33923751108019e-41 2.65955288896105e-40
5.10294090475508e-39 3.47459991776015e-62 1
2.23398013364689e-33 1 6.78827165554319e-58
1.5630546291364e-38 1 1.66748892878186e-59
1 7.94272118855412e-34 7.83970453580004e-33
5.4713537603469e-43 1 1.27980564160749e-56
1 4.13468914960962e-41 1.05922023816494e-35
4.96740342120796e-39 6.24140014147787e-66 1
1 3.67060650760472e-42 1.42688940516726e-33
4.49293182137906e-32 6.88712749108099e-65 1
1 2.92020045059492e-32 6.17849763674273e-43
5.56832586391285e-41 1 4.63521169400972e-59
1 4.87512276155546e-44 1.61780339572458e-35
1 2.82502738982068e-35 3.08981372849533e-29
1.37594095270169e-27 1.33271150565955e-46 1
1 8.4275524256337e-54 4.86596719113348e-36
1 1.0670240595062e-35 3.80778631198365e-43
7.50030679675606e-35 2.47164510170623e-55 1
6.35205591304827e-36 1 1.9875633355986e-54
5.14187402739567e-39 2.05161181312238e-70 1
1 3.49796062051034e-35 1.81119537495466e-37
3.15494783947088e-38 1 9.55122975252725e-67
3.51247899594951e-31 1 5.0947114877917e-61
1 3.57138144587652e-26 4.17273344518832e-42
1 1.91503483383874e-32 9.36222791008465e-48
9.1034723683588e-35 4.34349680563205e-65 1
1 3.86958557342408e-45 6.9604748174944e-32
3.24018937039994e-37 1.7518459720063e-60 1
1 7.20061099264655e-27 1.73177230807418e-36
1 2.68443677907029e-33 1.44279856694162e-34
2.69569195079695e-37 2.4479595242573e-63 1
1 3.87927024508384e-24 3.96000014012699e-32
9.70805970164154e-38 1 7.49466851921264e-59
1 2.66545027626888e-38 3.54565949103802e-42
1 1.01347455359339e-33 9.74490119113626e-34
8.49821240851122e-47 2.74209520696669e-64 1
5.22004076873327e-35 1 1.56573294498767e-59
1.2950815786852e-39 2.03176503017077e-65 1
1 1.1259115740403e-33 1.68099526674873e-45
1 1.99411368919985e-37 1.53826716368556e-36
2.57996265833668e-49 5.15402800308711e-65 1
5.3010921711941e-39 1.39155436013427e-69 1
2.18081230121281e-42 4.95795359485327e-64 1
2.92483512357066e-41 3.20157254507203e-63 1
1 2.3655393511723e-42 2.83609403050077e-36
6.3802336327186e-33 1 9.9194212352015e-54
1 1.22603795637526e-48 1.21300044883522e-44
2.9728328080857e-35 8.58965227933696e-61 1
2.82930937920159e-39 4.76613637368059e-48 1
1 4.41669973318306e-31 6.96911747057866e-34
1 3.26825016111518e-38 2.54039956687645e-44
1.29134452028015e-34 6.53234245022684e-56 1
1 3.27686244105209e-37 1.52477084207039e-37
1 2.47118751420334e-43 4.99484408739922e-41
1.30877754439877e-29 1 4.83646183407586e-50
6.65755939438099e-34 1.04152880224602e-64 1
1.10459319498164e-35 1 8.46110203326467e-63
1 2.20684482706765e-34 3.68950485819137e-42
1 2.15348054389869e-33 1.68712241602621e-34
8.98708781394598e-41 3.32640074618217e-73 1
1 3.37203329935523e-41 4.86352277566386e-40
2.20718769572569e-45 1 8.53893024320702e-56
1.66582041583438e-38 3.61875604756891e-64 1
1.66718220823689e-42 1 7.07456288056118e-59
1 4.86939349314398e-41 4.67668000800996e-41
3.34798922641826e-38 1.27957204373912e-62 1
1 1.00667061653386e-27 2.84651237339087e-32
3.52665737289511e-45 5.23321767922681e-67 1
1 3.88337851522309e-34 7.7273008200832e-52
4.0713502576043e-40 1 1.30572170771741e-57
3.37805268027117e-26 3.87978380971371e-54 1
1 1.61212161973298e-36 1.40220197606727e-35
4.57256712207386e-31 1 3.31137621599714e-53
1 2.52704177373079e-44 3.14425367139901e-37
1 1.32097488063527e-36 2.76325717870031e-33
1 5.27003678215284e-35 9.28860545200402e-44
7.32253494152056e-23 1 5.99539256710515e-39
3.24516181168214e-42 1 1.64750969299724e-65
1.24572511167996e-40 5.51894859300955e-65 1
1.34929439287289e-36 1 4.40600389155738e-60
2.64903986532918e-31 1 2.77831148423611e-61
1 1.72263462110833e-42 2.61337910968613e-35
1 2.37654538868935e-32 3.79051378354795e-36
9.95565333371902e-48 1 3.06236317899937e-68
1 9.98232096324942e-34 2.11919163527955e-35
1 1.87434059647974e-43 3.0731430608874e-42
6.04379596571337e-34 1.76698717830459e-54 1
1 1.7542783652897e-43 9.1718284276161e-35
7.85777839928617e-28 2.61271014280541e-50 1
1.45634293561919e-29 1 2.16716769983833e-54
4.26877090823217e-38 1.36880050117117e-59 1
1 7.72302559119245e-42 8.87640332344103e-46
2.94981306423116e-33 7.64468861479611e-53 1
1 1.22042717372074e-29 5.91827424337497e-48
1 9.84469075722443e-40 3.05018508692861e-48
1 3.2339005113878e-46 3.76944347853925e-45
1 2.23455086356464e-30 1.16391893409884e-41
4.01261897131584e-43 2.82725981298746e-62 1
1 7.79715134777241e-47 4.73874310549016e-45
5.33980762207932e-51 3.71698719192257e-65 1
1 1.06211359380328e-40 3.72401356347661e-38
2.06107384980778e-30 1 8.67380758738901e-58
5.52734227007787e-41 1.13997041046075e-66 1
1 8.12259471664318e-42 7.77860853203465e-46
1 2.12942136057991e-32 1.17503216709071e-30
4.32065779810334e-31 1 7.11182763875838e-46
1 2.21851986155682e-45 2.01092469755829e-43
8.93145479879605e-40 3.77245703866805e-53 1
1.57027766912962e-39 1 1.75173574331704e-60
1 1.64692164937661e-40 2.74773673053134e-41
1 9.22642998554245e-24 1.62155209995678e-34
1 1.78188965189266e-26 2.98077764311174e-43
1 1.2978453437198e-37 1.01000138303173e-26
1.09058698086214e-43 8.67634165529533e-65 1
1 7.44530003807918e-37 1.56095741601999e-38
1 1.41672696754768e-32 1.69403218296784e-41
6.9108172620746e-31 1 2.57820045898803e-68
1 3.28129466759712e-42 8.00267345287683e-32
1.23792969524029e-41 8.49014478742054e-62 1
7.40555681928855e-32 1 2.77146456351522e-54
8.11768640638431e-48 7.72175974108503e-68 1
1 6.82149574067187e-28 7.22341259490501e-42
1 4.06136038716912e-25 1.76529404799069e-18
9.70301329474157e-41 1 2.82653029712432e-66
7.63648602628361e-29 5.09430390770719e-48 1
7.76252696434187e-34 7.43902550473429e-54 1
2.87609511080739e-44 1 9.24818989852316e-75
1 5.10121513202998e-35 3.79842397455514e-43
1 2.5095151611324e-47 7.67584075359843e-33
1.63380967695693e-31 5.05621852846408e-50 1
1 8.16363671003456e-28 1.63300944541446e-33
1.18212423947011e-35 1 6.97207719985358e-58
1.52371550645715e-34 2.74679749288569e-60 1
2.43171144788028e-46 4.59412531283878e-67 1
1 2.33332920570744e-36 8.82485346728873e-41
1 4.18864393813822e-39 6.03769843194121e-31
5.73386966005014e-42 1 9.95186405678248e-62
2.98936141648905e-42 1.44958001552762e-57 1
2.03670680375313e-34 1 3.14199905184226e-57
4.01933498129682e-29 1.24289978744227e-56 1
1 4.91718265178006e-32 7.29378854323665e-31
1 2.75005230961084e-44 1.45887981100101e-47
5.62874151377797e-37 1 1.41919451253739e-66
1 5.27851887612952e-27 4.41962279330416e-42
1 5.2856557071866e-31 1.48139801918775e-46
1 1.10309763809461e-41 1.31477165081689e-38
7.18175327776753e-39 1 1.12354968669042e-73
4.84018552404986e-29 4.21125573904907e-53 1
1 3.48897634285744e-42 8.36731632996172e-37
6.85339272518241e-43 1.48494632749873e-57 1
5.3691010149168e-28 1 2.13618502499627e-39
1 1.03716204603646e-32 2.39876311420027e-35
1.12088327141093e-39 1 3.27022718145392e-74
2.15917363002128e-41 3.91757268265561e-67 1
5.49980514672e-41 1 3.24967749094175e-62
4.22913297273337e-42 3.61463648028714e-61 1
1 2.22817278119134e-31 1.1840374895668e-37
1.13675880232546e-33 2.97911843970727e-54 1
2.84558096555038e-38 1.5026090447903e-60 1
1 5.66978267834726e-39 3.264522176026e-35
1 2.82822243594829e-43 2.57200682816259e-35
1 1.43319473351532e-40 2.37021207497661e-40
