"LD1" "LD2"
-0.491932813135449 5.5982096630232
-1.47712341612534 4.58745871268153
0.220255111710912 4.27732068621975
1.66779496456307 4.90691414278101
-2.23920756980414 4.9795599859038
-2.46190711887279 6.79759353623605
-1.54520234378253 4.36210745434178
-1.19509298958361 4.34815900207194
-7.505793464037 -6.81274496465778
-6.4479749611548 -5.08412224702801
-0.860286785584135 5.96379188217051
8.9282709503652 -4.59186702451182
-0.769938578780481 4.25181034084067
-0.997277624597066 5.17059283556082
0.437520665274918 4.74946588104932
9.99415930589605 -2.66678342255739
-6.88924968953992 -5.11516597839421
6.21026122412677 -3.62558403345843
-0.57023378675763 6.26491060398015
-1.87977334541983 4.44937869184271
7.24756178017795 -3.66258762023599
-0.285643599873595 5.70410794844432
0.0264722013593443 6.19820037229678
-7.95453186624618 -6.69168676208061
6.71300685841865 -3.22379714680592
9.91698731854034 -5.00736314382719
9.38868972242692 -3.46432114155314
8.60458378447197 -4.01114251162861
7.82698419248784 -3.09481022606391
-7.30907026271384 -6.75384977427862
8.14746228109066 -3.63796316304109
9.00107407999513 -3.51408250211006
0.690701289148842 5.24390917690942
-2.76374444445652 4.20248226373096
-1.67222513251719 7.55428747166489
-1.47926752005753 6.51713176584074
-7.74275633729128 -5.41139026308627
-8.37211991597751 -4.87886345581132
0.0311137565590049 5.68447991338627
9.09436855715212 -4.67768881297014
-0.229633608576532 4.64029106676368
-1.00850827577075 3.9655151747226
7.18138740449424 -2.78813412153763
-1.9542425299259 4.82586015676676
0.356115154447936 5.83605670423527
9.24723754512365 -3.13187261755387
-6.15984942577539 -6.28659038540882
-8.14281818344738 -5.51859497652688
-1.94637041915614 6.19710316221604
-1.04344677933463 4.84832520496679
-9.78838144802053 -4.94825157130476
-7.02133064581348 -5.62209315112584
9.43636037154572 -3.26381507180837
7.51663548481739 -3.3845908176434
0.195039333390016 5.61131875823734
-0.382460678028034 6.09770360905618
0.220854008297708 4.08050951930707
8.91187359926375 -3.11717681913936
-0.746520258672841 7.10970577229406
-1.46457948053094 6.69612140819161
-1.35898651720011 3.49790979564249
-2.87092948003664 4.09490350331917
7.2164774284473 -5.68724900486934
-1.92937284388739 3.65459488090547
-8.55479673574392 -5.71280259918301
0.180983782532232 5.25572275906306
-3.27550775245511 6.10289713024848
9.72275355983593 -5.84998066922053
9.6514051952732 -3.6411764457798
-0.0940110875166099 5.45144616615955
-7.76241159767491 -6.34846891166548
10.390191444826 -2.69660256752207
10.0135539549952 -4.07805221251731
9.62509026039124 -3.17766936416349
9.74506182760622 -3.78659216500203
8.62097129555773 -3.89122222264832
8.48379837959263 -5.10319878964202
-1.84321766703816 5.45461071688086
-9.80409060547801 -6.0716446325534
-7.47401817905236 -5.71415542343261
8.47118307485025 -1.48262463757412
9.29267946622892 -4.27814767891909
-1.143629820437 3.96426496794599
-0.909923650454186 4.45961773710711
9.14229815006103 -2.26089703821408
-0.292577471433539 5.43134460385061
-1.42388081973235 7.10312135629648
-8.61042265180647 -6.07424194513125
-7.48882019917181 -6.85934571894701
-0.407316020626639 5.81710769017013
-7.53876792365337 -5.19590741368112
-3.36043968797166 6.07167013691395
-7.88452083184937 -6.78418243990717
8.69157137545953 -3.27839925214216
9.44670308884883 -5.24577638700737
7.56260195814261 -2.6933341408355
-0.739566779321724 6.39556222941893
-7.87000421817256 -7.87835805311761
-7.07187429353807 -4.66574025073008
-1.46705251121311 4.957937377937
-1.51400977975439 6.53090973127999
-0.212213033953988 4.96471560459456
8.99370244891062 -4.40259504562942
1.17282838789196 6.01786820738421
9.74052431427971 -4.51812795941925
-0.679868007366307 6.76291037876138
-0.838567676715588 7.03732144444938
-3.00774519742979 4.24349523051718
-1.40110179420676 5.31790603327092
-8.13364745045801 -5.16376167230323
-7.64110101528137 -6.21448370947952
-6.96530916474807 -6.11518360230395
9.06544253689037 -3.21318036338233
-8.23653036063374 -5.92940863711625
-8.22131380790429 -5.25498955321423
9.11405395675273 -1.82155676287895
-3.32931544061738 5.10809212996156
-8.11173681294191 -4.40367928674242
0.0209398864173634 5.17408437830264
1.49224227462545 7.1781403577241
-8.07505177049381 -4.40079971220927
9.43564760368819 -5.23775851880665
-8.46195595124879 -7.08563390612594
-0.121812893804006 4.86496076374734
8.69202436250466 -3.08618227892039
-1.18141195286343 3.36822572961837
-0.459850200651279 7.30981817624778
-2.62062954659007 4.29992868650894
10.2183057026976 -3.80810310926652
0.113914141760027 4.86347717646575
0.593088510328382 1.71614294569212
-8.75163387247004 -5.45890218941317
-2.17586363704883 6.33726241486309
9.89027238613321 -2.77386235470527
0.632967563078292 6.49085661666931
-9.19346465732634 -3.64264210052167
0.306702204005688 4.98197245202841
-0.555654056092935 2.97169450962816
-8.91612267198308 -4.927285042431
-0.977910737272629 3.2536842262666
-1.67023898517411 5.28570568848037
-0.811397581369657 5.83491824432225
-7.42082959673591 -5.41182547661162
-0.814388351328359 4.33002322916649
-0.705765033750059 5.93441644249637
6.44409604865189 -3.43651684442293
8.74531373755332 -3.8041871364444
-1.64047023203815 5.23779351499467
-2.56231132455768 3.56937650662142
8.5001934091352 -5.24990363183831
-0.504022938928025 4.73458246371985
8.79207233533178 -4.71198002890904
-9.58914321377196 -5.91228608255028
-8.45308805203599 -6.48202933813844
-2.02282909747056 5.42082944161069
-0.836645036660496 4.3237882421713
8.39741940624899 -3.97313117482073
-8.00065711129641 -7.34399120608893
0.131204345341639 6.03602502563545
-6.88708089727656 -8.12218965667571
9.42292629901582 -4.47346383597761
-1.04145838902384 4.9105386536247
-8.04036612429363 -6.10312305820512
-2.94673195652073 5.15609712953084
-2.45354980034866 5.40988005725237
8.00436179495258 -2.24425945803532
8.43029850882493 -4.81299468596759
-0.622646129947585 5.05742238474587
7.61286530711026 -1.91016240202849
0.0416559312857669 7.43321578745849
-0.961326723749261 5.91560710156237
9.77970258539861 -4.77449249477305
-2.27972528799603 4.60929686763446
-1.92798668186591 5.36473844546023
-0.433563387774742 5.60301632960961
-0.0705762454768732 5.71237129383303
9.60675155535465 -5.72161979644597
7.78901141649952 -3.68292172038641
6.92426540265489 -3.32135076340578
-1.58787536625342 4.72144153411989
-6.75939260570667 -4.25652942554825
7.83391265463306 -3.59266236197883
1.04610032998993 5.63740308238395
0.40154481833171 5.69101261727287
-0.730212513576718 4.58213523129645
8.60952705118338 -2.99179559115691
-0.786330418550845 4.43526745367996
-6.49139081174022 -5.32695000804488
-0.037947004282737 5.44419856398604
-0.770530330553927 5.12076640421352
-0.493236688495265 6.91794560277957
7.42474786643126 -5.37996737754711
-7.07876170412043 -7.50015990638065
7.64698231437991 -3.68518651871423
-0.466197859186051 6.40174495264393
9.16062133308734 -4.12927135482824
-7.31951634530263 -6.01375091236588
-7.62330876547092 -5.74488924453218
-0.347633529937268 3.32001804750189
-2.01630129674978 3.05628061242785
9.36278828540922 -3.75279566370332
-7.73035858384227 -6.94045319664007
9.20227041695178 -3.37791237806312
-0.764524665044235 4.45188748740935
-0.506744356612224 4.22939238239395
-0.430248453976056 3.80558487133939
-7.98565768924363 -6.5150559908307
-0.685646817926311 5.88854524251836
0.894581506809583 4.15178508789805
-0.802267736282728 5.12398780626091
-0.335435194837865 3.75361878449915
9.58235177971149 -3.60985904221685
-1.44592838590475 7.01041581371067
-6.21859488763827 -5.0553991763001
-7.56371937981515 -6.09614884571239
-8.94872847478511 -4.24548950597181
-6.46837325324967 -4.83781963891218
-1.49072055932776 6.51966434699573
-1.98125299874012 4.88487820814667
-8.7037521509839 -6.21810831734757
-5.77278361423395 -5.81557132658403
-8.55597475965303 -6.35587320521681
-0.430402583719709 5.09713898277047
-1.0590726813731 4.37481285146844
-8.34310829225726 -4.27467416074354
9.67102226974177 -6.08540853445091
8.96965926577359 -3.75712292744153
-7.91323026256549 -5.21253427073624
-7.11103730378567 -4.66148327652844
-0.762733764907661 5.22014754638687
-0.614043230527412 5.12388459353324
8.37372792231926 -4.26957000029864
-8.76008575139318 -5.19090700359897
-7.60460435572618 -4.53241339347246
-4.87262344325497 -5.72646238119217
0.418497918310721 5.40319101085561
-7.4356895487385 -7.17630507440852
7.86974987214984 -3.62495205207546
9.58162665873951 -1.66901986799695
-6.94077651017888 -6.10284524904574
-1.8569310860931 5.18694406522723
9.40123542326248 -3.36316047595635
8.70778646350152 -3.5730231391014
-0.603297616761959 5.23184742097361
7.61819489181334 -3.63336065269381
-2.11637821109706 6.47184304817246
-7.40872077668694 -5.49526639577944
-0.0365070437765449 5.46572609402223
-0.825077266952175 5.66981072908116
-1.70913993613277 5.89889663865962
-9.74889594724523 -5.29962224741563
9.08914467218148 -3.76920500130188
-7.44257331967927 -5.71699030915491
0.0241662199397496 3.98944354458655
-6.26152490961683 -5.58460963791804
-0.589599960848118 4.84628585059995
-7.03131947163091 -5.19268205331864
-0.46097117611093 5.64402432426335
-6.9175865108892 -5.48704044914519
9.21350021533094 -2.40690801293243
-1.02831521615365 4.31990615405106
-4.94648804991193 -4.60243683501262
-8.52872049450346 -6.07394211181835
-1.49920906803695 5.32051735244853
0.291687258390601 5.71587616868121
8.72031895802578 -4.49551888792081
-1.37171846803103 5.70736945827559
-2.03080573550417 5.04528497723772
-1.81476634402011 4.80943275529491
-8.7161203291643 -7.47571012029922
9.04594134913078 -4.9433915477018
-0.657726283971254 4.30118930169702
8.66669954683453 -2.74304427940524
5.96234811792823 -4.44322237061782
9.38008843392841 -3.27885480221188
8.06661754574502 -3.58758602504887
-1.60607742095675 2.87982841012662
7.31493248149189 -4.4346507175585
-7.78263325608045 -5.71986383676218
7.86553926202677 -5.12550633148184
-0.228215054391459 5.13642190606254
-7.44567623762667 -5.79788553633611
7.15905853719128 -3.6705958937105
-8.40836937667935 -6.87507013817565
-0.353477605180361 3.83408497354071
8.08026255772089 -3.76110268139935
-0.587996702517428 6.80716319650185
-6.89651281572612 -6.5451544619802
-9.84763353121182 -5.08071272076457
-2.94982808083202 5.46054287595096
8.00118815274628 -3.7177142360002
-0.673059121752559 4.25389537953317
-1.56779326849639 4.63651748807621
0.0412477166353535 5.64469711485551
-1.25452359529997 6.28027148931318
-1.4359444077589 5.04686989874797
-0.140324869238766 2.69641335316227
0.828814913077883 5.55168387047378
-1.40874372938415 6.50205149889434
-7.71216299149856 -5.81574504385035
