1 5.21931773806708e-30 9.28676288963808e-51
1 5.43518603316877e-34 2.71783270619833e-53
1.55966094482403e-53 1.74038099567629e-35 1
1.84149165894613e-39 1 5.23859797944917e-36
6.80018354430989e-37 1 1.42900726301103e-41
2.63681770467972e-63 1.41675610582518e-41 1
4.76575479672283e-43 1 2.99505784530687e-46
2.08124910535737e-29 1 2.98918919941148e-38
7.75471658406251e-39 1 1.0737026888614e-39
5.15748325741459e-63 9.0509159062705e-31 1
1.80386237389384e-30 1 9.53553146146105e-43
1.78092727717812e-36 1 1.13610456733053e-24
3.08983531025995e-35 1 2.72481076722841e-32
1.71570580805842e-38 1.21839151548894e-27 1
5.69465307454679e-42 1 6.87023775831239e-47
7.34180091108483e-52 5.08122771252635e-26 1
1.1446274764081e-55 2.36298972342851e-40 1
6.03361419233998e-33 1 9.32349636671892e-44
1.38310745740291e-57 4.44125797350862e-43 1
6.23100382021815e-25 1 1.42642828896624e-37
2.02734726816201e-15 0.999999999999998 8.29301465869327e-25
6.68222537483332e-36 1 1.39847246714878e-40
2.60797982724423e-31 1 7.32169485719975e-27
1.12775228805959e-47 1 5.88764541572883e-34
1.18081373205608e-68 1.18602641155558e-39 1
4.64968990999974e-39 1 3.91681766373908e-38
1 9.36454348640455e-29 7.39959462121865e-40
9.68840350124374e-40 1 1.39590598739493e-25
7.86072823471245e-53 3.86138427057405e-36 1
3.14445882611362e-37 1 3.72903132905639e-41
3.27920005976962e-56 5.93814653628314e-42 1
1 1.24716801423628e-41 2.80999667071267e-59
4.53820303791764e-33 1 2.61743634622637e-32
1.22989977678878e-33 1 7.41075500445082e-41
2.10253929193675e-39 1 1.20068865252324e-34
5.94089377477176e-60 1.66013771282954e-38 1
8.93910366388731e-29 1 1.16964089847029e-43
1.04649314959864e-41 1 1.38558226918758e-28
1 6.79391374302193e-34 4.56963520957723e-60
1 5.32219527920598e-30 1.8746150117381e-50
1 2.12951377119381e-38 9.16746478350132e-60
1 8.53659942318564e-36 9.46278299321132e-63
1.04543711201974e-36 1 4.0451974657154e-41
1.99641895482227e-53 1.03136544348932e-33 1
2.29211093486505e-31 1 1.03220348007463e-33
1.77142207600729e-62 2.28151298904827e-42 1
2.12863742492131e-32 1 5.33294048099367e-36
1 2.79129785194933e-32 3.43277863813132e-59
1 2.80980992436316e-36 2.55869741103488e-50
7.43176867168495e-60 7.62234434996866e-36 1
2.45803580957825e-43 1 3.99890683873772e-33
3.8385716878678e-38 1 1.05728331370433e-31
3.80559010962627e-35 1 5.67667552438397e-37
1 3.67045211862047e-33 5.78075205043805e-54
3.75841467336937e-29 1 2.14189700968916e-33
1.10346665079329e-55 1.40572185549431e-37 1
1 6.48722399109807e-47 4.25501337361226e-61
1 3.5376965519113e-36 1.58966871538233e-59
1 2.4662261045802e-31 1.13164976069361e-51
7.62622372370266e-61 4.80848938801232e-31 1
8.66362903727168e-39 1 1.69213847497155e-25
2.90238507182718e-37 1 8.5906249283575e-40
1 1.11218824434025e-45 4.51341152263764e-61
7.25548301752236e-31 1 1.37532581137972e-36
1 1.11197783587577e-42 3.24439889170023e-65
5.01192257462341e-71 4.31273289570956e-44 1
7.4072893333695e-42 1 1.87771629658999e-34
3.51790819639824e-31 1 5.59459819300174e-38
3.11764150579943e-40 1 1.22931549668141e-39
1 6.48857964620034e-32 8.55054045723423e-52
7.64306396432018e-46 1.51592435312652e-31 1
1.53370705608018e-45 1 9.10801531058443e-49
1 4.25412845189878e-39 1.19190422158045e-71
2.20666346567494e-30 1 1.34424810545411e-27
1 4.64067254240802e-36 5.47304259748086e-53
3.95605568084688e-41 1 2.10208665206191e-35
1.28001650494627e-55 8.57939062151672e-37 1
3.73710352381302e-32 1 2.2467751384834e-40
6.7108426296276e-64 5.6509425007531e-39 1
1 1.04747802347802e-29 1.32551921154633e-47
1 1.55827249402939e-37 1.50061463115496e-63
4.80205389529729e-35 1 2.0776029485901e-42
7.40343965362145e-33 1 4.74054369444216e-38
3.18833326198227e-26 1 9.64505465497966e-32
2.08239908443723e-32 1 7.88731516277487e-37
1.18343499344948e-35 1 4.65953782488481e-42
1 7.07154354753786e-41 2.86442639008674e-59
9.54409586577735e-36 1 1.21325886453782e-32
4.19038588629781e-35 1 9.29269631765981e-34
9.4588611131927e-27 1 5.09877150052595e-42
3.00407476012936e-33 1 4.09094126717108e-34
3.24605572704398e-44 1 7.7025148001406e-44
6.00120977912534e-33 1 7.43671695188654e-40
1 2.92495430145279e-38 6.92472542925173e-60
1 2.63492068202424e-27 7.36652609015552e-55
3.65541440600516e-53 1.35661325464205e-32 1
5.78708845485307e-65 5.52748713772059e-40 1
1.67985092873345e-33 1 5.13123435974353e-41
1 4.11557060575057e-34 1.44181697418487e-45
8.91470863860857e-35 1 1.51264159932679e-31
3.51986518399288e-27 1 2.53904386476702e-28
1 5.52014900569767e-37 1.62200183195633e-65
1 1.72751820085205e-34 2.02737654086018e-65
2.88671417948341e-32 1 7.75361157084994e-35
2.6835433594496e-33 1 1.3371393358166e-36
1.2200227906995e-40 1 1.34171360852306e-34
1.09810170593894e-31 1 2.49707483991714e-33
1 2.39113216199454e-36 1.37418039252215e-56
1 6.83385394721013e-41 3.95724467354155e-66
2.31682231333784e-36 1 1.09034266023033e-30
8.33431209210969e-36 1 4.85240823962519e-37
1 1.74754172326936e-41 8.62889914034422e-63
3.02917930292227e-51 3.25751179574805e-31 1
4.0142158260344e-23 1 2.61568214583661e-43
1.42098291502064e-32 1 3.79358082838556e-31
1 8.13534036013468e-40 1.38681515046465e-59
3.28955991205903e-47 1 5.5242543917084e-40
3.77794892098745e-59 2.35688415647428e-36 1
1.98127677463514e-40 1 5.99756619815423e-42
1.13867690550811e-60 1.24122884117378e-42 1
2.33539058166581e-33 1 2.42236562602306e-37
1.55036312908283e-40 1 8.63628270134316e-28
3.7168884312118e-29 1 2.51476243666651e-41
2.97045423732922e-32 1 7.73079516839364e-44
1.96343352061674e-55 9.19490454059275e-31 1
1 1.11326052836779e-27 1.18624700631805e-50
1.01511862625401e-29 1 4.1528741787302e-33
2.4446009718165e-42 1 4.31109801189729e-42
1 6.33691224193517e-36 9.85963565317476e-59
1.28045015630723e-71 1.83607085073033e-38 1
1 1.66621323257153e-34 1.65406456736784e-66
2.32507242092781e-42 1 6.41841935082401e-46
1 6.04638974037567e-37 1.53156506755296e-56
9.81814546193952e-53 3.050294158765e-29 1
1.95779320213758e-45 1.12110379648011e-28 1
1.16693816812809e-61 1.53391220327573e-44 1
1.38342172435609e-28 1 1.46103772231198e-24
1 8.92395355630691e-40 2.53478089285135e-59
1.1689028484298e-37 1 6.96725787800039e-27
1 5.40949918958581e-32 3.81049488029807e-47
1.1584752959508e-32 1 2.22197999851051e-34
4.28710919375955e-30 1 2.33342113946083e-32
1.74966818869757e-36 1 4.97591200951685e-32
2.65691523709495e-64 1.06298956444972e-43 1
1 3.22342867096942e-45 4.04400798179502e-63
1.43612224557133e-32 1 5.64886813901058e-33
9.90032304245655e-53 8.45226274113056e-38 1
1 1.132170990894e-30 6.24987319994392e-66
1.6604955189897e-29 1 1.75370491717137e-39
1.21282863488963e-32 1 1.25479371241508e-38
1 2.90325009044477e-32 1.87231865124156e-57
2.36945308896722e-48 3.49638051738485e-31 1
1.16067215942546e-58 2.26239204055013e-46 1
1 3.7429985674381e-40 8.60514809601938e-58
1 3.93926842449899e-36 1.2616436695345e-62
4.71129825629955e-59 5.5227854485742e-34 1
7.12805917643253e-53 5.99174032984893e-36 1
1 1.9222389017427e-31 3.34158938470047e-52
1.16528764674137e-55 4.29176289377326e-37 1
4.39341007526375e-27 1 1.08600324020548e-35
1.33717596888583e-27 1 1.28829405707846e-33
1.75191229212757e-67 7.31880764130097e-48 1
5.12150691940657e-47 4.78812183785845e-34 1
1.48506169618744e-58 2.3621278419277e-39 1
2.73096522234877e-34 5.07876792617046e-23 1
1.03417380088932e-55 1.45569245257087e-35 1
1 3.9606978078058e-26 6.57708510475742e-42
1.05708512601999e-40 1 1.56588585243434e-35
1 3.73106778862293e-41 1.21519984524568e-56
4.83507381008678e-53 4.72844641072126e-34 1
5.88555158613705e-51 3.71384209985464e-31 1
1 2.10333008223865e-32 3.98643568311001e-54
5.78227811666865e-41 1 1.43344167485571e-41
2.06099095195768e-66 1.44073385038367e-44 1
7.43496755260871e-55 8.79739805454698e-45 1
1.22381903750864e-64 2.46180087846277e-35 1
3.94441088513003e-35 1 9.19379740753141e-38
2.7099476104691e-29 1 2.86179316357045e-35
1.63728280240412e-66 2.88192397972298e-33 1
5.09507138742169e-64 2.0564415190951e-40 1
1 1.46596554032541e-32 3.2792120351242e-58
2.95339604817816e-47 1 6.56108091285004e-39
4.16652782283292e-33 1 2.89931030596878e-34
2.14590177798079e-34 1 2.34476742660656e-23
2.35344783194404e-36 1 8.07876753378784e-48
1 2.95075769239673e-24 1.23271752215146e-43
8.80949041037716e-35 1 6.11734193370621e-54
6.18786050915123e-45 1.0900545995779e-30 1
5.68493243318659e-36 1 1.22018472293084e-42
1.11916366881925e-30 1 3.43742348879773e-28
7.06205801420252e-31 1 2.00987375498585e-44
1.65715269310536e-39 1 4.91289847569523e-40
5.91645916767992e-58 6.58957253334344e-41 1
1 3.05975992490898e-27 1.18283924184602e-46
1 2.00634018804647e-40 1.0036276345264e-55
6.0392172253988e-39 1 1.72120393630814e-35
1 2.74622591045308e-29 3.08893019945551e-49
1.91944580696032e-54 6.55988327241837e-35 1
2.69743639446261e-33 1 7.14029936841988e-38
3.94085753037208e-27 1 7.22250025552941e-32
1 4.73006118211121e-34 1.73546794435155e-64
2.66256696732131e-23 1 4.71483544662979e-30
9.10715327085955e-50 2.32943389335936e-29 1
1.46689359936102e-31 1 1.80029586402971e-42
6.5126268996102e-57 2.79862949952149e-41 1
4.38703704288468e-39 1 2.20768253990703e-36
9.25539911230859e-35 1 2.49230910278605e-47
1 4.37345911692825e-25 3.96780131087606e-53
1.00199845297094e-42 1 2.17956219712898e-39
1.2381996850693e-41 1 6.02115336169979e-31
5.24005674908769e-61 1.73287017676405e-36 1
1.8453148914291e-38 1 3.59541046953572e-43
1.59803401836295e-22 1 6.62016784991401e-28
1 4.16094902757322e-39 3.85253729172262e-66
1.71087020987184e-46 1.32742176233831e-28 1
1 5.3823249738915e-27 7.17004639443569e-46
1.04159432090871e-48 1 3.62186073790473e-46
1 6.29627610199884e-39 9.17889411610553e-61
8.47603687626856e-39 1 3.16119806636858e-32
1 4.08584232542945e-39 1.4279167223157e-64
7.8760126978901e-57 6.28618385088883e-31 1
8.62627114406236e-73 4.22045355749886e-40 1
1 3.04460205927982e-34 1.67865239726542e-61
1.06017362791411e-45 1 6.66404534281567e-45
5.66641199898703e-32 1 2.56887833051186e-33
7.69465851129279e-37 1 5.57713559787236e-30
1 1.4059170105827e-28 2.09953696245936e-61
1.36544782750189e-34 1 6.99444095461005e-42
2.64252109624877e-60 8.33505307735806e-34 1
2.01033886196704e-61 6.37512836720647e-38 1
4.88921090622147e-37 1 3.05616132312494e-32
5.08782845314085e-35 1 1.78023426916599e-35
1 1.1025433434699e-37 9.45931636933978e-64
1 2.15058891245483e-34 8.35638815487407e-56
3.32330495489438e-42 1 3.0478225250148e-42
1 4.71425220780248e-32 2.3593043264293e-52
4.59950732858675e-31 1 4.16481313531267e-38
1.53557184418414e-27 1 7.19352440412186e-28
5.9667231531802e-45 1 6.71274740147998e-43
3.70493741059512e-47 1 2.12961878583072e-32
2.40201902480564e-33 1 3.98532601305365e-33
1 3.25278394448434e-38 3.39442662213711e-59
1 5.10283529790198e-39 1.58020255209945e-65
3.06059131490467e-34 1 1.06623800169351e-44
2.08012821709187e-70 1.72582756117409e-43 1
1 8.76524378647944e-45 2.81130729536359e-65
1 1.55091248760014e-35 9.64725281574623e-60
8.58739048129956e-49 1 2.2247844306781e-34
1.31172992957514e-56 8.3854989197231e-34 1
9.5073220486667e-37 1 1.48036802611314e-40
1 4.07337005689532e-38 3.05058262153293e-64
1.14501469236025e-33 1 3.04938947883161e-34
1.02654337551102e-32 1 1.81900557453668e-33
2.98049325332134e-33 1 1.61292541113189e-40
9.83608165657336e-59 1.0439584680414e-38 1
4.09996469214117e-54 7.48168374501708e-36 1
1 7.89581164497559e-30 6.90208828829004e-53
1.38993435783822e-35 1 7.6306932778043e-38
1 8.28679291380726e-31 7.96304930434358e-62
2.20972287651987e-31 1 9.16139690031432e-41
1.43354351134649e-39 1 4.06613692182521e-41
1.26894997220383e-62 4.93851080113517e-42 1
1 3.70887453365498e-37 1.22227537080509e-58
6.38480829493606e-32 1 7.96786162380699e-31
5.12331214379786e-60 2.51224515894213e-42 1
2.1941390886284e-53 5.70487372152926e-33 1
1 1.07799750820958e-36 5.37491926839529e-46
1.05261662843256e-46 2.52861034082312e-29 1
3.96828407410289e-39 1 1.00664903544231e-43
3.36049979530672e-58 2.15097445762242e-40 1
1 8.88418613808186e-23 5.55852280176737e-40
1.47670112629248e-34 1 2.09081264250863e-40
1.14398875868744e-41 1 7.1403808236707e-47
2.28207226513924e-61 1.28305829742869e-36 1
1 2.56133071070162e-26 1.34955869081503e-58
1 1.28768271471611e-35 1.294353201961e-59
1 5.9551327596915e-41 3.7512340574117e-68
1.65402581911178e-38 1 4.98201828842011e-50
1.50873790861352e-38 1 1.0359756308805e-32
1 7.30259787883681e-32 7.25039196665716e-54
2.10083576639812e-35 1 8.58872156256654e-33
7.69040282365719e-32 1 7.37396964458959e-44
4.66577440180698e-32 1 2.67617223045171e-37
7.95786848222108e-58 2.0651058401065e-36 1
1.22813409817247e-35 1 1.41309171803365e-40
1 5.64012899773293e-45 1.25448631831169e-60
9.86280410341915e-41 1 4.84904748725662e-46
7.54038033188898e-40 1 1.68739324758998e-40
6.4876621762415e-58 6.99081214993668e-35 1
2.64273601522313e-59 3.3642581720981e-41 1
1.6330883622532e-57 4.81833080235532e-32 1
1 8.59400046532869e-28 3.09697695336141e-52
9.21964687732759e-38 1 6.2383490698251e-35
1 3.45585822774816e-35 1.61650811579001e-59
2.87736708683168e-37 1 1.06863875205675e-42
6.44569685827901e-44 1 3.2893994987145e-38
1 7.60565032498611e-36 2.27383730081891e-60
1 1.83002810100966e-37 7.05621294207035e-63
1 9.12498977808329e-33 3.60548102543473e-59
7.6970571728584e-58 3.07459560817311e-38 1
