4.25501337361142e-61 1 6.48722399109549e-47
6.11734193370543e-54 8.80949041037416e-35 1
1 1.05261662843253e-46 2.52861034082308e-29
6.57708510475723e-42 1 3.96069780780513e-26
4.0440079817941e-63 1 3.22342867096823e-45
1.2006886525231e-34 2.102539291936e-39 1
1.06863875205666e-42 2.87736708683078e-37 1
4.3110980118968e-42 2.44460097181546e-42 1
1.48036802611306e-40 9.50732204866346e-37 1
1 5.24005674908709e-61 1.73287017676405e-36
1.58966871538215e-59 1 3.53769655191035e-36
1 1.16067215942543e-58 2.26239204054994e-46
1.03597563088042e-32 1.50873790861307e-38 1
1 4.83507381008644e-53 4.72844641072113e-34
4.04519746571517e-41 1.04543711201941e-36 1
5.78075205043781e-54 1 3.67045211861958e-33
6.90208828828916e-53 1 7.89581164497346e-30
8.29301465869339e-25 2.02734726816168e-15 0.999999999999998
1 3.65541440600505e-53 1.35661325464201e-32
1.03220348007457e-33 2.2921109348643e-31 1
2.61568214583649e-43 4.01421582603357e-23 1
1.21325886453776e-32 9.54409586577518e-36 1
1 9.10715327085826e-50 2.32943389335933e-29
2.02737654085989e-65 1 1.72751820085151e-34
1 2.63681770467934e-63 1.41675610582514e-41
2.14189700968904e-33 3.75841467336846e-29 1
5.99756619815372e-42 1.98127677463441e-40 1
1 5.12331214379771e-60 2.51224515894188e-42
4.85240823962477e-37 8.3343120921072e-36 1
1 1.03417380088925e-55 1.45569245257078e-35
1.43344167485554e-41 5.78227811666651e-41 1
3.99890683873738e-33 2.4580358095773e-43 1
1 9.8181454619391e-53 3.050294158765e-29
2.24677513848321e-40 3.73710352381201e-32 1
1.72120393630794e-35 6.03921722539683e-39 1
6.96725787800005e-27 1.16890284842943e-37 1
1.61650811578955e-59 1 3.45585822774669e-35
2.61743634622618e-32 4.53820303791596e-33 1
9.323496366718e-44 6.03361419233844e-33 1
1.46103772231192e-24 1.38342172435571e-28 1
7.14038082366989e-47 1.14398875868705e-41 1
6.99444095460975e-42 1.36544782750148e-34 1
1.39590598739485e-25 9.68840350124044e-40 1
2.51476243666636e-41 3.71688843121064e-29 1
1.29435320196078e-59 1 1.28768271471569e-35
3.39442662213644e-59 1 3.25278394448327e-38
3.75123405741106e-68 1 5.95513275968956e-41
5.2385979794488e-36 1.84149165894552e-39 1
6.87023775831171e-47 5.69465307454452e-42 1
1 1.38310745740291e-57 4.44125797350824e-43
2.86442639008633e-59 1 7.07154354753545e-41
2.53478089285099e-59 1 8.92395355630336e-40
3.96780131087589e-53 1 4.37345911692754e-25
1 1.95779320213741e-45 1.12110379648006e-28
9.17889411610371e-61 1 6.2962761019966e-39
1 7.62622372370157e-61 4.80848938801232e-31
1 6.18786050915114e-45 1.09005459957785e-30
5.55852280176682e-40 1 8.88418613807997e-23
1.87231865124124e-57 1 2.90325009044386e-32
1 1.2238190375085e-64 2.46180087846277e-35
1.2327175221514e-43 1 2.95075769239614e-24
9.28676288963702e-51 1 5.21931773806567e-30
4.84904748725628e-46 9.86280410341578e-41 1
5.64886813900994e-33 1.43612224557086e-32 1
5.52425439170777e-40 3.28955991205749e-47 1
7.7307951683932e-44 2.97045423732824e-32 1
1.38681515046445e-59 1 8.13534036013156e-40
3.1611980663684e-32 8.47603687626579e-39 1
1.39847246714868e-40 6.68222537483143e-36 1
1 2.36945308896681e-48 3.4963805173846e-31
1.18283924184595e-46 1 3.05975992490828e-27
1 1.14462747640798e-55 2.36298972342821e-40
1.37532581137966e-36 7.2554830175203e-31 1
1.44181697418476e-45 1 4.11557060574923e-34
1.34171360852294e-34 1.220022790699e-40 1
1.19190422158024e-71 1 4.25412845189727e-39
4.74054369444189e-38 7.40343965361955e-33 1
8.63628270134261e-28 1.55036312908235e-40 1
7.75361157084972e-35 2.88671417948255e-32 1
4.91289847569488e-40 1.65715269310491e-39 1
3.60548102543422e-59 1 9.12498977808044e-33
2.89931030596845e-34 4.16652782283186e-33 1
2.35930432642916e-52 1 4.71425220780134e-32
2.12961878583051e-32 3.7049374105937e-47 1
5.57713559787204e-30 7.69465851128962e-37 1
1.16964089847022e-43 8.93910366388541e-29 1
7.70251480013995e-44 3.2460557270426e-44 1
1.68739324758979e-40 7.54038033188609e-40 1
5.13123435974317e-41 1.67985092873304e-33 1
1 7.95786848222063e-58 2.06510584010644e-36
9.45931636933789e-64 1 1.10254334346949e-37
1 2.19413908862834e-53 5.7048737215291e-33
1 7.86072823471145e-53 3.86138427057383e-36
9.1080153105834e-49 1.53370705607964e-45 1
8.58872156256593e-33 2.1008357663974e-35 1
2.07760294858987e-42 4.80205389529606e-35 1
1 1.16693816812806e-61 1.53391220327573e-44
1 7.12805917643243e-53 5.99174032984867e-36
2.80999667071219e-59 1 1.2471680142358e-41
7.2225002555292e-32 3.94085753037096e-27 1
1.87771629658981e-34 7.40728933336708e-42 1
1 3.2792000597692e-56 5.93814653628246e-42
3.43742348879756e-28 1.11916366881898e-30 1
1 1.26894997220375e-62 4.93851080113482e-42
1.34955869081491e-58 1 2.56133071070094e-26
1 7.43176867168368e-60 7.62234434996811e-36
9.19379740753036e-38 3.94441088512902e-35 1
7.96304930434245e-62 1 8.28679291380502e-31
2.56887833051172e-33 5.66641199898542e-32 1
6.23834906982439e-35 9.21964687732484e-38 1
7.17004639443529e-46 1 5.38232497389043e-27
7.05621294206934e-63 1 1.83002810100914e-37
1 7.87601269788898e-57 6.28618385088883e-31
3.43277863813064e-59 1 2.7912978519483e-32
1.22931549668123e-39 3.11764150579854e-40 1
2.22197999851039e-34 1.15847529595048e-32 1
5.67667552438365e-37 3.80559010962514e-35 1
9.64725281574431e-60 1 1.55091248759959e-35
6.56108091284929e-39 2.95339604817698e-47 1
4.51341152263649e-61 1 1.11218824433977e-45
1 1.55966094482389e-53 1.74038099567616e-35
5.47304259748e-53 1 4.6406725424063e-36
1.05728331370427e-31 3.83857168786638e-38 1
2.10208665206173e-35 3.95605568084531e-41 1
3.05616132312468e-32 4.88921090621974e-37 1
6.71274740147931e-43 5.96672315317765e-45 1
1 1.28001650494618e-55 8.57939062151624e-37
7.32169485719959e-27 2.60797982724353e-31 1
1.25479371241503e-38 1.21282863488928e-32 1
1 2.28207226513885e-61 1.28305829742866e-36
7.39959462121791e-40 1 9.36454348640229e-29
4.09094126717073e-34 3.00407476012847e-33 1
3.98643568310939e-54 1 2.10333008223802e-32
1 1.75191229212742e-67 7.31880764130076e-48
1 1.10346665079315e-55 1.40572185549421e-37
1 1.71087020987181e-46 1.32742176233825e-28
2.20768253990681e-36 4.38703704288337e-39 1
2.09081264250845e-40 1.47670112629209e-34 1
1 1.63728280240389e-66 2.88192397972298e-33
1 1.18081373205598e-68 1.18602641155562e-39
1 1.7157058080585e-38 1.21839151548893e-27
3.59541046953542e-43 1.84531489142842e-38 1
3.91681766373863e-38 4.64968990999776e-39 1
1 1.63308836225296e-57 4.81833080235511e-32
1 9.90032304245599e-53 8.45226274113007e-38
3.81049488029763e-47 1 5.40949918958412e-32
1 1.77142207600729e-62 2.28151298904817e-42
1 4.09996469214123e-54 7.48168374501708e-36
4.9759120095165e-32 1.74966818869705e-36 1
3.79358082838534e-31 1.42098291502022e-32 1
1.61292541113173e-40 2.98049325332036e-33 1
4.15287417873009e-33 1.01511862625379e-29 1
1.87461501173771e-50 1 5.32219527920416e-30
1 2.6425210962484e-60 8.33505307735806e-34
6.66404534281491e-45 1.06017362791375e-45 1
1.42900726301089e-41 6.80018354430729e-37 1
1 9.83608165657308e-59 1.04395846804143e-38
1.62200183195605e-65 1 5.52014900569579e-37
3.08893019945512e-49 1 2.7462259104523e-29
7.88731516277442e-37 2.08239908443646e-32 1
1 6.71084262962646e-64 5.65094250075269e-39
9.64505465497925e-32 3.18833326198134e-26 1
3.04938947883152e-34 1.14501469235989e-33 1
1.08600324020542e-35 4.39341007526263e-27 1
7.96786162380642e-31 6.38480829493425e-32 1
2.49230910278577e-47 9.25539911230596e-35 1
8.59062492835677e-40 2.90238507182615e-37 1
3.72903132905628e-41 3.14445882611246e-37 1
1.81900557453655e-33 1.02654337551075e-32 1
6.24987319994339e-66 1 1.13217099089373e-30
1.07370268886134e-39 7.75471658405975e-39 1
3.09697695336106e-52 1 8.59400046532655e-28
1 2.73096522234839e-34 5.07876792617002e-23
1.32551921154631e-47 1 1.04747802347785e-29
4.16481313531249e-38 4.59950732858532e-31 1
1 3.77794892098734e-59 2.35688415647421e-36
1 7.34180091108494e-52 5.08122771252664e-26
4.98201828841975e-50 1.65402581911119e-38 1
7.14029936841937e-38 2.69743639446184e-33 1
4.56963520957697e-60 1 6.79391374302049e-34
1.21519984524558e-56 1 3.73106778862187e-41
1 2.65691523709464e-64 1.06298956444966e-43
2.34476742660638e-23 2.14590177798024e-34 1
9.16746478349949e-60 1 2.12951377119296e-38
2.27383730081872e-60 1 7.60565032498362e-36
8.07876753378703e-48 2.35344783194351e-36 1
2.6761722304516e-37 4.66577440180559e-32 1
1.26164366953443e-62 1 3.93926842449809e-36
5.37491926839453e-46 1 1.07799750820924e-36
8.60514809601791e-58 1 3.74299856743667e-40
1 6.48766217624076e-58 6.99081214993658e-35
1.13610456733046e-24 1.78092727717751e-36 1
1 1.28045015630694e-71 1.8360708507303e-38
2.42236562602285e-37 2.33539058166514e-33 1
3.62186073790411e-46 1.04159432090825e-48 1
1.4279167223155e-64 1 4.08584232542817e-39
9.16139690031367e-41 2.20972287651924e-31 1
1 1.96343352061655e-55 9.19490454059248e-31
7.43671695188633e-40 6.00120977912372e-33 1
6.92472542925035e-60 1 2.92495430145171e-38
3.34158938470009e-52 1 1.92223890174218e-31
1.65406456736751e-66 1 1.666213232571e-34
2.55869741103467e-50 1 2.80980992436248e-36
1 1.48506169618736e-58 2.36212784192753e-39
2.00987375498573e-44 7.06205801420021e-31 1
1 5.12150691940613e-47 4.78812183785817e-34
3.24439889169968e-65 1 1.11197783587536e-42
6.02115336169928e-31 1.23819968506886e-41 1
2.98918919941109e-38 2.08124910535675e-29 1
1.58020255209931e-65 1 5.10283529790067e-39
9.29269631765914e-34 4.19038588629632e-35 1
4.71483544662973e-30 2.66256696732066e-23 1
8.62889914034225e-63 1 1.74754172326859e-41
5.88764541572816e-34 1.12775228805901e-47 1
2.49707483991693e-33 1.09810170593867e-31 1
1 2.06099095195744e-66 1.44073385038354e-44
3.98532601305331e-33 2.40201902480486e-33 1
6.41841935082346e-46 2.32507242092702e-42 1
1 1.31172992957491e-56 8.38549891972238e-34
1.42642828896622e-37 6.231003820217e-25 1
3.95724467354066e-66 1 6.83385394720741e-41
1 1.91944580695999e-54 6.55988327241763e-35
1.37418039252199e-56 1 2.39113216199379e-36
9.53553146146078e-43 1.80386237389325e-30 1
1 7.64306396432018e-46 1.51592435312646e-31
7.41075500445019e-41 1.22989977678836e-33 1
2.099536962459e-61 1 1.40591701058232e-28
1.41309171803351e-40 1.22813409817207e-35 1
4.06613692182475e-41 1.433543511346e-39 1
8.35638815487312e-56 1 2.15058891245422e-34
1.34424810545406e-27 2.2066634656745e-30 1
1 2.64273601522291e-59 3.36425817209796e-41
7.19352440412186e-28 1.53557184418369e-27 1
2.53904386476684e-28 3.51986518399208e-27 1
1 7.69705717285731e-58 3.07459560817276e-38
1.78023426916584e-35 5.08782845313934e-35 1
1 1.99641895482213e-53 1.03136544348931e-33
2.99505784530644e-46 4.76575479672121e-43 1
1.67865239726513e-61 1 3.04460205927895e-34
1.50061463115471e-63 1 1.55827249402874e-37
1.80029586402951e-42 1.4668935993605e-31 1
1 4.71129825629955e-59 5.52278544857436e-34
1.13164976069343e-51 1 2.46622610457946e-31
7.37396964458906e-44 7.69040282365457e-32 1
5.09877150052581e-42 9.45886111319028e-27 1
1 2.0103388619667e-61 6.37512836720584e-38
9.85963565317336e-59 1 6.33691224193301e-36
1.00664903544219e-43 3.96828407410153e-39 1
1.25448631831137e-60 1 5.64012899773029e-45
1 5.09507138742126e-64 2.05644151909501e-40
1.69213847497143e-25 8.6636290372691e-39 1
2.3334211394606e-32 4.28710919375839e-30 1
1 3.02917930292236e-51 3.25751179574805e-31
4.65953782488448e-42 1.18343499344907e-35 1
2.17956219712873e-39 1.00199845297053e-42 1
7.25039196665572e-54 1 7.30259787883452e-32
1.22227537080495e-58 1 3.70887453365392e-37
1.06623800169338e-44 3.06059131490367e-34 1
1 8.62627114406113e-73 4.22045355749874e-40
5.59459819300126e-38 3.51790819639719e-31 1
1.3855822691875e-28 1.04649314959817e-41 1
6.62016784991382e-28 1.59803401836266e-22 1
1 7.4349675526086e-55 8.79739805454648e-45
1 5.91645916768009e-58 6.58957253334325e-41
2.72481076722818e-32 3.08983531025899e-35 1
1 5.01192257462284e-71 4.31273289570944e-44
1.22018472293075e-42 5.68493243318481e-36 1
1 2.08012821709164e-70 1.72582756117409e-43
1 3.36049979530634e-58 2.15097445762224e-40
1 6.5126268996102e-57 2.79862949952133e-41
1 5.88555158613613e-51 3.71384209985432e-31
8.5505404572335e-52 1 6.48857964619887e-32
2.81130729536303e-65 1 8.76524378647608e-45
1 1.16528764674116e-55 4.29176289377265e-37
1 5.15748325741356e-63 9.05091590627063e-31
1 5.94089377477092e-60 1.66013771282939e-38
3.27921203512383e-58 1 1.46596554032497e-32
1.53156506755274e-56 1 6.04638974037378e-37
7.36652609015448e-55 1 2.6349206820235e-27
1.09034266023025e-30 2.31682231333701e-36 1
1.00362763452627e-55 1 2.00634018804585e-40
7.63069327780376e-38 1.38993435783779e-35 1
2.86179316357037e-35 2.70994761046856e-29 1
1.33713933581648e-36 2.68354335944884e-33 1
1.7537049171713e-39 1.66049551898927e-29 1
9.46278299320943e-63 1 8.53659942318297e-36
2.22478443067785e-34 8.58739048129578e-49 1
1.56588585243414e-35 1.05708512601961e-40 1
3.28939949871431e-38 6.44569685827691e-44 1
3.05058262153267e-64 1 4.07337005689428e-38
1.28829405707841e-33 1.33717596888557e-27 1
5.33294048099322e-36 2.12863742492061e-32 1
2.71783270619783e-53 1 5.43518603316676e-34
1 1.13867690550808e-60 1.24122884117374e-42
1.73546794435141e-64 1 4.73006118211007e-34
1.5126415993267e-31 8.91470863860591e-35 1
3.85253729172196e-66 1 4.16094902757192e-39
1 5.78708845485274e-65 5.52748713772044e-40
1.186247006318e-50 1 1.11326052836764e-27
3.04782252501445e-42 3.32330495489301e-42 1
