1.03803081942327e-67 1 6.28359187965123e-43
6.56492924519134e-46 2.78949421429677e-56 1
4.23501921545083e-77 1 9.20633453788901e-50
4.63281244002983e-41 1.32985302591444e-43 1
1.01757822011556e-36 2.82847224473885e-49 1
3.52307294304745e-66 1 7.08306671458655e-43
3.81975489102863e-46 8.96414389511678e-33 1
9.79067266416087e-87 1 9.92676892988826e-44
2.85871027997358e-46 4.9349455899054e-38 1
8.105162343223e-71 1 6.80534413432788e-34
4.425815237187e-35 1.65255666723118e-40 1
1 2.98157504301723e-75 5.09446359552438e-41
1 2.64432443426171e-81 1.78956922323271e-44
1 2.47344868075207e-70 7.61111446595135e-44
6.1698098809328e-34 6.80951130124059e-34 1
1.23279704592025e-37 6.28778732920046e-38 1
3.80082805094726e-72 1 4.04185936261982e-43
1 9.31636394267383e-73 7.5502084651263e-41
1.76325526221888e-39 1.05006795799393e-37 1
1.35435892740445e-46 1.26378510797892e-35 1
7.73015171345912e-46 1.72531539190445e-46 1
8.6846394102878e-72 1 1.65413489889452e-45
1.59290847820225e-74 1 2.45186225339757e-42
6.62202159558479e-36 5.07940419051978e-45 1
1.84129676157839e-43 5.08488901357518e-47 1
1 5.63109970803596e-74 4.15030506977183e-52
2.32637604148837e-40 2.33862686756373e-44 1
2.89859051196692e-77 1 5.4887830247747e-44
5.06281742341712e-83 1 2.75083057225362e-46
2.57727640599267e-37 3.01235950380384e-48 1
1 1.67410776583438e-55 7.31094003678472e-29
1 3.16953054435206e-71 2.02948270244659e-41
1 7.73829061097483e-75 1.86488839552703e-41
7.2089226355766e-61 1 3.64975385060282e-32
2.71338921454716e-47 2.7737219193027e-49 1
1.15779101885162e-79 1 2.24710149568072e-41
6.73487828339589e-42 5.09518575159196e-47 1
1.11022123768753e-49 1.74971515880345e-49 1
1 3.22981680730384e-70 1.41427780427403e-45
3.29683104970241e-46 9.64995194069367e-49 1
1 9.8012439152895e-73 4.90298908038837e-48
1.57567136246522e-39 1.45942338436728e-54 1
2.68147709020744e-37 1.38865147933371e-43 1
1.95788501587073e-41 1.12409059884931e-45 1
1.92117315303789e-68 1 9.02036052745688e-35
6.82815387433524e-86 1 2.10103839866183e-37
1 1.01048233952711e-76 1.0512071324509e-41
1.65904253186691e-35 3.67011760115955e-40 1
1 4.99908386768179e-69 3.44194873664302e-38
1 2.13519320300624e-66 2.8492200617433e-32
8.03675013875963e-64 1 5.60803438399876e-35
7.15493128816014e-43 3.55197931707557e-36 1
3.83169992541055e-69 1 6.81975056593165e-50
1 1.92099659292824e-61 1.44861249227185e-33
1 7.37325945128926e-69 1.14470345474792e-35
1.5162610421582e-35 3.45881509940799e-50 1
2.12432739051402e-40 7.61304770048498e-42 1
1.60284029402918e-33 5.08111353261688e-40 1
6.10480720104076e-49 4.69612168026537e-48 1
1 3.77202156563693e-69 1.63626040761446e-39
1 6.28073471324904e-75 7.93431115042208e-47
1.8078266478819e-54 5.26252591037519e-38 1
6.37342979995601e-41 1.29347687090061e-45 1
3.67505317796251e-31 5.87388395022176e-30 1
1.41890939278613e-40 4.41352554729109e-40 1
1 6.27172122827926e-79 1.13803450168547e-47
3.70975115452292e-75 1 2.72640051877449e-40
2.31169565342764e-73 1 2.17361697889634e-45
5.41142104523456e-75 1 6.64830087881221e-41
1.30848937863608e-51 5.49078724571721e-45 1
2.80964803678434e-76 1 6.00053752293645e-41
1.26547323470064e-35 2.2689844362172e-30 1
5.63669941016664e-41 5.38237197246248e-27 1
1.78793264862113e-38 3.6940840304306e-35 1
1 3.27516609628189e-76 3.00636840702406e-33
1 2.6786775050492e-67 2.70524800247727e-40
1 1.16544061705794e-77 1.55988251681416e-49
1.81778169930313e-68 1 3.87424571039342e-39
1.57777037573514e-39 2.12745624130368e-38 1
3.19756370680521e-35 1.26960783861561e-31 1
1 5.18611294871997e-61 3.83792005222874e-42
3.03584320858294e-47 2.01880954027238e-53 1
1 1.45217976157954e-52 1.12479680851546e-26
5.59412354583085e-78 1 3.6690051650117e-45
1.1801201634975e-46 1.40065076427716e-42 1
2.38177361722375e-35 2.97773922031894e-39 1
1 3.65711873385228e-78 4.96328667901818e-43
1.38694302183622e-69 1 1.00066522148917e-46
3.43190383018162e-39 3.42371628950249e-45 1
5.30227310094312e-78 1 1.64903922523932e-43
8.80556561918909e-36 8.03069966186063e-49 1
9.88470328338336e-49 1.59513998892781e-44 1
2.76414261973241e-68 1 6.95476532607309e-38
4.22463249721757e-31 5.44236772190738e-46 1
9.22546509762199e-29 4.0238024651374e-33 1
1.14210905172891e-42 1.21106833303419e-40 1
1 4.50807406919755e-73 2.60137682622022e-45
2.97679852496697e-45 3.00765357552194e-31 1
1 4.08071336419614e-61 1.69733150932134e-34
8.29305238037431e-30 4.82634982670025e-42 1
6.14778222585368e-40 1.04426057728021e-52 1
1 2.36925271264966e-78 2.88736321408991e-55
5.30804873572874e-38 5.61796681263686e-38 1
1 2.26099791690396e-79 5.13643022448735e-47
7.6650196553682e-40 1.89712162908674e-32 1
1 6.20964520421247e-50 1.0131370127105e-30
1 1.75313964128975e-76 2.93688129984281e-42
1.29979240310096e-38 4.97626476408827e-32 1
1.33739022824761e-43 3.16512434296629e-35 1
1 2.1574886684614e-64 8.74727162595519e-38
1 2.84381917058365e-74 2.30273182000966e-50
4.93079844668004e-76 1 5.1542139003587e-40
6.14712329709274e-38 8.19046675237687e-46 1
3.7468568330906e-43 5.46430513809084e-35 1
9.02460372671466e-36 1.75288762937105e-45 1
7.13370675490368e-46 5.26754191180202e-36 1
1 1.41120707139902e-79 2.75082936502615e-45
2.90222859450614e-42 2.78273391833197e-46 1
1.18573089511171e-46 1.42155779912825e-38 1
1.27855066517799e-42 1.08795624791357e-38 1
3.01864085309597e-71 1 4.22950661663434e-39
4.66748389335601e-62 1 3.08206132566465e-32
1.25015815445642e-67 1 8.92656269182246e-44
1.61157371541954e-45 9.77116762896097e-40 1
1 1.50490583892253e-82 9.16020900010016e-44
1 2.44744418185686e-48 3.3170643558906e-28
1 1.13933626886769e-75 4.96597945643365e-48
1 5.51899645268292e-78 6.04540466558623e-43
3.03089249408616e-45 4.35040538659279e-36 1
3.68027292702453e-36 4.12537982708188e-32 1
1 1.73662968899234e-63 5.36790800250759e-36
1 1.48720120213398e-61 2.66184598032313e-37
6.06982346242983e-39 3.76483187916587e-42 1
1.04498988983133e-33 1.40826838507937e-32 1
1 1.56229720843707e-76 3.14128897909731e-46
5.04813635106048e-50 6.86965680865175e-33 1
5.27021678623221e-60 1 3.51585330107398e-34
1.18480043199054e-40 2.1250242675427e-42 1
1.89868380263655e-46 1.58393840856443e-50 1
1 1.70070710095155e-79 6.34961517751405e-53
4.12802817324366e-74 1 9.42431009779674e-43
8.7104950346083e-30 2.77958877266928e-33 1
3.24441193147772e-84 1 1.00194968880919e-46
1 4.48084027500474e-73 2.3943965614421e-41
1.43005839422731e-40 1.14429459111582e-44 1
1.29743185472578e-40 4.21927870789434e-22 1
7.15785562984387e-44 1.98735232133456e-45 1
2.15523393074844e-56 1 1.77143040046666e-29
1.63012762667246e-43 2.61233081760306e-47 1
4.23388038229941e-53 6.31501488442906e-34 1
1 8.4502529911145e-73 4.26657925898696e-40
2.08174902173696e-38 1.25516134591323e-45 1
1 2.65892510486901e-84 3.02914161627538e-48
1 5.44017282492499e-67 1.13159927788151e-45
1.88749055135907e-39 2.81338142671086e-47 1
6.33564235771333e-71 1 1.35531887875914e-38
1 5.11646971458944e-78 2.52171860342849e-41
2.36210615449096e-44 5.16981070031653e-41 1
1 5.07529593701037e-62 1.1179661642704e-28
1 3.28217391463807e-64 1.70330675632425e-30
2.56141873875572e-44 1.60433331809478e-37 1
1.38589381327077e-48 6.52199507402248e-54 1
1.65569781593326e-40 3.4759318076456e-40 1
3.46440467795958e-78 1 9.90857774467588e-37
2.60125770936401e-46 1.48335091031859e-47 1
1 1.86556138424585e-70 3.81512728502387e-47
1 4.58574683873714e-78 4.08456483264852e-39
1 2.43272739713674e-76 1.59024605066716e-49
5.97056021896756e-71 1 3.62768323242645e-36
3.89778240332519e-73 1 1.31029375831525e-48
3.27190659700493e-39 2.63624392793498e-34 1
1 6.01610319619487e-71 3.6701564443209e-45
9.39236570039606e-48 7.04004862505068e-50 1
1.63724926206302e-64 1 4.60241182556483e-39
4.10973991768822e-37 1.32329651289221e-35 1
1 2.49744448908535e-76 1.02941511340047e-44
2.05477080449389e-71 1 7.79911139733473e-45
1 4.43165825320222e-74 5.49296933651612e-39
3.88597525378227e-78 1 2.97063908256708e-45
1.13521974997566e-51 3.1677859528731e-46 1
1 2.94003924680013e-78 7.05950296997381e-37
1.31523675474951e-35 3.57501355212874e-45 1
8.14748483968109e-39 3.09052652092014e-38 1
6.08226377073005e-35 3.48127247607769e-36 1
1 1.18921983748267e-69 3.82692760488766e-40
1.21015812879476e-71 1 8.76799846632218e-50
1 3.06791329419974e-76 7.535861379043e-43
1 1.88164715975266e-60 2.01259324677893e-36
1 1.22431925174303e-71 3.01377144691451e-42
1 3.93560655157552e-70 7.72198999256349e-39
1 2.06780825310535e-71 3.33297079291795e-36
1.13768206463663e-33 1.0256603535333e-29 1
1.41044917577151e-36 1.70944408552351e-44 1
1 3.46139873282957e-67 3.73845991880051e-40
1.19837394227091e-75 1 2.26102486772774e-45
1.07536458243084e-47 1.79443650462585e-47 1
1 1.79057855254585e-55 8.28678293167127e-31
5.08974179059912e-44 1.9103088583568e-50 1
4.74724058761655e-40 1.5830367606783e-36 1
8.83119868072813e-78 1 7.10951381936982e-38
2.69957147090129e-47 3.61920282057266e-37 1
1.80887102829838e-19 2.08260485654296e-30 1
1.37052630510517e-43 6.14858767258292e-38 1
1.67329813541826e-41 8.43224853496032e-36 1
1 5.02327110001861e-63 3.44032408670332e-36
1.4131625392121e-33 3.96042577292962e-47 1
1.15642297668629e-48 5.21828080045402e-38 1
5.83158586457616e-50 1.2733330462708e-36 1
1.19448435418549e-44 4.28189838212149e-43 1
8.45963244921044e-78 1 1.08656198183336e-45
4.89723527816935e-39 3.61314189848036e-45 1
1 4.89884029751265e-77 2.53140106335447e-44
2.03547361979837e-42 1.70510083229012e-38 1
1 1.56728264674047e-72 3.18559775948061e-40
3.10919939403847e-44 3.48337979453027e-42 1
3.25353044189603e-34 4.68957516619505e-36 1
5.27708927404036e-65 1 8.97399519968497e-39
1 2.98476734619011e-64 4.68184375769637e-34
2.50613246073094e-52 7.33673764836442e-50 1
4.24301169988498e-41 3.01504538471032e-42 1
1 9.02127874048382e-73 8.36871080481019e-41
5.14204104511818e-42 3.00068844349324e-36 1
1.33188277111238e-47 4.0413607802089e-32 1
1 7.9390579801148e-78 2.81637703332276e-46
8.82877851246993e-71 1 2.07227889873488e-43
1.89971382646231e-45 1.38749634333116e-30 1
1.27017717944299e-37 1.3919925241499e-40 1
1.50078109875102e-40 5.50230833608377e-44 1
1 8.49294484520664e-59 2.29598000206284e-42
4.86188765288222e-73 1 7.83351651242129e-42
6.93712239253196e-42 5.1445411320241e-46 1
2.93603431761768e-38 1.33900926247277e-42 1
2.5461012849865e-36 5.9965273172719e-40 1
2.22207938283604e-51 1 6.96209978167407e-33
3.2307312001837e-34 3.05578285865963e-42 1
1.22112834757839e-53 2.74445817506657e-39 1
7.69224856642419e-55 1 3.24307316962812e-29
6.90634084259858e-75 1 2.4775420786099e-44
2.62463859035694e-58 1 1.61887392325823e-33
1 6.47682641392852e-61 1.15106063646997e-35
1.17441126996097e-76 1 2.52097296864598e-44
9.40320187597437e-66 1 6.66683972001054e-35
5.65331262558354e-76 1 3.50322976039291e-41
1.1726470363423e-48 1.02127671888726e-43 1
1.62876738519668e-33 2.30350841008806e-39 1
1 4.12136625121581e-73 8.30746771686332e-45
8.2385123048461e-38 6.40567666756325e-45 1
2.5139601934483e-51 1 2.41939589986116e-27
4.1485266861302e-53 1.15807419338109e-41 1
1 9.28519909721306e-77 4.80092648924932e-38
2.88424367767477e-36 4.0223479434402e-39 1
8.14038204077066e-59 1 3.51079748752769e-28
1 1.64272711783576e-74 4.74854159099314e-48
2.11810003613466e-72 1 5.95662598705598e-41
1 2.60584444798545e-81 3.0123332017661e-37
1.76429414876713e-49 4.72630302340375e-36 1
4.44502572644956e-84 1 3.64619960340421e-44
2.71964196678055e-63 1 3.8964557005395e-35
4.25431179996149e-59 1 3.34282904616812e-36
7.62238766368814e-83 1 9.98548146387852e-43
1.58460127122978e-67 1 1.07817347484076e-40
1.15523668748107e-37 2.66943530919569e-46 1
2.81668652897587e-44 9.02085214478803e-47 1
2.64671636655779e-77 1 4.18247741525161e-49
1.12743580846287e-64 1 4.90634428984937e-43
3.25992393010368e-75 1 3.71656574127847e-46
1 1.03283625824736e-64 4.55437372327562e-33
4.26577001911924e-37 8.96529811653603e-41 1
4.14845582844814e-67 1 4.55691547295669e-37
1.57059015850519e-41 3.84635709335609e-36 1
1 1.77224854597388e-63 3.55475883341789e-36
6.74491336059226e-46 1.85221960651253e-31 1
4.20888408480455e-66 1 5.04396459385323e-39
9.81179086380891e-32 3.46547147009689e-36 1
1 9.28381078142037e-87 2.26561076162283e-45
3.50610390285059e-68 1 4.9237807955885e-37
3.75955962913938e-73 1 1.77802971610935e-47
8.79535566712318e-39 9.17329936156273e-47 1
1.82526824853643e-35 2.94882785090793e-35 1
2.07916916052354e-62 1 2.16805451582687e-40
1.52163785914696e-41 9.23275981439994e-40 1
5.57291106923561e-39 3.33573707726204e-40 1
1.36696974886523e-41 1.7475734695657e-45 1
1.17558709229308e-37 1.44420188514788e-39 1
1 9.92362289547788e-74 5.42778825140323e-45
1.14029384722537e-57 8.25864296595029e-36 1
2.24680383851383e-46 3.91523526513165e-48 1
1 3.46680776802913e-63 3.26124888295483e-36
4.00125381189409e-41 4.09456672980988e-43 1
6.31259008060308e-42 2.47588853929143e-47 1
1.96250045471333e-39 7.71140640900597e-32 1
1 5.24426025918579e-67 2.1489137515517e-38
1.00821815444554e-74 1 6.31006884520971e-47
8.73655957654269e-65 1 1.29600059649571e-37
1.45805111642859e-75 1 4.02668417325354e-35
2.18848183365522e-68 1 7.34014056458585e-37
7.95533780465755e-52 2.30479402156981e-43 1
1 4.82336836904878e-67 2.22029765603826e-41
1.83139449940814e-61 1 1.11169410664511e-30
9.90781181218001e-41 2.8046172802806e-41 1
