1 2.22029765603807e-41 4.82336836905002e-67
1.07536458243078e-47 1 1.79443650462607e-47
5.57291106923529e-39 1 3.33573707726204e-40
6.74491336059198e-46 1 1.85221960651267e-31
4.23501921545216e-77 9.20633453788979e-50 1
8.45963244921213e-78 1.08656198183342e-45 1
8.03675013876145e-64 5.60803438399884e-35 1
8.10516234322554e-71 6.80534413432866e-34 1
2.50613246073094e-52 1 7.33673764836484e-50
1.13768206463663e-33 1 1.02566035353337e-29
1 3.14128897909722e-46 1.56229720843747e-76
1.81778169930333e-68 3.87424571039337e-39 1
8.82877851247194e-71 2.07227889873494e-43 1
6.82815387433718e-86 2.10103839866209e-37 1
3.7468568330907e-43 1 5.46430513809115e-35
1.36696974886515e-41 1 1.74757346956575e-45
2.57727640599263e-37 1 3.01235950380414e-48
8.71049503460843e-30 1 2.77958877266948e-33
1.15642297668629e-48 1 5.21828080045416e-38
2.24680383851373e-46 1 3.91523526513193e-48
1.82526824853641e-35 1 2.94882785090814e-35
1.03803081942344e-67 6.28359187965105e-43 1
9.81179086380808e-32 1 3.46547147009724e-36
5.30227310094417e-78 1.64903922523948e-43 1
7.62238766368987e-83 9.9854814638788e-43 1
6.0822637707304e-35 1 3.48127247607799e-36
1 4.80092648924905e-38 9.28519909721544e-77
1.27855066517791e-42 1 1.0879562479136e-38
1.4131625392121e-33 1 3.96042577292985e-47
1.38589381327075e-48 1 6.52199507402313e-54
2.31169565342796e-73 2.1736169788964e-45 1
4.23388038229965e-53 1 6.31501488442879e-34
1 3.33297079291777e-36 2.06780825310576e-71
4.93079844668116e-76 5.15421390035899e-40 1
1 3.26124888295474e-36 3.46680776802991e-63
7.15493128815994e-43 1 3.55197931707582e-36
1.67329813541829e-41 1 8.43224853496092e-36
3.75955962914045e-73 1.77802971610947e-47 1
1.15523668748101e-37 1 2.66943530919588e-46
8.14038204077205e-59 3.51079748752789e-28 1
5.6533126255845e-76 3.50322976039301e-41 1
4.14845582844909e-67 4.55691547295695e-37 1
1.65904253186693e-35 1 3.67011760115996e-40
1 4.96597945643365e-48 1.13933626886805e-75
3.03089249408599e-45 1 4.35040538659279e-36
6.14712329709266e-38 1 8.19046675237757e-46
1.58460127123024e-67 1.07817347484089e-40 1
1 2.75082936502611e-45 1.41120707139942e-79
1.33739022824759e-43 1 3.16512434296633e-35
1 2.14891375155158e-38 5.24426025918683e-67
1.41890939278613e-40 1 4.41352554729127e-40
8.79535566712281e-39 1 9.17329936156325e-47
4.42581523718693e-35 1 1.65255666723137e-40
1 5.427788251403e-45 9.9236228954807e-74
1.299792403101e-38 1 4.97626476408876e-32
9.22546509762186e-29 1 4.02380246513769e-33
1.29743185472585e-40 1 4.21927870789425e-22
1 9.16020900010029e-44 1.50490583892308e-82
1.18480043199052e-40 1 2.12502426754292e-42
1 4.96328667901776e-43 3.65711873385353e-78
1.37052630510507e-43 1 6.14858767258283e-38
2.64671636655847e-77 4.18247741525179e-49 1
1 1.63626040761436e-39 3.77202156563747e-69
2.68147709020736e-37 1 1.38865147933383e-43
1.92117315303833e-68 9.02036052745701e-35 1
2.11810003613478e-72 5.95662598705581e-41 1
5.14204104511832e-42 1 3.00068844349341e-36
5.06281742341856e-83 2.75083057225389e-46 1
1 7.72198999256339e-39 3.9356065515763e-70
1 1.13803450168544e-47 6.27172122828123e-79
1.19448435418552e-44 1 4.28189838212185e-43
4.1485266861299e-53 1 1.15807419338109e-41
5.27021678623325e-60 3.51585330107418e-34 1
2.07916916052383e-62 2.16805451582699e-40 1
1.15779101885188e-79 2.24710149568094e-41 1
6.16980988093271e-34 1 6.80951130124088e-34
1 7.31094003678472e-29 1.67410776583486e-55
4.66748389335707e-62 3.08206132566491e-32 1
4.74724058761662e-40 1 1.58303676067841e-36
1.95788501587059e-41 1 1.12409059884939e-45
3.88597525378371e-78 2.97063908256754e-45 1
1.458051116429e-75 4.02668417325382e-35 1
2.76414261973288e-68 6.95476532607309e-38 1
2.36210615449096e-44 1 5.1698107003169e-41
1 4.90298908038858e-48 9.80124391529284e-73
2.62463859035747e-58 1.61887392325835e-33 1
1 3.44032408670303e-36 5.02327110001932e-63
5.30804873572859e-38 1 5.61796681263726e-38
5.04813635106048e-50 1 6.86965680865243e-33
4.86188765288305e-73 7.83351651242129e-42 1
1.61157371541949e-45 1 9.77116762896166e-40
1 4.74854159099261e-48 1.64272711783608e-74
1.19837394227132e-75 2.2610248677279e-45 1
3.80082805094823e-72 4.04185936262011e-43 1
1 3.44194873664287e-38 4.99908386768321e-69
1 5.36790800250736e-36 1.73662968899284e-63
1 3.02914161627512e-48 2.65892510486961e-84
6.93712239253206e-42 1 5.14454113202468e-46
7.20892263557783e-61 3.64975385060293e-32 1
4.12802817324471e-74 9.42431009779741e-43 1
1.17441126996124e-76 2.52097296864612e-44 1
1.18573089511168e-46 1 1.42155779912827e-38
1 4.68184375769604e-34 2.98476734619045e-64
7.13370675490347e-46 1 5.2675419118021e-36
1 3.31706435589037e-28 2.44744418185727e-48
6.10480720104067e-49 1 4.69612168026577e-48
6.90634084260015e-75 2.4775420786099e-44 1
1 3.01377144691434e-42 1.22431925174331e-71
1 7.93431115042141e-47 6.28073471325082e-75
1 8.28678293167103e-31 1.79057855254624e-55
1 2.66184598032283e-37 1.48720120213419e-61
7.95533780465687e-52 1 2.30479402156981e-43
1.17264703634227e-48 1 1.02127671888731e-43
1 2.60137682622003e-45 4.50807406919858e-73
3.67505317796246e-31 1 5.87388395022201e-30
1 7.55020846512555e-41 9.31636394267595e-73
5.08974179059876e-44 1 1.91030885835693e-50
5.83158586457641e-50 1 1.27333304627091e-36
1 3.83792005222846e-42 5.18611294872115e-61
1.3869430218367e-69 1.00066522148927e-46 1
2.38177361722369e-35 1 2.97773922031927e-39
8.68463941029101e-72 1.65413489889466e-45 1
1 2.29598000206239e-42 8.49294484520737e-59
1.62876738519663e-33 1 2.30350841008815e-39
4.63281244002969e-41 1 1.3298530259145e-43
1 4.08456483264841e-39 4.58574683873831e-78
6.7348782833958e-42 1 5.0951857515921e-47
2.12432739051396e-40 1 7.6130477004852e-42
1 1.14470345474789e-35 7.37325945129114e-69
2.15523393074856e-56 1.77143040046661e-29 1
1 3.73845991880057e-40 3.46139873283075e-67
1 5.09446359552416e-41 2.98157504301816e-75
1.83139449940856e-61 1.11169410664518e-30 1
3.46440467796076e-78 9.90857774467729e-37 1
1.01757822011549e-36 1 2.82847224473901e-49
1.14029384722531e-57 1 8.25864296595006e-36
1 7.53586137904279e-43 3.06791329420061e-76
4.44502572645145e-84 3.64619960340467e-44 1
2.81668652897575e-44 1 9.02085214478816e-47
1.35435892740443e-46 1 1.26378510797893e-35
3.0186408530964e-71 4.22950661663422e-39 1
3.50610390285119e-68 4.92378079558843e-37 1
1.63012762667244e-43 1 2.61233081760317e-47
8.73655957654393e-65 1.29600059649574e-37 1
2.22207938283642e-51 6.96209978167477e-33 1
3.03584320858268e-47 1 2.01880954027252e-53
1.50078109875096e-40 1 5.50230833608409e-44
1 8.74727162595544e-38 2.15748866846195e-64
5.41142104523579e-75 6.64830087881258e-41 1
1 8.30746771686296e-45 4.12136625121675e-73
4.20888408480551e-66 5.04396459385352e-39 1
1.18012016349748e-46 1 1.40065076427722e-42
1 1.15106063646987e-35 6.47682641392981e-61
6.14778222585324e-40 1 1.04426057728029e-52
1.84129676157836e-43 1 5.08488901357547e-47
1.76325526221888e-39 1 1.05006795799402e-37
6.37342979995583e-41 1 1.29347687090065e-45
2.8096480367849e-76 6.00053752293671e-41 1
1.63724926206349e-64 4.60241182556522e-39 1
1.27017717944296e-37 1 1.39199252415001e-40
1 1.78956922323271e-44 2.64432443426246e-81
3.24441193147855e-84 1.00194968880926e-46 1
2.69957147090141e-47 1 3.61920282057287e-37
3.23073120018342e-34 1 3.05578285865981e-42
1.26547323470066e-35 1 2.26898443621746e-30
1 1.55988251681416e-49 1.16544061705827e-77
1.0082181544458e-74 6.31006884520989e-47 1
1.43005839422727e-40 1 1.14429459111592e-44
1 2.30273182000943e-50 2.84381917058406e-74
8.14748483968086e-39 1 3.09052652092028e-38
1.04498988983131e-33 1 1.40826838507943e-32
1.96250045471327e-39 1 7.71140640900652e-32
1.76429414876726e-49 1 4.72630302340361e-36
1.2327970459202e-37 1 6.287787329201e-38
1 4.2665792589869e-40 8.4502529911169e-73
3.68027292702474e-36 1 4.12537982708194e-32
5.27708927404141e-65 8.97399519968548e-39 1
1.17558709229308e-37 1 1.444201885148e-39
1 2.5314010633544e-44 4.89884029751432e-77
1.80887102829843e-19 1 2.08260485654319e-30
2.56141873875591e-44 1 1.60433331809489e-37
2.97679852496705e-45 1 3.00765357552203e-31
1.2501581544567e-67 8.92656269182271e-44 1
3.25353044189593e-34 1 4.68957516619545e-36
8.29305238037455e-30 1 4.82634982670053e-42
7.69224856642572e-55 3.24307316962826e-29 1
5.63669941016688e-41 1 5.38237197246298e-27
1 2.7052480024772e-40 2.67867750504988e-67
1.52163785914683e-41 1 9.23275981440007e-40
5.97056021896892e-71 3.62768323242661e-36 1
1 3.18559775948052e-40 1.56728264674092e-72
2.85871027997366e-46 1 4.93494558990568e-38
1.33188277111238e-47 1 4.0413607802089e-32
2.90222859450623e-42 1 2.78273391833221e-46
1.60284029402902e-33 1 5.08111353261731e-40
1 1.02941511340046e-44 2.49744448908628e-76
2.54610128498643e-36 1 5.99652731727224e-40
1 8.36871080481043e-41 9.0212787404869e-73
4.26577001911899e-37 1 8.96529811653629e-41
1 1.44861249227174e-33 1.92099659292862e-61
7.66501965536809e-40 1 1.89712162908682e-32
3.43190383018127e-39 1 3.42371628950268e-45
9.88470328338336e-49 1 1.59513998892793e-44
1 3.81512728502398e-47 1.86556138424659e-70
1.210158128795e-71 8.7679984663223e-50 1
1 1.41427780427391e-45 3.22981680730449e-70
2.88424367767486e-36 1 4.02234794344049e-39
2.93603431761751e-38 1 1.3390092624729e-42
8.83119868073064e-78 7.10951381937063e-38 1
1 1.59024605066709e-49 2.43272739713729e-76
1.88749055135896e-39 1 2.81338142671118e-47
1.57059015850524e-41 1 3.84635709335653e-36
9.90781181218001e-41 1 2.80461728028072e-41
1 2.52171860342853e-41 5.11646971459119e-78
1.30848937863609e-51 1 5.49078724571737e-45
3.83169992541142e-69 6.81975056593185e-50 1
2.08174902173685e-38 1 1.25516134591339e-45
1 4.55437372327555e-33 1.03283625824768e-64
8.80556561918834e-36 1 8.03069966186132e-49
2.03547361979837e-42 1 1.70510083229026e-38
6.62202159558451e-36 1 5.07940419052021e-45
3.81975489102868e-46 1 8.96414389511729e-33
9.79067266416393e-87 9.9267689298891e-44 1
2.32637604148833e-40 1 2.33862686756383e-44
1.127435808463e-64 4.90634428984909e-43 1
1.65569781593326e-40 1 3.4759318076457e-40
1.80782664788198e-54 1 5.26252591037534e-38
1.41044917577147e-36 1 1.70944408552365e-44
1.89868380263655e-46 1 1.58393840856455e-50
1 1.12479680851534e-26 1.4521797615797e-52
1 1.69733150932112e-34 4.08071336419684e-61
9.40320187597544e-66 6.66683972001073e-35 1
2.51396019344855e-51 2.41939589986119e-27 1
4.22463249721733e-31 1 5.44236772190738e-46
1.22112834757837e-53 1 2.74445817506649e-39
1 5.49296933651604e-39 4.43165825320323e-74
1.7879326486212e-38 1 3.69408403043081e-35
9.39236570039606e-48 1 7.04004862505118e-50
4.00125381189363e-41 1 4.09456672981e-43
3.89778240332619e-73 1.3102937583154e-48 1
4.25431179996234e-59 3.34282904616827e-36 1
3.25992393010451e-75 3.71656574127868e-46 1
1 1.13159927788145e-45 5.44017282492623e-67
1 1.01313701271041e-30 6.20964520421362e-50
1.31523675474956e-35 1 3.57501355212905e-45
1 2.26561076162274e-45 9.28381078142301e-87
1 2.3943965614421e-41 4.48084027500614e-73
1 7.05950296997371e-37 2.94003924680096e-78
1 4.15030506977147e-52 5.63109970803708e-74
4.10973991768798e-37 1 1.32329651289231e-35
6.31259008060272e-42 1 2.47588853929157e-47
3.29683104970218e-46 1 9.6499519406945e-49
3.70975115452397e-75 2.72640051877472e-40 1
1 7.61111446595048e-44 2.47344868075235e-70
5.59412354583181e-78 3.6690051650118e-45 1
1 2.02948270244635e-41 3.1695305443526e-71
1 2.8163770333226e-46 7.93905798011616e-78
9.02460372671453e-36 1 1.7528876293711e-45
4.89723527816879e-39 1 3.61314189848077e-45
6.0698234624294e-39 1 3.76483187916587e-42
1.57567136246508e-39 1 1.45942338436736e-54
1.1421090517289e-42 1 1.21106833303426e-40
1 1.11796616427042e-28 5.07529593701167e-62
1.89971382646229e-45 1 1.3874963433312e-30
2.71964196678117e-63 3.89645570053961e-35 1
2.18848183365565e-68 7.34014056458637e-37 1
1 3.67015644432095e-45 6.01610319619709e-71
1.13521974997566e-51 1 3.16778595287337e-46
1 2.93688129984281e-42 1.7531396412902e-76
3.27190659700493e-39 1 2.63624392793491e-34
8.2385123048454e-38 1 6.40567666756361e-45
1 6.04540466558614e-43 5.5189964526848e-78
4.24301169988528e-41 1 3.01504538471049e-42
2.89859051196775e-77 5.48878302477532e-44 1
1 2.84922006174326e-32 2.13519320300685e-66
1 2.88736321408958e-55 2.36925271265013e-78
1 6.34961517751377e-53 1.70070710095193e-79
1.11022123768748e-49 1 1.74971515880355e-49
1 2.01259324677896e-36 1.88164715975314e-60
1.57777037573514e-39 1 2.12745624130383e-38
1 5.13643022448699e-47 2.26099791690441e-79
1 3.00636840702402e-33 3.27516609628292e-76
1 3.01233320176636e-37 2.60584444798649e-81
3.52307294304805e-66 7.08306671458705e-43 1
1.5929084782028e-74 2.45186225339778e-42 1
1 3.82692760488788e-40 1.18921983748308e-69
1 1.05120713245087e-41 1.01048233952737e-76
2.71338921454735e-47 1 2.77372191930302e-49
3.10919939403834e-44 1 3.48337979453056e-42
2.60125770936379e-46 1 1.48335091031867e-47
6.56492924519106e-46 1 2.789494214297e-56
1 1.70330675632413e-30 3.28217391463854e-64
6.33564235771477e-71 1.35531887875918e-38 1
1.51626104215811e-35 1 3.45881509940838e-50
2.05477080449447e-71 7.79911139733529e-45 1
7.7301517134589e-46 1 1.72531539190448e-46
3.19756370680535e-35 1 1.2696078386157e-31
7.15785562984336e-44 1 1.98735232133467e-45
1 1.86488839552711e-41 7.73829061097747e-75
1 3.55475883341779e-36 1.77224854597433e-63
