1 1.64750969299714e-65 3.24516181168242e-42
1 1.4639957053514e-50 6.7839020641025e-31
1 3.1419990518428e-57 2.03670680375353e-34
1.06211359380335e-40 3.7240135634764e-38 1
1.26955870201945e-60 1 5.3205374143772e-36
1.30494659611779e-60 1 4.34177212239137e-28
1 2.82653029712432e-66 9.70301329474267e-41
2.20684482706809e-34 3.68950485819226e-42 1
9.07125110330192e-38 9.19759004813188e-37 1
1 1.06431267799178e-73 1.99403488706713e-40
2.25050880861939e-32 3.72273985932317e-41 1
7.16175156076841e-41 6.95537036218374e-36 1
7.82322701431525e-50 1 8.41729775988817e-35
6.53234245022898e-56 1 1.29134452028026e-34
3.54704355510318e-52 1 1.51863621205586e-31
2.0516118131232e-70 1 5.14187402739582e-39
1.28207151130466e-32 8.13452991652557e-39 1
5.66978267834782e-39 3.26452217602609e-35 1
6.55984938733222e-61 1 8.22952350340227e-34
1.11530637499888e-42 1 4.53252193817985e-27
1.29784534371995e-37 1.01000138303166e-26 1
5.05621852846451e-50 1 1.63380967695646e-31
1.89738516911307e-34 1.18911948313997e-39 1
3.059332954032e-36 8.64554921499973e-35 1
2.37654538868982e-32 3.79051378354838e-36 1
3.74831986953672e-33 5.20195592858874e-34 1
1 1.53782288328302e-51 1.36487770200502e-26
2.47118751420348e-43 4.99484408739993e-41 1
1 1.41919451253796e-66 5.62874151377956e-37
3.87927024508354e-24 3.96000014012564e-32 1
1 9.55122975253187e-67 3.15494783947151e-38
3.61875604756963e-64 1 1.66582041583438e-38
3.27686244105251e-37 1.5247708420705e-37 1
1 1.12354968669106e-73 7.18175327776804e-39
1.13255141042622e-46 2.96940676663485e-43 1
1 9.09349408666732e-61 2.96051330484057e-42
4.55004255832269e-32 2.87349202487675e-30 1
8.67634165529533e-65 1 1.09058698086172e-43
1 1.51654269541976e-63 2.44022872788737e-34
3.20157254507257e-63 1 2.9248351235705e-41
3.47459991776015e-62 1 5.10294090475392e-39
3.37203329935557e-41 4.86352277566151e-40 1
3.23390051138817e-46 3.76944347853887e-45 1
1 2.18969418000463e-48 8.59070183135917e-29
1.1399704104614e-66 1 5.52734227007929e-41
1 2.57820045898833e-68 6.91081726207598e-31
1.32097488063539e-36 2.76325717870062e-33 1
2.75005230961111e-44 1.45887981100085e-47 1
8.16363671003322e-28 1.6330094454143e-33 1
2.21851986155691e-45 2.01092469755809e-43 1
9.84469075722457e-40 3.05018508692796e-48 1
1.54369099994431e-34 1.31316635118291e-51 1
2.82822243594834e-43 2.57200682816314e-35 1
1 5.99539256710736e-39 7.3225349415216e-23
1 1.71868794658134e-63 6.10582044101239e-39
1 3.80362865540546e-62 9.80297665938475e-42
5.03245233489945e-63 1 1.46401845636222e-39
1.08537074890322e-27 3.91740668337762e-28 1
2.44795952425897e-63 1 2.69569195079783e-37
1 5.57700134253903e-59 3.75062890977895e-41
1.04152880224643e-64 1 6.65755939438146e-34
3.49796062051014e-35 1.81119537495435e-37 1
1 1.30572170771734e-57 4.07135025760453e-40
9.81017049410081e-43 2.04911099630135e-46 1
3.42159378896669e-33 2.50284439389885e-42 1
1 8.13495614990758e-63 2.24540252473478e-31
5.27851887612926e-27 4.4196227933024e-42 1
2.52704177373075e-44 3.14425367139879e-37 1
1.03716204603655e-32 2.39876311420075e-35 1
1.50260904479103e-60 1 2.84558096555106e-38
6.88712749108138e-65 1 4.49293182137778e-32
1 1.29777505776772e-54 4.69224317947244e-36
7.94272118855446e-34 7.83970453579792e-33 1
2.23550505328746e-41 6.3493005759061e-44 1
1 2.16716769983882e-54 1.45634293561923e-29
4.9579535948551e-64 1 2.18081230121293e-42
1 2.77831148423729e-61 2.64903986532955e-31
1.78188965189279e-26 2.98077764311246e-43 1
1 9.91942123520601e-54 6.38023363271842e-33
3.27618040974033e-36 5.25356160492248e-30 1
3.67060650760472e-42 1.42688940516724e-33 1
1 3.93108177263337e-66 6.41156186338569e-42
5.3823153806521e-38 1.02968192690529e-33 1
3.61463648028878e-61 1 4.22913297273451e-42
8.58965227933867e-61 1 2.97283280808587e-35
2.66545027626891e-38 3.54565949103762e-42 1
2.49805612449071e-62 1 2.7621678425546e-36
1 3.06236317900085e-68 9.95565333371987e-48
1 7.11182763876081e-46 4.32065779810346e-31
1.18209693375479e-32 3.00114822364373e-38 1
2.39187301074149e-67 1 1.77700128409844e-39
5.09430390770973e-48 1 7.63648602628567e-29
2.16882455206934e-40 4.18062024998626e-38 1
4.13468914961015e-41 1.05922023816464e-35 1
8.12259471664306e-42 7.77860853203443e-46 1
6.84181246172543e-40 2.50973849242041e-34 1
1 1.56573294498847e-59 5.22004076873439e-35
8.53457806303226e-50 1 6.11010756456827e-39
1.03099910954226e-50 4.8015354965506e-43 1
1 4.26022125017308e-67 4.94317529421837e-33
1.35227619829977e-65 1 2.84799036721071e-39
9.36745862171337e-41 5.55585760342589e-34 1
1 5.65954295017855e-50 1.69639674158547e-28
5.15402800308872e-65 1 2.5799626583366e-49
3.26825016111491e-38 2.54039956687703e-44 1
3.28129466759684e-42 8.00267345287729e-32 1
3.31156053021264e-46 1.27830797375143e-50 1
1.74416834259891e-35 1.05621588562791e-37 1
1 4.60318912024838e-67 1.05885653116633e-41
1 4.26354313572229e-62 5.4670411975785e-35
1 2.13618502499699e-39 5.36910101491714e-28
5.60571592708948e-34 8.5758885697253e-35 1
6.27428917710519e-39 1.81798784642368e-46 1
2.93875988512063e-34 1.07074287429955e-29 1
4.18864393813899e-39 6.03769843194293e-31 1
1.38103078532901e-40 6.9889444862065e-38 1
2.15348054389869e-33 1.6871224160264e-34 1
5.23321767923097e-67 1 3.52665737289707e-45
8.49014478742368e-62 1 1.23792969524046e-41
9.98232096324985e-34 2.11919163527943e-35 1
1.38228603064407e-24 8.86097757483536e-39 1
3.71698719192289e-65 1 5.33980762207803e-51
1 3.31137621599827e-53 4.572567122074e-31
1 1.98756333559899e-54 6.35205591304809e-36
2.03176503017193e-65 1 1.29508157868557e-39
5.08965131619316e-71 1 2.15935205602715e-44
4.27076493794279e-60 1 5.27971820526387e-42
2.27358129723986e-59 1 1.70166775414402e-38
1 9.24818989852684e-75 2.87609511080796e-44
1.12981945373689e-67 1 2.39574125125142e-42
1.03952087921203e-32 1.63274970742841e-40 1
1 1.66748892878233e-59 1.5630546291364e-38
4.76613637368276e-48 1 2.82930937920228e-39
7.20061099264574e-27 1.73177230807381e-36 1
1.64692164937687e-40 2.74773673053177e-41 1
4.06136038716926e-25 1.76529404799098e-18 1
1 1.07757522161479e-65 1.70085448323519e-40
6.82149574067299e-28 7.22341259490388e-42 1
2.82725981298899e-62 1 4.01261897131687e-43
1 9.95186405678418e-62 5.73386966005046e-42
5.28565570718623e-31 1.48139801918769e-46 1
1.44958001552807e-57 1 2.98936141648947e-42
1 1.42425485776697e-62 3.88899369611216e-47
2.08748272137579e-35 9.03230851963297e-42 1
2.33923751108049e-41 2.65955288896029e-40 1
1 6.78827165554474e-58 2.23398013364679e-33
1 4.28961480062611e-73 7.1678327095305e-43
3.87978380971459e-54 1 3.37805268027119e-26
2.18803130592868e-49 1 3.53818243235363e-31
3.48897634285799e-42 8.36731632996351e-37 1
1.48494632749945e-57 1 6.85339272518436e-43
1 1.86573535138494e-67 3.49346364016598e-36
7.99162514319376e-40 2.15084425210075e-32 1
1.06119621379289e-61 1 5.87018690260748e-44
2.92735122126318e-40 6.06522673150615e-51 1
2.49071428210571e-69 1 1.3516418867296e-44
3.91757268265639e-67 1 2.15917363002104e-41
5.74751118947855e-30 1.25212975102283e-28 1
3.77245703866794e-53 1 8.93145479879402e-40
8.55817390091807e-45 7.83624031008227e-48 1
7.43902550473683e-54 1 7.76252696434287e-34
4.21125573905074e-53 1 4.84018552405102e-29
1.27957204373992e-62 1 3.34798922641936e-38
4.87512276155539e-44 1.61780339572479e-35 1
1.06702405950631e-35 3.80778631198467e-43 1
1.87434059647985e-43 3.07314306088705e-42 1
1.12591157404051e-33 1.68099526674885e-45 1
1.67140198119702e-43 1.84483568751992e-26 1
2.36553935117284e-42 2.83609403050093e-36 1
8.80776920617097e-28 5.54720319958141e-31 1
3.23405968751232e-64 1 1.01482674872615e-46
5.51894859301097e-65 1 1.24572511167982e-40
2.8250273898214e-35 3.08981372849551e-29 1
2.47164510170721e-55 1 7.50030679675648e-35
5.79395326393491e-33 3.13434108675896e-39 1
7.3843068598458e-56 1 2.38933762960808e-35
1 1.16009213196488e-57 1.42045406518359e-35
1.00667061653395e-27 2.84651237339063e-32 1
1 4.6352116940113e-59 5.56832586391324e-41
8.40660040405104e-31 2.22168015111776e-39 1
2.33332920570774e-36 8.82485346728848e-41 1
1.9150348338391e-32 9.36222791008518e-48 1
1.99411368919979e-37 1.53826716368492e-36 1
7.63197438887347e-35 3.9218406433748e-35 1
1 4.91924235986521e-49 1.75381566663445e-34
4.43127577251694e-36 3.38018538563791e-41 1
1.4167269675478e-32 1.69403218296847e-41 1
1.66344508656379e-44 1 2.65500307850274e-27
1 1.42819314205836e-60 1.44281691070703e-34
1.61212161973312e-36 1.40220197606737e-35 1
1 1.80835705894402e-62 1.04820233661293e-36
4.59412531284192e-67 1 2.43171144788111e-46
1 9.38373584180444e-58 5.72679666418919e-36
1 3.7743997432633e-49 1.93203067309172e-31
1 8.6738075873932e-58 2.06107384980787e-30
1 3.01694969099175e-62 3.46862353708069e-39
2.9791184397088e-54 1 1.13675880232565e-33
1 5.69157943557234e-59 3.04419206286647e-36
1 8.46110203326635e-63 1.10459319498177e-35
1 4.27625434145881e-66 4.07291195854133e-45
3.4703438183454e-38 6.74489213028141e-36 1
7.72175974108986e-68 1 8.11768640638731e-48
1 6.97207719985457e-58 1.18212423947015e-35
6.24140014147716e-66 1 4.96740342120669e-39
2.88096407389403e-35 1.84454882396496e-41 1
2.68443677907052e-33 1.4427985669411e-34 1
1.06110808313481e-64 1 9.86540677313464e-38
1.39155436013451e-69 1 5.30109217119304e-39
1 4.81378404060822e-57 1.27033879814969e-36
1.92245818952838e-56 1 3.79898865019541e-35
8.9794341537861e-60 1 7.30392300994734e-41
1.751845972007e-60 1 3.24018937040073e-37
1.10450938482246e-52 1 6.18117497587502e-33
1 4.86795077468475e-63 5.5918723637269e-45
5.59694680871502e-48 6.37477299374505e-37 1
6.46635570123403e-39 5.78461893591601e-48 1
1 1.75173574331764e-60 1.5702776691297e-39
4.36950514343332e-44 1.88882237846591e-32 1
1 1.4446922865841e-65 7.47252398067971e-39
7.00726616019783e-33 1.09279806720482e-35 1
1.0134745535935e-33 9.74490119113612e-34 1
1 1.56469359529429e-65 5.91264102317824e-44
7.64468861479796e-53 1 2.9498130642312e-33
1 7.49466851921498e-59 9.70805970164237e-38
1.24289978744245e-56 1 4.01933498129659e-29
4.91718265178069e-32 7.29378854323717e-31 1
8.41799780769001e-42 5.63065298676315e-46 1
1.33271150565978e-46 1 1.37594095270152e-27
1 3.24967749094304e-62 5.4998051467211e-41
2.70753861467115e-44 3.94841702228271e-41 1
1 1.2798056416076e-56 5.47135376034597e-43
5.78486139798537e-35 7.20389923073311e-40 1
2.73317505829483e-37 2.12466035335007e-37 1
4.34349680563428e-65 1 9.10347236836165e-35
5.1012151320302e-35 3.79842397455519e-43 1
1 4.0800960171396e-54 1.81612848420205e-29
7.44530003807939e-37 1.5609574160201e-38 1
4.02523582861948e-34 9.09660733671021e-35 1
1 1.38634667375602e-54 7.14261385107718e-34
1.72263462110833e-42 2.61337910968579e-35 1
1 4.40600389156014e-60 1.34929439287291e-36
1.36880050117191e-59 1 4.26877090823272e-38
1.66716787348666e-57 1 1.51529957959794e-38
1 4.83646183407738e-50 1.30877754439892e-29
2.12942136058006e-32 1.17503216709103e-30 1
9.62284171728655e-40 9.15245120141156e-40 1
1 7.07456288056098e-59 1.66718220823653e-42
1.61592664209348e-65 1 7.42554148468983e-39
3.29771255748156e-40 1 3.14299591774787e-29
1.43319473351553e-40 2.37021207497601e-40 1
5.28751516428001e-41 1.26740061186745e-35 1
8.7256037128089e-45 2.70056682291687e-38 1
2.74679749288725e-60 1 1.5237155064576e-34
1.76698717830515e-54 1 6.04379596571458e-34
1.09359941748248e-38 9.89507071212334e-33 1
1.302818836998e-27 2.43819966161774e-25 1
1 3.27022718145559e-74 1.12088327141118e-39
1 1.69832847362636e-54 6.72108845293303e-38
6.26344342698056e-58 1 1.72810469715344e-37
3.4147728187735e-42 4.46434273806864e-36 1
2.74209520696887e-64 1 8.49821240851436e-47
3.57138144587677e-26 4.17273344518844e-42 1
3.46515066277089e-40 1.25236489186787e-36 1
9.22642998554442e-24 1.62155209995747e-34 1
1 1.15367824248531e-59 7.62839281141852e-37
3.88337851522315e-34 7.72730082008221e-52 1
4.86939349314474e-41 4.67668000801202e-41 1
4.28929106404435e-43 1.34382865930004e-39 1
1.95135327458567e-57 1 6.73379835063611e-41
2.406130646969e-68 1 2.03798845008261e-33
2.92020045059484e-32 6.17849763674177e-43 1
5.27003678215322e-35 9.28860545200639e-44 1
1 3.04344789308181e-57 4.68220697463901e-34
5.62910626414485e-42 1.99196413281993e-45 1
2.50951516113336e-47 7.67584075360018e-33 1
7.2910181180127e-46 3.24850614057024e-43 1
1 5.09471148779474e-61 3.51247899595011e-31
2.61271014280523e-50 1 7.85777839928511e-28
1.6594223446478e-41 1.15738051886697e-37 1
1.23657723796853e-54 1 1.05820794911222e-31
1 8.53893024320896e-56 2.20718769572575e-45
1.75427836528988e-43 9.17182842761923e-35 1
4.41669973318362e-31 6.96911747057925e-34 1
8.71325019899787e-38 9.38212217589104e-38 1
1.22042717372067e-29 5.91827424337573e-48 1
3.34162651458841e-38 1.77540448393961e-34 1
2.57963041374711e-38 3.86779677027595e-37 1
1 2.77146456351593e-54 7.4055568192896e-32
2.22817278119153e-31 1.18403748956692e-37 1
9.96518223349829e-66 1 2.69540230541643e-50
3.32640074618226e-73 1 8.98708781394495e-41
3.86958557342501e-45 6.96047481749657e-32 1
7.79715134777308e-47 4.7387431054911e-45 1
2.23455086356461e-30 1.16391893409874e-41 1
1.89041182255022e-33 1.28689434510011e-33 1
8.4275524256355e-54 4.86596719113493e-36 1
7.72302559119201e-42 8.876403323438e-46 1
1.10309763809477e-41 1.31477165081682e-38 1
1.12675506105679e-30 1.94115282314401e-34 1
1.2260379563757e-48 1.21300044883498e-44 1
