1.2701771794431e-37 1 1.39199252415007e-40
1.82526824853667e-35 1 2.94882785090835e-35
7.15785562984377e-44 1 1.98735232133473e-45
2.11810003613557e-72 5.95662598705649e-41 1
5.59412354583356e-78 3.66900516501212e-45 1
1.88749055135912e-39 1 2.81338142671134e-47
2.68147709020755e-37 1 1.38865147933397e-43
1.61157371541954e-45 1 9.77116762896194e-40
6.8281538743397e-86 2.10103839866221e-37 1
1 3.00636840702427e-33 3.27516609628357e-76
3.01864085309717e-71 4.22950661663482e-39 1
2.08174902173699e-38 1 1.2551613459135e-45
5.27021678623445e-60 3.51585330107443e-34 1
1.41044917577159e-36 1 1.70944408552385e-44
1 5.13643022448823e-47 2.26099791690543e-79
9.88470328338477e-49 1 1.59513998892795e-44
1 6.04540466558726e-43 5.51899645268637e-78
3.10919939403882e-44 1 3.48337979453066e-42
1.37052630510536e-43 1 6.14858767258379e-38
1.65904253186705e-35 1 3.67011760116002e-40
1.62876738519689e-33 1 2.30350841008842e-39
1.26547323470066e-35 1 2.26898443621752e-30
1 2.60137682622044e-45 4.50807406919999e-73
1.80782664788231e-54 1 5.26252591037541e-38
1 1.55988251681443e-49 1.1654406170586e-77
3.8977824033273e-73 1.31029375831542e-48 1
9.7906726641656e-87 9.92676892988939e-44 1
1 2.93688129984331e-42 1.7531396412908e-76
2.76414261973367e-68 6.95476532607398e-38 1
3.52307294304905e-66 7.08306671458755e-43 1
1 1.01313701271059e-30 6.20964520421521e-50
1 7.72198999256393e-39 3.93560655157719e-70
1 2.52171860342856e-41 5.11646971459191e-78
1.95788501587106e-41 1 1.12409059884948e-45
1 3.14128897909771e-46 1.56229720843791e-76
8.29305238037514e-30 1 4.82634982670121e-42
1 1.11796616427045e-28 5.07529593701239e-62
2.71338921454747e-47 1 2.77372191930302e-49
5.27708927404306e-65 8.97399519968612e-39 1
1 1.78956922323312e-44 2.64432443426359e-81
1 3.01377144691477e-42 1.22431925174366e-71
1.80887102829857e-19 1 2.08260485654334e-30
1.15779101885218e-79 2.24710149568104e-41 1
6.90634084260172e-75 2.47754207861026e-44 1
4.14852668613061e-53 1 1.15807419338119e-41
1.07536458243094e-47 1 1.7944365046262e-47
4.23501921545264e-77 9.20633453788966e-50 1
6.31259008060362e-42 1 2.47588853929172e-47
1 1.41427780427423e-45 3.22981680730568e-70
5.57291106923593e-39 1 3.33573707726247e-40
3.23073120018384e-34 1 3.05578285866011e-42
2.38177361722396e-35 1 2.9777392203194e-39
3.88597525378437e-78 2.97063908256754e-45 1
1 3.02914161627551e-48 2.65892510487029e-84
8.79535566712393e-39 1 9.17329936156403e-47
1 2.01259324677916e-36 1.88164715975357e-60
5.06281742342028e-83 2.75083057225428e-46 1
8.73655957654642e-65 1.29600059649578e-37 1
5.08974179059999e-44 1 1.91030885835701e-50
1.19448435418578e-44 1 4.2818983821221e-43
2.71964196678187e-63 3.89645570053994e-35 1
1 3.44194873664336e-38 4.99908386768449e-69
4.74724058761696e-40 1 1.58303676067844e-36
1.15523668748112e-37 1 2.66943530919626e-46
9.81179086380905e-32 1 3.46547147009744e-36
1.14029384722541e-57 1 8.25864296595064e-36
3.46440467796175e-78 9.90857774467743e-37 1
1 2.81637703332324e-46 7.93905798011977e-78
5.14204104511891e-42 1 3.00068844349349e-36
4.44502572645208e-84 3.64619960340493e-44 1
4.63281244003042e-41 1 1.32985302591465e-43
1 3.83792005222944e-42 5.18611294872277e-61
1 7.93431115042366e-47 6.28073471325297e-75
1.18012016349757e-46 1 1.40065076427732e-42
2.15523393074923e-56 1.77143040046671e-29 1
1.14210905172901e-42 1 1.21106833303431e-40
4.26577001911924e-37 1 8.96529811653705e-41
1 1.63626040761455e-39 3.77202156563854e-69
1.92117315303866e-68 9.0203605274579e-35 1
6.62202159558526e-36 1 5.07940419052093e-45
5.97056021897096e-71 3.62768323242702e-36 1
1 2.66184598032359e-37 1.48720120213486e-61
6.93712239253246e-42 1 5.14454113202475e-46
2.8096480367857e-76 6.00053752293722e-41 1
2.85871027997402e-46 1 4.93494558990596e-38
1.65569781593349e-40 1 3.47593180764599e-40
3.2968310497026e-46 1 9.64995194069504e-49
1.50078109875108e-40 1 5.50230833608456e-44
8.71049503460917e-30 1 2.77958877266972e-33
5.6366994101672e-41 1 5.38237197246306e-27
1.63012762667269e-43 1 2.61233081760358e-47
1 7.53586137904407e-43 3.06791329420148e-76
1 8.36871080481174e-41 9.02127874048998e-73
1 9.1602090001012e-44 1.50490583892342e-82
4.22463249721811e-31 1 5.44236772190823e-46
1.9625004547135e-39 1 7.71140640900707e-32
1 7.05950296997501e-37 2.94003924680213e-78
1.3373902282478e-43 1 3.1651243429666e-35
8.68463941029224e-72 1.65413489889471e-45 1
1 2.75082936502662e-45 1.4112070713999e-79
2.31169565342869e-73 2.17361697889653e-45 1
1.59290847820325e-74 2.45186225339799e-42 1
4.12802817324577e-74 9.42431009779795e-43 1
1.04498988983137e-33 1 1.40826838507959e-32
1.51626104215829e-35 1 3.45881509940843e-50
1 8.74727162595544e-38 2.15748866846232e-64
1.41890939278627e-40 1 4.41352554729165e-40
1.1564229766865e-48 1 5.21828080045446e-38
2.18848183365615e-68 7.34014056458668e-37 1
9.22546509762291e-29 1 4.02380246513786e-33
8.10516234322669e-71 6.80534413432846e-34 1
3.75955962914119e-73 1.77802971610957e-47 1
6.56492924519237e-46 1 2.78949421429712e-56
4.86188765288402e-73 7.83351651242185e-42 1
1 3.26124888295529e-36 3.466807768031e-63
5.30804873572919e-38 1 5.6179668126375e-38
1 4.96597945643457e-48 1.13933626886841e-75
1 8.28678293167209e-31 1.79057855254662e-55
1 2.22029765603845e-41 4.82336836905125e-67
2.07916916052448e-62 2.16805451582715e-40 1
1 1.12479680851555e-26 1.45217976158016e-52
7.69224856642693e-55 3.24307316962835e-29 1
6.73487828339723e-42 1 5.09518575159253e-47
3.74685683309092e-43 1 5.46430513809153e-35
3.81975489102895e-46 1 8.96414389511755e-33
2.69957147090164e-47 1 3.61920282057307e-37
1.11022123768771e-49 1 1.74971515880368e-49
8.03675013876374e-64 5.60803438399924e-35 1
1.29743185472598e-40 1 4.21927870789476e-22
1 7.31094003678534e-29 1.67410776583514e-55
1.18573089511183e-46 1 1.42155779912841e-38
6.10480720104137e-49 1 4.69612168026617e-48
4.66748389335787e-62 3.082061325665e-32 1
1 3.01233320176678e-37 2.60584444798723e-81
1.25015815445702e-67 8.92656269182373e-44 1
3.25992393010553e-75 3.71656574127889e-46 1
1 1.69733150932148e-34 4.08071336419788e-61
1 1.15106063647009e-35 6.47682641393165e-61
1.18480043199066e-40 1 2.12502426754304e-42
1 1.14470345474808e-35 7.37325945129345e-69
2.62463859035814e-58 1.61887392325844e-33 1
1 4.68184375769703e-34 2.98476734619164e-64
8.14748483968236e-39 1 3.09052652092045e-38
3.19756370680557e-35 1 1.26960783861572e-31
2.89859051196857e-77 5.48878302477579e-44 1
7.20892263558008e-61 3.64975385060308e-32 1
1 3.33297079291852e-36 2.0678082531067e-71
6.14712329709309e-38 1 8.19046675237769e-46
1 4.26657925898781e-40 8.45025299112002e-73
1.57567136246531e-39 1 1.45942338436757e-54
1 1.13159927788171e-45 5.44017282492809e-67
8.8311986807329e-78 7.10951381937073e-38 1
2.32637604148856e-40 1 2.33862686756396e-44
1 1.86488839552725e-41 7.73829061097901e-75
9.39236570039726e-48 1 7.04004862505168e-50
2.2220793828368e-51 6.96209978167398e-33 1
6.08226377073083e-35 1 3.48127247607818e-36
1 1.05120713245108e-41 1.01048233952771e-76
1.67329813541845e-41 1 8.43224853496128e-36
3.50610390285228e-68 4.92378079558899e-37 1
8.14038204077436e-59 3.51079748752786e-28 1
2.50613246073141e-52 1 7.33673764836494e-50
2.97679852496747e-45 1 3.00765357552211e-31
2.81668652897627e-44 1 9.02085214478957e-47
3.03584320858328e-47 1 2.01880954027261e-53
1.76325526221908e-39 1 1.05006795799404e-37
1 3.81512728502425e-47 1.86556138424686e-70
8.23851230484622e-38 1 6.40567666756452e-45
1 5.49296933651721e-39 4.43165825320524e-74
1 2.88736321409024e-55 2.36925271265114e-78
2.12432739051423e-40 1 7.61304770048563e-42
1 1.02941511340065e-44 2.49744448908684e-76
1 1.44861249227201e-33 1.92099659292906e-61
1.60284029402922e-33 1 5.08111353261774e-40
1.3152367547496e-35 1 3.5750135521293e-45
1.52163785914709e-41 1 9.23275981440138e-40
9.0246037267153e-36 1 1.75288762937135e-45
5.41142104523717e-75 6.64830087881315e-41 1
7.62238766369182e-83 9.98548146387993e-43 1
1 2.39439656144265e-41 4.48084027500754e-73
1.57777037573536e-39 1 2.12745624130395e-38
7.15493128816106e-43 1 3.55197931707602e-36
4.93079844668242e-76 5.15421390035921e-40 1
6.14778222585438e-40 1 1.04426057728041e-52
6.37342979995655e-41 1 1.29347687090079e-45
2.64671636655929e-77 4.18247741525244e-49 1
2.05477080449512e-71 7.79911139733595e-45 1
3.24441193147947e-84 1.0019496888093e-46 1
4.25431179996318e-59 3.34282904616841e-36 1
1.38694302183681e-69 1.00066522148931e-46 1
1.19837394227162e-75 2.26102486772812e-45 1
7.73015171346033e-46 1 1.72531539190457e-46
1 3.18559775948093e-40 1.56728264674123e-72
1.1726470363424e-48 1 1.02127671888734e-43
1.84129676157857e-43 1 5.08488901357561e-47
1 5.42778825140415e-45 9.9236228954838e-74
1 2.29598000206288e-42 8.49294484521026e-59
3.03089249408625e-45 1 4.35040538659316e-36
2.36210615449129e-44 1 5.16981070031712e-41
1.27855066517817e-42 1 1.08795624791371e-38
4.14845582845026e-67 4.55691547295727e-37 1
1 2.26561076162312e-45 9.28381078142564e-87
1 1.13803450168568e-47 6.27172122828319e-79
4.00125381189414e-41 1 4.09456672981029e-43
2.57727640599293e-37 1 3.01235950380431e-48
1 5.36790800250827e-36 1.73662968899318e-63
3.70975115452502e-75 2.72640051877476e-40 1
3.43190383018191e-39 1 3.42371628950288e-45
3.680272927025e-36 1 4.12537982708229e-32
8.8287785124742e-71 2.07227889873512e-43 1
1 2.84922006174379e-32 2.13519320300746e-66
5.83158586457674e-50 1 1.27333304627096e-36
4.23388038230013e-53 1 6.31501488442942e-34
2.60125770936423e-46 1 1.4833509103188e-47
1.33188277111249e-47 1 4.04136078020924e-32
3.67505317796283e-31 1 5.87388395022259e-30
1.5846012712306e-67 1.07817347484089e-40 1
9.9078118121817e-41 1 2.80461728028104e-41
1.89971382646264e-45 1 1.38749634333124e-30
2.03547361979863e-42 1 1.70510083229036e-38
2.51396019344901e-51 2.41939589986126e-27 1
1.12743580846335e-64 4.90634428984972e-43 1
1 1.59024605066747e-49 2.4327273971384e-76
5.65331262558643e-76 3.50322976039351e-41 1
1.38589381327092e-48 1 6.52199507402359e-54
4.24301169988546e-41 1 3.01504538471066e-42
3.83169992541207e-69 6.81975056593204e-50 1
4.20888408480658e-66 5.04396459385387e-39 1
7.13370675490378e-46 1 5.2675419118024e-36
2.88424367767506e-36 1 4.02234794344077e-39
1 2.70524800247766e-40 2.67867750505064e-67
1 4.80092648924946e-38 9.28519909721729e-77
1.23279704592038e-37 1 6.28778732920136e-38
1.43005839422742e-40 1 1.14429459111598e-44
1.03803081942368e-67 6.28359187965168e-43 1
1.01757822011568e-36 1 2.82847224473929e-49
6.33564235771549e-71 1.35531887875921e-38 1
1 8.30746771686403e-45 4.12136625121792e-73
1.63724926206367e-64 4.60241182556522e-39 1
1 7.611114465952e-44 2.47344868075319e-70
1.17441126996164e-76 2.52097296864634e-44 1
3.27190659700535e-39 1 2.63624392793525e-34
4.89723527816942e-39 1 3.61314189848093e-45
1 4.08456483264887e-39 4.58574683873935e-78
1 2.14891375155201e-38 5.24426025918862e-67
1 5.09446359552496e-41 2.98157504301884e-75
2.90222859450647e-42 1 2.78273391833237e-46
6.74491336059274e-46 1 1.85221960651272e-31
3.25353044189621e-34 1 4.68957516619558e-36
1 2.30273182000995e-50 2.84381917058511e-74
1 1.70330675632449e-30 3.28217391464003e-64
1 4.9632866790186e-43 3.65711873385446e-78
7.95533780465891e-52 1 2.30479402156994e-43
2.24680383851396e-46 1 3.91523526513221e-48
1 6.34961517751495e-53 1.70070710095251e-79
1.22112834757846e-53 1 2.74445817506672e-39
5.30227310094583e-78 1.64903922523955e-43 1
1.17558709229322e-37 1 1.44420188514808e-39
1.81778169930406e-68 3.87424571039386e-39 1
1 3.44032408670356e-36 5.02327110002061e-63
1 7.55020846512684e-41 9.3163639426786e-73
1 4.74854159099355e-48 1.64272711783655e-74
1.00821815444592e-74 6.31006884521034e-47 1
1 3.67015644432157e-45 6.01610319619846e-71
1.21015812879538e-71 8.76799846632342e-50 1
1 3.73845991880115e-40 3.46139873283144e-67
4.10973991768833e-37 1 1.32329651289238e-35
1 2.02948270244682e-41 3.16953054435377e-71
8.80556561918934e-36 1 8.03069966186223e-49
1.29979240310106e-38 1 4.97626476408904e-32
2.93603431761797e-38 1 1.33900926247296e-42
1 3.55475883341809e-36 1.77224854597468e-63
1 2.53140106335472e-44 4.89884029751529e-77
1.83139449940893e-61 1.11169410664516e-30 1
1.36696974886542e-41 1 1.74757346956593e-45
3.80082805094953e-72 4.04185936262039e-43 1
2.54610128498672e-36 1 5.99652731727284e-40
1 3.82692760488821e-40 1.18921983748328e-69
1.57059015850532e-41 1 3.84635709335648e-36
1 4.15030506977224e-52 5.63109970803932e-74
1.13521974997586e-51 1 3.16778595287346e-46
7.66501965536907e-40 1 1.89712162908696e-32
1 4.90298908038879e-48 9.80124391529451e-73
1.89868380263682e-46 1 1.58393840856468e-50
5.04813635106098e-50 1 6.86965680865253e-33
1.76429414876756e-49 1 4.72630302340402e-36
4.42581523718781e-35 1 1.65255666723146e-40
6.16980988093403e-34 1 6.80951130124146e-34
1 4.55437372327613e-33 1.03283625824785e-64
1 3.31706435589075e-28 2.4474441818579e-48
1.35435892740456e-46 1 1.26378510797899e-35
2.56141873875631e-44 1 1.60433331809496e-37
6.06982346243e-39 1 3.76483187916635e-42
1.13768206463667e-33 1 1.02566035353345e-29
1.41316253921212e-33 1 3.96042577293035e-47
8.45963244921573e-78 1.08656198183356e-45 1
1.78793264862138e-38 1 3.69408403043102e-35
1.45805111642937e-75 4.02668417325417e-35 1
1.30848937863628e-51 1 5.49078724571768e-45
9.40320187597865e-66 6.66683972001111e-35 1
