"LD1" "LD2" "LD3" "LD4"
-7.44529394355115 5.4559610285954 -0.214990639250799 -0.221614460073962
-1.83283962372432 -5.71731536057414 -3.00640519565964 0.46576416524076
-6.12716550969462 6.30267548520022 -1.39515815568692 -2.70945803662529
-7.55548573434318 5.54252843386925 -0.177336385406795 0.183893071412845
-1.09687312109756 -4.94970556069326 -1.88590634324149 0.4280305974157
-2.44160589489442 -5.97876770869754 -1.06599054457202 -1.1562932601296
-6.75353561165582 5.45153751749044 -0.632581612304084 2.83913121764306
0.401955634018555 -6.55655133373454 -1.85507478474516 -0.906737844268776
-2.29882091419704 -6.48095205351784 -2.41687706983859 1.29297452118213
8.07333321375014 3.28526755121987 -0.921946711734436 -0.839922350666855
-1.3517000502922 -5.79490963434967 -3.54162081509112 -1.15538789037642
-7.54051045437343 4.86863650808309 -0.396601332499864 0.828729996895478
9.58532484838278 3.17773364421644 -0.857340389474385 -0.243945903336034
-1.69264425360215 -5.8065557708971 -0.943537600586919 0.741169101110894
10.5456861699325 4.86320264859484 0.537189516276522 -0.294763112208105
-1.19410742695129 -5.78901810487294 -1.24791694414967 -0.768782877261259
-1.08327659020569 -7.8662915371984 -1.10947559556218 0.375228986063355
9.92112756865154 3.98827176193291 -1.28855744754093 0.13669974337831
-0.658026003496675 -4.92600324302075 -2.09947190714375 -1.02955376157275
-0.601938584761774 -5.38495956064995 -2.60776298634903 1.63019595930451
-7.77483904965212 7.41986829629674 0.70424975399848 -1.83632944342407
-0.509371217883749 -6.2184632176287 -1.58299316791372 0.67625606984284
9.03960663190265 5.96901840095452 -1.15992930566927 -0.277358453512732
9.99419783586305 3.66559152562386 -1.10911853753643 0.790199475194319
-5.8430348204875 5.58007826630226 1.49384170629061 0.353689017254435
-0.00115475228603005 -6.20604423649655 3.7458227393706 0.330230368427112
10.4711002170781 3.98474825012279 1.27418711429499 -0.202958614289274
-1.91143604650098 -5.37879022387755 -2.6622269040637 0.818375764717249
8.37403317066834 2.36113238243577 0.732765528465169 -2.49219945040903
-0.756242527355829 -5.54690804710261 3.0176255727761 -0.427481787332682
-8.42378340999345 4.82748403373292 0.667944677930475 0.187995679815762
9.25690462713211 2.92630048643967 -0.611918482212752 -0.827549968278132
-5.2888098528716 4.51916295927945 -0.0488254139307383 2.85700769019008
1.36500453596976 -3.99521742421043 4.25361900592996 -0.858241978381892
-2.81476789174548 -5.83348165193294 -2.13447968587862 -1.71961895191818
-2.90414760680811 -6.69218166469803 -1.45582741836522 -0.105662302679953
-0.405344704923301 -3.8526665199719 4.51117767335388 0.233926858458884
10.3955689581512 4.27299806968765 -1.35008990832006 1.27293974861028
-1.51279261146529 -7.32392689268828 -0.451157368008473 0.241419150919843
-1.4544279242553 -5.49180158324867 -3.67929772273711 -0.152395920647374
-7.44053812640856 6.10422383471705 -0.437335199459508 0.363532933223987
8.51440390248206 3.89224446536378 -1.35049231970989 2.13333840417423
2.01459800450465 -3.52939709224222 3.9114384324204 -0.687597269386357
-1.65653408104506 -5.71742515630669 -2.35279692986615 0.767322277418642
10.5332332518579 2.84177885328779 -1.10444211652252 1.11581570354469
-2.31145207644874 -8.09445144442755 -3.07545205023472 0.382187699474244
-6.99918555545961 7.24652001110963 0.510158478802571 0.80719278231042
-9.1184947061813 5.32158869477584 0.407825256678281 -1.36798541483533
-0.94202666870415 -3.48486699963 4.5355124322806 1.29505018819683
9.37911841422181 1.32218248677673 -1.63715199736277 -0.228969810994188
-1.46756961602525 -5.05902627310776 -3.40933960112819 -0.269552879143606
-0.159444020533914 -3.93497698768354 3.78582970394006 0.515847744579353
9.2605287233741 3.06650625523607 -1.34016484742776 -0.367617288955658
7.52586824035741 3.5648902081195 -0.547410079096973 1.52994429558709
-1.79621833226479 -5.83174041409657 -2.58266820409978 0.291809009359536
-6.2818765710228 5.52606066576353 -0.00402098043882956 1.0059243211144
-0.404595780501921 -4.670547220906 2.50105913078832 -0.0175748005108278
9.09122950184199 4.28164610245011 0.0819545932103629 -0.12925225555865
-6.33203165628408 5.97573569187565 0.41381531351864 -0.294685494218908
-6.21855788181264 5.26791679778269 1.34578881375621 -0.617170950809588
-1.13144240997758 -6.87546962204324 -2.19194627117413 -0.300740536671542
1.46354783303035 -3.92915965220676 5.12066390859393 -2.21391287057465
-7.1000271775501 6.79642725600794 0.480374767241314 1.72038200306447
6.51564984363387 4.28921586477697 -0.449202059436792 -2.12151451886324
1.11960312771931 -3.84600829189658 3.47695677762721 0.346697975605646
-1.72077064524861 -5.75196010608969 -3.914235696934 -0.0830608928708587
0.295862019307579 -2.56168525033047 2.63031219587012 0.66936913048467
-0.210808243445718 -2.42164183924937 3.90751469465235 0.460054747446204
0.802644957913261 -5.19128379895433 2.80162158721325 -0.897212024159103
-6.64901452526143 4.90564714252034 -1.7200250041694 -0.582172667325782
-1.56932370524509 -3.45562446900635 -3.01605692682591 -1.50850417353047
10.8873128169549 3.45575420278542 -1.28050930100494 -0.569773360345766
10.9549862068171 2.2251844578663 -0.742613330414857 -0.454144817569594
10.3780579286835 4.94642547084766 1.06125265128 0.18727305667943
-1.99852592157362 -8.54981254590929 -2.25220497943632 0.825105753909258
-1.53122467688728 -7.1748163121101 -2.35128735146955 0.425780229534552
-1.85167645187751 -3.57133845306661 3.80344434078858 0.523275386118986
9.86287578790259 1.38424389748363 -1.8388206426639 0.0134794613986621
-0.923361520054929 -3.52746472937081 3.83858177952983 2.32249291015504
8.80331385776431 3.08719348366694 -1.1610689036171 0.67869908126961
9.53645912084894 2.22887539728695 0.267086024485413 0.746954929691806
-7.78674536718663 5.5004719881323 0.304675672330239 -1.1352153193449
8.66319912590246 4.15514652937373 -0.346587356525329 1.43726766094319
8.41034802841596 3.44121470542461 -1.92700076217524 0.495021270243575
-7.3959681903341 6.45976973007166 -0.665091247234094 1.51962197700076
9.25984827687882 4.95770022885527 -0.711841930460911 -0.673888512601259
7.88312615939805 3.10774503601704 -0.673556953334032 1.12444570343017
-0.365041080136987 -6.26007877410286 -3.40704192649398 -0.598663891707201
-2.87547497149588 -4.74686289192853 -2.9888631425865 0.532681232322643
-8.1872109119596 5.04608516211705 1.01523865853727 1.56764016538359
-7.48779784277218 6.13656677939958 1.55179819115048 -1.61365820424134
0.940186684573108 -2.9714727923257 2.6804628865548 0.514121160686579
0.899510518108637 -4.398937957592 4.55700009144971 0.0859756924268495
-8.0099706139456 5.6128134349315 -0.207679592113043 -0.195848151618379
-0.200370175912007 -3.77918748510162 4.75541573781223 -1.8832154055282
0.045183109337047 -2.82917927443422 4.56489595978868 -0.764787881742733
-7.17869782998465 6.34824739639013 0.230847467090272 0.324880231371017
-1.54048254930621 -7.5064156652046 -0.669541050329042 0.933477202143871
-4.63615369693373 5.71521971582132 -0.904426024343432 -0.523463165637947
9.56947178217994 5.81492049321916 -1.18430930253669 -0.361092461054934
10.1378678616527 4.48734635369735 -0.150798993976431 -1.83014832829595
-7.42236135758386 6.08817165614356 -0.585272295900138 -1.52472038607883
8.54555712361528 4.29673235199895 -0.695728654925251 -0.124253938381868
-0.808666407934193 -5.38402360597736 -0.943427628574278 -0.706856157633977
-7.06543716895147 6.0689685577409 1.20343449982222 -1.86631666734638
8.78528789583306 4.55465279414783 0.406337922107129 0.281035728456975
-7.40936564160262 4.86619945214943 -0.538002467139468 -0.208073140870272
10.2456511366937 3.59361489838233 -0.486345334154328 -0.0754684339236778
-0.0488298212219914 -2.47002370406325 5.16204403990681 -0.739490232439155
-1.51259034580648 -3.60764350210009 5.3318631586429 -0.46644293973382
-1.47274476700243 -5.60265061049649 -3.35129381490953 0.087023520963883
-2.83667553296373 -6.14540872137244 -2.16799154798439 -1.58654498018311
-2.43869875727285 -6.88271315197048 -3.66624027617378 0.687749194234976
-8.66281060909818 5.22895796603572 -2.07071916501733 -2.381854990664
-1.59741306277388 -6.40426347944284 -1.46762767493908 0.35613129962559
-0.620795291853996 -4.70746867453104 -1.77782697120259 -0.510289992404694
-6.87540220345647 3.59898065937746 -0.497906974674327 0.341517639918234
8.6404202670425 4.51945579623418 -3.22001215522074 -0.972429562748608
-1.7322867412016 -6.23925632700328 -1.75233946992727 0.410843440110712
-7.39586318677178 6.42743616288353 2.66270500423134 0.112268861294418
8.85802117362073 3.70920482475095 -0.835813327611601 -0.918261003505702
-6.76710523198366 5.2252251050655 -0.616170592706974 -0.0344381012563485
-5.82998659551223 4.69878786053823 -0.849328311659908 1.9016179077301
9.85627901961336 2.30833368995197 -1.23002979648295 -0.375417871309344
7.49762942491359 4.2513345201588 -0.0671482605697245 -0.495116008214273
0.699838584500606 -4.34602164908708 3.93376033107629 0.434735074570873
-0.62065462122858 -4.99995769504429 1.00025823268432 0.713846701898442
-6.7897300874092 7.16486160449578 -0.360868315705093 1.32379199547974
9.6796672644813 3.38321298170062 -0.1962417676931 0.0753219385234907
9.83919353683021 4.94726849671926 -0.0725330741467016 -1.40291526369139
-7.46076486107883 5.52633659200331 -0.29522459587299 -0.308183062736715
-0.978359373786431 -5.0869344800788 -1.81780891960761 0.537225437910825
-7.58299952808646 7.5680399295401 0.00476751370828719 -0.273197325046524
-7.74650591843449 6.5859789859381 -0.365863258729161 -1.39682499565977
-6.46521518612281 4.56271398260806 0.256220215058794 1.33979315961381
5.72539443938129 3.73936370370823 -0.644196138494615 0.935414227507284
11.2726926949955 2.61907323821161 -0.200661006154241 0.60209796900014
-1.76046681339938 -6.52062904026564 -2.35537245494487 0.510718665850548
8.97841196898216 3.77857400398452 -2.48846135229285 -0.0942009681124034
-7.20291574578406 6.54167440124442 -1.2633343431108 0.020113723865705
-7.77601336353056 5.0642819049096 -0.0750855861740413 -0.243557601499062
-6.73925312762753 5.14464958146285 -0.552910049945556 0.49158294908719
0.814072027420373 -4.48680258588179 4.68192742358636 -1.02572526998004
-0.083584777160699 -4.50301503861311 3.12111634803217 1.43925256706449
-7.08150247025788 3.92344035329495 -0.593662493788198 -0.375192916976396
-7.09804174275602 5.86298879554125 -0.902939841495607 1.52327429807978
-2.00620407421885 -5.83981066376868 -1.34749998929538 0.188040754794376
-5.92365028912634 5.15289369131466 0.0731089631305183 -0.991759065705799
-1.09363277506221 -5.27245987012078 -1.98460933874665 0.222412732055232
-1.35038506983968 -6.76291427627225 -2.42215656126423 -1.38761910851253
-7.78389597375023 5.47955196411922 0.528437709583013 -0.149899880813163
8.78743171099964 3.95796615026885 -1.3346043031125 0.0532420875325625
-3.7863535114562 -4.82642296752961 -1.99329492541136 -1.4895652303034
-1.00323292063329 -6.00698005348604 -3.98142588714178 -0.82251966919308
-1.34886502847367 -5.24811267513751 4.81759211839657 -2.16100335802299
-8.12706206430813 5.53251218580817 0.742216909205618 -1.15511943937888
0.697382042969598 -5.87293298353199 -4.00368670708533 -0.0610769043783756
-7.37210970207155 5.84493204206101 -0.860934594490318 0.0895646121827511
9.63005801410469 5.07673632466149 0.511191608447882 0.674542301501273
-8.29317628552403 5.81779576781864 0.124722736116698 -0.41614917898339
1.28224678469223 -3.85762642132906 3.41719036982892 0.281415140290478
0.146031747484302 -3.75420386127182 2.8037696127774 -1.14741747093508
-6.62991769497582 6.49768655699647 0.924602336095692 -0.350231253812758
-6.69443415293007 7.0224638478898 -0.536269920676783 0.311979540425166
-0.417024343119976 -3.86327814186585 5.48513843390604 -0.0235048842584523
9.00119428905074 4.86569299055687 -0.921793913850322 0.815594713748637
-1.90763084711208 -6.63107125465924 -2.57117521288132 0.609388071993721
2.42314022521077 -5.55808457973184 4.98970225924371 -1.89726634892101
-5.97893591760439 6.80568579720663 1.45659496291294 0.71295990606638
-1.09402340696875 -5.31855848515001 -2.14985072964715 0.606648323057259
-1.25241384753324 -4.35031247495726 2.91681759422957 -0.983964599302823
-8.04365563343381 4.52578645853181 2.67038555530515 0.98470617802839
8.69703554221918 3.16271003575208 1.20339853205827 -1.05353185996502
-1.33505070387946 -6.93110520896245 -2.26441315482184 -0.390513163083414
-7.65431967808658 4.14797877531028 1.4701207194539 0.823854878114562
-7.9710636503864 6.85034261887483 0.340359919078692 1.10159701227778
0.697639903317167 -7.3612096862095 -2.29162258958318 -0.447728183564001
-7.30879314504057 5.71129215629966 -0.257921221610371 0.641085542007921
-0.265383618176366 -6.74769926013661 -2.89506489524734 1.52114230365997
-0.306716333382851 -4.15366364334969 -1.79650864368604 0.919999633928665
-7.49172140393732 7.83571568763779 -1.2945231685048 0.857436375773055
-1.95453526891107 -5.1152977351669 -2.97167291133158 0.449752047184447
-0.858858881896309 -5.81539451929357 -3.57968864101064 -0.294252691149614
9.00081014040664 2.69975547771298 -0.531462364185361 -0.382478585698148
1.9089834327796 -5.88432844282771 2.22154792731383 -0.870944779970425
-0.461248855570939 -6.7576953537706 -0.667583572557551 1.24599351748954
-6.68726838816045 5.88663170650109 0.636674220709869 0.455572821858863
-1.2206542931487 -4.89691755643055 2.02207336149754 1.25214205290349
9.19081241825089 4.30997198587879 2.40701878914702 -0.583486586272529
-4.42560103234918 4.79236116962996 1.08169784885779 -2.2570805770145
-1.4210158344324 -6.3652796311617 -1.7649356596874 -0.80383546118186
-5.37391197684392 4.5312584176347 -2.17132654798777 0.36185655608647
9.2737925502368 4.20567127473435 -0.433074127046801 2.35035918195167
-1.00052825183996 -4.31879962663923 3.29625435737144 -1.52528211849944
-3.01595727574625 -6.50236795891833 -3.23715721337531 -2.06578763407923
-2.04900765665162 -5.86660018494712 -2.12176758801279 -0.505713458810297
1.169075335494 -3.8265549108455 4.45705157752567 0.366415609491267
-7.57438478805842 5.08650397093249 -0.19645523437475 -0.82787941636565
-8.41406412375792 6.04837040689271 -0.655209369010081 0.962559486249862
-0.795780968343325 -7.51249854029539 -0.919124652495872 -0.325925413139907
-1.4263317004699 -3.81163578143345 3.88119585956682 0.7351309417084
-0.311294574240031 -7.08001050743753 -1.60626432983234 -0.261080301534634
1.07498505996385 -5.16236497128655 -1.91402007919294 -0.924758510778472
-1.78931287965487 -6.2345214755024 -1.86744105424311 0.354299933517296
-0.84191334768575 -8.38714612542841 -0.916925987452032 -2.04599254217822
-6.54413069503456 5.07772925806022 -0.954514874315605 -1.68729767422379
-0.100815300417549 -4.17965184055349 1.58636353714539 2.08407225249498
-7.77591836800298 4.46051219621132 0.822672574389457 0.566094492014746
-0.700378069834253 -5.97772222634942 4.34268606965012 1.94298771315878
8.50129139260733 3.47312115999575 -0.426279037396109 0.162984353648878
10.0725039839907 5.15677500883559 0.669093383054987 0.514715545252099
-0.292053819356194 -5.54344743135766 -2.01552597717961 -1.62604540975168
-2.02573117928558 -7.44823161456949 -1.70272816580795 1.00729009752668
-2.82467803076733 -6.67309441780266 -2.66190641126922 1.04842746029128
-0.171197565307537 -2.59462525140549 3.74246203241786 1.54876353784914
-0.525296631655823 -5.48092955331956 -2.03949293979606 1.02648225679424
-0.517136131671862 -4.16725675454806 5.45753341672959 2.62258814806218
8.57232293963414 2.54821541418574 -1.03101595293046 0.186125055434404
-0.378809144114813 -4.73112366805585 4.51056286834474 1.47823941629232
2.22119372556406 -4.05642940963655 5.54152325362329 -1.69584555339343
-0.687339626001365 -3.55827825277749 6.52515505956436 -1.81228746578705
-7.31913099704214 4.79684420416992 -0.740121622593129 -1.93318121383956
-0.658524790514533 -6.83522439796738 -3.32693088002368 -0.164919452578207
7.71228359664243 4.43630996237934 0.281364275348568 0.250610056465628
8.53461978957536 3.79391754103953 -0.548267914871082 -1.10153922127525
-2.16737359728076 -6.63281355218165 -2.31966083555504 -1.09760141934817
7.75626909589852 4.65145021172386 -0.562346030600602 1.09552125190145
-1.18161241558919 -6.63804277514441 -1.62102831855115 1.41643980760002
2.09748216183298 -3.21434803406903 3.5141800872884 2.48850538843807
-5.69915826152567 4.66107934653216 -0.955190180380246 -0.743084755598485
1.13070624777699 -6.05397615615282 4.35912754903402 0.845723205798885
-1.11049093654346 -7.18062399077992 -1.3209761514169 -0.870429075949391
-5.748003825665 5.31243216136004 -0.352626336770063 -0.0749621260837182
-7.79817631579019 5.80434626833961 -1.67144418549199 -2.30133443010014
7.65927801727263 3.5773107394069 -1.25309970504745 0.519033134435288
-0.707461701524513 -4.67535498578629 -3.31200697749773 0.894985594252944
1.42996413266162 -3.61850954995153 0.607130541179602 0.457700740942954
-8.24504429894227 5.56534806966479 -0.718753400450172 2.00840009553308
-6.12821265568019 5.18996614322988 -0.00967820219108452 0.123952005162311
-1.05698646389024 -5.4461568508421 -3.30075897767321 -1.01408091943307
2.29841360289847 -3.90806000018833 4.29566195375279 0.0265784219850914
8.20117626387736 3.39680742805701 -0.462551164097689 0.130476444771464
-7.35061634501527 7.56470142322993 -0.720460562356394 -0.0798371198178673
-0.717598252980705 -5.65208807655077 3.19575900572647 -0.906066801199238
1.30677580217768 -4.43788757759438 4.87977593474884 1.59150720921076
-1.41062436811835 -4.7990562100449 -2.39156863116847 -0.0626507725324116
-6.47038982977806 4.3115122550721 -1.04255503817469 -0.996469334847305
-6.10626061444599 5.77745982894118 1.05565541406765 -0.696635390104636
-2.42956187950165 -5.99672212801578 -4.18522691236199 -0.119257441708059
-0.937271755197701 -5.71228158745424 -2.75507285760531 0.23512047383838
9.82397084851987 3.73113157035663 -0.00303073824150168 0.655888820108306
1.59344019630425 -1.66430668750658 5.27214459318585 -1.75129327728471
-4.23354923556908 -7.66684269775851 -2.5452251596933 0.290744859297336
7.83038551416734 4.15081772327958 1.54276559901205 0.252455818408761
-0.176740269918511 -3.12726054519797 6.09423367227217 1.49108285566987
-0.49840588065163 -6.36803069639762 -2.58964282073271 -0.903595052180679
-0.355762737998143 -1.93990488058157 3.58924737158747 -0.361577803232699
-7.37270584238934 4.97710852905591 0.435790860207636 0.56295754727068
8.46818966056646 3.66296219245634 -2.8269098269814 0.50259572509851
9.42155450471295 5.33422277578824 -0.621227928065643 0.336303828809451
9.10066226188868 3.58815657972893 -0.996522342284009 0.28082544368861
-0.606028073130119 -2.85890922188839 4.34697874126218 -2.86993217555209
9.67510398196392 4.43130951087442 0.56150557895063 -1.17994711330513
0.434965477511974 -2.88953702387777 5.47234771215946 1.8572157210309
9.52393066730204 4.77158380642219 -0.0135945966216685 0.527172748514193
0.31214386392566 -2.4432553095587 3.11667055649736 -1.18638960912338
-7.4420249483651 6.54687814408618 -1.35004973448632 0.512024695000054
9.8602880901026 5.0037742196786 0.699069204216253 -0.011724296876927
-5.54302252042608 6.19534491672329 -1.73389455127621 -0.491243368254994
-7.53297626958653 7.53549311537168 -1.29894882718455 0.496245368095538
7.52305069904647 3.42717701582474 -0.441861566304657 -0.533222327916528
-8.15177453741354 6.52880774186982 1.85093434505606 -1.05479171346468
8.92608658822265 2.62203864115702 -0.225597298496269 0.66014272059561
-1.64241419246295 -5.30635176019053 -1.56515854641336 1.43792082282922
0.427155895677348 -4.73614857082261 4.34919747639119 0.60719847562427
9.35039765772494 3.49117396459504 -0.620478459932644 -0.00370161545866605
9.42183493050114 3.72427792038926 -1.20132492321813 -1.20322628749192
2.09899219670714 -4.35371681327859 3.47962817908025 2.25708519170709
-1.52060424766181 -7.00083065004672 -2.45143312880852 0.183044497051189
-5.48215169145492 6.84589841500838 -1.52880325644044 0.852217727484337
0.995735165982162 -6.33132125630347 2.97216648454281 1.20307132705129
11.2631431041238 3.90370310076833 0.0523789186192561 1.19421870415603
8.45220268945627 4.53557871016 -1.337716851942 0.104320923527951
-3.16355732150214 -7.83036650820309 -2.69452707939149 0.0799158283179948
8.88077780726571 3.05598461616385 -1.62365525863332 2.36439290991095
-7.19992309574415 5.83680687369759 0.954300870513402 -0.608715432779491
-1.4487961612405 -7.34358194854547 -2.72217832854013 -2.31919080215923
-7.76482337430575 6.38003728670734 1.4759288524725 1.94115116965646
0.379525379510196 -5.41863911705567 5.0789647310318 -1.63277036721469
-5.83648004885461 5.5831394077024 -1.51634508908957 -0.54363810905178
-7.35666426175898 3.81161301347363 1.17541322631671 1.19781646541686
-0.606701940325496 -5.08077875867566 3.95319096400626 -1.1042972782972
8.39916522915492 3.51382851253113 -1.16189068642096 1.18657712758828
10.0919019846286 5.17644816956529 -0.307679385198438 -2.41096783279566
-8.4299146227993 4.50928278667267 -0.798388231248365 -0.601290921312783
-1.62573402871413 -4.26057216457991 4.28016990085367 0.367837366412802
10.7971943906435 4.97976934350402 -0.975578573083632 -2.59679242728961
-2.42884338417035 -2.66279040006413 -4.99123872872198 1.72858523605771
9.55752763311725 2.89957106450256 0.0731680556796586 -0.765970824973192
-1.79168664918647 -5.74515041672599 -3.41920803879286 0.518721271705412
