"LD1" "LD2" "LD3" "LD4"
-8.40022493681592 -6.53854663575416 -0.862027141942619 -0.485488089148553
6.95046548909677 -4.73452074096768 0.00842721931014759 0.961336493537865
8.77010729487225 -5.63442941335918 -0.741730272229813 1.50243606881401
7.55234758127003 -4.60229919311493 -0.548563616830952 0.127212985991847
8.04534524465923 -5.07026751328427 -0.692173852940465 0.0839007045649601
8.84197920584008 -7.21667572361922 -1.1759375221947 -1.0552678945843
7.65334723267478 -4.6377641742618 -0.654881417143142 -0.201334300712076
-8.97081516497848 -6.4771794708099 0.336527404197019 -0.649158623020959
-7.14942657692694 -4.23066639754588 -0.513650932563311 0.553114676717481
-8.57294906966086 -5.22649044885243 0.0711089834509024 -0.0703280407498942
-9.7113388432505 -4.91488378663113 -1.20832840249609 -0.178790615179159
-9.21347403509392 -6.73150201664559 -1.1884273514822 0.65890767860038
0.728043808981215 5.1350694671288 -2.38410801859506 0.204346582143846
1.37065244707941 5.9978886599689 -1.44321089156851 -0.152840940053196
1.96642533255605 6.50691429880832 -2.10117398847582 1.51285907002743
-8.47060352465651 -4.80321710829218 -2.59998452547898 0.0853492025536397
1.56434052629574 5.92721809923113 -2.32473251114519 0.563492746313528
-7.2817865712655 -5.47574311551772 -0.635360511998727 -0.926089290733914
-8.32431200965402 -3.39472995303872 -0.966226214522172 -0.475325007029071
8.42022866115178 -5.83434558131638 -0.655016299354039 -1.30653946517821
8.73185273250254 -5.05443992465704 -1.45941422225059 1.98170346819422
-9.29398345666407 -5.9202205083401 0.00175436694845299 1.04403471687499
-2.21192703982157 3.90042828246392 4.98673603286175 2.52090063763661
-10.7271259596076 -4.00240976118051 -0.576102015236232 -0.420209042847461
0.506179007662692 4.34842597001708 4.29796847363636 -1.15204314412478
-10.604972103747 -3.50739079249544 -1.04779294572214 0.656719631777496
-0.801099228830223 3.13544083605022 4.8135993442111 0.569415142200241
8.19062456039845 -5.72000240512314 -1.05786960394017 -0.547887289923664
9.23189793023978 -4.40562927629706 0.930506594116287 -1.44789012802879
0.626155251241319 4.10635008320316 5.60310607958311 0.300915380827015
-8.33545640170325 -4.03521941370296 -1.16011397926339 -1.00847282490739
-2.23687277378469 4.05661027761908 3.67827441752125 -0.432109844367591
8.54163197124853 -4.61258779212987 0.674935233341824 0.647886598173634
1.28277766875568 6.20268748402667 -2.2194748162311 -0.000631648413916866
6.83680719242777 -5.1273327434791 -1.47000753715354 0.429760868471388
1.81785478456263 6.14598409510991 -4.28254315021243 0.15625898741065
-7.74931417485887 -4.10009962898083 -0.901991854857279 0.675718800600378
-7.80489575382753 -4.94742443139612 -1.54548825746149 -2.14055967092697
-7.97446742181207 -4.24785825274849 -0.581069019050754 0.176537342363507
1.17387274643616 5.97899942801112 -2.60728235999422 -0.409894571141251
0.43290044310642 4.50480956653112 3.29121147724253 1.38581138348321
-8.33562884185021 -4.11297813256002 1.02200024392359 1.18492286688619
7.64408523908422 -6.39350383352686 -0.448823275391596 -0.127045638675967
1.85489387455452 7.04172462251064 -2.58833052227544 -1.01512550254165
-5.81670446248545 -4.01315007558337 -0.238022069146153 -1.15964608177908
0.0172505869281229 6.77074039839896 -3.49814667952509 0.153401851716619
1.06798994172415 3.60224330382519 -3.05373578157009 1.66138251490044
0.935501717027833 6.96231603938581 -2.7406438432139 -0.0154199673153052
-2.74729155236391 3.67238381089337 4.10656418510654 0.0581275232443353
-8.45621981255461 -4.53587599734736 -0.463881420674192 1.18975739656264
7.2279910445978 -5.8910411014586 -1.50371740985153 2.88126861600091
8.79683061780817 -6.66050782802705 0.821310161872829 1.88870861946531
0.921517581420362 5.61409792518976 -3.55577249030967 0.133334664966967
-8.46974391391511 -4.08995314457645 -1.68038207066592 -0.565349082382857
-8.75856520211324 -5.23045553263154 -0.56215521675405 -2.22182789736982
6.52370325566761 -4.13867043308522 -0.72629913543358 -1.88179978917277
-1.43061290557003 4.45076474266654 4.52135390038948 1.17763023562403
1.65629104671831 6.60093791842393 -2.72315457881521 1.47063838006042
7.7735316218878 -5.32243868990682 0.705328607163508 -0.650264489674054
8.14251659227918 -5.19742372259052 1.95975131472054 1.25081436225379
-9.25013483594133 -3.30068794752878 0.0440790077495548 -0.564345496241593
-9.39613946493794 -3.88246550696563 -0.0641312209758969 1.01357048114923
8.51165664157073 -4.95500441467643 -0.423869732926592 0.601801738146232
-0.0536379947966953 5.39665800600686 -2.7165664886921 -1.43750703786828
-8.22211317402925 -7.05932021575217 -1.38797824170229 0.501609390626983
-8.83228701334 -3.84108629604119 -1.4912509585792 -2.36937165751891
3.5619181418439 7.91642816898837 -2.80970809061931 -0.0794395866148711
9.01561572091107 -6.05273161167663 -0.506445195789744 1.55395208529646
0.723812873772391 5.81350407183936 -1.36076274020357 0.567019533040031
6.51246608319641 -6.40056226710239 -1.48543620931035 -0.724685950216296
2.43097289978571 4.95418514410588 -3.0639842221903 -0.509818061180576
0.0491315964243187 8.31135580668527 -1.23406578761803 2.15789275371125
9.7690602827362 -4.31587609549322 0.680544043770696 1.24164535117934
-1.57899550744525 7.30529374383091 -2.28962186674732 0.194280045327775
-2.34132935615922 5.51249289484318 1.83655731186468 1.00515849968614
0.328549962457777 7.60909398007341 -2.62660619095905 2.21720470093555
2.82181789267344 6.55573322908129 -2.00593069014545 0.258914498852722
0.183601196921558 7.2615543296335 -1.49483623223334 1.13690308475258
-1.61635109686742 5.06494518691603 4.58348765717126 -0.530350206603873
-8.66150883915299 -4.66893261428748 -1.07405828197082 -0.34105728897298
-5.92689948528676 -5.06618723137647 -0.607493818519357 2.20056923961756
1.32208123214689 5.51696577602899 -2.73860066268023 -0.756924429005258
-0.0257923372585403 3.16836216498917 4.54167517306919 2.58505749464085
1.17487607927417 4.50483242797339 4.30941604616781 -0.661895984243955
8.87451737500787 -4.73915059992398 0.797304067407317 1.37796660376421
0.2839849775007 4.82755371079912 -2.33612991403259 1.12449326292619
6.51961010610335 -4.69292616252413 -0.0819054291967817 -0.287713116569581
1.63609802460822 8.31813909841103 -2.8495371651353 -0.546176176330782
-7.91571793032208 -5.44526530518301 -1.37411052495153 -0.163902440133295
1.1063835126429 7.55714851262726 -1.98577211862446 -0.462153725645993
8.38618645435696 -4.93429961463298 -0.394959011523818 0.650861330847703
9.06022405364621 -4.955818204038 -0.21070237435293 0.200363190666014
8.11679162549913 -5.01548968241655 -0.175341629293583 -0.48159188948189
-9.47856032335157 -5.98447827879839 0.625844114971118 0.232975190013514
0.993681017179563 5.7716413288095 -3.65272763930193 0.836141015563852
-1.90162288002359 3.22400371069215 2.94667361390626 -0.460434567792033
8.1687436305785 -4.12008313927634 -0.332709478980388 -0.0172532700456808
-0.962784967827398 6.40740660471872 -1.98889063731281 0.667484848721207
-1.94289565833001 3.95306739286253 4.61126044307961 -0.531257488263905
-0.350800308990418 3.88932686588639 4.68955426780563 1.8894244542904
8.42286144438377 -5.96061299093867 -1.16905141552748 -0.279859771261025
0.121869199616694 7.40660649463326 -1.2705823457689 0.57583978017753
8.49766345333088 -3.47327867064117 1.49599443040073 -0.904162363797497
-0.660994061896029 2.37336331730033 2.85667426776214 1.63897964329027
7.70724785997018 -5.98494769521796 0.832767793985837 0.604287904059363
1.78875743939037 5.03125698223241 -3.29326814411745 -0.37032479965531
-0.336053967952205 3.33068513151284 6.19174376227032 -1.68784488230079
-9.36498263054413 -2.6206571253453 -2.10186713144798 -0.185618488546811
7.53121574373128 -5.56431402310548 0.289908845290201 0.354630804967358
8.73411486397726 -5.6127461640917 1.62690563623576 -1.99122148387605
-8.30142262660228 -5.45763482197506 0.370512651696095 -0.308351477981091
-0.0703546704244302 6.06669007327774 4.12997309324705 -1.60178307838476
8.89845729411769 -4.55739616140782 -0.214107587833564 -2.50611426698926
8.9494617860296 -6.96450776694366 -1.23654364189135 -0.727436163732242
0.771505934629214 6.47108085247762 -2.05856505792207 -1.07802279808165
-8.16706998961756 -4.52144329938897 -2.79359415539354 -0.52970878365674
-0.218477410547581 5.83641525365456 3.12623094584868 0.374777011142391
0.130321056805431 3.99825958930502 -2.00930957706585 -0.949931395567538
6.02006149166482 -4.01016097337172 -2.01330578092395 -0.428603304650679
1.79197373115485 6.5064460909962 -2.72031967984693 -1.03333427728956
1.79534947542911 6.13348575565019 -1.2781089382594 1.40325105130866
8.48218263797592 -4.2654719884258 -0.430768664188713 -0.738232234028794
-8.46251846970869 -4.64119323936459 -0.886618887212799 0.86083658409792
-8.96813014037524 -6.15070950638222 0.359538524155086 -0.607728585090324
-3.33871083904644 5.41145271219185 4.80698836067924 2.19304306700584
-2.33656566898883 4.20817974634918 4.53537244176593 0.603586874218192
-0.362440645243532 7.05858604809141 -1.65958679964082 -0.0616271127187103
6.87536064875172 -5.97715457134607 -1.97646165920061 0.679094451501925
9.09906412734438 -5.75453037927432 1.88886291354505 1.22474837738074
-1.23711460279776 4.99109953401883 2.48971814518834 1.04037088928388
8.16230358247976 -5.75291066109188 0.17238892099817 0.00803404213023078
1.82386544226689 6.32785253634507 -1.86044137745211 1.40853559830761
8.76705426013107 -5.01847767797423 -0.26890172070551 -0.221232714377808
-1.41056895757874 5.56819045976782 5.01579213366557 1.9349124848129
-1.54082997266769 6.09500931720796 2.62060741766225 -0.991712932848499
-9.63447310240867 -2.12292212425984 -1.51691915065208 0.21972138137376
8.41090090642313 -6.70095392844155 0.298198005800622 0.282190133047738
-0.279943597149798 4.08311795110765 4.599771048886 -0.321981970820795
-8.55543237722907 -4.60748199292478 -1.07749183403174 -0.464689379358058
8.83902685987226 -6.04919715202037 0.458492191478643 -0.849955693504014
6.87104408872611 -3.58211194145904 -0.846101583511305 1.11004862341362
-9.42124853924214 -6.33455214688211 -0.524327769156439 2.52860782321452
2.08264280005292 8.28600394928046 -2.49811603368681 -0.407848055795756
8.70898797335899 -4.80457579311921 0.42654053332757 0.638682317399945
1.16845458241931 4.95671919187455 -3.73984679673238 0.524171727284383
0.708927739058419 6.54461354434177 -1.68203129306576 0.402457627798663
-0.491523515889014 4.18870450406411 1.41709205846307 -1.69436226081634
-0.237862102913828 6.20535146435907 -3.49873875649036 0.449951851420788
8.69659988595969 -4.8822842395871 0.3351136475156 0.707309929054752
-0.0111053367557761 5.83079568901957 -2.91223668426177 0.605946514143145
7.01957420786923 -3.87545845950845 0.404702445250872 -1.22950233354933
0.507096327101744 5.32335190168851 -2.36223780127209 -0.287482302432187
6.20736429549616 -4.16825016251195 -0.143245019545817 -2.70299723475659
0.737704950101843 6.84716840884673 -2.42844027274444 0.962878559041362
7.97542276457646 -6.06788562677193 0.637431235502877 -1.59172181170151
-2.64264436521955 3.08324442655704 3.43693257776708 -2.28577319585848
-7.90170754003986 -4.61893238084946 1.90422906376416 -0.470857441379257
-0.314858559841188 4.12795869217063 5.58784941098145 -0.06125315165073
9.43157899803056 -4.19324249203937 0.513744222761737 0.0633140260002848
-8.66941605074616 -5.38380192121786 2.0499612071625 1.08073108532809
-8.45954813639254 -5.28812666012494 -3.06688584159084 0.964497692394601
0.675004186321167 5.04940012207637 -2.24100352228278 -0.116897511749769
-0.878594889602096 3.88958895071502 2.81639848273209 1.27527444445666
8.70996450323406 -6.97524637192425 -0.632828400910748 -0.160652219124679
-2.31458890846348 1.76435166249358 5.32825043663054 2.05201872544154
5.58269987182925 -4.60917941930879 0.899639483896365 2.1222450430449
-1.28914484721904 5.78946260666404 -3.91530834674294 -0.434960454538023
0.0420725489772868 5.79466531775367 3.17609877005021 0.694185457551783
8.31883497887313 -5.6972552488442 2.73973094192428 -0.0235149830664868
6.9267336353771 -4.6079570892551 1.50713102784276 0.539301752737657
-0.953063961419388 6.37984264310993 3.79788570050624 -0.434127836611892
9.45615386372573 -5.33945880114657 -0.650508159853193 -0.819051284637782
8.40031243684184 -6.75765880971782 0.459099253619349 -0.871037543201199
0.22125073332847 3.82321646037906 4.70055361392687 -1.37788879174481
-0.0665232140104253 6.44708147213941 -3.32809808103802 -1.32685272162876
-9.19761766769543 -4.66469833912678 -1.24507096669884 1.33793827546544
-10.5633472063107 -4.50103768962657 -1.14039041328422 0.0807637458593024
-0.428062732962535 2.68408497838989 5.32076518339537 0.431231162139114
8.11552316825311 -4.05212893187791 0.348366594580857 0.144583804558919
-1.82615090572264 3.88702278816577 3.50129891369163 -0.301180552520297
6.8481237816343 -4.40042087519193 -1.18279498224813 0.828985343872477
-10.0651677989347 -5.85990875597147 1.20753019489837 -0.386386097462959
0.512683611018576 5.1409220578893 -1.8366603904207 -0.771478390371012
-8.79950938578244 -4.05455874830557 -0.934591242827317 1.11339946695768
-1.65566814941616 4.41644959641972 4.44568767521375 0.195411962651411
-0.271588049805688 4.84748478124051 4.42661866040874 -1.36794113357956
-9.486401322576 -5.68049542095479 -1.81212644000081 -0.989269823257439
7.83711596636737 -5.05123494012182 -0.540812069520308 -1.82244683778578
-7.74214437687122 -3.52725980430753 0.228313092544528 2.79026194404418
0.1397210619013 5.45461292252421 -1.02995706131535 0.772465160533307
0.292214424932368 4.76669264177786 3.13536297569413 0.907412428914593
8.47620169991515 -4.53480577377735 0.145746631936709 -0.138284082524062
-9.02477219876223 -3.96963569832958 -1.27959362037572 0.166128076252528
3.05198055368228 5.31456514644227 -1.85677599341216 1.37473429652609
0.813949117332389 5.36647088454465 4.6111167052164 2.20333268859303
7.70099940120616 -5.21386976125724 1.51875972916983 1.70074297675722
8.28918081058222 -4.27341494762382 -0.874927601128747 2.10353317828089
-1.6700132232438 5.07750260425668 -1.85820062367683 0.560915217845335
0.34443421004655 6.76338524574397 -2.71070735900038 1.22931076763698
-8.77063112032854 -5.84501301179019 -0.591366380568495 0.348311976316831
1.39068318204377 8.25217907511101 -3.22847960408485 -0.227410909297542
0.0860790673686554 5.95100658789933 -2.52726096330016 -0.608874283342564
9.20621521099816 -4.17394745332396 -1.56814475337505 1.87500700225622
-8.95689285705349 -3.41092440474182 -0.162242879980184 -0.573773914058026
-0.0173752657036141 5.10569647135606 0.972752757005118 -0.743827152886072
-8.48506903229831 -5.753092063578 -0.828472588610985 -1.07488874988423
-3.30136925836598 4.17818400607228 5.70151704687506 1.75672744659428
7.25365693023541 -6.41129305047577 1.33885395483744 -0.608406394009891
0.923095973223699 5.93803254557195 -2.26537902946836 -0.954939834055985
-0.738384779392739 7.03991887677032 -0.458421578988257 -1.34288572945244
-7.51638731255058 -5.04109338639885 0.501669461848204 -0.433255750499522
-8.56268747600398 -4.8803125100112 -0.336953730112667 -0.129850717853601
-0.275655396247565 3.968961039057 6.69114983502057 1.89192652057755
0.279897583835483 7.84671632155934 -1.38531471567315 -0.149722700253737
0.32553290581127 5.28192992476153 2.28638311607935 -1.53623242184044
7.01839998110601 -4.74957624054468 -0.15982437678878 0.26672977253284
-0.171338913825099 5.52124673063276 -2.10503889368944 -0.924828229389974
6.85694840261915 -5.11488463566285 1.47487509568097 -0.371966823416657
0.4946851381836 3.75481752964927 3.97389407606322 -2.69410519361819
-10.7024775398813 -3.68730748000092 -0.878920147720024 -1.18887801254172
0.451239153379659 7.16724893062198 -2.09223987043291 -0.067631074731392
0.305955379935219 4.56230906986094 -3.58690384435592 -0.546083924884321
-8.76832925124521 -4.61506616473201 -0.864693425738374 0.0832210493692077
-1.36948749019225 2.97109858379279 3.00785669804323 -0.598904594623046
7.7309176912844 -3.23775370841691 -0.460859234016058 0.255413944318962
-0.233905436061139 6.40485396977309 -3.60372663037024 0.571764816639467
0.769157638883574 4.18387450322024 4.17462879198507 -0.565471893375141
0.312849177568006 7.48368985328328 -2.25972175713305 -0.273184103139174
8.1566476642319 -4.29430114839512 -0.0670666986548722 1.02854904711813
0.874984177858954 5.55253914605825 -3.78272251971775 0.208833038703235
7.13291387030963 -5.23448208593258 1.16210832967433 0.410981029996644
-2.90960701061279 3.60565993628988 4.06128193402966 0.696035273562143
1.07356399215003 6.8239696996788 -2.60497882482236 -0.565608344835123
-0.122112920033959 5.46762739594275 -2.10607059026637 1.30052868772149
-8.56755376502095 -4.8530722613171 -0.147274259511937 -1.4829504614595
-7.88638371912712 -4.5334495885119 -0.703261061496636 -0.024320288813068
-9.32617530304018 -5.63850161583041 0.0127066597373183 -0.279549436753942
-10.0289579973496 -6.21889678544246 -1.11698244449493 2.3604934860344
1.05270047570949 6.32539653252527 -1.9394750212791 -0.190415877388096
5.28308775794843 -5.17473743097113 -0.650885721630752 0.395859876579014
-9.92669168817198 -4.49994153249243 0.185286972372981 -0.571244721687593
-0.563755901632834 2.78159867085199 4.20366897768352 -0.594552423598873
0.537886536901706 5.6497580117394 -3.87480866319625 0.332496134968496
-7.31335974139184 -4.31279215616947 -1.13914795585202 -0.79653596815087
-6.90961400232175 -5.13748361675145 -0.257456878398793 0.643001108960831
-7.36434198034456 -4.24583894655859 -0.481836316351035 -1.43425352492403
-10.0261238771032 -5.05818421278616 1.21924191209406 0.0612829640885271
-8.9899457640652 -3.39556590650403 -0.207325627773538 -0.172050281846621
1.27332141421857 6.50262765750655 -2.62192052869086 -0.412516675719673
7.34512622893409 -4.67723541637291 -0.354571276335478 -2.81458860250056
8.92252459807496 -3.55429804391688 -0.495654693971665 0.48240819805555
-0.507567644843417 2.90928162552031 4.0255798802362 -1.78064232660087
-0.617384117620871 2.40950849227447 3.9487916789886 0.433058856005136
-0.0826962414509365 4.36498329822614 5.49586060497168 -2.71465126365894
-0.118379833936511 5.26495621449961 3.95962464316518 0.987494266109669
-0.681700256583931 4.62289254829445 3.06612797663898 -1.18116712969583
-9.60650424737292 -3.46529599909063 -1.55751849514181 0.831518954105676
7.37984266742944 -2.88205798397761 -0.323266875588779 -0.409646577444815
-9.68477404659031 -3.97754734430522 -0.730422204441394 0.348560341764562
1.23326720839621 5.84753851090972 -3.48180015442551 -0.59957391230215
8.70921294890222 -3.71020690671608 2.74851737035509 -0.871009080868265
-2.15009383480037 6.13676368651721 4.39124271008907 -0.829257653453613
7.0376955031882 -4.29205034070121 -0.638600176740342 1.54369689556697
7.94522806813887 -3.01816195534953 1.40421626562123 -1.44152962641537
0.052292966008552 4.72499743025575 -1.89341710967023 0.651133896364348
-0.315542177931149 4.74420910875196 2.32532480037688 0.425805299991794
-7.91391373352976 -3.73112892474368 -0.488344337484932 -1.14666061415505
-11.0753853853914 -4.96505103127133 0.0826081948742513 -1.15874614859007
-9.91107369747174 -6.04028523088054 0.353930619777057 0.359121005327801
-2.09676058137582 4.51113587511906 4.96128135313639 -1.66937372817011
-8.27052859900364 -4.28703292109262 -1.10597516500512 -1.06907967088848
0.527025464033881 5.00000895351841 -2.01633128362992 -0.249903317737354
0.750335464298274 6.08983284611347 -3.67972028072512 -0.111164598095313
0.872584246578999 6.14759363111612 -2.61005244010033 -1.01655851862297
8.62797275649323 -5.51538993041921 -0.39860270193275 -0.538738605642352
7.57550974580519 -6.36033102350503 -0.0160536206895877 -1.42344800345661
-9.44692099134453 -5.34267538938442 0.542803436612884 1.34924408575918
0.660754071254153 7.4738909044912 -0.526870158302552 -0.283365684785841
7.09560975499436 -4.87344793194764 0.224028297815843 -1.24193377337554
1.01839665074024 7.37220868137099 -1.16291151375157 -0.510817834504393
-1.22274305551522 3.08538746517927 5.51566053678353 -1.52281363045646
-9.89294776458319 -5.38720561456224 -0.00770573543909607 1.608958896607
-9.19980657433854 -4.48653324834225 -0.391802519775363 -0.00514475150183777
-0.501818625327507 4.06135150945803 3.7377064035137 -0.339949610758398
8.11016372637217 -5.1039038609344 1.16604568821989 0.307180942396514
-1.51101654482429 3.30193072112092 0.376025549281013 -0.598982517305437
0.852176071185643 6.07884036232551 -0.85614608399268 -0.829098553505336
-1.34018740407137 4.35140312866257 3.84234522529141 -0.310785116217231
1.98194043992917 6.98032046599958 -2.99712916350214 1.77482049850364
-9.57059139209618 -4.76843634475622 -1.25710928834775 -0.666933060027354
0.708798825623156 5.63979785672108 -1.40012914003301 -1.44273148062271
2.0711751404864 2.94794777210989 -4.79934450119229 -1.94390261442094
-0.0433223452906782 6.13475407162128 -1.79983443513225 -0.599081849872864
1.42288668539741 7.3602758328737 -3.24035588551633 -1.41191141525314
-9.59420183757375 -4.87999074459007 -0.861435871046854 0.328701864702131
7.72319904107441 -4.42209219782401 -1.69729990268644 0.324365588217292
-0.309579601709706 6.44492497514484 -2.56623071533096 0.736231155635277
8.58176896695696 -3.75796384057575 0.859252320515899 -0.550187437213196
-3.23393610508322 4.61641349081121 3.98756961532809 -2.77474908105823
0.802930490212144 6.57991317489552 -1.49360037523589 -0.379261224404286
