"LD1" "LD2" "LD3" "LD4"
-1.78875743939016 5.03125698223241 3.2932681441174 -0.370324799655521
-8.11552316825319 -4.0521289318777 -0.348366594580782 0.144583804559245
9.02477219876211 -3.96963569832975 1.27959362037568 0.166128076252531
10.7024775398811 -3.68730748000108 0.878920147720072 -1.18887801254147
-8.28918081058223 -4.27341494762371 0.874927601128735 2.10353317828084
0.362440645243757 7.0585860480914 1.65958679964077 -0.0616271127188998
2.90960701061289 3.60565993628995 -4.06128193402969 0.696035273562278
-1.82386544226679 6.32785253634516 1.86044137745219 1.40853559830782
9.48640132257584 -5.68049542095507 1.81212644000074 -0.989269823257723
5.81670446248522 -4.01315007558344 0.238022069146238 -1.15964608177877
-1.39068318204358 8.25217907511106 3.22847960408489 -0.227410909297482
-5.58269987182925 -4.60917941930879 -0.899639483896447 2.12224504304455
-0.312849177567748 7.48368985328346 2.25972175713305 -0.273184103138864
8.48506903229822 -5.75309206357815 0.828472588610908 -1.07488874988428
-8.83902685987228 -6.04919715202015 -0.458492191478644 -0.849955693503842
-8.15664766423202 -4.29430114839497 0.0670666986549519 1.02854904711835
1.22274305551512 3.08538746517927 -5.51566053678344 -1.52281363045633
8.768329251245 -4.61506616473228 0.864693425738364 0.0832210493690339
-0.328549962457614 7.60909398007351 2.6266061909591 2.21720470093575
1.2371146027978 4.99109953401874 -2.48971814518834 1.04037088928363
-8.70921294890227 -3.71020690671595 -2.74851737035506 -0.871009080868274
10.5633472063106 -4.5010376896268 1.14039041328417 0.0807637458592006
-2.82181789267319 6.55573322908125 2.00593069014536 0.258914498852281
-8.92252459807499 -3.55429804391669 0.495654693971713 0.48240819805575
-8.40031243684182 -6.75765880971772 -0.45909925361944 -0.871037543201442
2.15009383480044 6.1367636865172 -4.39124271008905 -0.829257653453637
0.0536379947968583 5.39665800600691 2.7165664886921 -1.4375070378682
1.67001322324398 5.07750260425668 1.85820062367678 0.56091521784526
-3.05198055368214 5.3145651464424 1.8567759934122 1.37473429652625
8.83228701333976 -3.84108629604137 1.49125095857926 -2.36937165751874
9.25013483594124 -3.30068794752895 -0.0440790077496201 -0.564345496241698
7.5163873125504 -5.04109338639896 -0.501669461848203 -0.433255750499397
-7.73091769128444 -3.2377537084168 0.460859234016082 0.255413944318968
-8.48218263797602 -4.26547198842574 0.430768664188762 -0.738232234028868
0.0173752657037117 5.10569647135606 -0.972752757005115 -0.743827152886126
-1.65629104671812 6.60093791842395 2.72315457881521 1.47063838006035
0.501818625327541 4.06135150945805 -3.73770640351368 -0.339949610758408
8.55543237722898 -4.60748199292497 1.07749183403166 -0.464689379358229
9.59420183757362 -4.87999074459032 0.861435871046784 0.328701864701931
0.309579601709898 6.44492497514488 2.56623071533095 0.736231155635319
-7.37984266742951 -2.8820579839775 0.323266875588836 -0.409646577444736
1.51101654482434 3.30193072112079 -0.376025549281054 -0.598982517305785
-8.42286144438378 -5.96061299093858 1.16905141552745 -0.279859771261175
-5.28308775794848 -5.17473743097101 0.650885721630759 0.395859876579165
-8.3861864543571 -4.93429961463289 0.394959011523891 0.650861330847751
0.962784967827653 6.40740660471871 1.98889063731272 0.667484848721006
-9.01561572091106 -6.0527316116765 0.506445195789693 1.55395208529634
-0.923095973223557 5.93803254557199 2.26537902946838 -0.954939834055941
-6.51246608319648 -6.40056226710229 1.48543620931035 -0.724685950216226
-0.221250733328436 3.8232164603791 -4.70055361392685 -1.37788879174481
-8.16874363057848 -4.12008313927619 0.332709478980367 -0.0172532700456784
-7.70099940120622 -5.21386976125707 -1.5187597291698 1.70074297675737
7.28178657126529 -5.47574311551789 0.635360511998742 -0.926089290733865
-0.527025464033684 5.00000895351848 2.01633128362989 -0.249903317737309
-8.19062456039862 -5.72000240512302 1.05786960394028 -0.547887289923437
-8.58176896695701 -3.75796384057565 -0.859252320515878 -0.550187437213259
11.0753853853912 -4.96505103127152 -0.0826081948742608 -1.15874614858999
-0.626155251241283 4.10635008320324 -5.60310607958308 0.300915380827093
0.878594889602127 3.88958895071505 -2.81639848273206 1.27527444445675
8.98994576406503 -3.39556590650421 0.207325627773541 -0.172050281846586
7.36434198034437 -4.24583894655871 0.481836316351069 -1.43425352492389
-7.2536569302355 -6.41129305047573 -1.33885395483746 -0.608406394010097
2.64264436521949 3.08324442655696 -3.43693257776703 -2.28577319585853
7.14942657692689 -4.23066639754599 0.513650932563238 0.553114676717459
-8.7318527325026 -5.05443992465692 1.45941422225061 1.98170346819423
0.563755901632744 2.78159867085201 -4.20366897768343 -0.594552423598722
-1.79197373115468 6.50644609099621 2.72031967984694 -1.03333427728964
-1.01839665074006 7.37220868137096 1.16291151375156 -0.510817834504606
-1.32208123214676 5.51696577602902 2.73860066268026 -0.756924429005213
9.44692099134427 -5.3426753893846 -0.542803436612851 1.34924408575931
-9.43157899803063 -4.19324249203928 -0.513744222761713 0.0633140260001742
-0.0491315964241317 8.31135580668525 1.23406578761803 2.1578927537111
-6.85694840261917 -5.11488463566277 -1.47487509568101 -0.371966823416823
-0.50709632710158 5.32335190168857 2.36223780127209 -0.287482302432116
-1.28277766875549 6.2026874840267 2.21947481623109 -0.000631648413984448
-7.22799104459792 -5.89104110145853 1.50371740985156 2.88126861600092
2.09676058137581 4.511135875119 -4.96128135313636 -1.66937372817018
7.88638371912694 -4.53344958851213 0.703261061496615 -0.0243202888132524
-0.512683611018427 5.14092205788929 1.83666039042068 -0.771478390371127
-6.87104408872624 -3.58211194145891 0.846101583511414 1.1100486234139
-1.79534947542897 6.13348575565024 1.27810893825942 1.40325105130868
7.91391373352951 -3.73112892474383 0.488344337485015 -1.14666061415483
-6.0200614916649 -4.01016097337164 2.013305780924 -0.428603304650572
-8.79683061780822 -6.66050782802687 -0.821310161872832 1.88870861946538
10.026123877103 -5.0581842127864 -1.21924191209411 0.0612829640883787
-1.17487607927414 4.50483242797333 -4.30941604616779 -0.661895984244221
0.738384779392938 7.03991887677044 0.458421578988262 -1.34288572945223
-0.723812873772231 5.81350407183933 1.36076274020355 0.567019533039846
2.3413293561594 5.51249289484311 -1.83655731186477 1.00515849968582
-0.728043808980989 5.13506946712885 2.38410801859501 0.204346582143772
-8.04534524465933 -5.07026751328411 0.692173852940537 0.0839007045652002
8.46974391391491 -4.08995314457656 1.68038207066597 -0.565349082382566
-0.121869199616464 7.40660649463328 1.27058234576886 0.575839780177394
9.47856032335131 -5.98447827879858 -0.625844114971098 0.232975190013603
-0.813949117332243 5.36647088454466 -4.61111670521646 2.20333268859278
-8.31883497887318 -5.69725524884406 -2.7397309419243 -0.0235149830665122
-8.51165664157074 -4.9550044146763 0.42386973292657 0.601801738146174
-0.494685138183582 3.75481752964921 -3.97389407606321 -2.69410519361843
9.89294776458305 -5.38720561456238 0.00770573543904991 1.60895889660707
-8.4762016999151 -4.53480577377723 -0.145746631936766 -0.138284082524203
-0.993681017179341 5.77164132880948 3.65272763930188 0.836141015563656
1.43061290557012 4.45076474266654 -4.52135390038951 1.17763023562389
-9.20621521099832 -4.17394745332383 1.56814475337517 1.87500700225643
8.45621981255446 -4.53587599734745 0.463881420674197 1.18975739656286
-8.11679162549917 -5.01548968241639 0.175341629293598 -0.481591889481787
-6.92673363537721 -4.60795708925501 -1.50713102784272 0.53930175273768
0.0433223452908714 6.13475407162128 1.79983443513222 -0.599081849872975
-7.03769550318821 -4.29205034070101 0.638600176740359 1.5436968955672
0.0703546704244626 6.06669007327771 -4.12997309324701 -1.60178307838487
-1.16845458241914 4.95671919187456 3.73984679673236 0.524171727284314
10.7271259596075 -4.00240976118078 0.576102015236148 -0.420209042847709
7.31335974139172 -4.31279215616962 1.13914795585198 -0.796535968150888
-6.87536064875172 -5.97715457134601 1.97646165920054 0.679094451501746
7.9157179303219 -5.4452653051832 1.37411052495152 -0.163902440133325
1.9016228800236 3.22400371069224 -2.94667361390621 -0.46043456779174
0.314858559841166 4.12795869217062 -5.58784941098141 -0.0612531516507817
9.32617530303992 -5.63850161583056 -0.0127066597372723 -0.279549436753727
0.428062732962663 2.68408497838994 -5.32076518339546 0.43123116213898
-7.83711596636751 -5.05123494012172 0.54081206952038 -1.82244683778569
10.0651677989346 -5.85990875597161 -1.20753019489845 -0.38638609746294
-7.09560975499441 -4.87344793194755 -0.224028297815835 -1.24193377337556
8.32431200965385 -3.39472995303893 0.966226214522172 -0.475325007029143
-0.0420725489772415 5.79466531775361 -3.17609877005019 0.694185457551591
0.491523515888997 4.18870450406409 -1.417092058463 -1.6943622608163
-0.921517581420146 5.61409792518983 3.55577249030964 0.133334664967014
0.279943597149831 4.08311795110766 -4.59977104888599 -0.321981970820852
8.56268747600376 -4.88031251001131 0.336953730112705 -0.129850717853328
0.275655396247546 3.96896103905707 -6.69114983502051 1.8919265205777
-1.17387274643599 5.97899942801116 2.60728235999422 -0.409894571141265
-0.28398497750052 4.82755371079913 2.33612991403255 1.12449326292611
0.507567644843347 2.9092816255203 -4.02557988023613 -1.78064232660082
1.34018740407138 4.35140312866254 -3.84234522529138 -0.310785116217319
9.29398345666395 -5.92022050834028 -0.00175436694853805 1.04403471687487
7.80489575382741 -4.94742443139634 1.54548825746143 -2.14055967092718
8.27052859900349 -4.28703292109272 1.10597516500513 -1.0690796708883
7.97446742181195 -4.24785825274859 0.581069019050734 0.176537342363623
-0.139721061901113 5.45461292252427 1.02995706131533 0.772465160533333
2.74729155236405 3.67238381089334 -4.10656418510663 0.0581275232441192
9.63447310240857 -2.12292212425994 1.51691915065207 0.219721381373992
-1.23326720839602 5.84753851090975 3.4818001544255 -0.59957391230216
-7.70724785997028 -5.98494769521787 -0.832767793985819 0.60428790405932
-9.06022405364629 -4.95581820403791 0.21070237435295 0.200363190665923
-1.42288668539721 7.36027583287377 3.24035588551635 -1.41191141525305
-8.8419792058402 -7.21667572361916 1.17593752219472 -1.0552678945844
8.77063112032837 -5.84501301179037 0.591366380568453 0.348311976316785
-6.20736429549621 -4.16825016251191 0.14324501954581 -2.70299723475672
-7.13291387030975 -5.23448208593257 -1.16210832967432 0.410981029996462
0.681700256583943 4.62289254829445 -3.06612797663893 -1.18116712969578
9.19980657433839 -4.48653324834247 0.391802519775318 -0.00514475150196727
-1.07356399214973 6.82396969967893 2.60497882482231 -0.565608344835033
0.315542177931178 4.74420910875198 -2.32532480037683 0.425805299991859
-1.10638351264271 7.55714851262735 1.98577211862449 -0.462153725645854
-8.73411486397736 -5.61274616409159 -1.62690563623574 -1.9912214838761
-0.76915763888362 4.18387450322034 -4.17462879198496 -0.565471893374844
-1.56434052629553 5.92721809923117 2.32473251114515 0.563492746313439
1.41056895757878 5.56819045976786 -5.01579213366553 1.934912484813
-9.76906028273631 -4.31587609549306 -0.680544043770616 1.24164535117947
-2.08264280005264 8.28600394928059 2.49811603368679 -0.407848055795657
-0.660754071253903 7.47389090449126 0.526870158302511 -0.283365684785898
-0.85217607118547 6.0788403623256 0.856146083992682 -0.829098553505253
0.271588049805763 4.84748478124051 -4.42661866040874 -1.36794113357968
9.68477404659013 -3.97754734430533 0.730422204441427 0.348560341764842
2.21192703982161 3.90042828246393 -4.98673603286175 2.52090063763663
-0.451239153379483 7.167248930622 2.09223987043291 -0.0676310747314081
-6.83680719242781 -5.12733274347903 1.47000753715353 0.429760868471331
-8.49766345333097 -3.47327867064112 -1.4959944304007 -0.904162363797663
-7.65334723267491 -4.63776417426174 0.654881417143204 -0.201334300712073
-8.16230358247985 -5.75291066109176 -0.172388920998144 0.00803404213028767
-9.09906412734447 -5.75453037927418 -1.88886291354502 1.22474837738077
-1.81785478456247 6.14598409510995 4.28254315021245 0.156258987410716
-7.64408523908429 -6.39350383352671 0.448823275391615 -0.127045638675829
2.31458890846347 1.76435166249366 -5.32825043663052 2.05201872544175
8.79950938578226 -4.05455874830579 0.93459124282731 1.11339946695758
-0.325532905811268 5.28192992476154 -2.28638311607927 -1.53623242184039
10.0289579973495 -6.21889678544269 1.11698244449482 2.36049348603419
9.3649826305441 -2.62065712534555 2.10186713144787 -0.185618488547129
-1.05270047570925 6.32539653252535 1.93947502127907 -0.190415877388075
-8.54163197124862 -4.61258779212976 -0.674935233341794 0.64788659817363
-7.77353162188784 -5.32243868990675 -0.705328607163539 -0.650264489674235
-1.06798994172396 3.60224330382532 3.05373578157006 1.66138251490063
8.46251846970857 -4.64119323936475 0.886618887212749 0.860836584097886
1.61635109686736 5.06494518691607 -4.58348765717115 -0.530350206603636
-8.42022866115184 -5.83434558131625 0.65501629935405 -1.30653946517816
-3.56191814184373 7.9164281689884 2.80970809061935 -0.0794395866149227
-8.7089879733592 -4.80457579311903 -0.426540533327409 0.638682317400349
9.92669168817173 -4.49994153249257 -0.185286972372915 -0.571244721687297
-8.76705426013113 -5.0184776779742 0.268901720705497 -0.221232714378037
2.23687277378469 4.0566102776191 -3.6782744175212 -0.432109844367455
0.0257923372585928 3.16836216498921 -4.5416751730692 2.58505749464084
-7.72319904107437 -4.42209219782393 1.69729990268639 0.324365588217109
-0.506179007662664 4.34842597001714 -4.29796847363632 -1.1520431441247
7.74931417485873 -4.100099628981 0.901991854857264 0.675718800600346
-8.94946178602964 -6.96450776694358 1.23654364189131 -0.727436163732428
-8.41090090642332 -6.70095392844141 -0.298198005800521 0.282190133047974
-0.771505934628953 6.47108085247764 2.058565057922 -1.07802279808185
0.237862102913964 6.20535146435904 3.49873875649038 0.449951851420737
-9.23189793023987 -4.405629276297 -0.930506594116257 -1.44789012802896
0.171338913825291 5.52124673063283 2.10503889368942 -0.924828229389908
-0.708927739058119 6.54461354434185 1.68203129306567 0.402457627798582
-8.7099645032341 -6.97524637192416 0.632828400910711 -0.160652219124849
-8.874517375008 -4.73915059992385 -0.797304067407246 1.37796660376433
9.19761766769527 -4.66469833912693 1.24507096669884 1.33793827546557
0.0111053367558678 5.83079568901965 2.91223668426184 0.605946514143437
-8.77010729487232 -5.63442941335915 0.741730272229804 1.50243606881375
-0.708798825622956 5.63979785672123 1.40012914003301 -1.44273148062249
-0.87258424657884 6.14759363111621 2.61005244010035 -1.01655851862281
-7.97542276457656 -6.06788562677179 -0.637431235502843 -1.59172181170139
9.57059139209613 -4.76843634475637 1.25710928834765 -0.666933060027382
1.36948749019217 2.97109858379288 -3.00785669804311 -0.598904594622622
3.30136925836599 4.17818400607232 -5.70151704687504 1.75672744659445
-1.37065244707914 5.997888659969 1.44321089156844 -0.152840940053218
8.66941605074605 -5.383801921218 -2.04996120716258 1.08073108532801
8.96813014037503 -6.15070950638245 -0.359538524155126 -0.607728585090452
-1.6360980246078 8.31813909841106 2.84953716513514 -0.546176176331164
1.82615090572252 3.88702278816569 -3.50129891369152 -0.301180552520288
1.6556681494162 4.41644959641973 -4.44568767521374 0.195411962651403
9.39613946493781 -3.88246550696577 0.06413122097587 1.0135704811493
-0.802930490211899 6.57991317489561 1.49360037523585 -0.379261224404252
8.95689285705327 -3.41092440474198 0.162242879980234 -0.573773914057864
8.56755376502078 -4.8530722613172 0.147274259511939 -1.4829504614593
8.22211317402909 -7.05932021575235 1.38797824170223 0.501609390626929
-8.14251659227934 -5.1974237225904 -1.95975131472047 1.25081436225388
9.42124853924193 -6.33455214688233 0.524327769156408 2.52860782321445
-8.89845729411778 -4.55739616140768 0.214107587833625 -2.50611426698916
-0.344434210046348 6.76338524574407 2.7107073590004 1.22931076763716
-0.750335464298077 6.0898328461136 3.67972028072514 -0.111164598095047
-1.98194043992897 6.98032046599972 2.99712916350216 1.77482049850387
-0.537886536901488 5.64975801173939 3.8748086631962 0.332496134968333
6.90961400232157 -5.13748361675163 0.257456878398779 0.643001108960747
-7.0183999811061 -4.74957624054459 0.159824376788818 0.26672977253286
-1.96642533255591 6.50691429880841 2.10117398847587 1.51285907002758
7.74214437687118 -3.52725980430773 -0.228313092544635 2.7902619440439
0.350800308990519 3.88932686588642 -4.68955426780567 1.88942445429027
-0.935501717027693 6.96231603938578 2.74064384321392 -0.01541996731541
-0.0172505869279358 6.77074039839896 3.49814667952507 0.15340185171655
8.47060352465638 -4.80321710829237 2.59998452547895 0.0853492025535978
0.0826962414509705 4.36498329822611 -5.49586060497168 -2.71465126365912
-7.55234758127008 -4.6022991931148 0.548563616830968 0.127212985991915
-7.53121574373126 -5.56431402310538 -0.289908845290269 0.354630804967159
-6.84812378163436 -4.40042087519194 1.18279498224812 0.828985343872246
-7.57550974580533 -6.36033102350489 0.0160536206896568 -1.4234480034564
-0.130321056805205 3.99825958930503 2.00930957706576 -0.94993139556775
10.6049721037468 -3.50739079249571 1.04779294572212 0.656719631777383
8.66150883915286 -4.66893261428759 1.0740582819708 -0.341057288972817
-7.3451262289342 -4.67723541637277 0.354571276335543 -2.81458860250036
-0.737704950101601 6.84716840884674 2.42844027274438 0.962878559041198
8.33545640170315 -4.03521941370317 1.16011397926332 -1.00847282490758
0.23390543606126 6.40485396977321 3.60372663037032 0.571764816639882
-6.51961010610344 -4.69292616252407 0.0819054291968019 -0.287713116569598
0.660994061896045 2.37336331730034 -2.85667426776213 1.63897964329027
0.801099228830297 3.13544083605029 -4.81359934421111 0.569415142200305
7.90170754003964 -4.61893238084955 -1.90422906376411 -0.470857441379027
-8.11016372637217 -5.10390386093427 -1.16604568821992 0.307180942396433
-0.279897583835321 7.84671632155933 1.38531471567316 -0.149722700253816
0.617384117620728 2.40950849227454 -3.94879167898846 0.433058856005516
3.23393610508318 4.61641349081119 -3.98756961532802 -2.7747490810581
-0.292214424932294 4.76669264177796 -3.1353629756941 0.907412428914759
0.953063961419493 6.37984264310994 -3.79788570050624 -0.434127836611956
0.336053967952206 3.3306851315128 -6.19174376227032 -1.68784488230099
-7.01957420786926 -3.8754584595083 -0.40470244525085 -1.22950233354921
-8.69659988595974 -4.88228423958695 -0.335113647515581 0.707309929054821
-0.675004186320986 5.04940012207647 2.24100352228277 -0.116897511749636
-0.432900443106319 4.50480956653113 -3.29121147724255 1.38581138348308
0.118379833936634 5.26495621449963 -3.95962464316521 0.987494266109549
-6.5237032556676 -4.13867043308508 0.726299135433566 -1.88179978917271
8.97081516497841 -6.47717947081017 -0.336527404197184 -0.649158623021438
0.122112920034195 5.46762739594275 2.10607059026629 1.30052868772129
8.40022493681583 -6.5385466357544 0.862027141942486 -0.485488089148909
8.57294906966064 -5.22649044885266 -0.0711089834509169 -0.070328040750019
-1.27332141421829 6.5026276575066 2.62192052869078 -0.412516675719806
1.54082997266779 6.09500931720787 -2.62060741766228 -0.991712932848797
2.33656566898887 4.20817974634921 -4.53537244176592 0.603586874218278
8.33562884185008 -4.11297813256019 -1.02200024392364 1.18492286688609
8.75856520211303 -5.23045553263176 0.562155216754043 -2.22182789736989
9.60650424737275 -3.46529599909083 1.55751849514182 0.831518954105717
1.57899550744545 7.3052937438309 2.28962186674729 0.194280045327732
5.92689948528659 -5.06618723137662 0.607493818519344 2.20056923961751
0.066523214010674 6.44708147213938 3.32809808103795 -1.32685272162902
3.33871083904654 5.41145271219185 -4.80698836067927 2.19304306700581
-0.305955379935039 4.56230906986099 3.5869038443559 -0.546083924884285
-0.874984177858673 5.55253914605836 3.78272251971769 0.208833038703298
-0.0522929660084555 4.72499743025577 1.89341710967025 0.651133896364407
9.7113388432503 -4.91488378663131 1.2083284024961 -0.17879061517903
-0.0860790673685358 5.95100658789937 2.52726096330019 -0.608874283342459
1.28914484721924 5.78946260666402 3.9153083467429 -0.43496045453811
8.30142262660209 -5.45763482197525 -0.370512651696122 -0.308351477981152
-2.07117514048629 2.94794777210997 4.79934450119232 -1.94390261442077
9.91107369747153 -6.04028523088078 -0.353930619777104 0.359121005327657
-9.45615386372577 -5.33945880114644 0.650508159853205 -0.819051284637791
-2.43097289978551 4.95418514410596 3.06398422219028 -0.509818061180558
0.218477410547709 5.83641525365463 -3.12623094584868 0.374777011142446
-0.183601196921362 7.26155432963357 1.49483623223334 1.13690308475268
8.16706998961739 -4.52144329938912 2.79359415539356 -0.529708783656632
-8.62797275649326 -5.51538993041914 0.398602701932722 -0.538738605642526
-1.85489387455447 7.04172462251068 2.58833052227555 -1.01512550254146
-7.94522806813888 -3.01816195534942 -1.40421626562122 -1.44152962641542
9.21347403509371 -6.7315020166457 1.1884273514822 0.658907678600643
8.45954813639233 -5.28812666012505 3.06688584159088 0.964497692394896
1.94289565833003 3.95306739286251 -4.6112604430796 -0.531257488263935
-6.95046548909681 -4.73452074096762 -0.00842721931017493 0.961336493537701
