"LD1" "LD2" "LD3" "LD4"
-6.47038982977805 4.31151225507213 1.04255503817468 -0.996469334847306
-0.509371217883779 -6.2184632176287 1.58299316791373 0.676256069842841
-4.63615369693371 5.71521971582133 0.904426024343433 -0.523463165637944
-8.18721091195958 5.04608516211709 -1.01523865853727 1.56764016538359
1.28224678469221 -3.85762642132907 -3.41719036982892 0.281415140290476
-6.46521518612279 4.56271398260808 -0.256220215058791 1.33979315961381
-7.44202494836507 6.54687814408621 1.35004973448632 0.512024695000056
9.52393066730208 4.77158380642216 0.0135945966216634 0.527172748514196
-7.08150247025786 3.92344035329498 0.593662493788198 -0.375192916976388
1.07498505996382 -5.16236497128656 1.91402007919294 -0.924758510778466
-0.517136131671883 -4.16725675454807 -5.4575334167296 2.62258814806218
7.75626909589855 4.65145021172383 0.562346030600601 1.09552125190146
-1.51259034580651 -3.60764350210009 -5.33186315864291 -0.46644293973382
10.3780579286836 4.94642547084762 -1.06125265128 0.187273056679433
-0.601938584761799 -5.38495956064995 2.60776298634904 1.63019595930451
-0.858858881896337 -5.81539451929356 3.57968864101064 -0.294252691149612
10.7971943906435 4.97976934350398 0.975578573083626 -2.59679242728961
-7.17869782998462 6.34824739639016 -0.230847467090274 0.32488023137102
-0.171197565307554 -2.5946252514055 -3.74246203241786 1.54876353784914
-6.76710523198364 5.22522510506553 0.616170592706976 -0.0344381012563393
-0.93727175519773 -5.71228158745423 2.75507285760532 0.235120473838389
8.50129139260735 3.47312115999573 0.426279037396108 0.162984353648873
-3.01595727574628 -6.50236795891832 3.23715721337532 -2.06578763407923
-1.22065429314873 -4.89691755643054 -2.02207336149755 1.25214205290349
-7.53297626958649 7.5354931153717 1.29894882718455 0.496245368095543
1.59344019630424 -1.6643066875066 -5.27214459318586 -1.75129327728471
-1.41062436811838 -4.79905621004489 2.39156863116848 -0.0626507725324152
-1.19410742695132 -5.78901810487293 1.24791694414967 -0.768782877261267
-7.09804174275599 5.86298879554128 0.902939841495609 1.52327429807978
-6.69443415293003 7.02246384788983 0.536269920676781 0.311979540425173
-7.76482337430572 6.38003728670738 -1.4759288524725 1.94115116965647
0.995735165982131 -6.33132125630348 -2.97216648454281 1.20307132705129
10.4711002170781 3.98474825012275 -1.274187114295 -0.202958614289274
-1.25241384753327 -4.35031247495726 -2.91681759422958 -0.983964599302826
-1.52060424766184 -7.00083065004671 2.45143312880853 0.183044497051193
-1.1104909365435 -7.18062399077991 1.3209761514169 -0.870429075949381
-7.65431967808656 4.14797877531032 -1.4701207194539 0.823854878114567
-1.51279261146534 -7.32392689268828 0.451157368008478 0.241419150919842
2.42314022521074 -5.55808457973186 -4.98970225924371 -1.89726634892101
-7.39586318677175 6.42743616288356 -2.66270500423134 0.112268861294418
-1.05698646389027 -5.4461568508421 3.30075897767321 -1.01408091943307
-2.44160589489445 -5.97876770869754 1.06599054457202 -1.1562932601296
-1.35170005029223 -5.79490963434966 3.54162081509112 -1.15538789037642
-2.42956187950168 -5.99672212801577 4.185226912362 -0.119257441708059
9.63005801410472 5.07673632466146 -0.511191608447883 0.674542301501276
10.9549862068171 2.22518445786626 0.742613330414854 -0.454144817569599
-1.08327659020573 -7.86629153719839 1.10947559556219 0.37522898606336
-6.54413069503454 5.07772925806024 0.954514874315606 -1.6872976742238
1.11960312771929 -3.84600829189658 -3.47695677762722 0.346697975605646
-1.35038506983972 -6.76291427627225 2.42215656126423 -1.38761910851253
-7.44053812640854 6.10422383471708 0.437335199459509 0.36353293322399
9.42155450471299 5.33422277578821 0.621227928065641 0.33630382880945
9.00119428905077 4.86569299055684 0.921793913850323 0.81559471374863
-0.200370175912032 -3.77918748510163 -4.75541573781224 -1.88321540552821
9.25984827687885 4.95770022885524 0.71184193046091 -0.673888512601259
-5.92365028912632 5.15289369131468 -0.0731089631305211 -0.991759065705806
-1.90763084711211 -6.63107125465924 2.57117521288133 0.609388071993724
9.09122950184201 4.28164610245008 -0.0819545932103651 -0.129252255558648
-7.54051045437341 4.86863650808312 0.396601332499863 0.828729996895478
9.86028809010263 5.00377421967856 -0.69906920421626 -0.0117242968769406
7.83038551416736 4.15081772327955 -1.54276559901206 0.25245581840876
-0.620654621228606 -4.99995769504429 -1.00025823268432 0.713846701898444
8.20117626387738 3.39680742805699 0.462551164097689 0.130476444771475
11.2631431041239 3.90370310076828 -0.0523789186192597 1.19421870415602
-5.83648004885459 5.58313940770242 1.51634508908957 -0.543638109051785
-1.47274476700245 -5.60265061049649 3.35129381490953 0.0870235209638815
0.802644957913234 -5.19128379895434 -2.80162158721325 -0.897212024159113
-1.42633170046993 -3.81163578143345 -3.88119585956682 0.73513094170841
1.4299641326616 -3.61850954995154 -0.607130541179604 0.457700740942962
-7.35061634501524 7.56470142322996 0.720460562356395 -0.0798371198178681
-1.65653408104509 -5.71742515630668 2.35279692986615 0.767322277418643
-0.606701940325532 -5.08077875867566 -3.95319096400626 -1.10429727829719
-0.97835937378646 -5.0869344800788 1.81780891960761 0.537225437910826
-0.756242527355861 -5.54690804710261 -3.0176255727761 -0.427481787332678
1.46354783303032 -3.92915965220677 -5.12066390859394 -2.21391287057466
-0.355762737998158 -1.93990488058157 -3.58924737158748 -0.361577803232688
9.86287578790261 1.38424389748359 1.83882064266391 0.0134794613986669
-1.72077064524864 -5.75196010608968 3.91423569693401 -0.0830608928708579
-7.77483904965209 7.41986829629677 -0.704249753998488 -1.83632944342407
-1.09402340696877 -5.31855848515 2.14985072964715 0.606648323057262
2.01459800450462 -3.52939709224223 -3.91143843242041 -0.687597269386356
8.46818966056649 3.66296219245631 2.82690982698139 0.502595725098507
8.54555712361531 4.29673235199892 0.69572865492525 -0.12425393838186
2.09748216183297 -3.21434803406904 -3.51418008728841 2.48850538843807
-7.55548573434316 5.54252843386929 0.177336385406795 0.183893071412844
-0.707461701524529 -4.67535498578629 3.31200697749774 0.894985594252941
8.53461978957538 3.7939175410395 0.548267914871078 -1.10153922127525
-1.83283962372435 -5.71731536057413 3.00640519565965 0.465764165240766
-1.18161241558922 -6.63804277514441 1.62102831855116 1.41643980760001
7.52305069904649 3.42717701582472 0.441861566304657 -0.533222327916529
0.146031747484282 -3.75420386127183 -2.80376961277741 -1.14741747093508
7.65927801727265 3.57731073940687 1.25309970504745 0.519033134435291
-8.66281060909816 5.22895796603576 2.07071916501733 -2.381854990664
-2.31145207644878 -8.09445144442754 3.07545205023473 0.382187699474241
-5.54302252042605 6.19534491672331 1.73389455127621 -0.491243368255002
-6.99918555545957 7.24652001110965 -0.510158478802573 0.807192782310421
-0.36504108013702 -6.26007877410286 3.40704192649398 -0.598663891707206
-4.42560103234916 4.79236116962997 -1.0816978488578 -2.2570805770145
-5.37391197684389 4.53125841763472 2.17132654798777 0.361856556086469
9.42183493050116 3.72427792038923 1.20132492321813 -1.20322628749191
-0.100815300417566 -4.17965184055349 -1.58636353714539 2.08407225249498
0.0451831093370254 -2.82917927443423 -4.56489595978868 -0.764787881742733
2.09899219670713 -4.3537168132786 -3.47962817908026 2.2570851917071
-5.84303482048748 5.58007826630227 -1.49384170629061 0.353689017254433
-7.77601336353053 5.06428190490963 0.0750855861740405 -0.243557601499059
-1.46756961602527 -5.05902627310776 3.40933960112819 -0.269552879143595
-7.79817631579018 5.80434626833963 1.67144418549199 -2.30133443010015
-7.49172140393728 7.83571568763782 1.2945231685048 0.857436375773057
-1.53122467688732 -7.17481631211009 2.35128735146955 0.425780229534556
1.13070624777696 -6.05397615615284 -4.35912754903403 0.845723205798889
9.53645912084896 2.22887539728692 -0.267086024485415 0.746954929691797
2.29841360289845 -3.90806000018835 -4.29566195375279 0.0265784219850907
0.312143863925647 -2.44325530955871 -3.11667055649737 -1.18638960912338
-0.71759825298074 -5.65208807655078 -3.19575900572647 -0.906066801199234
-5.48215169145488 6.8458984150084 1.52880325644044 0.852217727484339
10.1378678616527 4.48734635369731 0.150798993976426 -1.83014832829597
8.39916522915495 3.5138285125311 1.16189068642095 1.18657712758828
-0.808666407934223 -5.38402360597735 0.943427628574286 -0.706856157633971
-6.1271655096946 6.30267548520024 1.39515815568691 -2.70945803662528
9.26052872337412 3.06650625523604 1.34016484742777 -0.367617288955655
-2.04900765665165 -5.86660018494711 2.12176758801279 -0.505713458810304
8.78743171099967 3.95796615026882 1.3346043031125 0.0532420875325639
-0.923361520054948 -3.52746472937081 -3.83858177952984 2.32249291015504
-7.10002717755007 6.79642725600797 -0.480374767241315 1.72038200306448
-0.461248855570974 -6.7576953537706 0.667583572557558 1.24599351748955
0.899510518108613 -4.39893795759201 -4.55700009144972 0.0859756924268489
10.0919019846286 5.17644816956526 0.307679385198431 -2.41096783279566
10.3955689581512 4.27299806968761 1.35008990832006 1.27293974861028
-6.75353561165579 5.45153751749047 0.632581612304088 2.83913121764307
8.85802117362075 3.70920482475092 0.835813327611598 -0.918261003505703
-0.606028073130141 -2.8589092218884 -4.34697874126218 -2.86993217555209
8.07333321375016 3.28526755121985 0.921946711734436 -0.839922350666863
11.2726926949955 2.61907323821156 0.200661006154241 0.602097969000133
-7.20291574578403 6.54167440124444 1.2633343431108 0.020113723865697
-1.7893128796549 -6.23452147550239 1.86744105424311 0.354299933517299
8.37403317066835 2.36113238243574 -0.732765528465173 -2.49219945040902
10.0725039839907 5.15677500883555 -0.669093383054989 0.51471554525209
0.697382042969568 -5.872932983532 4.00368670708534 -0.061076904378378
-7.37270584238933 4.97710852905594 -0.435790860207636 0.562957547270679
-4.23354923556911 -7.6668426977585 2.5452251596933 0.290744859297338
-0.37880914411484 -4.73112366805585 -4.51056286834475 1.47823941629231
9.67966726448132 3.38321298170059 0.196241767693096 0.0753219385234922
8.66319912590248 4.1551465293737 0.346587356525329 1.43726766094318
-0.405344704923327 -3.85266651997191 -4.51117767335389 0.233926858458885
-7.4607648610788 5.52633659200335 0.295224595872987 -0.30818306273671
-7.58299952808643 7.56803992954014 -0.00476751370829044 -0.273197325046524
9.55752763311727 2.89957106450253 -0.0731680556796604 -0.765970824973195
-2.90414760680814 -6.69218166469802 1.45582741836523 -0.105662302679942
-6.21855788181262 5.26791679778272 -1.34578881375622 -0.617170950809593
9.19081241825092 4.30997198587875 -2.40701878914703 -0.583486586272535
9.85627901961338 2.30833368995193 1.23002979648295 -0.375417871309346
10.2456511366938 3.59361489838229 0.486345334154329 -0.0754684339236659
-1.00323292063333 -6.00698005348603 3.98142588714179 -0.822519669193081
-7.31913099704212 4.79684420416995 0.740121622593127 -1.93318121383957
8.6970355422192 3.16271003575205 -1.20339853205828 -1.05353185996501
0.434965477511963 -2.88953702387778 -5.47234771215946 1.8572157210309
8.41034802841599 3.44121470542458 1.92700076217524 0.495021270243578
9.56947178217998 5.81492049321912 1.18430930253669 -0.361092461054935
-0.2653836181764 -6.7476992601366 2.89506489524735 1.52114230365997
-2.8754749714959 -4.74686289192852 2.98886314258651 0.532681232322635
-7.97106365038636 6.85034261887486 -0.340359919078693 1.10159701227779
-0.417024343120002 -3.86327814186586 -5.48513843390605 -0.0235048842584485
-0.404595780501952 -4.670547220906 -2.50105913078832 -0.0175748005108278
6.5156498436339 4.28921586477695 0.449202059436785 -2.12151451886324
1.30677580217765 -4.4378875775944 -4.87977593474884 1.59150720921076
-6.78973008740917 7.16486160449581 0.360868315705093 1.32379199547974
-8.12706206430811 5.5325121858082 -0.742216909205624 -1.15511943937888
-3.16355732150218 -7.83036650820309 2.69452707939151 0.0799158283179972
-0.498405880651665 -6.36803069639762 2.58964282073272 -0.903595052180674
8.92608658822267 2.62203864115699 0.225597298496269 0.660142720595612
-7.77591836800296 4.46051219621135 -0.822672574389458 0.566094492014746
-1.73228674120163 -6.23925632700328 1.75233946992727 0.410843440110705
-2.83667553296377 -6.14540872137243 2.16799154798439 -1.58654498018312
9.10066226188871 3.5881565797289 0.996522342284011 0.280825443688614
9.82397084851988 3.73113157035659 0.0030307382414992 0.655888820108304
0.295862019307567 -2.56168525033047 -2.63031219587013 0.669369130484659
8.88077780726573 3.05598461616382 1.62365525863333 2.36439290991095
-0.292053819356227 -5.54344743135766 2.01552597717961 -1.62604540975168
-5.69915826152565 4.66107934653218 0.955190180380242 -0.743084755598482
-6.68726838816042 5.88663170650112 -0.636674220709871 0.45557282185886
-1.44879616124054 -7.34358194854546 2.72217832854014 -2.31919080215923
-1.79168664918649 -5.74515041672599 3.41920803879286 0.518721271705415
-7.78674536718661 5.50047198813233 -0.304675672330242 -1.1352153193449
-8.41406412375789 6.04837040689274 0.655209369010078 0.962559486249856
-5.8299865955122 4.69878786053825 0.849328311659908 1.90161790773009
-7.48779784277216 6.1365667793996 -1.55179819115048 -1.61365820424135
-8.42378340999343 4.82748403373295 -0.667944677930481 0.187995679815762
-6.7392531276275 5.14464958146288 0.552910049945554 0.491582949087205
8.45220268945629 4.53557871015997 1.337716851942 0.10432092352795
8.64042026704253 4.51945579623416 3.22001215522074 -0.972429562748611
0.401955634018521 -6.55655133373454 1.85507478474517 -0.906737844268777
-7.06543716895145 6.06896855774092 -1.20343449982222 -1.86631666734638
-6.33203165628406 5.97573569187567 -0.413815313518642 -0.294685494218921
0.69763990331713 -7.3612096862095 2.29162258958319 -0.447728183563992
-1.09687312109759 -4.94970556069326 1.88590634324149 0.428030597415697
2.22119372556403 -4.05642940963657 -5.54152325362329 -1.69584555339343
-9.11849470618129 5.32158869477588 -0.407825256678284 -1.36798541483534
7.52586824035743 3.56489020811948 0.547410079096972 1.52994429558709
9.37911841422183 1.3221824867767 1.63715199736277 -0.228969810994177
-0.311294574240073 -7.08001050743753 1.60626432983235 -0.261080301534642
-7.37210970207152 5.84493204206104 0.860934594490313 0.0895646121827464
-0.62079529185402 -4.70746867453104 1.7778269712026 -0.510289992404686
-8.42991462279928 4.50928278667271 0.798388231248364 -0.601290921312776
-0.942026668704173 -3.48486699963 -4.53551243228061 1.29505018819684
9.35039765772497 3.49117396459501 0.62047845993264 -0.00370161545866783
-0.176740269918529 -3.12726054519798 -6.09423367227218 1.49108285566986
-1.3350507038795 -6.93110520896244 2.26441315482185 -0.39051316308341
-2.43869875727289 -6.88271315197047 3.66624027617379 0.687749194234974
-0.159444020533936 -3.93497698768354 -3.78582970394007 0.515847744579355
-6.28187657102277 5.52606066576355 0.00402098043882824 1.0059243211144
-0.658524790514563 -6.83522439796737 3.32693088002369 -0.164919452578198
-7.78389597375021 5.47955196411925 -0.528437709583015 -0.149899880813163
-0.687339626001386 -3.5582782527775 -6.52515505956437 -1.81228746578705
-1.34886502847371 -5.24811267513751 -4.81759211839658 -2.16100335802299
-1.69264425360219 -5.80655577089709 0.943537600586927 0.741169101110905
-1.54048254930624 -7.5064156652046 0.669541050329046 0.933477202143874
-7.4093656416026 4.86619945214946 0.538002467139469 -0.208073140870274
-1.13144240997761 -6.87546962204323 2.19194627117413 -0.300740536671543
-7.42236135758384 6.08817165614359 0.585272295900133 -1.52472038607884
0.940186684573091 -2.97147279232571 -2.6804628865548 0.514121160686584
-7.5743847880584 5.08650397093253 0.196455234374747 -0.82787941636565
-6.62991769497579 6.49768655699649 -0.924602336095696 -0.35023125381275
5.72539443938132 3.73936370370821 0.644196138494614 0.935414227507289
-6.10626061444596 5.7774598289412 -1.05565541406766 -0.696635390104634
-5.74800382566498 5.31243216136006 0.352626336770065 -0.0749621260837138
8.80331385776433 3.08719348366691 1.1610689036171 0.67869908126961
9.83919353683023 4.94726849671923 0.0725330741467012 -1.40291526369139
-1.99852592157366 -8.54981254590928 2.25220497943633 0.825105753909263
-7.44529394355113 5.45596102859543 0.214990639250797 -0.221614460073964
8.57232293963416 2.54821541418571 1.03101595293046 0.186125055434395
10.8873128169549 3.45575420278538 1.28050930100494 -0.569773360345769
-1.79621833226482 -5.83174041409656 2.58266820409979 0.291809009359534
-1.62573402871416 -4.26057216457991 -4.28016990085368 0.367837366412787
1.36500453596974 -3.99521742421044 -4.25361900592996 -0.858241978381898
8.78528789583309 4.5546527941478 -0.406337922107132 0.281035728456976
-2.82467803076736 -6.67309441780264 2.66190641126922 1.04842746029129
-0.00115475228606103 -6.20604423649656 -3.74582273937061 0.330230368427107
-7.39596819033406 6.45976973007169 0.665091247234094 1.51962197700075
-7.19992309574413 5.83680687369761 -0.954300870513405 -0.608715432779498
9.92112756865157 3.98827176193287 1.28855744754093 0.136699743378306
9.67510398196395 4.43130951087439 -0.561505578950634 -1.17994711330511
7.88312615939808 3.10774503601701 0.673556953334029 1.12444570343017
-2.42884338417037 -2.66279040006411 4.99123872872199 1.72858523605772
9.27379255023683 4.20567127473432 0.433074127046801 2.35035918195167
-1.09363277506224 -5.27245987012078 1.98460933874666 0.22241273205524
-2.16737359728079 -6.63281355218164 2.31966083555504 -1.09760141934817
-1.5693237052451 -3.45562446900634 3.01605692682592 -1.50850417353047
-5.97893591760435 6.80568579720666 -1.45659496291294 0.712959906066374
-1.76046681339941 -6.52062904026564 2.35537245494488 0.510718665850549
8.97841196898219 3.7785740039845 2.48846135229285 -0.094200968112411
10.533233251858 2.84177885328775 1.10444211652252 1.11581570354469
-7.74650591843447 6.58597898593813 0.365863258729158 -1.39682499565978
-2.00620407421889 -5.83981066376867 1.34749998929539 0.188040754794377
0.427155895677323 -4.73614857082262 -4.34919747639119 0.607198475624269
-1.95453526891109 -5.11529773516689 2.97167291133158 0.449752047184432
-1.00052825183999 -4.31879962663923 -3.29625435737144 -1.52528211849944
-0.658026003496699 -4.92600324302075 2.09947190714375 -1.02955376157275
-7.30879314504055 5.71129215629969 0.257921221610372 0.641085542007924
-6.64901452526141 4.90564714252037 1.7200250041694 -0.582172667325786
-0.795780968343364 -7.51249854029539 0.919124652495875 -0.32592541313992
-8.04365563343379 4.52578645853183 -2.67038555530515 0.984706178028392
-2.29882091419707 -6.48095205351783 2.4168770698386 1.29297452118213
-2.81476789174552 -5.83348165193293 2.13447968587862 -1.71961895191818
-8.15177453741351 6.52880774186985 -1.85093434505606 -1.05479171346468
-1.85167645187753 -3.5713384530666 -3.80344434078859 0.523275386118987
-0.841913347685796 -8.3871461254284 0.916925987452033 -2.04599254217822
0.37952537951016 -5.41863911705568 -5.07896473103181 -1.63277036721469
-8.00997061394559 5.61281343493154 0.207679592113042 -0.195848151618377
-1.42101583443243 -6.3652796311617 1.76493565968741 -0.803835461181861
-0.525296631655849 -5.48092955331956 2.03949293979607 1.02648225679424
-0.306716333382871 -4.15366364334969 1.79650864368604 0.919999633928671
-1.45442792425533 -5.49180158324866 3.67929772273712 -0.152395920647383
1.90898343277958 -5.88432844282773 -2.22154792731383 -0.87094477997043
-3.78635351145623 -4.8264229675296 1.99329492541137 -1.48956523030341
-8.29317628552401 5.81779576781867 -0.124722736116706 -0.416149178983399
8.51440390248208 3.89224446536376 1.3504923197099 2.13333840417423
-7.35666426175897 3.81161301347366 -1.17541322631671 1.19781646541686
10.5456861699326 4.8632026485948 -0.537189516276524 -0.294763112208099
9.25690462713213 2.92630048643964 0.611918482212747 -0.827549968278127
-0.0835847771607229 -4.50301503861311 -3.12111634803218 1.4392525670645
-5.28880985287158 4.51916295927948 0.0488254139307403 2.85700769019009
-6.12821265568017 5.1899661432299 0.00967820219107889 0.123952005162308
1.16907533549398 -3.82655491084552 -4.45705157752567 0.366415609491271
-1.91143604650101 -5.37879022387754 2.66222690406371 0.818375764717247
-8.24504429894225 5.56534806966482 0.718753400450173 2.00840009553308
9.00081014040665 2.69975547771295 0.53146236418536 -0.382478585698157
-6.87540220345646 3.59898065937749 0.497906974674327 0.341517639918237
0.814072027420349 -4.48680258588181 -4.68192742358637 -1.02572526998005
9.99419783586308 3.66559152562382 1.10911853753644 0.790199475194315
9.03960663190269 5.96901840095449 1.15992930566927 -0.277358453512724
0.699838584500579 -4.34602164908709 -3.93376033107629 0.434735074570881
7.49762942491362 4.25133452015877 0.0671482605697197 -0.495116008214283
7.71228359664246 4.43630996237931 -0.281364275348568 0.250610056465628
-0.210808243445728 -2.42164183924937 -3.90751469465236 0.460054747446209
-1.64241419246298 -5.30635176019052 1.56515854641336 1.43792082282922
-2.02573117928562 -7.44823161456948 1.70272816580796 1.00729009752667
-0.700378069834283 -5.97772222634942 -4.34268606965013 1.94298771315878
-0.0488298212220166 -2.47002370406326 -5.16204403990681 -0.739490232439155
9.5853248483828 3.1777336442164 0.857340389474384 -0.24394590333603
-1.59741306277392 -6.40426347944283 1.46762767493909 0.356131299625585
