"LD1" "LD2" "LD3" "LD4"
-9.59975879516562 4.46726833777679 -0.198125020785686 0.147715905028605
0.985387367904467 -4.29447858845239 3.49122887030952 1.28716147956298
8.38521120887556 5.41074017326149 -1.6940318530481 0.463511750330023
-10.7470273142019 3.62722822635811 -2.78383097984489 -0.0914590348478105
3.87477644038845 -5.30125726708691 -1.51686914919875 1.13629046647095
-2.84421826625109 -2.81963549246387 3.81115667115966 -2.68301772091107
1.18134874448782 -6.48518449338997 -4.35856869640447 -0.619804163906937
-10.4761512261842 4.59597411827482 -1.20321781284418 0.0759264965996278
-1.25440532646443 -3.47917091926984 2.75407611227775 0.330596276533157
9.2730830331659 6.13865545381492 1.3593943955428 -2.05003681182404
-11.7885452753624 4.15586762650227 0.831503863710171 -0.0742011099695986
-0.805343861813336 -1.92193230554823 4.28116456909876 -0.516943955529872
-2.39761074968267 -3.16835245778131 1.12562364528224 -1.33631382498257
-0.593169222107915 -2.3621421950129 4.43776744175697 -2.21806902455389
3.15571467359579 -8.00609857647557 -0.957971962510195 0.49046726500738
3.41831176249227 -8.36097775345779 -2.94836184260598 1.10153239329847
3.06383980559634 -6.11526694922431 -1.4020409022472 0.179083609100989
3.11916360601786 -6.94063076971331 -2.36083894757488 -0.35816562394578
8.17061336721118 6.00613099848452 0.553572026677562 -0.150570227393346
8.39067404844729 8.17105416186912 -1.01254066458013 -0.315564025760825
4.20214163057637 -6.36557047809446 -1.71328788728837 0.643097893741158
8.67222419150747 5.32360656170274 1.31489423728868 -0.80841108404484
-10.4270937766649 4.31071310351457 -3.18803442601173 0.311205173184773
3.00367969489483 -6.70120951405239 -2.03470990053919 0.453242209643761
-11.3707347762085 4.47857676822891 -2.32042332850173 -1.2146491895706
1.96781604724003 -5.71936863125855 -2.11416408826548 -1.50442927753406
-10.1962181869893 5.06560498046585 -0.238559524331166 -1.42949336715661
2.35593480504356 -4.94799933586152 -3.31993381392695 -0.148653605912745
-10.4553628513386 2.24186839305608 -0.735917842473792 -0.924531978049565
8.3055971113055 6.8334605882033 0.0511195513218967 0.213446608322184
2.06902778506174 -6.85000226641303 -3.76492005152385 0.119564897295431
9.09772014098554 7.00890134322257 1.7727987666226 1.33656622023124
-10.2777742663072 4.79645811535064 -1.27260967439741 -0.713537023724793
-10.1404681911513 3.30364498638839 -0.995193871096024 1.48664685565055
2.79135989960643 -7.26374172877207 -4.05801864276864 -0.960814369192556
8.65444903399532 8.22525211522259 0.332395215004116 -0.480736519724434
8.21066473927934 5.01282699916833 -0.262961472574328 0.860598866399156
1.3278766199816 -6.75002645938569 -2.41881316837863 0.443586331893042
2.21159766206056 -5.76448397690103 -3.59093281426873 -0.181992229313097
-9.666353567367 3.30316462270958 -0.9792976021218 0.209325113841017
3.13572370037308 -7.72252858751365 -3.13642739622651 -1.25715563990869
8.095609534175 5.85102044524178 1.45421318097011 -0.445761130181736
-12.015728751462 2.52613954863217 -1.33254263217621 -0.566386890453308
-10.955148340403 3.50254543848851 -0.459003718360651 -1.0007714433615
-9.04299132142258 2.50066221806687 -0.250226123353696 2.56985907904355
-1.51165974338913 -2.81254407999556 6.87797920697409 -1.31100861463614
1.922535017011 -6.24737691941038 -3.38122148548683 -1.00642351431112
2.40968013932924 -6.2506159122541 -2.29349808072791 -1.04415031420567
-10.7495221807478 5.79994798389896 -1.8900274980173 0.845091368498419
8.39226710094429 6.26967305937778 1.24692670427116 0.541008267836372
2.31461496555869 -6.83645286525064 -1.28900347865264 0.415611171888252
-3.38909408933041 -3.84197863321737 5.34428204842098 -0.211072071206477
-11.7588087976728 2.45014886445292 -0.0581778259930161 -0.417006163038732
-10.7316881946042 5.45481949776251 0.0396886357610838 -0.891849155003417
-0.464841692119099 -4.04482393424912 4.68196098716885 2.50169722729586
2.84987415838147 -6.01619850509496 -2.78722458651585 1.29749042824393
2.73531378281797 -6.57437401323316 -2.22345314374501 0.518303210474601
6.41197383979687 4.34141571395827 -1.11999295272254 -0.117291340751524
2.93358232986606 -4.3990649265857 -3.66209652750032 2.57371071546066
2.22030935060313 -6.23250532005942 -1.6118697494096 0.16117402122022
-1.29927082030654 -3.50215036460375 2.59276593204609 -2.59703646574424
7.71934162112748 4.32827238524712 -0.199406064318262 -0.0257220746501924
8.6700352339203 7.25019893224197 -0.86927333029624 -1.45580499926132
-12.5565651756744 3.54953503085031 -0.684022348446459 -0.649348343662248
8.2083097160169 6.96891355039708 -1.10814498172158 0.175674882316876
-11.9251248726523 0.762842068258363 -1.50953928340831 0.647342562945504
8.62053908993987 6.57644421258129 2.22124939429714 1.18554668688181
7.34023206652841 7.51634786410165 1.10202278484394 -0.399148339104225
-11.9504600980936 3.81857525339621 -0.730733867042508 2.3630975476972
2.73111019322051 -7.77729093076571 -1.56796511820794 0.458954727715925
2.82939228151719 -6.55993037261403 -1.75118678424089 -2.69660192699317
-0.716677409606676 -5.41861179582254 5.16229063202189 -2.09233728419601
9.24278756378325 6.80227710143611 -0.437953000466752 -0.476817369752138
-11.24055928461 1.99390262670654 -0.295899019035214 0.245234786590941
-0.444488448295751 -5.91721259670571 4.49636805145247 -0.511983902623182
5.85398689476321 4.99894654466806 -1.66981345171844 -0.98405393682635
-11.3098433230932 3.28542294117966 -0.801325497547002 -0.069093632269841
2.00980241094404 -5.00160204067886 -3.70003691100749 -0.218816164609763
7.47307389837234 6.34065153897853 0.113202629628073 1.37126822280415
-2.20169741743569 -4.56211433836998 4.69147969455171 0.654669572562736
2.45168439830919 -6.72134691580549 -3.79874205961071 0.428715396910381
-1.25794486052819 -3.59426179228483 3.45946982200066 0.920419212275764
-11.4358107534702 5.16712529888044 -1.14850733401648 1.71068563105577
0.492090838847321 -6.09598773638802 3.0842463391445 1.12352285637173
3.01627129719968 -6.63488701476489 -2.32871463323286 0.0798879457347987
9.35433673369081 6.59977490080856 -0.428245903089088 -0.336014542803648
-9.44672337852947 4.00868966049521 0.0181209639895978 0.116480788608483
1.67653923979815 -5.74263624940551 -2.29096900238081 0.773406958272729
-9.94837102040046 2.94043018458824 -1.67907503087477 -0.281920188047981
8.61806277989488 7.15571415545586 -0.329107227193083 2.06297608813739
3.23702772212004 -7.13384057366076 -2.60661540254143 0.590344956961762
-1.18248744309929 -4.99598966908859 4.61597543323482 -0.912800227661031
2.40278791195399 -6.39948388093241 -0.932115880781178 -0.273624698211781
0.489183666138245 -3.89861344226522 5.7937679885562 0.912520593731412
1.48003559054976 -7.84095493482032 -0.987309002644137 -0.00996535046135977
7.78059047761278 6.49093627165821 0.757789330358031 -0.249385494366981
2.90374237220486 -5.9881212400337 -3.28462271608188 -0.819285090809552
-0.109396956978354 -3.82416294261701 4.81828920267894 -0.174390299176743
3.58315689534563 -8.10537644379909 -2.76540597489958 -1.18315088199445
-0.587881369509261 -3.60908294234421 6.35275650085328 -2.39378041882822
1.80294730582854 -7.45572788335523 -1.91318983135267 -0.485316288747392
7.17499748337483 5.81760973932563 -0.172216058216614 -0.714359096540888
3.96782569740053 -8.84033750490179 -2.85149887607766 0.702791233492127
-11.209565405868 2.81619568163446 -1.13872078617945 0.309420713103558
-10.1055685460418 3.96250705351321 -0.607033849343145 -0.99935023622569
3.29410268655564 -6.45177688586741 -1.74814904492266 0.61206740346532
4.46592076758712 -8.58314268707819 -2.44358051735934 0.258988888636014
8.58509941090293 6.23717797933368 0.658229680399826 0.817250716232431
-10.1506085683485 3.17907295461866 -1.21591185101453 -0.894063120671677
7.38526147187399 6.71996780710185 -2.23664809191613 0.98442590113271
-11.0310938293245 5.44781531322771 -1.84212793465209 1.09131321585158
-3.04286862827285 -4.46337711160577 4.3161027291096 -2.79472373054339
-0.427789214379886 -2.97037057532023 5.07273567593401 2.1889784615828
3.27719121738706 -6.45470221940106 -2.38289533106632 -1.62415276843546
5.78503613762624 5.4651792960299 -1.27704381389037 1.16467160929224
8.70806887463872 5.19269268085227 3.01859217107192 -0.526217880868166
-8.25442133660624 3.02022648363073 -1.1838292864327 1.49596357547223
9.3590540525628 5.43191780110763 -0.161528458841293 0.919424504276139
7.22956641243344 5.13496000448663 -0.571916525515206 2.08887618585982
1.69953116151107 -8.11932827957071 -2.55213041080617 1.46797463096523
8.82542826008398 4.29507203403477 1.43451996302517 -1.00498703311862
-1.14250540481647 -3.53058405499659 7.24160469194458 1.74943264576243
-11.6437230414626 4.50727524817151 0.28011984625281 0.410636287267287
2.36507315025263 -5.95063409072881 -2.87256648414725 1.0755242842225
7.21376079420758 5.8150229401394 -0.11600229954092 -2.25372955957313
-1.99671630143941 -3.10901778552984 4.23679347824226 -2.38233981875295
-0.955482795237497 -4.35559826073979 3.62655109210461 -1.32351617188141
3.45501721685541 -5.95594631517102 -3.76635808824916 0.171127324298749
8.0363262174665 6.96294481348766 0.433718380954787 0.497626294243658
6.80080949356186 6.23182146253716 -0.108086605248619 0.0534523989644664
8.67388377713719 6.25128164575 1.09403761722926 -0.0293645988217763
8.58972735893448 7.66467514720341 -1.09852510633963 0.623264189556334
-10.1448076045281 4.05131971908152 -1.57522008555175 -1.79722931786547
-11.0469940713405 3.67514390971575 -1.04695432858023 0.200585149473185
-1.73540328063943 -2.06880848105995 5.13540151170574 -1.29293030745769
7.20992090651317 5.64685319043129 -1.00839980967919 -0.415670973948177
-0.455894373588655 -3.66202551373259 5.94342193780409 -0.495474257257371
0.334856694648822 -4.48968773936127 4.71336056046566 -1.01635895311008
8.41132193779955 7.59093024702541 0.646404327110999 2.60399150397263
-11.3874625647532 3.41826754487839 -1.57856340677195 1.11548416931984
6.7113890288005 5.69506103779895 1.51959343819358 0.23759010193131
-10.6651129982194 4.04454418240467 1.28994903358505 2.25767223000786
8.20775716100888 5.92666455073383 -0.574819313044615 -0.112311568156657
2.26519873065063 -5.1031388499889 -2.51380816461612 0.846636869954853
0.525347389937367 -4.94953392628592 1.39496957492339 -0.879865247225499
7.65493222550853 6.38938370939355 -0.258637676020025 -2.23556904517816
1.82632267346329 -6.26986197992649 -1.70851309989533 -0.739892284031972
-12.4702534856064 4.23189921887427 0.447628821533185 1.30888592692645
-9.1495561575311 3.61449056636263 -1.10991004333485 -0.644701319521449
2.18693482279888 -5.53605057362896 -2.32565478342836 -0.267368930533457
-2.07226459125989 -2.47736634027284 6.19208808673648 -1.8352422254305
1.16043534609378 -5.22009451755505 4.80235835411198 2.33612894364558
-10.4044651918098 3.47240245623254 -0.804492532929741 -0.316798971684054
-2.36048636858863 -4.30376976487573 3.68728809359558 1.41190209211944
3.62263511242908 -6.03721136167456 -2.31191343853362 0.427462245526056
9.14613134679771 8.35776340231807 -1.4746899816738 -1.2962473265458
7.87696093547028 4.59865586062686 0.0200297304136675 -0.220283619892536
2.08907681998471 -6.72282393007073 -2.07445416088211 -1.46169672161485
-10.6533663071022 1.37743486372089 -2.39718766329999 -0.13632184406254
-10.8333202021236 3.30079896929832 -1.92331654120623 0.696630116958296
-11.1325978656387 3.00380203044037 -1.14077161340594 0.139066601522786
-11.3411867894366 3.88530566345007 -0.780594513465354 -1.08387712819464
-10.2842076812224 4.41361159454948 -0.353526965537742 -0.831537686692324
-8.46520140424158 4.59205669435062 -0.425242723280694 1.27318949561052
-11.2728024633312 3.22805113544226 -1.14551725437872 -2.96028836172636
-12.2688402182442 3.16493843401915 -1.64490701830345 0.0143703646159882
-1.87753736844789 -5.98459117442904 3.29990479338434 -1.25733336296217
4.09260722403335 -3.13975321889409 -5.02571937044236 -1.85460540262631
-10.3696794154977 4.28289660009838 -0.242427762514352 -0.0274376731678243
9.37952383450985 6.33626240674164 -1.41996099896247 1.11071519887739
8.74874233331491 6.93309278687491 -0.720433126985074 -0.636871613096231
-10.7842019293083 4.96330861877872 -0.631200946786382 0.665172486268648
2.94682797181883 -7.16147187881333 -0.851586949746987 -1.42502002864073
3.69578224652186 -6.42419499685847 -1.73608174804659 1.05896101840858
7.2727972096487 6.09085203235129 -0.155263090072712 -1.25846084333171
3.01206866722975 -7.25785282921285 -2.12413263109914 1.62194331813455
1.36840348068281 -6.24683952807941 -2.92078459184995 -0.00849327176236479
8.16270569278167 6.64432924941526 -0.730920151846369 0.767152061460669
-2.26844423960299 -4.32600602236664 4.73710783024765 2.82162681266651
-10.0292699321479 3.192935122482 -0.627237670861574 -1.10540232997015
1.42879341517348 -4.81382811937378 -2.47617352217577 0.36749272076086
8.16977463836352 6.40112691922328 -0.0483347181169594 -0.545520030599817
-9.75923415377633 2.97910420724954 0.352789082310234 1.31324757063134
-1.35631020588512 -4.32065514935381 3.99600142173615 -0.561912832270396
6.87788309224175 5.59657987752743 -0.054840834347244 0.957418891587608
2.24675655539804 -6.12274983546453 -2.29001996199427 -0.657672963198977
2.56428163511888 -7.22923356568628 -2.86898928233702 1.20662733759853
8.3625226985873 5.50375733990349 -0.557314063722461 1.67068422429382
8.3070014006604 5.0951117483587 0.392944593161545 0.55878529956517
4.50855375402395 -7.24889531884963 -1.69138479114809 -1.57874179827137
0.0284220481623347 -5.37776069424045 4.07565933626775 1.45446746085693
3.58490360932185 -7.32823696676559 -2.89823634983937 1.56127664556949
-10.226073586442 3.54576268576255 -1.40495588670365 -0.100734806804546
7.8726238357132 7.13064573580849 -1.57856772276344 1.30461498226494
-11.9938573283964 4.73881844743304 -0.0821318528666037 -0.511154096555574
3.00362954703176 -6.57936484855501 -2.36640353581582 -0.104719996219143
-1.46340194022041 -4.62088554226111 3.16575021585402 -0.327522505396997
-1.49312596058937 -4.28806275996637 3.30933124706644 2.25080215734315
-0.167578469167249 -4.71297608786279 2.55743760452831 -0.0157143808414697
0.158828340086621 -3.29317247538547 4.45587124256057 -2.63027581927515
6.42933910517984 4.86734511932811 -0.375020892504141 -2.07133691661085
-1.38128089729047 -5.84692373950221 4.78612514394498 -0.929110960063611
9.53995265727353 4.9034705834042 -0.235722914345902 0.404459617812965
-2.1732778909202 -5.83703940388293 2.0954670853512 1.15777350588881
0.194203660503171 -3.85558590511109 4.66022110607991 -0.588298115311103
8.66222522488729 5.87529905437491 -0.467530155749001 0.288488613435561
-11.2230070289918 4.67236420229214 -0.356067101900797 -2.4923752826426
2.53050939257468 -5.89398586676907 -1.4994143804575 1.09354921669821
2.73291434773289 -7.51907256061487 -1.51962207510475 -0.62283279049563
-11.4411026173313 4.91633714459661 -0.402124063833135 0.0646627972807896
-12.4326011643669 2.2271039778178 -1.46363819301421 -1.1196315395957
0.395352192411344 -7.77393173078926 -2.30008810894198 -0.137221981934688
3.36233202292014 -7.13730217157665 -2.52321321233619 0.647257642054662
-0.424905456234606 -2.99646957791491 4.82666135402791 2.61469648192939
5.71225001684086 6.81624862089261 1.97083553449647 -0.497734923822765
10.1488403009671 5.80253786622016 0.784890609355373 0.440740438239029
8.36473930976226 7.68130052546691 0.264415333510501 0.684291649216598
-11.0837001903168 3.50571052847664 -2.5933344498715 -0.808543972739781
5.72378482067362 5.57038983151592 0.880065152937688 1.78724253978033
9.08971718669946 5.98324177646417 0.244936953100113 0.0190895307421018
8.19622658439068 6.16644527358258 1.1769387647709 2.07599903306292
1.85700609880103 -6.11124244184842 -3.16643746149801 -0.830171823175872
-0.0126243311718313 -4.74391397163941 3.5499420119002 1.33742191434356
-0.418061506283441 -3.54438491049589 4.37782533531161 1.96292265316013
-11.5146039458055 4.55526097982403 -0.591198100267198 1.67806515544355
8.78986301423676 5.63646961630206 -0.782786190166246 1.3526285057764
-0.441385603363094 -3.98761139886588 3.90765127538998 -0.138665734668278
-11.2388185637936 2.97135800864215 -1.25888050813805 0.17614498199352
-11.4816441554882 3.71182053509402 -1.27914802349134 0.144904048990198
8.07245758813344 4.58696447477045 -1.13227716184918 0.0160606273997915
1.9936574435192 -5.45265172427978 -1.97232967265025 -0.904667513471078
-11.4243703308401 4.53886044041085 -2.24761242955153 2.39960216614627
8.72712324768938 6.56615318583792 0.129212656889814 -0.821599653271904
0.479573600556783 -4.25254887935471 4.45303064994035 -0.555902114751425
-11.0127493103623 4.5465321878753 -1.15436918282694 0.64824079452685
-11.1090993812573 3.84835799960147 -1.67974064713355 -0.51563203428728
2.39606518383356 -4.98847297608252 -2.67660356178704 -0.554396335766641
0.36767275297546 -3.83200425057066 4.63252289247927 -0.527168591248443
0.533887001567563 -7.59260357512302 -0.942411392496738 1.12509338848149
2.04054400394315 -8.34026133757068 -1.02051213129768 0.668662100874582
7.96246252787745 6.07337494176431 1.12101873836904 1.20363885500039
8.95974908899262 5.71470671059447 -0.268186155932593 -1.6636346683742
0.118922873150484 -5.86410291061804 -2.3409131755356 0.828849250280974
-3.68315186974349 -5.77463787597615 5.00931535658165 2.57216597261772
7.92979983204834 7.18670497452504 0.582555364144297 -0.849662353351866
6.70935218147238 7.24345151716351 -1.61250869706278 -0.159565410867268
0.504457948831726 -4.82614233665652 2.88143829533073 -2.21821303204312
2.43075087365178 -8.00170707995091 -1.39394865717089 -0.991204368115439
-11.8068891056073 3.45882856279051 -0.773239452845208 1.19153735946656
-1.01849743447171 -2.1742599506692 3.20336745389008 1.29713024118002
-12.290658286968 5.17877000901358 0.570842493731692 -0.196582072248167
8.5653214878254 6.8498716400902 1.59645969485048 -1.33313124704384
-10.4104996907624 4.14509278462815 -0.441779670362944 -0.321623309035424
-1.72266049776352 -4.3956091066886 5.00688396451963 -1.74743840807581
3.74002043215583 -6.26177801728275 -1.31608521376855 -0.357060671096344
2.2616785650156 -6.16067490282975 -1.54265865256655 -0.00122354979375932
-2.83827731554784 -3.86826381815277 4.29936781024521 -0.439373387252673
-10.7815788910604 5.13713707353167 -1.49094531899667 0.441488711020472
0.415500035423341 -5.40065520540694 3.60991917753883 -0.503052854542642
0.964587969809177 -7.01453220858562 -2.19245956040916 0.968295013050489
-9.6463074668658 3.77040204724875 1.44475423364315 -0.126316486011303
-12.4365282953079 2.833381193227 -0.900020817173776 -0.458381664584069
2.63274788420037 -6.33174093715682 -2.49322477275349 -0.952035616956231
6.98245474054582 5.94930450531523 0.358177398692961 -0.794833217426597
-10.6912256234064 2.72989461133696 -0.564853713483253 1.17661436109653
0.606901560843365 -3.44525755056591 5.42694049997367 -1.63730882821685
-1.89184011117269 -4.66482202075518 4.68352597068874 1.6677420863788
7.13360043532338 5.81461187609308 -0.138571950602277 -0.0964466190490515
7.19770289267291 4.34906912544438 0.3767685566298 -1.06711205685528
-2.75845006747003 -4.80331536089982 5.08265847902919 2.33738796846444
-2.17964212835273 -1.95730724410064 5.05519932538957 2.78044106864357
-0.510709087738101 -5.41917234453852 5.06406299360897 1.51875255198304
3.51792735666797 -5.85990581713092 -3.67662169469117 -1.00088844489423
8.77730362650787 5.08018971575259 1.79715481535925 -1.66099600298845
-2.38699566283342 -4.33046129724907 4.68860484266015 1.13847036716409
-8.29412632935807 3.52603315515688 -0.0285055697486059 -1.41655455206127
1.97608123460223 -6.24979981547777 -3.54451000254216 0.620197687361948
7.42166830773888 6.06171135539721 1.16921171199121 0.359381846676861
8.78715979726646 5.6947146795092 -0.787699877131821 0.158199805671359
8.95116542609886 6.65593029105527 -0.0205188018277875 1.1017270481015
8.30832602454136 7.39617900508965 -0.735178292141487 0.443762308189473
-1.56213313113068 -2.62994181647028 3.50431602474393 -0.798721338804295
-9.44398892169186 3.07672310539733 -0.680068775260274 -2.06365839352117
8.89615084454582 6.36588247681214 0.0751891642064102 -0.366466315141701
4.04214054670407 -5.15297137817398 -3.03183547151857 -0.0595035250991106
6.61180543063002 6.86978884574541 2.79275106820498 0.442205950544744
-10.1126888569556 2.87970812727902 -2.14539980747969 -0.642969052595754
1.01142964655054 -7.1864687410235 -3.2018451680046 -0.358506382132435
-10.1878073293161 2.73083829325628 -0.887113474647075 -1.29496225001237
2.78572768894005 -6.39656589411463 -4.13525161890916 1.42932852056938
1.98226098302174 -7.59996572335075 -2.02357176031362 -0.0738662542175686
7.53333163903704 7.80118794679564 0.23220848032238 -1.42743812088649
8.31288907312394 6.04975500939657 -1.93025937722042 0.125222074109033
-11.4683259438023 2.52678744510174 -1.60141623551576 -0.121815984128756
2.67701108041214 -5.60796168677397 -2.63475968980845 0.555430270721395
9.1058326956516 5.78571439572792 -0.138385501640657 -2.16315283450687
2.60988261596287 -5.28992536141518 -2.22814068724126 -1.48294182816411
-8.92863994465006 2.83542687302154 -1.51541438696475 0.887174826351115
1.82434067434625 -4.88216197049302 -2.01796304767586 -0.108909433503848
1.23137265982134 -5.98327952391386 -2.10550681273422 -0.199623685425112
