"LD1" "LD2" "LD3" "LD4"
1.54048254930627 -7.5064156652046 -0.669541050329051 -0.933477202143872
0.923361520054952 -3.5274647293708 3.83858177952984 -2.32249291015505
-8.07333321375017 3.28526755121982 -0.92194671173444 0.839922350666864
7.5405104543734 4.86863650808313 -0.39660133249986 -0.828729996895477
3.78635351145624 -4.82642296752959 -1.99329492541137 1.48956523030341
1.35170005029225 -5.79490963434966 -3.54162081509112 1.15538789037642
-9.09122950184202 4.28164610245006 0.0819545932103629 0.129252255558643
-1.0749850599638 -5.16236497128655 -1.91402007919294 0.924758510778465
1.08327659020575 -7.86629153719838 -1.10947559556219 -0.375228986063359
-0.940186684573089 -2.9714727923257 2.6804628865548 -0.514121160686581
-0.427155895677315 -4.73614857082261 4.3491974763912 -0.607198475624265
-9.67510398196396 4.43130951087436 0.561505578950627 1.17994711330511
-10.2456511366938 3.59361489838226 -0.486345334154336 0.075468433923663
6.47038982977804 4.31151225507214 -1.04255503817468 0.99646933484731
7.39596819033405 6.45976973007169 -0.665091247234092 -1.51962197700075
-8.50129139260736 3.4731211599957 -0.426279037396114 -0.162984353648873
-8.20117626387739 3.39680742805696 -0.462551164097696 -0.130476444771474
7.55548573434314 5.54252843386929 -0.17733638540679 -0.183893071412846
-8.53461978957539 3.79391754103948 -0.548267914871085 1.10153922127525
7.57438478805839 5.08650397093254 -0.196455234374744 0.827879416365654
8.12706206430809 5.53251218580822 0.742216909205624 1.15511943937888
7.37270584238931 4.97710852905595 0.435790860207636 -0.562957547270679
2.43869875727291 -6.88271315197046 -3.66624027617378 -0.687749194234973
0.306716333382885 -4.15366364334969 -1.79650864368604 -0.919999633928671
8.18721091195957 5.04608516211711 1.01523865853728 -1.56764016538359
1.45442792425535 -5.49180158324866 -3.67929772273712 0.15239592064738
0.52529663165587 -5.48092955331955 -2.03949293979607 -1.02648225679423
1.79168664918651 -5.74515041672598 -3.41920803879286 -0.518721271705415
2.42884338417038 -2.66279040006411 -4.99123872872199 -1.72858523605772
2.16737359728081 -6.63281355218164 -2.31966083555505 1.09760141934817
4.63615369693369 5.71521971582134 -0.904426024343429 0.523463165637945
0.517136131671887 -4.16725675454805 5.4575334167296 -2.62258814806218
7.20291574578402 6.54167440124446 -1.2633343431108 -0.0201137238656974
1.0968731210976 -4.94970556069325 -1.88590634324149 -0.428030597415697
-8.41034802841599 3.44121470542456 -1.92700076217525 -0.495021270243575
8.04365563343377 4.52578645853185 2.67038555530516 -0.984706178028391
1.11049093654351 -7.18062399077991 -1.3209761514169 0.87042907594938
2.29882091419709 -6.48095205351782 -2.4168770698386 -1.29297452118213
4.23354923556914 -7.66684269775848 -2.5452251596933 -0.290744859297338
-9.03960663190271 5.96901840095446 -1.15992930566928 0.277358453512722
6.28187657102276 5.52606066576356 -0.00402098043882439 -1.0059243211144
1.91143604650103 -5.37879022387753 -2.66222690406371 -0.818375764717247
-9.10066226188871 3.58815657972887 -0.996522342284014 -0.280825443688618
-7.88312615939808 3.10774503601699 -0.673556953334034 -1.12444570343017
8.41406412375788 6.04837040689276 -0.655209369010078 -0.962559486249852
0.937271755197746 -5.71228158745422 -2.75507285760532 -0.23512047383839
-2.22119372556403 -4.05642940963656 5.54152325362329 1.69584555339344
0.978359373786474 -5.08693448007879 -1.81780891960761 -0.537225437910829
1.44879616124056 -7.34358194854545 -2.72217832854014 2.31919080215923
7.48779784277214 6.13656677939962 1.55179819115049 1.61365820424135
-10.3780579286836 4.9464254708476 1.06125265128 -0.187273056679438
5.97893591760434 6.80568579720666 1.45659496291294 -0.712959906066374
1.4675696160253 -5.05902627310776 -3.4093396011282 0.269552879143596
8.00997061394557 5.61281343493155 -0.207679592113037 0.195848151618374
-9.63005801410473 5.07673632466144 0.511191608447879 -0.674542301501279
7.46076486107879 5.52633659200335 -0.295224595872987 0.308183062736712
0.606028073130138 -2.85890922188839 4.34697874126219 2.86993217555209
1.85167645187753 -3.57133845306659 3.80344434078859 -0.523275386118983
7.37210970207151 5.84493204206105 -0.860934594490312 -0.0895646121827439
1.65653408104511 -5.71742515630667 -2.35279692986615 -0.767322277418643
-1.16907533549398 -3.82655491084551 4.45705157752568 -0.366415609491272
0.210808243445732 -2.42164183924936 3.90751469465236 -0.460054747446205
2.04900765665167 -5.8666001849471 -2.12176758801279 0.505713458810303
-0.312143863925643 -2.44325530955871 3.11667055649736 1.18638960912338
-9.35039765772497 3.49117396459498 -0.620478459932649 0.00370161545866657
-9.42183493050118 3.72427792038921 -1.20132492321813 1.20322628749191
-9.86287578790261 1.38424389748356 -1.83882064266391 -0.0134794613986737
7.35061634501522 7.56470142322997 -0.720460562356391 0.0798371198178646
1.76046681339944 -6.52062904026563 -2.35537245494488 -0.510718665850551
4.42560103234914 4.79236116962998 1.0816978488578 2.2570805770145
0.292053819356241 -5.54344743135765 -2.01552597717961 1.62604540975168
0.658026003496717 -4.92600324302074 -2.09947190714376 1.02955376157275
-9.52393066730209 4.77158380642213 -0.013594596621674 -0.52717274851419
-9.82397084851989 3.73113157035657 -0.00303073824150378 -0.6558888201083
-2.09899219670712 -4.35371681327859 3.47962817908026 -2.2570851917071
5.69915826152563 4.66107934653219 -0.955190180380243 0.743084755598479
1.78931287965492 -6.23452147550239 -1.86744105424312 -0.354299933517299
-10.7971943906435 4.97976934350395 -0.975578573083635 2.5967924272896
-7.75626909589856 4.65145021172381 -0.562346030600605 -1.09552125190146
-1.13070624777695 -6.05397615615283 4.35912754903403 -0.845723205798886
-9.00119428905078 4.86569299055682 -0.921793913850325 -0.815594713748633
1.47274476700247 -5.60265061049649 -3.35129381490953 -0.0870235209638824
1.72077064524866 -5.75196010608967 -3.914235696934 0.08306089287086
0.378809144114846 -4.73112366805584 4.51056286834475 -1.47823941629232
0.00115475228607545 -6.20604423649655 3.74582273937061 -0.330230368427103
0.756242527355872 -5.54690804710259 3.0176255727761 0.427481787332683
7.42236135758382 6.0881716561436 -0.585272295900133 1.52472038607884
2.87547497149591 -4.74686289192851 -2.98886314258651 -0.532681232322638
7.74650591843444 6.58597898593814 -0.365863258729156 1.39682499565978
0.365041080137041 -6.26007877410285 -3.40704192649398 0.598663891707204
6.46521518612278 4.56271398260809 0.256220215058796 -1.33979315961381
6.99918555545956 7.24652001110967 0.510158478802576 -0.807192782310422
0.0488298212220078 -2.47002370406325 5.16204403990682 0.739490232439153
1.95453526891111 -5.11529773516688 -2.97167291133158 -0.449752047184432
1.33505070387951 -6.93110520896243 -2.26441315482184 0.390513163083407
-9.25984827687886 4.95770022885522 -0.711841930460912 0.673888512601257
1.13144240997763 -6.87546962204324 -2.19194627117414 0.30074053667155
-8.4522026894563 4.53557871015995 -1.337716851942 -0.104320923527953
1.99852592157369 -8.54981254590928 -2.25220497943633 -0.825105753909265
6.69443415293002 7.02246384788983 -0.536269920676782 -0.311979540425171
-9.67966726448133 3.38321298170056 -0.196241767693103 -0.0753219385234953
-11.2726926949955 2.61907323821153 -0.200661006154246 -0.602097969000139
-11.2631431041239 3.90370310076826 0.0523789186192514 -1.19421870415602
-9.55752763311727 2.8995710645025 0.0731680556796531 0.765970824973196
1.09402340696879 -5.31855848515 -2.14985072964715 -0.606648323057261
7.65431967808655 4.14797877531033 1.47012071945391 -0.823854878114571
8.42378340999342 4.82748403373296 0.667944677930481 -0.187995679815762
7.08150247025785 3.92344035329499 -0.593662493788193 0.375192916976387
-0.802644957913225 -5.19128379895433 2.80162158721325 0.897212024159111
-9.92112756865157 3.98827176193285 -1.28855744754094 -0.136699743378307
1.73228674120165 -6.23925632700327 -1.75233946992727 -0.410843440110704
-10.0919019846286 5.17644816956522 -0.307679385198442 2.41096783279566
8.24504429894223 5.56534806966484 -0.718753400450164 -2.00840009553308
5.28880985287157 4.51916295927948 -0.0488254139307374 -2.8570076901901
5.9236502891263 5.15289369131469 0.0731089631305225 0.991759065705805
0.601938584761819 -5.38495956064994 -2.60776298634904 -1.63019595930451
0.417024343120004 -3.86327814186584 5.48513843390605 0.0235048842584484
-7.71228359664247 4.43630996237929 0.281364275348568 -0.250610056465632
-2.09748216183297 -3.21434803406904 3.51418008728841 -2.48850538843807
6.87540220345645 3.5989806593775 -0.497906974674323 -0.341517639918234
1.00323292063334 -6.00698005348602 -3.98142588714178 0.822519669193083
6.62991769497577 6.4976865569965 0.924602336095694 0.350231253812751
-0.401955634018502 -6.55655133373454 -1.85507478474516 0.906737844268775
-6.51564984363391 4.28921586477692 -0.449202059436793 2.12151451886324
-8.85802117362076 3.7092048247509 -0.835813327611604 0.918261003505703
7.78389597375019 5.47955196411926 0.528437709583016 0.149899880813164
0.461248855570995 -6.75769535377059 -0.667583572557555 -1.24599351748954
-9.37911841422183 1.32218248677667 -1.63715199736278 0.228969810994175
0.808666407934234 -5.38402360597735 -0.943427628574283 0.70685615763397
1.59741306277394 -6.40426347944282 -1.46762767493909 -0.356131299625588
7.31913099704211 4.79684420416996 -0.740121622593125 1.93318121383956
1.52060424766187 -7.00083065004671 -2.45143312880853 -0.183044497051193
7.58299952808641 7.56803992954015 0.00476751370829332 0.273197325046525
0.620654621228616 -4.99995769504428 1.00025823268433 -0.713846701898445
-1.90898343277956 -5.88432844282773 2.22154792731383 0.870944779970429
6.2185578818126 5.26791679778273 1.34578881375622 0.617170950809589
3.0159572757463 -6.5023679589183 -3.23715721337532 2.06578763407923
0.355762737998153 -1.93990488058156 3.58924737158748 0.361577803232695
-1.46354783303032 -3.92915965220677 5.12066390859393 2.21391287057467
-8.37403317066836 2.36113238243571 0.732765528465165 2.49219945040902
-8.46818966056648 3.66296219245629 -2.8269098269814 -0.502595725098505
-0.0451831093370288 -2.82917927443422 4.56489595978869 0.764787881742733
7.77591836800294 4.46051219621136 0.822672574389465 -0.56609449201475
5.84303482048746 5.58007826630229 1.49384170629062 -0.353689017254433
-9.99419783586309 3.66559152562379 -1.10911853753644 -0.79019947519432
7.44529394355112 5.45596102859544 -0.214990639250799 0.221614460073967
5.83648004885457 5.58313940770243 -1.51634508908957 0.543638109051781
-1.11960312771929 -3.84600829189658 3.47695677762722 -0.346697975605644
2.4295618795017 -5.99672212801576 -4.185226912362 0.119257441708061
7.06543716895142 6.06896855774094 1.20343449982222 1.86631666734638
0.858858881896357 -5.81539451929356 -3.57968864101064 0.294252691149609
-2.29841360289845 -3.90806000018834 4.29566195375279 -0.0265784219850963
6.78973008740915 7.16486160449582 -0.360868315705087 -1.32379199547974
2.02573117928564 -7.44823161456947 -1.70272816580796 -1.00729009752667
-0.995735165982115 -6.33132125630347 2.97216648454281 -1.20307132705129
7.77483904965207 7.41986829629678 0.704249753998486 1.83632944342408
6.10626061444595 5.77745982894121 1.05565541406766 0.696635390104634
0.620795291854035 -4.70746867453103 -1.7778269712026 0.510289992404688
7.17869782998461 6.34824739639017 0.230847467090275 -0.324880231371021
-9.19081241825093 4.30997198587872 2.40701878914702 0.583486586272534
-8.80331385776434 3.08719348366689 -1.1610689036171 -0.678699081269612
-1.42996413266159 -3.61850954995154 0.607130541179602 -0.457700740942965
8.42991462279927 4.50928278667272 -0.798388231248361 0.60129092131278
1.51259034580651 -3.60764350210008 5.33186315864291 0.466442939733826
1.42101583443245 -6.36527963116169 -1.76493565968741 0.803835461181859
0.606701940325534 -5.08077875867565 3.95319096400626 1.10429727829719
0.171197565307556 -2.59462525140548 3.74246203241786 -1.54876353784914
1.6926442536022 -5.80655577089709 -0.943537600586923 -0.741169101110907
-0.379525379510156 -5.41863911705567 5.07896473103181 1.6327703672147
0.795780968343386 -7.51249854029539 -0.919124652495878 0.325925413139922
-9.00081014040666 2.69975547771293 -0.53146236418536 0.382478585698154
7.39586318677173 6.42743616288357 2.66270500423134 -0.112268861294417
7.40936564160259 4.86619945214947 -0.538002467139463 0.208073140870272
-8.92608658822268 2.62203864115697 -0.225597298496272 -0.660142720595615
-0.295862019307563 -2.56168525033046 2.63031219587013 -0.669369130484653
-9.53645912084896 2.22887539728689 0.267086024485407 -0.746954929691796
-8.69703554221921 3.16271003575202 1.20339853205827 1.05353185996501
0.658524790514588 -6.83522439796737 -3.32693088002369 0.164919452578198
0.0835847771607317 -4.50301503861311 3.12111634803217 -1.4392525670645
-8.39916522915495 3.51382851253108 -1.16189068642096 -1.18657712758828
2.31145207644881 -8.09445144442754 -3.07545205023473 -0.38218769947424
-0.899510518108609 -4.39893795759201 4.55700009144972 -0.0859756924268482
7.97106365038634 6.85034261887487 0.340359919078696 -1.10159701227779
2.83667553296378 -6.14540872137242 -2.16799154798439 1.58654498018311
7.76482337430571 6.38003728670739 1.4759288524725 -1.94115116965648
6.68726838816041 5.88663170650113 0.636674220709876 -0.45557282185886
1.09363277506225 -5.27245987012078 -1.98460933874666 -0.22241273205524
6.76710523198362 5.22522510506554 -0.616170592706972 0.0344381012563404
0.700378069834293 -5.97772222634941 4.34268606965013 -1.94298771315878
7.10002717755005 6.79642725600798 0.480374767241318 -1.72038200306448
0.841913347685822 -8.3871461254284 -0.916925987452038 2.04599254217823
8.66281060909814 5.22895796603578 -2.07071916501732 2.38185499066401
-8.88077780726573 3.0559846161638 -1.62365525863333 -2.36439290991095
0.942026668704174 -3.48486699962999 4.53551243228061 -1.29505018819684
-8.64042026704254 4.51945579623413 -3.22001215522074 0.972429562748612
-0.699838584500573 -4.34602164908709 3.93376033107629 -0.43473507457088
1.64241419246299 -5.30635176019051 -1.56515854641336 -1.43792082282922
6.33203165628404 5.97573569187568 0.413815313518642 0.294685494218923
5.82998659551219 4.69878786053826 -0.849328311659905 -1.90161790773009
-2.42314022521074 -5.55808457973186 4.98970225924371 1.89726634892101
-9.58532484838281 3.17773364421638 -0.857340389474391 0.243945903336035
-2.01459800450462 -3.52939709224223 3.91143843242041 0.687597269386359
1.34886502847371 -5.2481126751375 4.81759211839658 2.16100335802299
-10.3955689581512 4.27299806968758 -1.35008990832007 -1.27293974861028
-7.83038551416738 4.15081772327953 1.54276559901205 -0.252455818408758
0.265383618176424 -6.7476992601366 -2.89506489524735 -1.52114230365997
-10.4711002170781 3.98474825012273 1.27418711429499 0.20295861428927
-1.36500453596974 -3.99521742421043 4.25361900592997 0.858241978381904
-8.7852878958331 4.55465279414778 0.406337922107127 -0.281035728456976
-10.8873128169549 3.45575420278535 -1.28050930100494 0.569773360345765
1.79621833226484 -5.83174041409656 -2.58266820409979 -0.291809009359534
-0.814072027420341 -4.4868025858818 4.68192742358637 1.02572526998005
7.49172140393727 7.83571568763783 -1.29452316850479 -0.857436375773058
6.12716550969458 6.30267548520025 -1.39515815568691 2.70945803662528
-7.49762942491363 4.25133452015875 -0.0671482605697273 0.495116008214283
0.100815300417578 -4.17965184055348 1.58636353714539 -2.08407225249498
0.509371217883799 -6.21846321762869 -1.58299316791373 -0.676256069842845
7.53297626958647 7.53549311537172 -1.29894882718454 -0.496245368095544
0.687339626001387 -3.55827825277749 6.52515505956438 1.81228746578705
-7.52586824035743 3.56489020811946 -0.547410079096978 -1.52994429558709
1.83283962372437 -5.71731536057412 -3.00640519565964 -0.465764165240767
-9.56947178217999 5.81492049321909 -1.1843093025367 0.361092461054936
5.48215169145487 6.84589841500841 -1.52880325644044 -0.852217727484337
-8.57232293963416 2.54821541418569 -1.03101595293046 -0.186125055434397
-5.72539443938133 3.7393637037082 -0.644196138494614 -0.935414227507289
3.1635573215022 -7.83036650820307 -2.6945270793915 -0.0799158283179963
-9.86028809010264 5.00377421967854 0.699069204216253 0.01172429687694
9.11849470618126 5.3215886947759 0.40782525667829 1.36798541483534
1.41062436811839 -4.79905621004488 -2.39156863116848 0.0626507725324181
5.37391197684389 4.53125841763473 -2.17132654798777 -0.361856556086465
5.54302252042604 6.19534491672332 -1.73389455127621 0.491243368255002
-9.83919353683025 4.9472684967192 -0.0725330741467037 1.40291526369139
0.159444020533942 -3.93497698768353 3.78582970394007 -0.515847744579352
1.53122467688734 -7.17481631211008 -2.35128735146955 -0.42578022953455
-10.1378678616527 4.48734635369729 -0.150798993976433 1.83014832829597
-8.78743171099968 3.9579661502688 -1.3346043031125 -0.0532420875325697
-9.421554504713 5.33422277578818 -0.621227928065647 -0.336303828809453
2.82467803076738 -6.67309441780263 -2.66190641126922 -1.04842746029129
-7.5230506990465 3.4271770158247 -0.441861566304661 0.533222327916528
8.15177453741349 6.52880774186986 1.85093434505606 1.05479171346468
-8.54555712361532 4.2967323519989 -0.695728654925251 0.12425393838186
-9.25690462713214 2.92630048643961 -0.611918482212759 0.827549968278127
1.42633170046993 -3.81163578143344 3.88119585956683 -0.735130941708408
6.6490145252614 4.90564714252038 -1.72002500416939 0.582172667325783
1.25241384753328 -4.35031247495724 2.91681759422958 0.983964599302829
0.200370175912033 -3.77918748510162 4.75541573781224 1.88321540552821
7.77601336353052 5.06428190490964 -0.0750855861740346 0.24355760149906
-0.434965477511959 -2.88953702387778 5.47234771215946 -1.8572157210309
7.19992309574411 5.83680687369762 0.95430087051341 0.608715432779496
2.44160589489447 -5.97876770869753 -1.06599054457202 1.1562932601296
0.405344704923328 -3.8526665199719 4.51117767335389 -0.233926858458883
1.51279261146536 -7.32392689268827 -0.451157368008477 -0.24141915091984
0.311294574240089 -7.08001050743753 -1.60626432983235 0.26108030153464
-10.5456861699326 4.86320264859477 0.537189516276518 0.294763112208098
7.30879314504053 5.71129215629969 -0.257921221610368 -0.641085542007924
1.19410742695133 -5.78901810487293 -1.24791694414967 0.768782877261264
2.0062040742189 -5.83981066376866 -1.34749998929539 -0.188040754794377
1.05698646389029 -5.44615685084209 -3.30075897767321 1.01408091943307
2.81476789174553 -5.83348165193292 -2.13447968587862 1.71961895191819
-8.66319912590249 4.15514652937368 -0.346587356525331 -1.43726766094318
-9.27379255023684 4.2056712747343 -0.433074127046804 -2.35035918195167
-1.59344019630425 -1.6643066875066 5.27214459318586 1.75129327728472
-8.97841196898219 3.77857400398447 -2.48846135229285 0.09420096811241
7.78674536718659 5.50047198813234 0.304675672330249 1.1352153193449
7.35666426175895 3.81161301347368 1.17541322631672 -1.19781646541686
-0.146031747484275 -3.75420386127182 2.8037696127774 1.14741747093508
7.79817631579016 5.80434626833965 -1.67144418549199 2.30133443010015
7.44053812640852 6.10422383471709 -0.437335199459503 -0.363532933223994
1.90763084711213 -6.63107125465923 -2.57117521288133 -0.609388071993723
-0.697639903317109 -7.3612096862095 -2.29162258958319 0.447728183563989
-9.85627901961338 2.3083336899519 -1.23002979648296 0.375417871309347
-10.0725039839907 5.15677500883552 0.669093383054984 -0.514715545252096
0.717598252980747 -5.65208807655077 3.19575900572648 0.906066801199233
6.12821265568016 5.18996614322991 -0.0096782021910836 -0.123952005162304
-8.51440390248209 3.89224446536373 -1.3504923197099 -2.13333840417424
6.75353561165578 5.45153751749048 -0.63258161230408 -2.83913121764307
1.56932370524512 -3.45562446900634 -3.01605692682592 1.50850417353048
-0.697382042969548 -5.87293298353199 -4.00368670708534 0.0610769043783714
-9.26052872337413 3.06650625523602 -1.34016484742777 0.367617288955654
6.54413069503452 5.07772925806026 -0.954514874315598 1.6872976742238
2.90414760680816 -6.69218166469802 -1.45582741836523 0.105662302679937
5.74800382566496 5.31243216136008 -0.352626336770056 0.0749621260837084
6.73925312762749 5.14464958146289 -0.552910049945555 -0.491582949087203
1.62573402871416 -4.2605721645799 4.28016990085368 -0.367837366412787
7.44202494836505 6.54687814408622 -1.35004973448632 -0.512024695000054
1.00052825183999 -4.31879962663922 3.29625435737144 1.52528211849944
-1.2822467846922 -3.85762642132906 3.41719036982892 -0.281415140290473
-7.65927801727266 3.57731073940686 -1.25309970504745 -0.519033134435296
-10.9549862068171 2.22518445786623 -0.742613330414863 0.454144817569597
1.35038506983973 -6.76291427627224 -2.42215656126423 1.38761910851253
7.09804174275598 5.8629887955413 -0.902939841495602 -1.52327429807978
0.176740269918528 -3.12726054519797 6.09423367227218 -1.49108285566987
8.29317628552399 5.81779576781869 0.124722736116705 0.416149178983405
0.498405880651679 -6.36803069639761 -2.58964282073271 0.903595052180672
-10.533233251858 2.84177885328773 -1.10444211652253 -1.11581570354468
1.18161241558924 -6.6380427751444 -1.62102831855116 -1.41643980760001
1.22065429314874 -4.89691755643053 2.02207336149755 -1.25214205290349
-1.30677580217765 -4.43788757759439 4.87977593474884 -1.59150720921076
0.404595780501957 -4.67054722090599 2.50105913078832 0.0175748005108267
0.707461701524553 -4.67535498578629 -3.31200697749774 -0.894985594252936
