1.81750421167335e-43 3.64479432651246e-46 1 3.75354215461892e-66 1.47014827692194e-57
5.70834067162687e-38 6.63648677237444e-38 2.64621245700261e-60 1 2.48105590278545e-42
0.000746649722172249 0.999253350236233 8.58916475222645e-40 4.19849726209102e-33 4.1595073273617e-11
7.00586269849466e-46 7.38323997437505e-45 1 4.79575505870623e-67 9.60094639218948e-54
2.38854814745542e-35 4.22372370232057e-33 3.15743960672947e-51 1 1.96541951860137e-34
1.4344081407177e-40 1.29129672210366e-38 3.11293170992898e-53 1 4.60264793711036e-36
4.18602085437551e-41 6.49814378136254e-42 1 2.53019991634782e-66 4.29791869374009e-57
0.0193492653274787 0.980650734651753 8.99882036188353e-42 1.14422705616546e-40 2.07681181728495e-11
2.1766635046953e-34 1.61278227237929e-31 5.14254194434582e-47 1 1.68774649031765e-27
7.95757197155007e-34 2.81466145606634e-33 1 1.35750931668537e-66 1.98825438696643e-38
4.73541107972503e-48 4.02622003344727e-45 2.93861306449661e-63 1 1.23808921916275e-43
9.27944273468453e-17 2.76781988337673e-14 5.83926173434987e-45 3.50303536478697e-40 0.999999999999972
0.442522100038679 0.557477899961314 1.03183685312994e-40 1.54897876979404e-39 7.29581352421969e-15
0.564328609287891 0.435566781426615 9.31716423956984e-32 1.887719479715e-46 0.000104609285494723
2.76286191906636e-37 6.81090099611361e-37 1 5.71149621926695e-61 4.39722020039842e-46
9.58421738601861e-37 7.98489059385437e-37 1 1.06693438966284e-61 1.97365593677102e-46
0.805155556286682 0.194844443712931 5.82470978250235e-27 5.3708105522401e-45 3.87295603208822e-13
4.29343561831279e-18 6.786825963815e-14 3.06887775177535e-56 4.58448791427826e-45 0.999999999999932
5.41693809371468e-17 4.32911256847145e-14 8.97886346180236e-48 1.88006729105422e-41 0.999999999999957
0.696511374119827 0.303488622816378 1.21326807323955e-42 1.38846114085614e-40 3.06379409237789e-09
1.38490231262659e-42 2.03994126768501e-40 3.90355967052016e-57 1 1.28712144156882e-46
1.97394109014767e-45 2.29829608943233e-43 2.25404872763011e-63 1 5.32081724945238e-45
1.97899204867502e-10 6.05247249751279e-09 7.95209897999586e-41 1.4205343905085e-46 0.999999993749628
7.60644142194639e-44 1.35832709543369e-41 3.20628420929649e-62 1 2.17565069704582e-40
9.58813140569542e-08 0.000110030198182042 1.65967022001583e-43 2.60754956614762e-47 0.999889873920504
4.00125617058788e-31 1.40718561927943e-31 1 2.37828481114822e-54 1.04626572866635e-39
1.74506313486252e-45 8.13342072226708e-42 6.94666230660319e-68 1 1.13696500022009e-47
3.66882104461073e-13 3.71371701064322e-11 2.63844531891624e-49 1.08517819941561e-36 0.999999999962496
2.53888684912579e-16 2.59510761925393e-14 2.89932340804745e-47 3.99894653562166e-39 0.999999999999974
0.214417325028463 0.78558267497139 1.3773197415695e-32 1.71917353048453e-43 1.47450038754812e-13
3.01475015630662e-38 3.82745891497634e-38 1 7.09843713205205e-70 1.5064957973244e-51
7.45637332859177e-43 4.16470338610694e-43 1 7.58687998640267e-75 4.00823698416556e-53
0.71742764774691 0.282572352253088 3.03408935170357e-34 8.66519944427702e-34 1.62525276629276e-15
5.93608459427194e-42 1.28328414026653e-39 1.65653895305334e-65 1 5.1685081474439e-40
1.94390067052493e-42 2.73416136036804e-42 1 1.20014717533885e-62 4.10972604466964e-57
6.3369033572435e-51 1.21810892555834e-47 1.58137451274808e-72 1 3.63447712957023e-46
2.19993053517412e-43 6.79556301408128e-42 3.33253585202729e-67 1 1.38391562534544e-42
1.58611443585569e-14 3.24028195263592e-11 1.17870564790303e-46 7.24483725878217e-36 0.999999999967581
2.17016960470612e-18 3.12797782999992e-15 1.89123772649763e-67 1.17016547808323e-40 0.999999999999997
2.83850085581493e-48 2.73872928435757e-47 1.48817804237341e-67 1 2.47517217663808e-45
7.70024667280604e-36 5.22370119715809e-35 1 8.47147192737647e-60 4.76779699768148e-42
0.0149783767920102 0.985021585114242 7.86406946712671e-37 4.93640402249834e-39 3.80937473052507e-08
2.61059099625309e-16 9.07398317201229e-14 7.90988881765e-48 7.09780398438227e-47 0.999999999999909
7.75994335495849e-15 7.89499126700245e-12 4.67341360445781e-51 1.04340336730087e-40 0.999999999992097
2.85836529454377e-43 3.42305627803518e-44 1 1.55827707067746e-69 6.18482839182334e-59
4.57696263586913e-32 2.12365589497876e-29 3.26726337456562e-57 1 4.93392493319048e-28
5.03541012268541e-45 4.26916926373315e-42 5.14900974494006e-51 1 2.92310581008373e-41
0.395528536537713 0.604469369853119 1.27967286131117e-43 1.17250471746595e-40 2.0936091681494e-06
6.95296764969629e-37 2.42211416492776e-37 1 2.08279677010147e-68 2.63083244841395e-47
6.87819055988574e-16 6.3066460948763e-13 4.69207231327242e-38 1.32751515619636e-46 0.999999999999369
2.33573986684484e-12 8.69938818057905e-10 9.40456813205178e-49 8.18748539700693e-40 0.999999999127726
1.65454531290566e-17 3.81657841356238e-14 2.18893130408831e-61 1.13949031431173e-48 0.999999999999962
5.67712876075088e-43 9.93027165283039e-42 2.92465176328961e-60 1 2.1128760625585e-45
0.19548886666405 0.804511133332348 9.71503133283998e-39 1.4756059405782e-37 3.60266704095319e-12
0.980847078328156 0.0191529216716868 3.53216248411993e-42 2.75826862537605e-49 1.56809485269763e-13
2.72654110536297e-49 3.74549143118241e-49 2.85220026320253e-68 1 4.52470499465425e-52
7.16397881405469e-29 3.10167208927868e-29 1 7.18981976326605e-50 3.76968985475112e-38
0.111576158922822 0.888423839675256 1.20108705932053e-26 1.36594589471891e-37 1.40192206028491e-09
4.40074173398309e-13 1.14600383402897e-09 2.33203562370714e-48 1.6228832257641e-41 0.999999998853556
4.40073811461377e-31 1.83496791277844e-30 1 1.22461614940342e-58 1.04827188850034e-38
1.90610107907463e-35 3.23336273157281e-36 1 1.7944518297341e-59 2.96657942727425e-45
0.991282278930928 0.00871772106907189 2.44763090029977e-43 1.44179301685445e-41 6.20789541447467e-19
4.21113436189551e-15 1.84965606003847e-12 6.06118341435352e-52 3.88654514412212e-44 0.999999999998146
0.565658250494461 0.434341749505508 7.04193677594933e-44 7.59321417710868e-36 3.14168822075594e-14
3.06130805291694e-14 2.75040485803777e-11 3.8636915005608e-48 1.89433875776524e-38 0.999999999972465
5.73745341146973e-24 1.42630973970302e-22 1 3.93805530767167e-40 7.88628032069917e-32
0.00201218807709004 0.997987811922906 4.54471040427977e-43 2.90358334517218e-40 4.24078822826994e-15
5.92345190810485e-37 2.0825384364776e-35 2.63850872328047e-53 1 7.49825403186737e-33
2.6958057015377e-38 3.75381122629987e-35 1.62501586819964e-55 1 1.88937948566875e-37
9.34824369165056e-34 5.62183269880432e-35 1 3.81302413721031e-66 3.53719438144438e-46
6.19551344832422e-09 1.23294162877597e-06 1.85861532189605e-51 3.82987020459217e-45 0.999998760862858
1.14667578610543e-43 3.51364892122046e-40 3.44990087721714e-71 1 1.36047630662803e-42
6.72609898761759e-16 3.35875959189251e-12 2.68453978985307e-53 3.34621082798042e-39 0.99999999999664
0.254609009908351 0.745389135020922 8.01016086711592e-43 8.92476641893753e-42 1.85507072780485e-06
4.10901869071945e-28 1.51111118429466e-28 1.16918398000124e-44 1 4.1995840522971e-32
0.0880047550311525 0.911995244945311 4.33136184903235e-40 8.1356149905125e-53 2.35361314833406e-11
3.83391958779621e-32 6.94215211254524e-29 8.78809001007758e-62 1 2.62938805465835e-32
1.30562022718125e-07 2.19932154592485e-06 4.20508642035388e-40 1.81184398330395e-37 0.999997670116431
0.972634836869666 0.0273651630466948 4.63116223790555e-48 4.66630827691495e-39 8.36387942295146e-11
6.02716354406641e-10 8.18929559609794e-10 1.63553561980801e-53 6.3797116188293e-52 0.999999998578354
6.31959701288287e-34 4.09393084389561e-35 1 2.49413755670804e-59 4.63790791975998e-45
1.14842458232251e-31 2.33457852804772e-31 1 3.95987496929691e-65 6.46209049540422e-43
7.2551706720453e-41 5.57940622224417e-41 1 2.05329757338043e-65 2.48972647486932e-54
2.93785685404385e-35 2.7481559925659e-31 5.07646177368659e-51 1 4.40938708505441e-31
2.61143057602867e-34 3.57439881973857e-33 1 1.07334182281127e-58 1.17930667460258e-41
1.16063250222349e-41 4.10104330439138e-42 1 1.8461285962975e-70 2.05202671681777e-59
4.57986445926268e-39 1.25989165320278e-38 1.25808193933935e-63 1 4.1921716097917e-44
2.54526363624481e-08 5.91037869307415e-07 1.88582964689584e-31 3.71596504134537e-42 0.999999383509494
1.96599159559722e-15 3.02249751009861e-13 4.4017287661641e-44 6.41703786110553e-45 0.999999999999696
1.42868206367477e-42 6.72896878963695e-43 1 6.20785283080363e-60 1.43187622941959e-46
3.46438909874442e-11 2.77369801038373e-09 3.58144233173987e-48 1.08190559096348e-41 0.999999997191658
0.993054998003794 0.00694500199602258 7.86693457918005e-37 1.07115738811218e-33 1.83333579975885e-13
9.86174089873414e-40 1.33492807173844e-37 1.29449883548966e-58 1 1.02097532309892e-36
2.28965809181832e-30 3.36970116374395e-29 1 1.71662286283912e-55 5.35655830261026e-39
2.32877195800867e-38 5.34666217219977e-38 1 1.58342411082155e-55 1.94698195261232e-46
2.16614969451914e-37 1.39584016934737e-35 7.5962169699982e-55 1 3.5405110916647e-36
0.506859004303194 0.493140995694835 5.25670922572986e-35 6.49977415625314e-44 1.97075423880895e-12
5.51558141771396e-35 8.20927779648684e-34 1 3.52044646511238e-58 1.25361292346021e-42
8.82968512087003e-47 1.61213895095398e-47 1 9.04840166595725e-65 4.37748436774692e-58
6.19891010563555e-11 1.02393584335165e-08 3.83530108938967e-46 1.62283097893101e-47 0.999999989698653
0.00280956454841764 0.997130147278523 1.42758726422681e-41 1.00950663733029e-36 6.02881730590548e-05
1.23790982662902e-13 3.44314555075657e-13 1.89564188874912e-52 4.24853895004262e-49 0.999999999999532
1.13564503420862e-13 2.56710543348169e-12 1.53874480473966e-48 5.34375217618182e-45 0.999999999997319
1.54166442669869e-10 5.15675140064402e-07 1.31768709812583e-43 5.90826374962406e-37 0.999999484170694
3.49614760395524e-47 6.15362587327749e-45 1.61753563497363e-59 1 7.5148522647929e-46
8.7014864065719e-16 1.2590629662135e-14 1.29815274712634e-56 2.98180435524036e-41 0.999999999999986
0.122318996070873 0.877681003927271 5.76659968803409e-32 8.4646045868085e-33 1.8566482800092e-12
8.90299789145032e-44 4.36944307157634e-42 9.1881490404642e-65 1 4.25839628462249e-41
5.38167278661345e-10 5.0626314984339e-09 2.01820797970392e-50 7.03717549247098e-36 0.999999994399201
2.82327279238198e-45 1.08668692973363e-45 1 1.44033020894897e-57 2.27023415309125e-55
3.63757981114926e-13 1.12574856224512e-10 2.36506290041694e-49 8.53937725135321e-39 0.999999999887061
1.07255016946098e-28 3.11502432239388e-30 1 4.0347615798904e-58 9.73271969262303e-44
1.11734291153764e-12 5.23070011361126e-11 3.5012546005675e-44 2.49981827892019e-45 0.999999999946576
3.5465316627746e-13 3.26245635028692e-10 2.02503336479536e-43 1.26817313529366e-41 0.9999999996734
1.13130806057645e-35 6.70158253429044e-33 6.98805724706437e-66 1 2.42264472355333e-36
6.59968826359254e-47 3.73023706949609e-46 5.0321121160606e-67 1 1.28441437450735e-41
6.00435491731767e-46 1.56343624585848e-42 3.64954179117322e-62 1 1.81490012054441e-46
0.89851657136639 0.10148342571741 1.53081936365412e-27 2.26077850025969e-29 2.91619965414475e-09
0.770171631165931 0.229828291819605 1.84932936794237e-32 4.59805532961704e-36 7.7014463353471e-08
1.01092280109258e-39 9.95067342203222e-38 1 1.74293919281633e-61 1.32989214619399e-49
8.3941406318728e-50 4.68809464774392e-48 2.50535969733702e-65 1 1.56844613258637e-50
3.74118380313845e-33 4.71350765459368e-32 1.36764496189727e-54 1 5.82466064077908e-37
1.65429874238694e-09 6.84362955926669e-08 1.68783950601138e-44 9.65675983300205e-38 0.999999929909406
1.73082721930591e-39 3.09307183126178e-38 4.20478909582935e-63 1 1.33756602837513e-37
1.44388168977152e-43 2.30606560191498e-41 1.62636724009409e-72 1 1.01875208660024e-41
5.42535212584409e-50 2.86302562472701e-47 5.98697465372875e-65 1 2.0652662415632e-45
1.39445049100095e-19 1.19506718998939e-14 3.59931173354381e-39 3.68596910628102e-23 0.999999999999988
1.52598537660269e-45 1.54972798434401e-44 2.40609464292624e-70 1 1.08492038636481e-38
3.43353855348495e-37 6.91646373156e-36 4.47277109142736e-56 1 2.68220488722844e-40
3.22837500837797e-40 8.35963515289724e-40 1 5.91687777747112e-60 1.06773144524944e-44
1.09433353343022e-40 1.20721504365944e-38 1.77297163319722e-68 1 6.15936417949182e-36
3.03009495621484e-16 2.24661221554154e-12 8.88991182711891e-46 2.33754767576495e-45 0.999999999997753
3.67412231800097e-11 1.50313327808186e-08 1.44629485471869e-48 2.32272804519998e-41 0.999999984931926
3.04589103738291e-43 1.40810049288656e-40 7.27582528335207e-63 1 6.70797916199226e-41
1.57171467235033e-41 5.21808070676524e-39 1.25511404840397e-60 1 2.93082945799873e-42
6.51726462659927e-16 8.72886748302523e-13 9.84713637970676e-47 1.24343962146095e-32 0.999999999999126
7.90045068935967e-32 9.02691352452385e-31 1 3.22278166704118e-51 9.61208984718988e-39
9.50630553816555e-17 3.86921385491877e-14 8.03341835203996e-46 1.48245137894363e-38 0.999999999999961
2.29540231256062e-40 8.17054722813571e-41 1 1.12306447624973e-67 4.02960745661307e-51
4.96831221796061e-16 2.42741100278755e-12 5.30938359767165e-56 1.7764092334918e-41 0.999999999997572
0.773998627266945 0.226001372732882 3.53879860468918e-32 5.42594042893376e-46 1.73039041642792e-13
5.47398059189171e-43 1.88642232846392e-41 2.62153212691266e-67 1 2.41948451961515e-42
6.54415997818134e-12 9.0453595312722e-11 6.22359221865085e-52 2.35398324523307e-37 0.999999999903002
5.41271509093928e-13 1.57086576977809e-10 2.18603612148293e-50 5.81074196508092e-46 0.999999999842372
5.42128588835611e-11 1.66941497761575e-08 2.54332635290416e-40 4.52420273230737e-35 0.999999983251637
4.5194529335986e-49 1.67366234363574e-45 4.81896590735963e-65 1 2.40264291122572e-45
5.57540911197797e-31 1.6045082229513e-31 1 5.95421243731399e-48 1.12681911948083e-41
9.69671007472023e-17 1.53483690841431e-13 8.27636440349712e-63 9.51928136793679e-47 0.999999999999846
3.64637442866047e-16 7.31658359358057e-14 3.55649317021101e-44 1.08437769998888e-34 0.999999999999927
7.16632329450194e-44 3.13093452087914e-44 3.60116432092512e-56 1 6.09975098134064e-41
1.78742105901258e-14 5.6330684751381e-11 1.10727890247383e-47 3.30608577827096e-40 0.999999999943652
7.61302373947749e-13 1.04503697466592e-11 1.42748294746682e-53 4.86866120054009e-38 0.999999999988788
2.85947071882379e-43 7.03114714419188e-43 1 8.55744492483069e-59 4.53083623405217e-54
1.1259489640749e-46 2.5467584464508e-43 4.03027852800658e-59 1 5.96791493180379e-46
9.13546501722787e-14 4.61285041131361e-11 1.89404894894276e-51 4.11018567413625e-48 0.99999999995378
3.19574791636318e-45 1.22804866498695e-44 1.23237162610281e-70 1 9.80184130972376e-50
2.10230384633499e-44 6.57952759977633e-44 1 3.29230501113665e-78 1.83924463289663e-58
3.10558119990176e-28 2.10455620970818e-28 1 1.10649800093311e-54 4.42395238509176e-45
3.24098089037255e-33 4.18707031899107e-33 1 3.0078533079987e-55 1.64395083571801e-42
0.996696535307487 0.00330346469251254 2.50036047020774e-33 4.45998574833638e-46 6.47424046176222e-16
2.0021599574545e-44 2.40248931040087e-43 4.94066566325673e-75 1 1.56793427952198e-43
1.1151910554772e-30 3.40945313200535e-29 1 1.97547889565287e-51 3.5595933555152e-39
9.01044861143295e-37 3.04881115202412e-36 1 3.31298931152227e-60 2.38195836446978e-45
4.97872672733064e-32 3.89354352232034e-32 1 6.8485500214766e-56 1.3029546745747e-41
6.25626280440432e-45 3.98492769529002e-43 1.74400222180447e-53 1 8.64598184633139e-40
2.81031587633703e-13 6.17220852038565e-10 1.28063961050069e-46 1.15712590998035e-38 0.999999999382498
1.56450476226669e-36 9.99770564982909e-37 1 5.77481434033098e-60 2.77314629280149e-49
5.4595856058929e-15 7.54269258504989e-12 9.68251338542839e-52 7.03034513684036e-43 0.999999999992452
0.023768239105247 0.976231760819828 3.54290012089352e-42 2.19127313071241e-35 7.49250845471823e-11
4.10110816640835e-09 2.86460939136509e-06 7.24559619528075e-46 4.41710377354719e-38 0.999997131289501
1.94461171014252e-50 1.47883522490574e-49 1.88845050600887e-69 1 2.17672069333202e-48
7.38340747693518e-17 1.72168812046962e-13 1.85267685129535e-48 1.51730245862265e-38 0.999999999999828
4.34129053044208e-54 1.20173959935883e-51 2.69350110849861e-67 1 7.99299391263852e-52
0.0464339091142068 0.953566090885793 1.10868343006276e-33 5.16358871801858e-39 1.55880495317227e-16
2.5166825705171e-36 4.28636807364731e-35 1 4.96544104974608e-60 2.47540664754838e-47
1.12234359953917e-36 3.23479154494875e-34 1 2.00625224753026e-62 1.4929441020621e-42
2.59290340949264e-40 2.13676346493017e-39 1 6.82894885854719e-76 4.64293499956278e-50
1.17407663517911e-40 3.58201347262131e-38 2.51919472232511e-59 1 4.25099494375234e-37
9.06836835700211e-41 9.74195650464408e-43 1 1.44292602299738e-69 1.93720084523691e-55
4.61635139220452e-35 1.21826386776461e-32 9.02612820025274e-68 1 1.74635810566259e-39
1.03645617004566e-43 1.02430833246171e-39 9.80564457395842e-61 1 7.83890451206452e-40
0.0264607168861294 0.973539283113855 2.90225330180261e-35 2.87963913974733e-47 1.61890005072564e-14
1.55842655863457e-40 1.87684787548872e-40 1 5.92074751459138e-76 6.83672180190407e-52
2.59995611040328e-31 2.60059651196544e-31 1 1.83751275406977e-68 1.21936403503226e-37
0.17163770812724 0.828362291830929 3.71499145345794e-30 1.88623542989091e-43 4.18302180598969e-11
3.89419587158459e-41 1.61356748709029e-42 1 3.81653983095898e-65 1.66169304602172e-55
0.548330667747353 0.451669332247123 1.01435834985876e-29 5.81528051479177e-31 5.52438651598787e-12
0.610786042233588 0.389210305247545 8.52830694176815e-35 3.18331594909346e-41 3.65251886742484e-06
1.24519580324653e-38 2.12522242095069e-39 1 3.06103495584699e-75 1.24653180289581e-48
1.03064822824469e-47 6.81333645649972e-45 1.38089357531828e-66 1 1.06348145147436e-44
1.94207331410653e-44 1.12243276544335e-42 1.13557563268525e-65 1 1.46623197881039e-41
4.51626455310704e-33 1.57381294255257e-31 3.84976477150819e-42 1 2.61813169136197e-32
1.55603219806502e-37 3.35211902990155e-35 1 7.88424740909831e-55 1.6701669569908e-43
2.32958822048872e-36 2.90009227396631e-35 2.14409030452439e-54 1 4.63712367138534e-36
1.88180408456751e-56 2.8306616061726e-53 7.00370801042687e-69 1 6.8891608467387e-52
1.43519881626173e-13 8.00961192605269e-10 2.44398698346108e-40 1.52005415390411e-39 0.999999999198895
3.24540004247806e-15 4.3811313011345e-12 1.42044677697816e-38 2.76297048590119e-35 0.999999999995616
0.0357260790262028 0.964273920973797 4.76216706836089e-39 8.77211286372876e-38 1.3533408593871e-17
1.97182199195484e-46 2.88302613132166e-44 1.02194459427905e-69 1 1.6491025886514e-43
3.72247374663702e-36 8.29303060534991e-37 1 4.14506742681647e-68 7.16988194610075e-44
7.41297270308838e-11 6.50342789432265e-08 8.85875839939351e-41 1.32074853527298e-35 0.999999934891591
2.84774793773552e-42 1.65138035045335e-41 1.3302051341908e-68 1 6.36038709184637e-43
6.35666327369318e-40 1.35930338116723e-37 4.2457851608504e-63 1 1.60350821924312e-36
0.971600393563044 0.0283996064365893 1.76101052069163e-38 9.22734532744229e-38 3.66788906377109e-13
4.38324680609811e-41 1.23667596203893e-39 3.93934654050503e-66 1 3.80376547835156e-41
0.994730966542142 0.00526903345785815 3.32280876818251e-25 2.30745301592314e-38 1.14288820963256e-18
1.38422757444048e-31 2.18614644970969e-31 1 3.45471405099014e-52 2.30469029768592e-44
1.67991912613683e-09 5.48169644328231e-08 5.88132211802687e-37 4.28131009542973e-35 0.999999943503116
2.92172637048692e-41 1.20146502141236e-40 1 1.27114868359214e-67 3.42393109948221e-50
7.02843661430163e-39 9.07562825446281e-38 1 7.8745414087351e-58 5.9601471426063e-42
6.43885666123441e-42 8.2479973945702e-42 1 1.29208095077457e-68 1.66757617391299e-51
0.018371646452499 0.981625322478591 9.927302817139e-39 1.79896555989161e-47 3.03106891043179e-06
3.13513783460166e-12 2.71403001325553e-11 8.8434601343637e-37 1.09386230777167e-27 0.999999999969725
0.0710980275581015 0.928901972145589 5.34925279505046e-42 2.65049811368949e-33 2.96309790435868e-10
7.3388126429362e-12 7.08462637782688e-10 8.97334014157482e-43 3.43354236173092e-53 0.999999999284199
1.71226973142312e-31 1.85004271994909e-31 1 2.75017169522669e-63 4.4463138017595e-42
3.18706377343984e-49 2.4353129329341e-46 2.10162033163884e-68 1 7.10909307193419e-49
0.0159163151021524 0.960865843380276 1.75947980791866e-23 2.98628293109075e-32 0.0232178415175717
8.87496734895728e-16 1.71154058275559e-12 7.56606869875488e-49 5.26683181002132e-30 0.999999999998288
4.44481025792575e-11 2.51774398252468e-08 3.56990326777332e-43 3.73752358910397e-42 0.999999974778112
3.26458766486309e-16 1.39675495403457e-13 3.99895534225333e-46 1.80877645880065e-38 0.99999999999986
1.42589544963949e-19 1.31846655914941e-16 5.79939182593757e-53 4.93555887536009e-39 1
1.79683190422407e-33 6.35464093708063e-29 7.20555178853315e-49 1 7.23918223172569e-31
0.496796473892085 0.503203526107308 1.03807130302941e-27 1.45834716215954e-44 6.0739497838705e-13
7.29608325074587e-46 2.50279422626499e-43 1.41934318375574e-67 1 7.64250689685949e-43
4.5244085372724e-36 4.46966427443e-36 1 4.90465963179449e-60 2.88269127388536e-47
4.87093969729007e-12 9.34502680635511e-11 3.30831849568532e-52 1.43079331865529e-28 0.999999999901679
0.89516710330179 0.104832896697191 2.39699278611017e-36 1.34441427667198e-43 1.0188146037225e-12
0.726861184425569 0.273138815574377 9.88363984778859e-34 3.57290811932001e-36 5.39592588081801e-14
4.2604668150588e-57 1.17691081073508e-53 3.83242660235617e-68 1 7.5019837741958e-53
4.03083304711206e-10 4.33303471546437e-07 6.91103444388853e-34 2.08852665300408e-31 0.999999566293445
7.70768453009005e-11 1.2842150206387e-09 9.02648748162008e-39 2.39813524593223e-35 0.999999998638708
1.45936122555266e-32 2.10233391815952e-34 1 3.88542022780541e-60 5.31987479470212e-52
2.62759158520315e-12 1.13229104275326e-09 4.70074158436003e-42 4.47050747005141e-37 0.999999998865081
7.36761512439677e-16 9.54250691131212e-14 3.90105793210722e-45 5.41623241786203e-46 0.999999999999904
0.00688141903893691 0.842174748836631 5.60967122087317e-37 6.15741785490614e-35 0.150943832124432
0.00189876588014505 0.998101234119376 2.4775498462511e-30 7.05454331528009e-51 4.78592777873386e-13
1.43742408292818e-31 3.67080955260566e-31 1 4.91924094821294e-63 4.6672542813962e-42
0.00889266861421161 0.99110733138293 9.6579941977653e-33 3.13116975588228e-33 2.85896017171784e-12
5.17112369813524e-36 4.89182484678414e-36 1 6.93189402852041e-58 1.68364234222616e-49
2.0569139882405e-11 4.82792042071965e-09 2.42948410630013e-52 4.61417900093669e-49 0.99999999515151
0.00179004790707601 0.997832586573661 7.15183458885392e-33 4.59954902709244e-34 0.000377365519262883
4.01235246027459e-12 6.2482882298331e-10 4.21288159002631e-42 1.69456216246686e-35 0.999999999371159
6.0154456954336e-36 5.45124619678155e-36 1 9.54263406599224e-64 4.33211360647606e-44
2.68257594074057e-10 2.53559580496435e-09 5.98437588066024e-40 1.69857948931608e-39 0.999999997196147
1.0362351472448e-36 6.92113483870922e-37 1 9.85667144928362e-65 5.41910761428547e-48
2.48131979984431e-27 4.09225668087618e-29 1 6.82534567563741e-41 6.04063859849533e-37
1.80083687079553e-13 1.3988980550613e-11 8.96331979147003e-43 9.15245227952072e-42 0.999999999985831
4.62401271765882e-38 4.52806937338055e-36 7.04805348510826e-63 1 9.63875096660555e-37
5.43430458100714e-33 9.53683449342329e-32 1.8347469973049e-53 1 2.76992633270452e-29
1.36745386893684e-40 4.85159180273681e-39 3.572606866288e-63 1 1.01595732782071e-42
5.35481571051663e-14 1.44005434839943e-11 2.9318222657106e-57 1.73690140959887e-35 0.999999999985546
7.5821687099794e-36 4.31514441003713e-35 8.17351686138086e-55 1 1.75852790483272e-33
0.77222871023797 0.227771171623301 2.85422734731087e-40 2.79047041183778e-34 1.18138728083932e-07
2.93223421543133e-34 2.87467477152248e-35 1 5.25836692170212e-62 8.08728290860546e-44
0.22040869940247 0.779560656150621 1.20381803500284e-36 2.21037045329679e-36 3.06444469097085e-05
9.11584399441738e-35 1.14417729660264e-32 8.91684556586072e-60 1 1.03813140403473e-30
5.5705531663338e-41 1.51916528496401e-39 3.64759878521862e-65 1 6.16664032453918e-48
0.521451298344875 0.478548156656567 2.19042708518947e-40 1.71541121804602e-35 5.44998557715058e-07
2.50406624430658e-42 2.99152244790422e-39 2.27668654618985e-65 1 4.07840174525171e-38
9.26409829889264e-42 1.79441181689344e-39 1.52684930956263e-59 1 3.7426150795346e-35
0.129165137563845 0.870834861901669 3.10994977703779e-36 6.9329915555501e-37 5.34485732112138e-10
2.55855424812123e-50 1.59623219881962e-47 2.70379218252174e-65 1 5.82915610373832e-51
0.093736063560877 0.906263922066965 6.45910386696367e-44 4.13393220705792e-48 1.43721577766205e-08
0.00765148772284972 0.992348510780175 8.68009257688675e-47 1.93631860237898e-44 1.49697535970282e-09
3.42847506248965e-18 4.53998417911126e-15 2.31268072637801e-60 1.60760204766969e-49 0.999999999999996
1.81488313851598e-40 1.26020577085176e-35 3.7309428867151e-57 1 1.10831288897019e-36
1.68460685367851e-11 2.05814240426486e-08 5.82961492785425e-40 7.02610728069399e-40 0.99999997940173
1.84260344305588e-35 1.57879530068881e-33 3.94090907440791e-54 1 3.40429853664929e-39
0.170178627175417 0.82982137282197 5.20082601630337e-38 1.12430329406838e-46 2.61311046645249e-12
4.46387115535453e-38 7.03441431514644e-40 1 3.47069306435348e-66 8.04914969813454e-54
0.993509871931349 0.00649012806864288 7.28275465355015e-35 4.87404851599777e-56 8.43882909182569e-15
8.6895220799128e-14 7.36046169129795e-11 7.15366216156554e-55 1.06464685214079e-45 0.999999999926309
0.00405674973769601 0.995943250259167 4.00284134541087e-25 2.51858001096214e-41 3.13661843366194e-12
3.30005329499559e-35 3.12830339754957e-34 1 1.00853041772012e-50 1.48489851857515e-44
3.69579020780109e-38 5.54504546137489e-39 1 2.88785705467935e-70 1.94579000270924e-55
7.61466348967679e-11 2.03696341979995e-08 4.06515035862513e-48 1.06872053419741e-36 0.999999979554219
1.93325517119904e-10 2.58236173806107e-09 2.88969933671393e-49 1.21296608916729e-46 0.999999997224313
1.0503011298911e-45 5.78263828343858e-41 1.75336843021866e-68 1 4.28695090996266e-41
2.09739571056559e-46 7.28596779257039e-49 1 9.66976355175182e-71 4.6354583063098e-59
4.28800624573185e-41 5.70238679570324e-41 1 1.16515194880056e-62 1.44972772007851e-55
1.7551456482334e-38 1.02187761875627e-39 1 6.5531744542326e-65 4.00584791102046e-48
3.70291965004523e-10 1.4725097715849e-08 1.64596963932352e-49 2.68308716270704e-47 0.99999998490461
0.991798459581952 0.00820154041804841 6.65374401377054e-32 1.96574218089912e-52 2.79506557002403e-18
9.00454139667097e-41 2.96092476962386e-41 1 1.68735081439997e-61 1.64528507075382e-52
0.175616867507202 0.824383132368387 1.1088416802011e-34 1.92428538301315e-41 1.24410408769177e-10
3.75859172755027e-38 1.49713552772203e-35 2.29509101680859e-66 1 2.58151687141631e-37
9.12232485084217e-42 3.86343244188547e-40 8.64607899080688e-59 1 3.14683170485075e-42
1.13983836690429e-33 1.56031458553775e-30 6.84476616835404e-55 1 1.55197642182197e-32
7.23000010295509e-41 2.11685078096742e-40 7.33007610756638e-64 1 4.83425602520784e-37
9.42140931725356e-12 2.63351991562192e-09 2.36084720087591e-41 4.33717165474391e-35 0.999999997357059
9.03593426501745e-41 8.62795279208378e-40 1 1.69415001140012e-59 1.01283847036841e-50
1.57289372641036e-14 3.17886196031287e-13 3.14065382390274e-53 3.99956235108816e-40 0.999999999999666
0.0532093339655261 0.946790665611907 6.01343704434446e-45 2.65078857505365e-33 4.22567157719074e-10
2.19703824752815e-13 8.61944566451022e-12 2.43112992788682e-50 7.08388740988679e-44 0.999999999991161
0.181394773559121 0.818605226246073 1.56682252555237e-30 7.32618937857842e-41 1.94805666918157e-10
3.82420198631472e-11 2.05286857579883e-08 5.7719146130722e-53 3.35945711184096e-44 0.999999979433072
2.80621917878576e-25 5.24354984193427e-28 1 4.55165625580506e-54 8.0564026703012e-38
0.0220768463935226 0.97792315360531 5.65277538552791e-40 4.30748878570779e-35 1.16681862927785e-12
0.0773822652006964 0.922617733539092 1.19740613255686e-27 1.12696488759745e-34 1.26021137235076e-09
