"LD1" "LD2" "LD3" "LD4"
7.35666426175896 -3.81161301347367 1.1754132263167 1.19781646541686
1.34886502847371 5.2481126751375 4.81759211839658 -2.16100335802299
-9.37911841422183 -1.32218248677668 -1.63715199736277 -0.22896981099418
-8.50129139260736 -3.47312115999572 -0.426279037396114 0.162984353648871
-7.5230506990465 -3.4271770158247 -0.44186156630466 -0.533222327916529
7.20291574578403 -6.54167440124445 -1.26333434311081 0.020113723865701
-11.2726926949955 -2.61907323821155 -0.200661006154243 0.602097969000134
-8.64042026704253 -4.51945579623414 -3.22001215522074 -0.972429562748612
5.69915826152564 -4.66107934653219 -0.955190180380244 -0.743084755598483
-9.58532484838281 -3.17773364421639 -0.857340389474386 -0.243945903336031
-8.51440390248209 -3.89224446536375 -1.3504923197099 2.13333840417423
-2.29841360289845 3.90806000018833 4.29566195375279 0.0265784219850883
1.13144240997761 6.87546962204324 -2.19194627117412 -0.300740536671543
7.44202494836506 -6.54687814408621 -1.35004973448632 0.512024695000054
-9.83919353683024 -4.94726849671922 -0.0725330741467097 -1.40291526369139
-10.0725039839907 -5.15677500883554 0.669093383054987 0.514715545252096
8.41406412375789 -6.04837040689274 -0.655209369010082 0.962559486249859
1.08327659020574 7.86629153719839 -1.10947559556218 0.375228986063353
0.707461701524536 4.67535498578629 -3.31200697749773 0.894985594252948
-10.1378678616527 -4.4873463536973 -0.150798993976432 -1.83014832829596
-9.0396066319027 -5.96901840095447 -1.15992930566927 -0.277358453512727
2.04900765665166 5.86660018494711 -2.12176758801278 -0.505713458810303
5.74800382566498 -5.31243216136007 -0.352626336770065 -0.0749621260837188
7.77483904965208 -7.41986829629678 0.704249753998482 -1.83632944342407
-7.88312615939808 -3.107745036017 -0.673556953334032 1.12444570343017
-9.42183493050117 -3.72427792038922 -1.20132492321814 -1.20322628749192
1.46756961602528 5.05902627310776 -3.40933960112818 -0.269552879143596
-9.56947178217999 -5.81492049321911 -1.1843093025367 -0.361092461054934
-1.07498505996381 5.16236497128656 -1.91402007919294 -0.924758510778465
1.62573402871416 4.26057216457989 4.28016990085368 0.367837366412794
0.601938584761807 5.38495956064995 -2.60776298634903 1.63019595930451
1.09402340696878 5.31855848515001 -2.14985072964714 0.606648323057264
-1.36500453596974 3.99521742421043 4.25361900592996 -0.858241978381894
6.10626061444596 -5.77745982894121 1.05565541406765 -0.696635390104634
8.42991462279928 -4.50928278667271 -0.798388231248363 -0.601290921312775
-9.35039765772497 -3.491173964595 -0.620478459932645 -0.00370161545866754
2.87547497149591 4.74686289192852 -2.9888631425865 0.532681232322637
7.44529394355112 -5.45596102859543 -0.2149906392508 -0.221614460073963
0.0488298212220102 2.47002370406325 5.16204403990681 -0.739490232439157
-0.697639903317119 7.3612096862095 -2.29162258958318 -0.447728183563996
7.76482337430572 -6.38003728670739 1.47592885247249 1.94115116965647
7.7867453671866 -5.50047198813234 0.30467567233024 -1.1352153193449
0.509371217883785 6.2184632176287 -1.58299316791372 0.676256069842843
1.00323292063334 6.00698005348603 -3.98142588714178 -0.822519669193082
0.620795291854026 4.70746867453104 -1.77782697120259 -0.510289992404691
6.69443415293002 -7.02246384788983 -0.536269920676781 0.311979540425176
-7.71228359664246 -4.4363099623793 0.281364275348563 0.250610056465626
1.99852592157367 8.54981254590928 -2.25220497943632 0.825105753909264
4.6361536969337 -5.71521971582134 -0.904426024343436 -0.523463165637948
1.19410742695133 5.78901810487293 -1.24791694414966 -0.768782877261264
0.265383618176403 6.74769926013661 -2.89506489524734 1.52114230365997
0.795780968343371 7.51249854029539 -0.919124652495867 -0.325925413139916
-0.401955634018513 6.55655133373454 -1.85507478474516 -0.906737844268776
7.5405104543734 -4.86863650808312 -0.396601332499866 0.828729996895475
6.12716550969459 -6.30267548520024 -1.39515815568691 -2.70945803662528
7.10002717755006 -6.79642725600798 0.48037476724131 1.72038200306448
-0.995735165982123 6.33132125630346 2.97216648454281 1.20307132705129
7.39586318677174 -6.42743616288356 2.66270500423134 0.112268861294418
6.6490145252614 -4.90564714252037 -1.72002500416939 -0.582172667325782
0.176740269918531 3.12726054519796 6.09423367227217 1.49108285566986
2.00620407421889 5.83981066376867 -1.34749998929539 0.188040754794374
0.658026003496704 4.92600324302075 -2.09947190714375 -1.02955376157275
8.24504429894223 -5.56534806966483 -0.718753400450171 2.00840009553308
1.00052825183999 4.31879962663922 3.29625435737144 -1.52528211849944
1.09363277506224 5.27245987012078 -1.98460933874665 0.222412732055236
0.210808243445734 2.42164183924936 3.90751469465236 0.460054747446211
-2.09899219670712 4.35371681327859 3.47962817908025 2.2570851917071
7.7838959737502 -5.47955196411925 0.52843770958301 -0.149899880813165
2.90414760680815 6.69218166469802 -1.45582741836522 -0.105662302679949
1.90763084711212 6.63107125465924 -2.57117521288132 0.609388071993726
-8.97841196898219 -3.77857400398448 -2.48846135229285 -0.0942009681124115
7.48779784277216 -6.13656677939961 1.55179819115047 -1.61365820424135
-9.19081241825092 -4.30997198587874 2.40701878914702 -0.583486586272531
-10.8873128169549 -3.45575420278537 -1.28050930100494 -0.569773360345771
5.83648004885458 -5.58313940770242 -1.51634508908957 -0.543638109051785
-11.2631431041239 -3.90370310076827 0.0523789186192586 1.19421870415603
1.42633170046993 3.81163578143343 3.88119585956682 0.735130941708406
-10.9549862068171 -2.22518445786624 -0.742613330414854 -0.454144817569595
7.58299952808642 -7.56803992954014 0.00476751370828672 -0.273197325046523
6.78973008740916 -7.16486160449581 -0.360868315705097 1.32379199547974
-0.697382042969561 5.872932983532 -4.00368670708533 -0.061076904378377
8.18721091195957 -5.0460851621171 1.01523865853727 1.56764016538359
0.606701940325533 5.08077875867565 3.95319096400626 -1.1042972782972
-1.11960312771929 3.84600829189658 3.47695677762722 0.346697975605651
0.355762737998163 1.93990488058156 3.58924737158747 -0.3615778032327
-0.312143863925645 2.4432553095587 3.11667055649737 -1.18638960912338
-8.69703554221921 -3.16271003575204 1.20339853205827 -1.05353185996501
1.76046681339942 6.52062904026564 -2.35537245494487 0.510718665850552
7.17869782998462 -6.34824739639016 0.230847467090271 0.324880231371018
0.461248855570981 6.7576953537706 -0.667583572557549 1.24599351748955
-8.20117626387739 -3.39680742805697 -0.462551164097693 0.130476444771469
7.06543716895144 -6.06896855774092 1.20343449982222 -1.86631666734638
1.79621833226483 5.83174041409656 -2.58266820409978 0.291809009359537
0.808666407934228 5.38402360597735 -0.943427628574277 -0.706856157633975
3.16355732150219 7.83036650820308 -2.6945270793915 0.0799158283179945
9.11849470618128 -5.32158869477588 0.40782525667828 -1.36798541483534
2.81476789174553 5.83348165193293 -2.13447968587862 -1.71961895191818
-8.78743171099967 -3.95796615026881 -1.33460430311251 0.0532420875325628
1.35170005029223 5.79490963434967 -3.54162081509112 -1.15538789037642
7.49172140393727 -7.83571568763783 -1.2945231685048 0.857436375773055
6.47038982977804 -4.31151225507213 -1.04255503817468 -0.996469334847303
-0.146031747484278 3.75420386127182 2.80376961277741 -1.14741747093508
-8.39916522915496 -3.51382851253109 -1.16189068642096 1.18657712758829
5.48215169145488 -6.8458984150084 -1.52880325644044 0.852217727484341
1.51259034580651 3.60764350210008 5.33186315864291 -0.466442939733818
6.75353561165579 -5.45153751749047 -0.632581612304089 2.83913121764307
7.53297626958648 -7.53549311537171 -1.29894882718455 0.49624536809554
8.293176285524 -5.81779576781867 0.124722736116702 -0.416149178983393
-10.533233251858 -2.84177885328774 -1.10444211652253 1.11581570354469
-9.92112756865157 -3.98827176193286 -1.28855744754094 0.136699743378307
0.404595780501953 4.67054722090599 2.50105913078832 -0.017574800510829
7.97106365038635 -6.85034261887486 0.34035991907869 1.10159701227779
-10.3780579286836 -4.94642547084761 1.06125265127999 0.187273056679427
-2.09748216183297 3.21434803406903 3.5141800872884 2.48850538843807
1.78931287965491 6.23452147550239 -1.8674410542431 0.354299933517302
6.68726838816041 -5.88663170650112 0.636674220709868 0.455572821858862
0.756242527355864 5.5469080471026 3.0176255727761 -0.427481787332677
-8.80331385776434 -3.0871934836669 -1.16106890361711 0.678699081269607
2.4386987572729 6.88271315197047 -3.66624027617378 0.687749194234973
6.87540220345646 -3.59898065937749 -0.497906974674329 0.341517639918237
-1.90898343277957 5.88432844282771 2.22154792731384 -0.870944779970425
1.41062436811838 4.79905621004489 -2.39156863116847 -0.0626507725324141
-9.52393066730208 -4.77158380642215 -0.013594596621671 0.527172748514196
-9.67510398196395 -4.43130951087438 0.561505578950628 -1.17994711330512
-0.940186684573089 2.9714727923257 2.6804628865548 0.514121160686581
0.171197565307557 2.59462525140548 3.74246203241785 1.54876353784914
7.37270584238931 -4.97710852905595 0.435790860207636 0.562957547270682
7.37210970207152 -5.84493204206105 -0.860934594490318 0.0895646121827496
-8.53461978957539 -3.79391754103949 -0.548267914871082 -1.10153922127525
1.45442792425534 5.49180158324867 -3.67929772273711 -0.152395920647376
7.55548573434315 -5.54252843386929 -0.1773363854068 0.183893071412839
-0.295862019307561 2.56168525033046 2.63031219587013 0.669369130484664
0.841913347685801 8.3871461254284 -0.916925987452022 -2.04599254217822
0.620654621228612 4.99995769504428 1.00025823268433 0.713846701898443
1.56932370524511 3.45562446900635 -3.01605692682591 -1.50850417353047
0.717598252980744 5.65208807655076 3.19575900572648 -0.906066801199234
-8.41034802841599 -3.44121470542457 -1.92700076217525 0.495021270243572
1.09687312109759 4.94970556069326 -1.88590634324149 0.428030597415696
7.08150247025786 -3.92344035329498 -0.593662493788203 -0.375192916976395
-1.59344019630424 1.66430668750659 5.27214459318586 -1.75129327728471
0.658524790514576 6.83522439796737 -3.32693088002368 -0.164919452578204
1.42101583443244 6.3652796311617 -1.7649356596874 -0.803835461181856
-9.10066226188871 -3.58815657972889 -0.996522342284015 0.280825443688611
7.77601336353053 -5.06428190490963 -0.0750855861740419 -0.243557601499059
-8.85802117362075 -3.70920482475091 -0.835813327611604 -0.918261003505702
0.68733962600139 3.55827825277749 6.52515505956437 -1.81228746578704
6.99918555545957 -7.24652001110966 0.510158478802569 0.807192782310423
7.09804174275599 -5.86298879554129 -0.902939841495616 1.52327429807977
1.53122467688732 7.1748163121101 -2.35128735146954 0.425780229534556
1.51279261146534 7.32392689268828 -0.451157368008469 0.241419150919847
0.200370175912031 3.77918748510161 4.75541573781224 -1.8832154055282
-9.42155450471299 -5.3342227757882 -0.621227928065647 0.336303828809449
7.19992309574412 -5.83680687369762 0.954300870513402 -0.608715432779493
-8.88077780726572 -3.05598461616381 -1.62365525863333 2.36439290991095
1.64241419246298 5.30635176019052 -1.56515854641336 1.43792082282922
0.405344704923328 3.85266651997189 4.51117767335388 0.233926858458883
-8.07333321375017 -3.28526755121983 -0.92194671173444 -0.839922350666862
-1.4299641326616 3.61850954995153 0.607130541179604 0.45770074094296
8.1517745374135 -6.52880774186985 1.85093434505606 -1.05479171346468
-0.434965477511956 2.88953702387777 5.47234771215946 1.8572157210309
-9.25984827687886 -4.95770022885523 -0.711841930460915 -0.673888512601262
0.70037806983429 5.97772222634941 4.34268606965012 1.94298771315878
6.12821265568016 -5.1899661432299 -0.00967820219107913 0.123952005162314
1.22065429314873 4.89691755643053 2.02207336149755 1.25214205290349
1.6565340810451 5.71742515630668 -2.35279692986615 0.767322277418641
-9.86287578790261 -1.38424389748358 -1.83882064266391 0.0134794613986639
-1.16907533549397 3.8265549108455 4.45705157752567 0.366415609491266
0.00115475228606792 6.20604423649655 3.74582273937061 0.330230368427111
8.00997061394558 -5.61281343493154 -0.207679592113048 -0.195848151618383
-9.53645912084896 -2.22887539728691 0.267086024485413 0.746954929691803
7.79817631579017 -5.80434626833964 -1.67144418549199 -2.30133443010015
7.44053812640853 -6.10422383471708 -0.437335199459512 0.363532933223987
-8.46818966056649 -3.6629621924563 -2.8269098269814 0.502595725098512
-10.4711002170781 -3.98474825012274 1.27418711429499 -0.202958614289272
-7.75626909589855 -4.65145021172382 -0.562346030600606 1.09552125190145
7.35061634501523 -7.56470142322997 -0.720460562356399 -0.0798371198178704
5.37391197684389 -4.53125841763472 -2.17132654798777 0.361856556086472
6.21855788181262 -5.26791679778272 1.34578881375621 -0.617170950809595
-0.699838584500579 4.34602164908708 3.93376033107629 0.434735074570878
-2.22119372556403 4.05642940963656 5.54152325362329 -1.69584555339343
-1.46354783303032 3.92915965220676 5.12066390859393 -2.21391287057466
7.42236135758383 -6.0881716561436 -0.585272295900138 -1.52472038607884
5.54302252042605 -6.19534491672331 -1.73389455127621 -0.491243368255001
5.84303482048747 -5.58007826630228 1.49384170629061 0.353689017254435
1.83283962372436 5.71731536057413 -3.00640519565964 0.46576416524076
1.59741306277393 6.40426347944283 -1.46762767493908 0.356131299625588
0.517136131671886 4.16725675454805 5.45753341672959 2.62258814806218
1.18161241558923 6.6380427751444 -1.62102831855115 1.41643980760001
4.42560103234915 -4.79236116962998 1.0816978488578 -2.2570805770145
0.100815300417574 4.17965184055348 1.58636353714539 2.08407225249497
0.525296631655855 5.48092955331956 -2.03949293979607 1.02648225679424
7.5743847880584 -5.08650397093253 -0.19645523437475 -0.827879416365651
7.31913099704212 -4.79684420416995 -0.740121622593129 -1.93318121383957
0.498405880651673 6.36803069639762 -2.58964282073271 -0.90359505218068
6.54413069503454 -5.07772925806025 -0.954514874315607 -1.6872976742238
7.65431967808655 -4.14797877531032 1.4701207194539 0.823854878114562
8.42378340999343 -4.82748403373296 0.667944677930477 0.187995679815764
0.292053819356229 5.54344743135766 -2.0155259771796 -1.62604540975168
1.11049093654351 7.18062399077991 -1.32097615141689 -0.870429075949383
2.29882091419708 6.48095205351783 -2.41687706983859 1.29297452118213
1.85167645187754 3.57133845306659 3.80344434078859 0.523275386118984
5.92365028912631 -5.15289369131469 0.0731089631305177 -0.991759065705805
8.1270620643081 -5.5325121858082 0.742216909205615 -1.15511943937888
-10.3955689581512 -4.2729980696876 -1.35008990832007 1.27293974861028
8.04365563343378 -4.52578645853184 2.67038555530515 0.984706178028394
2.42884338417037 2.66279040006411 -4.99123872872199 1.72858523605772
-0.802644957913229 5.19128379895432 2.80162158721325 -0.89721202415911
-0.814072027420344 4.48680258588179 4.68192742358637 -1.02572526998004
7.30879314504054 -5.71129215629969 -0.257921221610375 0.641085542007921
-8.66319912590249 -4.15514652937369 -0.346587356525334 1.43726766094318
0.417024343120001 3.86327814186584 5.48513843390605 -0.0235048842584481
6.33203165628405 -5.97573569187568 0.41381531351864 -0.294685494218913
2.02573117928563 7.44823161456948 -1.70272816580795 1.00729009752667
0.311294574240077 7.08001050743753 -1.60626432983234 -0.261080301534642
2.42956187950169 5.99672212801578 -4.18522691236199 -0.119257441708054
1.25241384753328 4.35031247495725 2.91681759422957 -0.983964599302823
-8.57232293963417 -2.5482154141857 -1.03101595293046 0.186125055434399
-7.65927801727265 -3.57731073940687 -1.25309970504745 0.51903313443529
-0.379525379510161 5.41863911705567 5.07896473103181 -1.63277036721469
-8.4522026894563 -4.53557871015996 -1.33771685194201 0.104320923527948
2.83667553296378 6.14540872137243 -2.16799154798439 -1.58654498018312
-9.25690462713214 -2.92630048643962 -0.611918482212752 -0.827549968278129
0.858858881896345 5.81539451929356 -3.57968864101063 -0.294252691149614
1.05698646389028 5.4461568508421 -3.3007589776732 -1.01408091943307
0.378809144114841 4.73112366805584 4.51056286834475 1.47823941629232
1.52060424766186 7.00083065004671 -2.45143312880852 0.18304449705119
3.01595727574629 6.50236795891832 -3.23715721337531 -2.06578763407923
-9.86028809010264 -5.00377421967855 0.699069204216253 -0.0117242968769327
-9.00081014040665 -2.69975547771294 -0.531462364185365 -0.382478585698154
-9.09122950184202 -4.28164610245007 0.08195459321036 -0.129252255558651
-9.26052872337412 -3.06650625523603 -1.34016484742777 -0.36761728895566
-10.2456511366938 -3.59361489838228 -0.486345334154334 -0.0754684339236764
1.35038506983972 6.76291427627225 -2.42215656126422 -1.38761910851253
-1.2822467846922 3.85762642132906 3.41719036982892 0.281415140290478
-1.13070624777695 6.05397615615282 4.35912754903403 0.845723205798888
7.4093656416026 -4.86619945214947 -0.538002467139471 -0.208073140870273
0.606028073130144 2.85890922188839 4.34697874126218 -2.86993217555209
0.159444020533938 3.93497698768353 3.78582970394007 0.515847744579355
8.66281060909815 -5.22895796603576 -2.07071916501733 -2.381854990664
-9.27379255023683 -4.20567127473431 -0.433074127046808 2.35035918195167
7.4607648610788 -5.52633659200335 -0.29522459587299 -0.308183062736712
-10.7971943906435 -4.97976934350397 -0.97557857308363 -2.59679242728961
0.937271755197739 5.71228158745423 -2.75507285760532 0.235120473838383
6.46521518612278 -4.56271398260809 0.25622021505879 1.33979315961381
0.0835847771607253 4.5030150386131 3.12111634803217 1.4392525670645
1.9545352689111 5.11529773516689 -2.97167291133157 0.44975204718444
-0.0451831093370265 2.82917927443421 4.56489595978868 -0.764787881742731
-9.00119428905077 -4.86569299055683 -0.921793913850329 0.815594713748631
1.54048254930625 7.5064156652046 -0.669541050329037 0.933477202143876
5.97893591760434 -6.80568579720666 1.45659496291294 0.712959906066378
-0.427155895677317 4.7361485708226 4.34919747639119 0.60719847562427
6.28187657102277 -5.52606066576356 -0.00402098043882813 1.00592432111441
2.1673735972808 6.63281355218164 -2.31966083555504 -1.09760141934816
5.8299865955122 -4.69878786053826 -0.849328311659908 1.9016179077301
0.942026668704173 3.48486699962998 4.5355124322806 1.29505018819684
-9.82397084851989 -3.73113157035658 -0.0030307382415049 0.655888820108303
-1.30677580217765 4.43788757759438 4.87977593474884 1.59150720921076
4.23354923556913 7.66684269775849 -2.54522515969329 0.290744859297339
3.78635351145623 4.8264229675296 -1.99329492541136 -1.48956523030341
1.47274476700246 5.60265061049649 -3.35129381490952 0.087023520963884
2.44160589489446 5.97876770869754 -1.06599054457201 -1.1562932601296
-9.85627901961339 -2.30833368995191 -1.23002979648295 -0.375417871309345
7.77591836800295 -4.46051219621136 0.822672574389458 0.566094492014747
-8.7852878958331 -4.55465279414779 0.406337922107126 0.281035728456974
-9.67966726448133 -3.38321298170058 -0.1962417676931 0.075321938523492
-9.63005801410473 -5.07673632466145 0.511191608447876 0.674542301501272
-10.5456861699326 -4.86320264859479 0.537189516276518 -0.294763112208106
-6.5156498436339 -4.28921586477693 -0.44920205943679 -2.12151451886324
6.76710523198363 -5.22522510506553 -0.616170592706978 -0.0344381012563465
-9.55752763311727 -2.89957106450251 0.0731680556796596 -0.765970824973192
-2.01459800450463 3.52939709224223 3.91143843242041 -0.687597269386355
-8.37403317066836 -2.36113238243572 0.732765528465172 -2.49219945040902
1.91143604650102 5.37879022387754 -2.6622269040637 0.818375764717248
7.39596819033406 -6.45976973007169 -0.665091247234098 1.51962197700075
7.74650591843446 -6.58597898593813 -0.365863258729165 -1.39682499565978
1.72077064524865 5.75196010608968 -3.914235696934 -0.08306089287086
5.28880985287157 -4.51916295927948 -0.0488254139307431 2.85700769019009
0.365041080137026 6.26007877410286 -3.40704192649397 -0.598663891707202
1.7916866491865 5.74515041672599 -3.41920803879285 0.518721271705419
6.7392531276275 -5.14464958146288 -0.552910049945558 0.491582949087198
2.31145207644879 8.09445144442754 -3.07545205023471 0.382187699474243
-7.52586824035743 -3.56489020811947 -0.547410079096976 1.52994429558709
-7.49762942491362 -4.25133452015876 -0.0671482605697227 -0.495116008214277
1.69264425360219 5.80655577089709 -0.94353760058692 0.7411691011109
1.44879616124055 7.34358194854546 -2.72217832854013 -2.31919080215923
-8.92608658822267 -2.62203864115698 -0.225597298496271 0.660142720595607
-0.899510518108609 4.398937957592 4.55700009144971 0.0859756924268472
0.92336152005495 3.52746472937079 3.83858177952984 2.32249291015504
-10.0919019846286 -5.17644816956524 -0.307679385198434 -2.41096783279566
-5.72539443938132 -3.73936370370821 -0.644196138494618 0.935414227507288
2.82467803076737 6.67309441780264 -2.66190641126922 1.04842746029128
0.306716333382875 4.15366364334969 -1.79650864368604 0.919999633928667
1.73228674120164 6.23925632700328 -1.75233946992727 0.41084344011071
1.33505070387951 6.93110520896244 -2.26441315482184 -0.390513163083416
-7.83038551416738 -4.15081772327954 1.54276559901205 0.252455818408764
-2.42314022521073 5.55808457973185 4.98970225924371 -1.89726634892101
0.978359373786463 5.08693448007879 -1.81780891960761 0.537225437910826
6.62991769497578 -6.4976865569965 0.924602336095691 -0.350231253812753
-8.54555712361531 -4.2967323519989 -0.695728654925253 -0.124253938381862
-9.99419783586308 -3.6655915256238 -1.10911853753644 0.790199475194317
