"LD1" "LD2" "LD3" "LD4"
0.428062732962608 2.68408497838991 5.32076518339542 0.431231162139027
-8.14251659227929 -5.19742372259044 1.9597513147205 1.25081436225384
-8.77010729487229 -5.63442941335914 -0.741730272229805 1.50243606881387
-8.73411486397733 -5.61274616409162 1.62690563623575 -1.99122148387607
8.9681301403751 -6.15070950638237 0.35953852415511 -0.607728585090402
8.30142262660216 -5.45763482197518 0.370512651696113 -0.308351477981126
-0.432900443106359 4.50480956653112 3.29121147724254 1.38581138348314
-7.64408523908427 -6.39350383352676 -0.448823275391617 -0.127045638675884
-6.84812378163434 -4.40042087519193 -1.18279498224812 0.828985343872344
-9.43157899803062 -4.1932424920393 0.513744222761719 0.0633140260002284
-1.17487607927416 4.50483242797334 4.30941604616781 -0.6618959842441
3.30136925836599 4.17818400607228 5.70151704687505 1.75672744659436
-7.70724785997025 -5.98494769521789 0.832767793985825 0.604287904059332
-8.581768966957 -3.75796384057568 0.859252320515884 -0.550187437213217
8.66941605074608 -5.38380192121796 2.04996120716255 1.08073108532805
0.218477410547659 5.8364152536546 3.12623094584868 0.374777011142408
-1.81785478456251 6.14598409510994 -4.28254315021244 0.156258987410684
9.39613946493786 -3.88246550696573 -0.0641312209758833 1.01357048114927
-1.05270047570934 6.32539653252533 -1.93947502127909 -0.190415877388078
0.336053967952196 3.3306851315128 6.19174376227032 -1.6878448823009
-2.07117514048632 2.94794777210995 -4.79934450119231 -1.94390261442084
8.57294906966073 -5.22649044885258 0.0711089834509165 -0.0703280407499663
7.90170754003972 -4.61893238084952 1.90422906376413 -0.470857441379136
-0.121869199616546 7.40660649463327 -1.27058234576887 0.575839780177457
-7.22799104459787 -5.89104110145854 -1.50371740985155 2.88126861600092
0.0703546704244496 6.06669007327771 4.12997309324703 -1.60178307838481
-9.01561572091108 -6.05273161167654 -0.506445195789721 1.55395208529639
3.33871083904651 5.41145271219183 4.80698836067926 2.19304306700582
-8.11552316825317 -4.05212893187777 0.348366594580805 0.144583804559111
-6.51961010610341 -4.69292616252409 -0.0819054291967934 -0.287713116569586
-9.06022405364627 -4.95581820403793 -0.210702374352942 0.200363190665963
-7.0956097549944 -4.87344793194758 0.224028297815832 -1.24193377337555
10.0651677989346 -5.85990875597157 1.20753019489841 -0.386386097462948
-8.41090090642326 -6.70095392844145 0.298198005800557 0.28219013304787
-0.183601196921424 7.26155432963354 -1.49483623223334 1.13690308475264
7.36434198034445 -4.24583894655867 -0.481836316351056 -1.43425352492395
9.29398345666399 -5.92022050834022 0.00175436694849922 1.04403471687492
-6.95046548909681 -4.73452074096764 0.00842721931016302 0.961336493537779
-7.01957420786926 -3.87545845950835 0.404702445250856 -1.22950233354926
5.81670446248532 -4.01315007558342 -0.238022069146207 -1.15964608177891
-1.63609802460795 8.31813909841105 -2.84953716513521 -0.54617617633099
10.7024775398812 -3.68730748000103 -0.878920147720051 -1.18887801254159
9.71133884325038 -4.91488378663125 -1.20832840249609 -0.178790615179091
-5.28308775794847 -5.17473743097105 -0.65088572163076 0.395859876579093
-0.675004186321049 5.04940012207643 -2.24100352228278 -0.1168975117497
-1.82386544226682 6.32785253634513 -1.86044137745215 1.40853559830773
2.74729155236399 3.67238381089334 4.10656418510659 0.0581275232442191
-9.23189793023984 -4.40562927629701 0.930506594116272 -1.44789012802889
-0.660754071253988 7.47389090449124 -0.526870158302526 -0.283365684785883
9.57059139209614 -4.76843634475632 -1.2571092883477 -0.666933060027351
-1.27332141421839 6.50262765750658 -2.62192052869081 -0.412516675719752
8.48506903229824 -5.75309206357811 -0.828472588610944 -1.07488874988426
-8.70996450323409 -6.97524637192417 -0.632828400910729 -0.160652219124767
-6.02006149166488 -4.01016097337166 -2.01330578092398 -0.428603304650633
-8.15664766423199 -4.29430114839502 -0.0670666986549245 1.02854904711824
0.801099228830267 3.13544083605026 4.81359934421111 0.569415142200286
0.314858559841176 4.12795869217061 5.58784941098143 -0.0612531516507603
-0.283984977500582 4.82755371079913 -2.33612991403256 1.12449326292615
-8.38618645435705 -4.93429961463291 -0.394959011523862 0.650861330847724
0.309579601709836 6.44492497514486 -2.56623071533095 0.736231155635305
0.350800308990479 3.8893268658864 4.68955426780566 1.88942445429033
-0.921517581420214 5.61409792518981 -3.55577249030965 0.133334664966999
1.34018740407138 4.35140312866255 3.8423452252914 -0.310785116217277
8.33562884185013 -4.11297813256014 1.02200024392362 1.18492286688612
9.4864013225759 -5.68049542095497 -1.81212644000076 -0.989269823257596
-0.708798825623029 5.63979785672117 -1.40012914003301 -1.44273148062259
-8.5416319712486 -4.6125877921298 0.674935233341804 0.647886598173625
1.36948749019219 2.97109858379283 3.00785669804316 -0.59890459462282
-6.52370325566762 -4.13867043308513 -0.726299135433575 -1.88179978917274
-7.65334723267487 -4.63776417426176 -0.654881417143183 -0.20133430071207
0.0433223452908069 6.13475407162128 -1.79983443513223 -0.599081849872919
0.118379833936592 5.26495621449962 3.9596246431652 0.987494266109605
-1.98194043992903 6.98032046599967 -2.99712916350215 1.77482049850375
-0.537886536901561 5.6497580117394 -3.87480866319622 0.332496134968412
-1.06798994172403 3.60224330382528 -3.05373578157008 1.66138251490054
-8.48218263797599 -4.26547198842576 -0.430768664188739 -0.738232234028843
-6.92673363537718 -4.60795708925503 1.50713102784274 0.539301752737679
-1.3220812321468 5.51696577602902 -2.73860066268024 -0.756924429005236
-7.25365693023548 -6.41129305047573 1.33885395483745 -0.608406394010014
1.61635109686739 5.06494518691604 4.5834876571712 -0.530350206603736
1.28914484721918 5.78946260666404 -3.91530834674292 -0.434960454538071
7.31335974139177 -4.31279215616957 -1.139147955852 -0.796535968150876
9.36498263054412 -2.62065712534546 -2.10186713144791 -0.185618488546982
1.22274305551515 3.08538746517926 5.51566053678348 -1.52281363045638
-6.87104408872619 -3.58211194145895 -0.846101583511369 1.11004862341376
-8.92252459807499 -3.55429804391675 -0.495654693971701 0.482408198055651
-8.49766345333094 -3.47327867064113 1.49599443040071 -0.904162363797586
-0.813949117332295 5.36647088454466 4.61111670521644 2.20333268859289
0.271588049805732 4.8474847812405 4.42661866040875 -1.36794113357961
-8.76705426013112 -5.0184776779742 -0.268901720705502 -0.221232714377937
-2.43097289978559 4.95418514410594 -3.06398422219029 -0.509818061180551
-6.87536064875174 -5.97715457134602 -1.97646165920057 0.679094451501808
-6.85694840261918 -5.1148846356628 1.47487509568099 -0.37196682341675
8.27052859900355 -4.28703292109269 -1.10597516500513 -1.06907967088838
-8.40031243684185 -6.75765880971774 0.459099253619396 -0.871037543201336
-1.01839665074011 7.37220868137098 -1.16291151375155 -0.510817834504506
-0.723812873772277 5.81350407183935 -1.36076274020355 0.567019533039938
9.32617530304002 -5.63850161583052 0.012706659737287 -0.279549436753827
-0.0491315964241835 8.31135580668526 -1.23406578761802 2.15789275371116
9.60650424737282 -3.46529599909076 -1.55751849514181 0.831518954105703
2.33656566898885 4.20817974634918 4.53537244176593 0.603586874218241
1.67001322324393 5.07750260425668 -1.8582006236768 0.560915217845283
-8.94946178602964 -6.9645077669436 -1.23654364189134 -0.727436163732352
9.92669168817182 -4.49994153249253 0.185286972372944 -0.571244721687444
-8.16230358247983 -5.75291066109179 0.17238892099815 0.00803404213027323
-0.7691576388836 4.1838745032203 4.17462879198501 -0.565471893374971
8.83228701333985 -3.84108629604131 -1.49125095857923 -2.36937165751881
7.74931417485879 -4.10009962898094 -0.901991854857271 0.675718800600364
-7.77353162188784 -5.32243868990677 0.705328607163525 -0.650264489674163
-0.771505934629047 6.47108085247764 -2.05856505792203 -1.07802279808175
-8.19062456039856 -5.72000240512305 -1.05786960394024 -0.547887289923535
-0.507096327101632 5.32335190168855 -2.36223780127209 -0.287482302432152
-0.221250733328449 3.82321646037907 4.70055361392687 -1.37788879174482
9.63447310240862 -2.12292212425991 -1.51691915065208 0.219721381373901
0.660994061896038 2.37336331730033 2.85667426776214 1.63897964329028
10.7271259596075 -4.00240976118069 -0.576102015236178 -0.42020904284759
0.501818625327526 4.06135150945804 3.73770640351369 -0.339949610758413
0.233905436061228 6.40485396977317 -3.60372663037029 0.571764816639706
8.40022493681586 -6.53854663575432 -0.862027141942539 -0.485488089148766
0.122112920034117 5.46762739594276 -2.10607059026632 1.30052868772137
-0.279897583835368 7.84671632155934 -1.38531471567315 -0.149722700253787
8.9899457640651 -3.39556590650415 -0.207325627773539 -0.1720502818466
1.23711460279779 4.99109953401877 2.48971814518835 1.04037088928374
8.32431200965392 -3.39472995303886 -0.96622621452217 -0.475325007029107
0.362440645243684 7.05858604809141 -1.65958679964078 -0.0616271127188181
0.315542177931175 4.74420910875197 2.32532480037686 0.425805299991845
-0.344434210046415 6.76338524574403 -2.71070735900039 1.22931076763709
-2.08264280005273 8.28600394928054 -2.4981160336868 -0.407848055795703
-8.73185273250259 -5.05443992465695 -1.45941422225061 1.98170346819423
-8.62797275649326 -5.51538993041916 -0.398602701932736 -0.538738605642451
-8.83902685987229 -6.04919715202023 0.458492191478634 -0.849955693503908
0.0826962414509466 4.36498329822611 5.49586060497169 -2.71465126365905
0.878594889602111 3.88958895071503 2.81639848273207 1.27527444445672
-1.78875743939024 5.03125698223242 -3.29326814411742 -0.370324799655427
-0.708927739058227 6.54461354434182 -1.68203129306571 0.402457627798613
8.22211317402915 -7.05932021575229 -1.38797824170226 0.501609390626951
8.55543237722901 -4.60748199292491 -1.0774918340317 -0.464689379358158
0.17133891382522 5.5212467306328 -2.10503889368943 -0.924828229389957
-0.802930490211992 6.57991317489558 -1.49360037523587 -0.37926122440427
8.56268747600384 -4.88031251001128 -0.336953730112696 -0.129850717853449
6.90961400232164 -5.13748361675156 -0.257456878398784 0.64300110896079
9.8929477645831 -5.38720561456234 -0.00770573543907285 1.60895889660704
1.51101654482433 3.30193072112084 0.376025549281041 -0.598982517305627
-1.23326720839608 5.84753851090975 -3.4818001544255 -0.599573912302161
-8.42022866115183 -5.83434558131629 -0.65501629935405 -1.30653946517818
-0.042072548977248 5.79466531775363 3.17609877005021 0.694185457551677
-8.89845729411776 -4.55739616140772 -0.214107587833602 -2.5061142669892
-9.76906028273627 -4.31587609549311 0.680544043770647 1.24164535117941
1.43061290557008 4.45076474266653 4.5213539003895 1.17763023562394
-1.39068318204364 8.25217907511104 -3.22847960408487 -0.227410909297498
-7.03769550318822 -4.29205034070108 -0.638600176740361 1.54369689556711
9.6847740465902 -3.9775473443053 -0.730422204441417 0.348560341764717
-7.34512622893417 -4.67723541637281 -0.35457127633552 -2.81458860250044
-0.750335464298142 6.08983284611356 -3.67972028072513 -0.111164598095174
-1.07356399214984 6.82396969967889 -2.60497882482234 -0.565608344835069
8.47060352465643 -4.8032171082923 -2.59998452547896 0.0853492025536164
0.237862102913929 6.20535146435906 -3.49873875649036 0.449951851420753
0.953063961419447 6.37984264310992 3.79788570050624 -0.43412783661194
-8.70921294890227 -3.71020690671599 2.74851737035507 -0.871009080868271
7.51638731255047 -5.04109338639892 0.501669461848202 -0.433255750499444
-1.65629104671818 6.60093791842395 -2.72315457881521 1.47063838006037
-8.47620169991514 -4.53480577377726 0.145746631936737 -0.138284082524145
-0.139721061901176 5.45461292252425 -1.02995706131534 0.772465160533328
7.91571793032197 -5.44526530518313 -1.37411052495153 -0.16390244013331
-8.79683061780821 -6.66050782802692 0.821310161872822 1.88870861946534
-7.97542276457654 -6.06788562677184 0.637431235502851 -1.59172181170145
-0.305955379935104 4.56230906986097 -3.58690384435591 -0.546083924884308
8.33545640170319 -4.0352194137031 -1.16011397926334 -1.0084728249075
2.15009383480041 6.13676368651719 4.39124271008906 -0.829257653453623
-0.852176071185522 6.07884036232557 -0.856146083992682 -0.829098553505281
3.23393610508319 4.61641349081118 3.98756961532806 -2.77474908105818
-0.872584246578891 6.14759363111618 -2.61005244010034 -1.01655851862288
10.0289579973495 -6.21889678544261 -1.11698244449487 2.36049348603428
-1.28277766875555 6.20268748402669 -2.21947481623109 -0.000631648413944979
-1.5643405262956 5.92721809923116 -2.32473251114517 0.563492746313478
10.026123877103 -5.05818421278632 1.21924191209409 0.0612829640884394
-0.527025464033752 5.00000895351846 -2.0163312836299 -0.249903317737317
-7.13291387030971 -5.23448208593256 1.16210832967432 0.410981029996537
8.76832925124508 -4.61506616473218 -0.864693425738364 0.0832210493691127
-0.626155251241298 4.1063500832032 5.6031060795831 0.300915380827044
-8.11016372637219 -5.10390386093431 1.1660456882199 0.307180942396478
8.97081516497844 -6.47717947081007 0.33652740419712 -0.649158623021222
0.681700256583941 4.62289254829445 3.06612797663895 -1.1811671296958
8.16706998961745 -4.52144329938907 -2.79359415539355 -0.529708783656685
0.563755901632775 2.78159867085199 4.20366897768346 -0.594552423598792
8.66150883915291 -4.66893261428756 -1.07405828197082 -0.341057288972889
9.25013483594127 -3.3006879475289 0.0440790077495944 -0.564345496241649
-8.87451737500796 -4.73915059992389 0.797304067407271 1.37796660376426
-8.1687436305785 -4.12008313927623 -0.332709478980384 -0.0172532700456788
-1.17387274643604 5.97899942801115 -2.60728235999422 -0.409894571141255
8.45621981255452 -4.53587599734743 -0.463881420674199 1.18975739656276
-0.923095973223597 5.93803254557198 -2.26537902946837 -0.954939834055957
0.279943597149815 4.08311795110765 4.599771048886 -0.321981970820831
-8.28918081058223 -4.27341494762374 -0.874927601128746 2.10353317828088
0.617384117620783 2.4095084922745 3.94879167898852 0.433058856005344
-8.69659988595973 -4.88228423958699 0.335113647515582 0.707309929054797
-1.37065244707924 5.99788865996896 -1.44321089156847 -0.152840940053209
1.90162288002359 3.22400371069219 2.94667361390623 -0.460434567791878
-0.325532905811265 5.28192992476153 2.28638311607931 -1.53623242184042
-8.11679162549917 -5.01548968241644 -0.175341629293598 -0.48159188948183
-7.3798426674295 -2.88205798397753 -0.323266875588818 -0.409646577444775
-5.58269987182926 -4.60917941930879 0.899639483896413 2.12224504304471
0.0111053367558492 5.83079568901962 -2.91223668426181 0.605946514143302
1.57899550744539 7.3052937438309 -2.2896218667473 0.194280045327755
-8.84197920584016 -7.21667572361916 -1.17593752219471 -1.05526789458436
-0.451239153379534 7.16724893062199 -2.0922398704329 -0.0676310747314095
0.491523515889005 4.18870450406409 1.41709205846304 -1.69436226081631
0.275655396247554 3.96896103905703 6.69114983502054 1.89192652057763
-8.42286144438379 -5.9606129909386 -1.16905141552747 -0.279859771261109
9.47856032335141 -5.98447827879852 0.625844114971106 0.232975190013563
-0.737704950101681 6.84716840884674 -2.4284402727444 0.96287855904126
-9.20621521099826 -4.17394745332387 -1.56814475337513 1.87500700225632
8.46974391391499 -4.08995314457652 -1.68038207066595 -0.5653490823827
-0.506179007662675 4.34842597001711 4.29796847363634 -1.15204314412475
-0.0172505869279894 6.77074039839897 -3.49814667952508 0.153401851716587
9.21347403509379 -6.73150201664566 -1.18842735148221 0.65890767860053
-3.05198055368218 5.31456514644236 -1.85677599341219 1.37473429652619
7.28178657126537 -5.47574311551783 -0.63536051199874 -0.926089290733884
-0.31284917756784 7.48368985328339 -2.25972175713306 -0.273184103139007
-7.7231990410744 -4.42209219782395 -1.69729990268642 0.32436558821719
-1.96642533255595 6.50691429880838 -2.10117398847585 1.51285907002753
8.7585652021131 -5.23045553263169 -0.562155216754045 -2.22182789736986
5.92689948528666 -5.06618723137657 -0.607493818519352 2.20056923961753
-8.51165664157075 -4.95500441467633 -0.423869732926584 0.6018017381462
10.6049721037468 -3.50739079249562 -1.04779294572212 0.656719631777437
2.31458890846347 1.76435166249361 5.32825043663053 2.05201872544166
-0.494685138183587 3.75481752964923 3.97389407606322 -2.69410519361831
-8.31883497887318 -5.6972552488441 2.73973094192429 -0.0235149830665058
-0.0860790673685723 5.95100658789935 -2.52726096330018 -0.608874283342511
0.0665232140105982 6.44708147213941 -3.32809808103797 -1.3268527216289
-6.8368071924278 -5.12733274347905 -1.47000753715354 0.429760868471357
-7.73091769128443 -3.23775370841684 -0.460859234016075 0.255413944318965
8.46251846970862 -4.6411932393647 -0.886618887212774 0.860836584097898
-1.79197373115473 6.50644609099622 -2.72031967984693 -1.03333427728959
-7.94522806813889 -3.01816195534945 1.40421626562122 -1.44152962641541
-0.292214424932321 4.76669264177792 3.13536297569411 0.907412428914679
1.41056895757877 5.56819045976783 5.01579213366555 1.93491248481295
-7.83711596636747 -5.05123494012175 -0.540812069520351 -1.82244683778574
-1.10638351264278 7.55714851262732 -1.98577211862448 -0.462153725645908
8.79950938578234 -4.05455874830571 -0.93459124282731 1.11339946695762
1.65566814941618 4.41644959641971 4.44568767521375 0.195411962651424
1.54082997266775 6.09500931720789 2.62060741766228 -0.991712932848668
7.7421443768712 -3.52725980430766 0.228313092544591 2.79026194404403
-1.16845458241919 4.95671919187457 -3.73984679673237 0.52417172728435
7.91391373352961 -3.73112892474378 -0.488344337484978 -1.14666061415494
-0.993681017179412 5.7716413288095 -3.6527276393019 0.836141015563723
-0.328549962457652 7.60909398007348 -2.62660619095908 2.21720470093565
7.88638371912701 -4.53344958851205 -0.703261061496621 -0.0243202888131754
-1.42288668539727 7.36027583287375 -3.24035588551634 -1.41191141525309
-0.93550171702773 6.9623160393858 -2.7406438432139 -0.0154199673153638
0.0173752657036772 5.10569647135605 0.97275275700512 -0.7438271528861
2.09676058137581 4.51113587511901 4.96128135313638 -1.66937372817015
8.95689285705337 -3.41092440474193 -0.16224287998021 -0.57377391405792
-6.51246608319647 -6.40056226710232 -1.48543620931036 -0.724685950216251
0.507567644843373 2.90928162552029 4.02557988023617 -1.78064232660085
-0.874984177858769 5.55253914605833 -3.78272251971772 0.208833038703278
2.64264436521952 3.08324442655698 3.43693257776706 -2.28577319585849
2.21192703982159 3.90042828246391 4.98673603286176 2.52090063763662
9.91107369747161 -6.0402852308807 0.353930619777089 0.359121005327716
8.56755376502085 -4.85307226131717 -0.14727425951194 -1.48295046145938
7.14942657692691 -4.23066639754595 -0.513650932563272 0.553114676717466
8.45954813639241 -5.28812666012502 -3.06688584159086 0.964497692394766
-0.130321056805287 3.99825958930503 -2.0093095770658 -0.949931395567656
9.44692099134437 -5.34267538938455 0.542803436612864 1.34924408575926
7.80489575382746 -4.94742443139627 -1.54548825746145 -2.14055967092708
9.19761766769533 -4.66469833912688 -1.24507096669884 1.3379382754655
9.02477219876215 -3.96963569832969 -1.2795936203757 0.166128076252521
-1.795349475429 6.13348575565023 -1.2781089382594 1.40325105130867
-0.51268361101847 5.1409220578893 -1.83666039042068 -0.771478390371071
9.42124853924202 -6.33455214688226 -0.52432776915642 2.52860782321448
2.23687277378469 4.05661027761908 3.67827441752122 -0.432109844367517
9.59420183757367 -4.87999074459023 -0.861435871046812 0.328701864702022
2.90960701061285 3.60565993628991 4.06128193402967 0.696035273562209
0.0536379947968053 5.3966580060069 -2.71656648869209 -1.43750703786824
2.34132935615933 5.51249289484313 1.83655731186474 1.00515849968596
-0.0522929660084788 4.72499743025576 -1.89341710967024 0.651133896364377
1.94289565833002 3.9530673928625 4.61126044307961 -0.531257488263911
-3.56191814184378 7.9164281689884 -2.80970809061933 -0.0794395866149008
-9.09906412734445 -5.75453037927422 1.88886291354503 1.22474837738076
-7.57550974580529 -6.36033102350494 -0.0160536206896349 -1.4234480034565
7.974467421812 -4.24785825274856 -0.581069019050745 0.176537342363571
1.82615090572258 3.88702278816571 3.50129891369157 -0.301180552520297
-2.82181789267327 6.55573322908128 -2.00593069014539 0.258914498852487
10.5633472063106 -4.50103768962672 -1.14039041328419 0.0807637458592576
0.962784967827566 6.40740660471872 -1.98889063731276 0.667484848721092
0.738384779392868 7.03991887677039 -0.458421578988259 -1.34288572945233
8.77063112032844 -5.84501301179031 -0.591366380568472 0.34831197631681
-8.70898797335912 -4.80457579311909 0.426540533327475 0.638682317400166
11.0753853853912 -4.96505103127146 0.0826081948742581 -1.15874614859003
0.0257923372585711 3.16836216498918 4.54167517306919 2.58505749464085
-1.85489387455447 7.04172462251067 -2.5883305222755 -1.01512550254154
-7.01839998110608 -4.74957624054461 -0.159824376788804 0.266729772532846
-7.55234758127007 -4.60229919311485 -0.548563616830968 0.127212985991885
-8.0453452446593 -5.07026751328417 -0.692173852940514 0.0839007045650958
-9.45615386372578 -5.33945880114647 -0.650508159853207 -0.819051284637784
-0.72804380898106 5.13506946712884 -2.38410801859503 0.204346582143817
-6.2073642954962 -4.16825016251192 -0.14324501954581 -2.70299723475667
9.19980657433845 -4.48653324834239 -0.391802519775334 -0.00514475150191334
-7.7009994012062 -5.21386976125712 1.5187597291698 1.7007429767573
-7.53121574373128 -5.56431402310541 0.289908845290238 0.354630804967239
