3.83610000892722e-43 1.3984105858305e-65 0.999999999999994 2.13659076901864e-15 3.67950528475021e-15
7.17534047552358e-44 4.37600824937057e-57 0.999999999999998 2.35436973235548e-17 2.28273466783036e-15
1.37933067490145e-55 2.03298788112966e-55 0.999999999999018 1.47179056250893e-13 8.34758400088048e-13
4.60044222479205e-51 2.65681373870848e-40 1.26653934708292e-17 0.00219164599568781 0.997808354004312
7.82295775607558e-43 2.91959865216167e-65 0.999999999999999 1.09368317256908e-16 1.05954923796908e-15
4.78759743427576e-50 6.7389656235455e-62 0.99999999999973 1.38361024273692e-14 2.56242949475931e-13
2.72685795169966e-43 1.36542029508107e-63 0.999999999999994 2.31347060057607e-15 3.45555136238795e-15
1.7279728655998e-34 3.9549432236254e-31 4.95494390905886e-13 0.846786556999098 0.153213443000407
2.8008225114306e-84 1 1.24276487377996e-70 2.47164996814056e-46 9.31427539696729e-47
4.54004605113307e-52 1.69581167947897e-48 1.42411990697299e-15 0.00104119584141743 0.998958804158581
1 1.04658331782654e-68 2.01940068161213e-44 1.12641358758089e-50 1.34053773876621e-47
1 6.93883594084037e-81 4.77925684838407e-47 3.55099051347702e-54 1.5267655000935e-51
1 5.03198698698567e-82 8.68098117732388e-48 9.90064549219829e-52 3.03307537027337e-49
6.97018331635912e-78 1 3.48405055358437e-68 1.5684235686108e-45 1.40399981449801e-44
2.09237326165882e-73 1 7.69536767759086e-60 2.04480351939036e-40 1.83288119779041e-37
2.82815135579239e-52 1.0401692330863e-39 1.29477870062175e-16 0.98055608101346 0.0194439189865401
1.12602733797578e-73 1 1.05661017152328e-53 3.76526299257599e-38 3.61277870819231e-36
4.11358093636562e-41 4.35847245824034e-44 1.73620975789851e-14 0.132551932044195 0.867448067955787
1.33789770777725e-81 1 9.98284016566752e-64 1.71931316129448e-43 4.14741647438351e-42
2.36042202592934e-86 1 2.21585522943349e-71 3.82429643334796e-44 1.64396643379546e-42
6.07575005610733e-49 3.52623106949641e-68 1 1.09658339435814e-22 1.35880378044867e-20
1 3.94751291478391e-71 3.41094904420398e-35 1.66085545982672e-39 1.22775418726565e-39
5.26603123393986e-47 2.40277563963942e-37 5.81456125229282e-11 0.0975735973774611 0.902426402564393
1 6.74298229994869e-90 1.54557657610726e-56 5.2139892556948e-66 3.00884204848595e-61
8.65671632064149e-81 1 8.1390087579473e-63 4.65614954973217e-42 3.2663554215321e-39
1 4.98334117298651e-86 7.68766925999915e-43 2.86696188634165e-51 1.66668724896923e-46
1.9937934784385e-38 6.34548201130475e-48 2.96395026250911e-16 0.0019378619137672 0.998062138086233
3.42394984545563e-42 1.72669546470487e-76 1 8.02835894411631e-19 4.79457246607749e-16
1 1.96025247262083e-74 1.24647753268537e-42 1.70063524507406e-42 2.03175606101103e-40
6.1495435884829e-52 4.00157867746852e-61 0.999999999892869 2.44151949524159e-11 8.27157770564227e-11
1.8798487944476e-50 2.68428521529194e-43 1.39457567155395e-14 0.0266045586912656 0.97339544130872
2.64691195256492e-38 2.09903417676868e-66 0.999999999999999 1.42257450818989e-16 3.62208567543428e-16
1 2.04624512280599e-70 8.42861791320784e-32 2.10457336673395e-36 1.05441542713639e-32
1.91160925464719e-50 1.22246505653961e-82 1 7.01651521689169e-21 1.42380761058895e-20
1.07194852323769e-44 3.29228064531714e-58 1 2.32046272238894e-18 3.76100197826386e-16
6.57611316402267e-46 1.27557781364212e-50 2.3994293159763e-06 0.909324074929394 0.0906735256412895
1.71082888993226e-53 3.6511221085366e-81 1 3.22726919060286e-21 1.68392358543706e-21
1 2.26760091111842e-59 8.74282276483367e-33 2.68626969358509e-37 3.25875693337867e-36
8.46352858773742e-49 1.58211475581598e-71 0.999999999999789 1.13393495265971e-13 9.75182656396165e-14
1 2.64036167800188e-80 1.36620022785382e-38 6.14461488232844e-43 3.70253788512231e-41
1.50692296592317e-68 1 2.01936718407744e-59 3.20186988294593e-38 1.15009612692575e-36
1.53375794552785e-44 1.58797150474893e-67 1 2.14708371732932e-17 3.92541352339859e-16
2.29365114442065e-52 4.11481614859326e-36 2.3084393557203e-17 0.909695505021289 0.0903044949787107
1 1.62779218057204e-83 7.86574741781757e-53 4.671595785784e-55 4.59692271718412e-53
1.5264092792645e-44 1.62630750083347e-66 0.999999999965921 1.14879880296064e-13 3.39639857920402e-11
6.46771964888268e-46 7.47583117349963e-46 5.61791037369149e-21 0.000290782548865628 0.999709217451134
1 7.54224245870597e-85 1.36610300450276e-46 9.15265984825181e-49 4.11032110090611e-46
1.58257457897428e-75 1 1.11655773084893e-54 2.27089530117966e-37 3.38513742986056e-34
1.11090567673163e-84 1 6.71458868334059e-58 1.01836280770038e-36 1.08861405162779e-35
4.88267488359075e-49 6.59582179076263e-45 3.49140207181991e-24 0.984554514283306 0.0154454857166941
5.24249675608337e-92 1 2.06464976860142e-75 4.08083210588394e-47 3.14849086705723e-47
5.29056630552031e-76 1 2.12960659342791e-64 9.89855081160664e-45 4.99631966152062e-43
1.26115474008494e-80 1 2.93832985506183e-60 6.03984354618141e-43 3.57084464577689e-42
1.96429474024882e-36 6.38366946368828e-55 0.999999999999999 5.90457559884416e-17 1.21532861035379e-15
2.55473949147835e-41 7.89822964383703e-54 0.99999999999875 6.75455374992556e-13 5.74234920035096e-13
9.87920657353616e-45 1.0561901548464e-61 0.999999999992537 2.95304129509422e-12 4.50976583487974e-12
7.85099059267502e-40 4.92864983042162e-66 1 9.61860641392368e-21 6.68435666674486e-20
3.91097462143361e-66 1 1.81488784288269e-47 2.33069671903969e-27 3.94258855157714e-29
1.55918379015698e-36 3.45164587823455e-57 0.999999999998551 1.85488570620467e-15 1.44725218876354e-12
1 5.57371950888839e-80 6.9850034305912e-42 1.18538901654229e-48 7.74654697638364e-46
7.72088745695175e-56 6.53705443852579e-34 4.12003675743398e-18 0.000105157625328873 0.999894842374671
1.38385998465665e-40 1.12066055506943e-46 8.25903469563332e-08 0.000364573670772476 0.999635343738881
1 2.35573728792634e-87 1.01610170205059e-43 2.64721196976108e-52 6.73380509210886e-47
1.15192252167045e-36 1.57415724650334e-47 1.20729545634277e-08 0.902810478428567 0.0971895094984782
3.17951399844193e-71 1 4.02044314943719e-54 1.37838628482752e-31 9.11102354202786e-32
4.0283375849257e-92 1 1.30280675981538e-55 7.72762200148618e-38 1.9742638026959e-37
1.92316241437189e-41 4.09166967724245e-59 0.999999999999998 1.11296297406741e-15 4.28749405461274e-16
4.47878445632469e-38 8.15257623056489e-71 0.999999999999998 7.30490740080816e-16 8.49038052986502e-16
1 2.38131566125691e-63 2.90921301296092e-28 2.34503034148909e-35 8.70202326057757e-33
8.41004060290152e-73 1 1.72748469484805e-65 4.33805018832259e-44 1.82002820077839e-40
2.55941513576722e-55 7.4516199358038e-41 6.47577405984057e-11 0.0115741459472786 0.988425853987964
1.9460941038542e-50 5.24724091899947e-34 1.45478883881716e-14 0.94939601414709 0.0506039858528958
1 4.37794901229923e-87 2.77267051507976e-48 5.93286569146563e-53 1.36882151310944e-51
4.59469793111978e-75 1 4.98362698360859e-63 4.66060749560614e-41 2.47545741845786e-39
5.97608328712639e-41 3.72564333230679e-49 2.07983609928208e-16 0.807655478126753 0.192344521873247
5.10498031521538e-84 1 1.39537305039361e-61 2.26778990745677e-42 4.77225640313126e-41
1 1.09147594975138e-83 8.32626251389496e-43 1.01695205902541e-49 2.07042192769165e-47
6.37586335866882e-84 1 2.5863583305505e-68 1.20022944672853e-51 2.83189361819534e-48
1 2.23957243666003e-68 2.73933640500715e-39 1.92967809669731e-37 2.5886703353328e-35
1 2.00958213249052e-89 1.61548231132276e-52 1.41562203036471e-51 1.38187411513456e-50
1 1.03487688814161e-74 3.74621139881605e-43 3.39335733293498e-45 2.75097612363279e-44
1.72110657751977e-42 9.06484436127007e-64 0.999999999997363 1.54752781068949e-16 2.63652059106917e-12
6.85355994071132e-80 1 5.82939221708524e-71 1.01129001755661e-50 3.63919762381615e-50
1 2.67244054180094e-96 2.54230425020532e-47 8.17926723268396e-53 9.66639179557296e-51
1.59822358155958e-41 3.6263798007569e-34 2.10852301359027e-11 8.82083282177962e-05 0.999911791650697
1 8.42669770517123e-81 5.95082692650666e-40 5.73308251694376e-46 1.79257282625705e-45
1.78861467578682e-53 3.02280710897612e-36 6.95575582274368e-08 0.916673055647673 0.0833268747947689
3.55727905084927e-40 2.3781234408952e-47 3.32019636641874e-12 0.0487278387516631 0.951272161245017
3.28742047269654e-83 1 1.61670400131079e-72 2.20960006222919e-49 1.01843705318583e-49
1.68751091808993e-42 4.17765365533363e-62 0.999999999999991 6.95610963773556e-17 8.60257202180586e-15
3.2543877422004e-85 1 2.9910391526671e-66 5.02020916936602e-46 1.44153416155673e-44
1 4.35858953121613e-76 1.94490161425901e-43 1.45344643646686e-49 4.96548536084236e-44
6.85343611226495e-40 2.69937823632326e-41 1.72385534905515e-17 0.992109582468805 0.00789041753119468
8.17499360973515e-94 1 3.91660221876458e-68 1.38494668791448e-46 1.50896423741031e-44
1.6287996543735e-43 3.3635222242974e-52 0.99999999998243 1.28860103946573e-12 1.62816788119218e-11
9.87422076423423e-42 4.79935162101626e-60 0.999999999736402 1.94658286979904e-11 2.44131757477122e-10
6.11388897112436e-40 2.68937058737364e-45 1.07239632742463e-13 0.0417456911319519 0.958254308867941
2.77096162124576e-50 1.23720043714428e-75 1 4.44424936979875e-21 6.97088963533311e-19
4.30277529827572e-41 1.12042352694866e-41 5.44577142231018e-07 0.182258867282453 0.817740588140405
3.52900178929185e-78 1 3.66563157416239e-54 3.5654436349583e-36 1.46226331908717e-33
1 2.47779322904482e-71 1.75903489723026e-37 1.81810164633654e-44 2.59218853697316e-41
1 5.79052683025714e-84 7.23729373483032e-53 1.16149924021698e-52 3.80055542347435e-53
1 1.10066434456499e-72 5.38981262705996e-41 9.29313893533566e-46 1.56966064837796e-41
2.94542556253863e-84 1 5.99610767819663e-69 3.54071306652157e-49 2.13656068197836e-50
1 5.33995397182453e-69 1.06832535356344e-40 1.9142800029062e-43 6.92030295500296e-41
1 4.05332289149288e-84 1.51393916017832e-36 1.40441820503836e-40 5.59696475677264e-37
1.27412538300767e-73 1 5.59415711363126e-56 1.47246809117339e-37 1.42026526499464e-34
9.5175297175603e-77 1 1.51822104780757e-61 6.05455507518106e-48 1.96012355503581e-46
1 2.4144755664932e-84 1.8428979798817e-41 6.20900956257285e-49 5.54571321810645e-48
3.89850891227538e-42 2.16062437673806e-35 1.46404959316886e-12 0.755462569397644 0.244537430600892
1 2.10397397963576e-80 5.69567091420962e-45 5.46096065724737e-50 1.34767836440166e-46
1 9.23263541214172e-85 8.3606710281984e-52 1.7089982704486e-58 2.56269878039704e-56
1 6.44728574419368e-90 8.27492975760117e-40 2.87700472402905e-48 3.17909037625671e-46
1.21250718486004e-76 1 1.70802400232287e-70 1.22094243469498e-46 1.09479068485778e-43
3.78523107688515e-45 4.01458579967269e-40 2.8203497928908e-12 0.00552377257230557 0.994476227424874
1.93362496825964e-46 6.62859900621437e-40 3.0139519909651e-24 0.00631221364212757 0.993687786357872
5.60447801676494e-84 1 5.56752526377447e-63 1.62884403562454e-45 3.52563711603581e-40
1.12347759107905e-94 1 4.70266141980561e-65 2.84116318241576e-46 1.93883541828921e-43
4.50281075097931e-48 5.66120005537441e-62 1 1.85755765377724e-19 9.93537298480165e-19
2.78041305007158e-75 1 4.47026277165699e-54 5.54415863953451e-40 1.59823811289617e-37
2.00793079474638e-80 1 2.56797793598051e-67 2.84825766135856e-46 2.50515396565903e-45
8.19162540828822e-41 1.13144573620672e-62 1 3.15188753123321e-19 3.45246389867149e-17
7.1908606083329e-47 9.23728836654525e-39 1.24063563095626e-13 0.0532617798669074 0.946738220132969
2.14028255686887e-43 3.00064871831154e-55 4.03183799504984e-12 0.99697881237333 0.00302118762263861
7.68362881674586e-48 2.34375484465197e-56 0.999999999999845 5.96975681869034e-14 9.54164334242033e-14
2.07990595824525e-45 1.81616779946017e-33 1.4651058680207e-17 0.000204215832107033 0.999795784167893
4.4777898293172e-39 7.2710064592119e-46 2.39545531102821e-13 0.0482224156071254 0.951777584392635
1 2.24609550209663e-70 4.45748919745747e-40 1.21066971528285e-42 4.49849165159556e-39
1 2.53551879094139e-80 1.46257851345909e-45 2.31045045225937e-51 1.48244296179181e-49
4.88152007756547e-78 1 2.26261966780741e-68 2.8148685993171e-48 5.92072822261834e-47
1.23817371691651e-39 3.68841382655646e-68 0.999999999999991 7.13282693336046e-15 2.31036887101258e-15
1.14124563142501e-37 3.57696435593583e-43 0.0115705993045301 0.0144508552791888 0.973978545416281
5.72326152415565e-38 2.08645475870023e-53 1 1.21109633772008e-17 3.10722974399841e-16
3.57317192265771e-66 1 1.9357734842108e-52 4.41560685319858e-36 1.48655914343287e-33
5.54534660535369e-42 1.06988786787318e-58 0.999999999994288 1.12313926466142e-12 4.58862070896305e-12
3.05982423748627e-43 1.19352617902234e-56 0.999999999974039 4.61125546494152e-13 2.55002365234932e-11
8.98897300144993e-46 2.1718883683257e-45 0.999999999814884 1.15050970181934e-10 7.00651858834159e-11
2.99874690765063e-39 6.45823966700176e-59 0.999999999988914 8.52530543688084e-12 2.56027714525903e-12
6.16896946864179e-36 1.06900245423647e-50 0.999999999943233 3.69809906282124e-12 5.30692741236197e-11
1 1.2456391035348e-82 3.47354892100951e-46 5.19544021781853e-47 4.20255193396725e-45
1.57788074632148e-50 1.20593078308687e-63 0.999999999999967 5.05804704220776e-15 2.77740028609119e-14
4.56638099216323e-43 1.48506737352031e-65 0.999999999999999 1.64996667798084e-16 9.10136626241978e-16
5.31598388019959e-48 6.3459189505552e-66 1 4.05293615468373e-17 7.17796871990132e-18
3.15114435839754e-77 1 7.37540685070862e-71 4.72228408449913e-51 4.0444211647527e-50
1 6.32116776353727e-84 1.02865304725361e-41 1.0203503394788e-44 3.20323863829435e-41
1 1.32830464671151e-61 1.49011557644526e-43 2.88151272499857e-38 4.03870927994905e-35
7.12238313546366e-41 1.41689289211182e-32 2.34546983184151e-20 0.00400600979280968 0.99599399020719
1 7.73298890851198e-80 2.17332111546123e-43 2.75971720647744e-44 3.29384400785748e-41
1 7.95834111684003e-77 1.87099781970638e-51 5.91546878130892e-54 2.72373584162982e-49
2.87111206016793e-38 7.48502861984714e-44 8.33310218728096e-15 8.95560357200792e-05 0.999910443964272
1.44095054460967e-41 7.03320281969363e-58 1 2.39979795643912e-18 4.32621563880616e-17
8.78744686080444e-53 1.61076940705541e-54 0.999999985420985 1.3008822818844e-08 1.57019217449093e-09
5.53182094035284e-69 1 4.84158780391437e-52 1.53403701474025e-35 2.5034713816455e-31
3.2723226132967e-83 1 6.32481820879202e-72 4.65785220697931e-48 2.15929689586326e-46
3.43958753149988e-82 1 1.95862779716504e-64 2.34716291076201e-46 5.38057848227825e-44
1 4.064127169927e-78 1.24787478420176e-46 1.29865239151804e-53 2.2684286926833e-52
1 5.73431354380828e-69 1.90505169454634e-37 4.39526201131572e-40 9.17906209135992e-39
2.26516405092751e-42 2.52127701011489e-60 0.999999999999901 6.24069553920833e-16 9.8319576927054e-14
1.46226008788558e-74 1 7.07597440632066e-57 2.68581919808207e-37 1.43565568161223e-37
1.81841038051789e-89 1 1.21673687266754e-78 1.71680991601614e-50 1.46406257882012e-48
2.84369495556676e-74 1 4.88271577526379e-63 5.13352056491284e-42 3.07031807249119e-39
7.77135249984796e-49 1.28661101312689e-55 1 4.96806784187756e-20 2.64992007093392e-18
6.16055386823479e-44 9.97984405826589e-45 1.37182249905547e-18 0.0659281230212391 0.934071876978761
2.24320782707457e-65 1 1.88892436917906e-47 3.11619488067058e-32 1.00781551318795e-31
1 1.17006816387226e-77 2.09074805009613e-45 4.1712794566319e-47 3.75852944632658e-44
4.55963717126205e-84 1 1.10394692002199e-63 6.93751809433092e-43 3.04672247753318e-41
1 1.69175963678471e-86 1.37651047366008e-56 1.98642222107189e-59 7.14502427763758e-56
1 4.60563069176964e-85 5.94407203223869e-50 4.55842204659888e-58 2.54480836934044e-53
1 2.94434728251096e-71 3.65105140072956e-39 4.82937403905944e-43 2.4521892891388e-40
2.1292819622444e-92 1 3.84145980451365e-68 2.17150764887156e-48 7.58750061291488e-47
1 1.02915560643132e-83 3.32957966510117e-54 1.50570488050327e-60 4.0126997094148e-57
2.20009365884773e-32 4.73916129112227e-56 1 2.77594852661264e-16 2.63788618027758e-18
1 8.12250467149884e-85 3.6529171958865e-50 4.35575629410624e-51 9.79762834236557e-47
1 2.2711170045179e-64 5.37310037303179e-32 6.98831553579972e-38 8.26396271417375e-33
9.19505326555912e-41 5.74154575842876e-66 0.999999999999974 1.21431316573029e-14 1.39303419523377e-14
1.88416069845525e-39 2.82208676530273e-31 1.69236314798056e-14 0.0151035954736362 0.984896404526347
1 2.32797889436084e-86 1.18917224688626e-46 2.40387450070327e-52 3.63317284816793e-49
1 6.42372388625043e-72 2.25962652407674e-39 5.99376516346168e-45 1.68474945981473e-39
4.83879792556562e-74 1 8.05218802085902e-60 9.94286011382769e-44 1.10941106199662e-39
1.5053164834406e-40 3.75180804028623e-62 1 4.37625685174698e-16 8.8799556312897e-17
2.67253715635651e-55 1.13351541503485e-45 1.8831217542422e-14 0.0346355352309008 0.96536446476908
1 3.79627928248531e-90 1.7141176572823e-48 3.73329188235386e-56 6.30820691368499e-53
6.97774645460331e-37 2.58642734408253e-37 9.97812190559691e-17 0.000236670268926037 0.999763329731074
1.66664829099151e-79 1 8.34091203171866e-58 7.18372446667059e-37 7.00546146674867e-37
7.4881598205115e-40 3.77944083823225e-41 4.74007499499547e-17 0.997640547747975 0.00235945225202535
1.16816217041389e-42 8.03608817771166e-31 1.26636981601481e-21 0.998332434906862 0.00166756509313826
3.60727345065244e-24 4.32475094220632e-58 1 2.63473205218704e-24 2.22075384775657e-20
3.24062174836101e-49 1.84628761703482e-68 0.999999999999973 1.28795581506901e-14 1.3931020507349e-14
1.75142813832486e-46 1.22340417068567e-63 1 8.40623851545159e-20 1.9741180083032e-19
1.39011064048742e-45 3.19535553243844e-69 1 8.92093489699165e-18 1.00580562773322e-17
1 4.85491356168018e-89 2.28413465461044e-42 2.02717568752622e-49 5.71572830553666e-48
1 2.61873181058836e-75 2.27842714595775e-50 1.77908548578861e-49 3.13417071945042e-46
1 6.76255691980055e-60 1.49227109822165e-35 5.44976195457512e-33 7.67084322400511e-33
2.97016021469205e-44 2.36655493661229e-64 1 2.97171924049718e-20 4.51835713105469e-21
7.06960477682082e-75 1 3.12146695176568e-56 3.2021039406027e-39 1.80798654315734e-36
1.62172793097266e-41 2.62917219498918e-66 0.999999999999997 3.3489372895799e-18 2.96107353150161e-15
2.80506364144767e-46 3.77873687540944e-68 0.999999999999997 2.5190148775038e-15 1.20552946325425e-16
5.069076540488e-85 1 9.76168707933003e-72 1.17253660432182e-45 1.51716796740007e-44
2.05392825002624e-41 1.42282714435636e-58 0.99999999998949 1.36997987133834e-12 9.14055389457226e-12
1 3.42299990953743e-77 1.40249692413251e-33 5.47519365882608e-43 1.73255332018142e-40
2.23657249918846e-53 1.34840916365894e-66 0.999999999996101 2.74800342272094e-12 1.15137935277075e-12
6.91537678278664e-91 1 4.70025465356179e-64 7.84538036259592e-45 1.1861271804862e-42
1 6.86719302990234e-81 4.43702380992779e-45 9.76202500074099e-45 8.50457653480884e-45
1 9.01244762747646e-85 6.57655290211359e-50 9.33677181738597e-54 1.5514414363681e-53
9.63455842660146e-48 2.67795545599228e-67 0.999999999999864 4.76601778178574e-15 1.31715867747619e-13
3.54580547321798e-75 1 3.60594136707844e-58 1.20968176096535e-40 7.72946023498886e-39
1 1.98250886042233e-85 1.46803411723082e-48 4.84336711469536e-56 2.18409518108874e-52
8.00398970104712e-51 6.69122022321033e-49 9.96479876148357e-15 0.975055440381439 0.0249445596185513
1 6.3296055686468e-84 7.81561821100876e-46 1.56564361433097e-48 6.26990432832467e-47
1 2.07754036759921e-73 1.7292991506672e-42 2.68951847790368e-51 1.12239295263739e-49
1.9698824027843e-81 1 2.17413919264782e-50 2.94621356498691e-37 1.18197518936488e-35
1 1.18552673972065e-89 4.89739147227078e-46 7.73963872279313e-56 2.06116094793901e-54
4.63352268859058e-41 1.83190649134193e-24 1.4438391299166e-08 0.00273280813071993 0.997267177430889
1.25039569090001e-54 1.18517137746564e-64 0.999999999999998 1.77863374902016e-15 9.6618175552998e-17
1 4.00161685962923e-80 2.85497645552927e-48 2.59333891907311e-50 3.3012127081411e-48
7.52446068325322e-47 4.14954297028404e-28 4.19427021576901e-18 7.7624486095516e-05 0.999922375513904
5.30827681232349e-39 6.82427601287337e-56 0.999999999999547 2.1434623535696e-14 4.31177976596286e-13
1.48816586324112e-38 3.01741755586662e-59 0.999999999999995 1.57300861400014e-15 3.06353314672772e-15
8.04357356092431e-47 2.41271690235938e-37 1.04610801835966e-12 0.994728286129622 0.00527171386933178
1 3.24704781595208e-85 2.09499043702819e-47 7.96692272167856e-53 4.74761021688866e-49
4.63292106808722e-39 6.45503611937886e-66 1 2.25299523333994e-21 4.9378392339135e-19
1 8.4790266328054e-85 6.36588959953896e-43 7.75592859994269e-41 7.71552205181612e-38
1 1.33106444113993e-87 3.41246971870602e-45 9.13978967527652e-51 3.91020659446925e-48
4.37237138001256e-77 1 1.06751128440941e-64 3.31036823588191e-36 1.53106652592485e-37
1.38378051288046e-46 1.06284837548061e-48 6.10586183837344e-11 0.962694383267133 0.0373056166718089
4.33499332576029e-39 6.4165717986285e-63 0.999999999998464 2.95680141637245e-13 1.24031506878685e-12
8.74860897014416e-33 4.43449782745108e-64 0.999999999999684 2.31918007575682e-13 8.41981225717668e-14
3.38962894391546e-53 6.1019460713627e-38 1.45867566138743e-18 0.999276910106398 0.000723089893601841
3.15853075244924e-59 1 2.89729352917409e-53 1.49774308920127e-33 2.39243807181118e-33
8.13068112070291e-59 1 8.2485244864423e-48 2.91728168267553e-30 8.23820848634886e-27
1 3.75889971538957e-79 3.36563437862683e-37 3.4234199026221e-43 9.18821478999734e-42
1.19497173962367e-49 1.35111158430753e-71 1 3.6731609595165e-21 8.26756437333382e-19
1.06206526041708e-67 1 1.1968114983285e-56 1.6306093071438e-35 5.41617255097149e-34
3.39897831346498e-40 2.63729471032515e-33 1.69553644902835e-10 0.320130929806512 0.679869070023934
1.24377301126112e-75 1 1.59777345419508e-62 1.9512990603247e-41 2.4156760894262e-39
1.34802339235918e-57 5.79893053616202e-38 1.56343246729077e-19 0.997693238091769 0.00230676190823111
1.61569429201654e-45 1.07418540942212e-54 0.99999999999998 2.31439792834639e-15 1.78183529291379e-14
1.11350465308056e-70 1 3.86653575630188e-54 3.13162697495764e-36 7.31844413791133e-35
3.32476574796377e-51 1.36690944867827e-31 3.08326016056456e-17 0.0772678398454512 0.922732160154549
7.48198464486378e-52 5.63021942139298e-57 0.999999999999999 8.30126870808895e-17 1.3355393591523e-15
6.21891552491977e-80 1 1.23347981844646e-60 2.69150526497158e-46 2.06380410356685e-44
1.60937525711189e-59 1 1.37419211999561e-44 8.28488703460099e-29 4.8142826378691e-29
1.75217007624539e-42 2.5082197195144e-48 3.86116751898362e-13 0.0149761601709184 0.985023839828696
1 3.04749008530742e-85 1.77153729433096e-49 5.51983853023887e-47 6.4828681523567e-46
5.45398727208082e-51 1.32116450358221e-67 0.999999999999593 6.04548493167307e-15 4.00626801286314e-13
2.50133847620172e-88 1 4.51773273522735e-63 1.97636811897971e-40 1.55793834675056e-38
1.60470875075117e-86 1 1.02677406861854e-60 8.15490956519753e-43 3.6899311602471e-41
9.46926896228631e-45 1.24137147208709e-58 1 1.07108010401782e-17 1.53444059925892e-17
3.27029757417785e-45 6.59901190410376e-70 1 1.09755569678841e-17 1.04371604233708e-17
2.59099548072718e-40 2.66670069396174e-55 0.999999999989666 1.53975170901779e-14 1.03181538222958e-11
8.36649036611496e-43 4.80681505331798e-45 5.55235385888954e-10 0.932155829193719 0.0678441702510458
1.24729367869343e-34 9.72570311905599e-34 3.1397550458627e-16 0.0287732716498559 0.971226728350144
1.81429826929162e-41 3.63581358893179e-41 3.66186144337917e-12 0.136616891593276 0.863383108403062
3.40119576622938e-74 1 4.32661053229315e-64 2.39148445635199e-45 1.33610019571319e-42
3.938363683624e-46 2.7691860444462e-72 1 1.21973258016952e-18 8.16815505999532e-20
9.72014058124477e-83 1 3.61494064751723e-62 2.1426481365208e-47 1.21047163278669e-44
3.2782237729685e-33 2.15868200515991e-65 1 6.89929567048434e-19 1.13669080604996e-17
5.31909777517064e-37 2.0842419254016e-48 0.999999999991303 1.81536509651405e-12 6.88106379464994e-12
7.24618486692287e-36 6.55203272630367e-55 0.999999999999886 1.86421509510277e-15 1.11915760307156e-13
6.7737826041311e-84 1 8.34148370902292e-61 2.47832059356805e-41 3.30125485809208e-40
3.47033720892137e-38 2.00762007774336e-67 0.999999999999727 1.29281859501392e-14 2.6028666205863e-13
1 2.53378055533994e-82 4.81597039930982e-50 1.31719041420784e-55 2.81097105119745e-53
4.7259029373906e-42 8.19156270498382e-59 0.999999999999839 3.0160046700568e-15 1.57355147285604e-13
1 1.89489399279686e-89 2.49696486342672e-49 9.35559632047285e-57 2.52589343278796e-53
1.12100359856821e-81 1 1.31561390215224e-69 3.99081730593533e-48 3.07607040267764e-43
1 2.10556849474211e-80 2.93202070907448e-38 1.08059584678913e-48 1.3592152268406e-46
6.40013843440555e-50 2.82435967421913e-55 0.999999999998113 1.45752288767917e-12 4.29402322006923e-13
2.84112971872497e-52 6.3124477914243e-76 1 7.13220930291011e-20 1.3071834785399e-20
3.41718609411479e-46 3.8318687869766e-35 9.28660014819584e-24 0.00115252288015543 0.998847477119845
1.66700783477656e-45 2.03680467167942e-60 0.999999999999351 1.50478942872397e-15 6.47381950802232e-13
1 1.00464423536232e-84 3.83262289575679e-41 9.18894934245273e-44 3.01150741780016e-39
1 2.91953795700147e-59 6.00529424941724e-30 8.10264422263638e-38 4.89104485339537e-34
1 1.48568096294476e-79 2.10978109015855e-49 1.21572059124559e-51 8.28160192414534e-48
1.13971344746809e-83 1 1.56785041652169e-66 8.18452252964291e-46 8.43826200997198e-43
1 2.11662770717185e-80 2.39300866150092e-41 5.22800978615441e-52 2.24574290761132e-49
6.94104070477687e-85 1 3.27041442794434e-64 1.432163509428e-44 2.31779796436682e-44
1 4.30929854505413e-76 2.02339120938686e-34 2.87295263874624e-40 1.4768325111153e-37
5.59697224088423e-41 1.50501279156108e-41 1.09204538608727e-14 0.98579921526059 0.0142007847393993
8.62768816102101e-88 1 1.51481782288854e-74 1.81842397922759e-49 3.87198631352375e-47
6.23177494583937e-94 1 3.86121126538368e-72 3.25322449635713e-49 7.44410233212477e-47
1.06978833144997e-88 1 8.40061865210084e-70 2.01569329306277e-45 7.94745123319963e-47
6.22750297038941e-44 5.48442472152303e-49 1.41498762176826e-08 0.070237330250106 0.929762655600018
6.23622738283432e-88 1 2.38991015915077e-67 1.47413629627935e-44 1.62833669720085e-44
3.2564760292321e-51 4.73197782141003e-49 6.5317943401542e-12 0.0981961705394766 0.901803829453992
1 2.22130065825155e-84 9.16828265007212e-42 4.24949111899177e-50 1.27527713540878e-47
1 3.07184193635579e-80 1.8869615721399e-43 9.15369259263658e-47 5.66531811716147e-44
1.02142898202094e-65 1.9306731337078e-37 5.18790899594275e-20 0.999207875938379 0.000792124061621005
4.44211696351193e-55 1.97991666801723e-31 4.55706231770563e-21 0.168525189084388 0.831474810915612
1.25306335077915e-36 1.50235366634796e-54 0.999999999999842 8.1967695354422e-14 7.5608638433844e-14
2.01307161788072e-52 1.95821416651526e-37 1.3724534511228e-16 0.721592465697981 0.278407534302019
1.83926390247225e-76 1 2.85107496465798e-59 6.44802308681518e-40 6.74045811766192e-38
2.06268311204804e-44 3.44553129866354e-44 1.38307750880925e-15 0.997606488320884 0.00239351167911421
1 2.28096466839793e-69 6.76864484310651e-47 8.03650051463704e-40 6.92265320670066e-38
5.47997629636929e-69 1 1.09512724788567e-57 2.0372022287319e-32 9.87059581534511e-31
4.58889038861278e-83 1 3.44986809314593e-61 8.61227883912169e-42 2.0206204129184e-40
1 9.76918635045875e-90 1.10419740060693e-47 1.17133880069703e-51 1.89468770627001e-46
1 2.03189337197749e-74 2.5628511081863e-32 1.10808951188804e-38 3.02220339929986e-36
1 7.49562224746389e-79 6.08313620182913e-44 3.77004190082604e-44 4.04583874953993e-43
1 1.3887856394342e-71 3.06249415682037e-39 9.4601121068577e-44 2.96022030885418e-40
1.25936830182781e-38 3.56596758530562e-54 0.999999999976208 1.91007659039173e-13 2.36010333502542e-11
