"LD1" "LD2" "LD3" "LD4"
-0.0433223452908857 -6.13475407162128 1.79983443513221 -0.599081849873017
8.11552316825318 4.05212893187767 -0.348366594580766 0.144583804559325
0.292214424932292 -4.76669264177797 -3.13536297569408 0.907412428914828
9.76906028273632 4.31587609549305 -0.680544043770589 1.24164535117951
8.70921294890228 3.71020690671594 -2.74851737035507 -0.871009080868251
-8.95689285705323 3.41092440474199 0.162242879980238 -0.573773914057826
8.38618645435711 4.93429961463289 0.39495901152391 0.650861330847756
8.48218263797603 4.26547198842575 0.430768664188759 -0.738232234028891
8.40031243684179 6.75765880971771 -0.459099253619475 -0.871037543201492
1.79534947542896 -6.13348575565024 1.27810893825945 1.40325105130867
8.19062456039863 5.720002405123 1.05786960394029 -0.547887289923396
0.921517581420116 -5.61409792518984 3.55577249030963 0.133334664966996
-2.15009383480042 -6.1367636865172 -4.39124271008905 -0.829257653453602
-2.74729155236406 -3.67238381089333 -4.10656418510664 0.058127523244108
0.750335464298053 -6.08983284611362 3.67972028072515 -0.11116459809502
-2.09676058137578 -4.51113587511899 -4.96128135313636 -1.66937372817015
6.85694840261915 5.11488463566277 -1.47487509568103 -0.371966823416847
0.537886536901462 -5.64975801173939 3.87480866319619 0.332496134968257
-5.81670446248519 4.01315007558344 0.238022069146244 -1.1596460817787
-1.34018740407136 -4.35140312866252 -3.84234522529138 -0.310785116217302
-0.33605396795219 -3.33068513151278 -6.19174376227033 -1.68784488230097
8.77010729487231 5.63442941335916 0.741730272229811 1.50243606881369
1.17387274643597 -5.97899942801116 2.60728235999422 -0.409894571141289
-0.275655396247529 -3.96896103905707 -6.69114983502047 1.8919265205778
-0.237862102913966 -6.20535146435903 3.49873875649038 0.449951851420689
8.73411486397735 5.61274616409159 -1.62690563623576 -1.9912214838761
-2.9096070106129 -3.60565993628997 -4.06128193402968 0.696035273562345
8.70996450323408 6.97524637192415 0.632828400910695 -0.160652219124888
8.70898797335922 4.80457579311901 -0.426540533327373 0.638682317400449
-9.29398345666394 5.92022050834029 -0.00175436694854635 1.04403471687484
5.28308775794847 5.17473743097099 0.650885721630765 0.395859876579193
1.42288668539719 -7.36027583287378 3.24035588551634 -1.41191141525306
1.63609802460775 -8.31813909841105 2.84953716513511 -0.546176176331277
7.70099940120621 5.21386976125704 -1.51875972916978 1.70074297675742
0.923095973223546 -5.93803254557199 2.26537902946838 -0.954939834055948
6.0200614916649 4.01016097337163 2.01330578092401 -0.428603304650568
7.97542276457656 6.06788562677177 -0.637431235502854 -1.59172181170136
-0.279943597149821 -4.08311795110765 -4.59977104888598 -0.321981970820821
-0.563755901632715 -2.781598670852 -4.20366897768341 -0.594552423598648
-8.5729490696606 5.22649044885269 -0.0711089834509209 -0.0703280407500517
-0.309579601709917 -6.44492497514488 2.56623071533096 0.736231155635304
9.01561572091103 6.05273161167649 0.506445195789691 1.55395208529631
1.79197373115467 -6.50644609099621 2.72031967984693 -1.03333427728969
-6.90961400232155 5.13748361675164 0.257456878398777 0.643001108960727
7.34512622893419 4.67723541637275 0.354571276335526 -2.81458860250032
6.51961010610344 4.69292616252407 0.0819054291968034 -0.287713116569606
1.81785478456245 -6.14598409510996 4.28254315021246 0.156258987410689
-11.0753853853911 4.96505103127153 -0.0826081948742786 -1.15874614858997
-8.47060352465636 4.80321710829238 2.59998452547894 0.0853492025535642
-8.46974391391487 4.08995314457656 1.68038207066598 -0.565349082382515
0.121869199616446 -7.40660649463327 1.27058234576886 0.575839780177354
7.73091769128443 3.2377537084168 0.460859234016088 0.255413944318964
9.45615386372576 5.33945880114642 0.65050815985319 -0.819051284637794
8.15664766423202 4.29430114839495 0.0670666986549779 1.0285490471184
0.328549962457601 -7.60909398007351 2.62660619095914 2.21720470093577
-10.7024775398811 3.68730748000108 0.878920147720069 -1.18887801254142
8.7968306178082 6.66050782802684 -0.821310161872817 1.88870861946541
-9.60650424737272 3.46529599909084 1.55751849514183 0.831518954105708
-1.82615090572248 -3.88702278816566 -3.5012989136915 -0.301180552520256
-9.92669168817168 4.49994153249257 -0.185286972372905 -0.571244721687233
1.07356399214968 -6.82396969967895 2.60497882482229 -0.565608344835037
-2.31458890846347 -1.76435166249367 -5.3282504366305 2.05201872544184
7.37984266742951 2.88205798397749 0.323266875588841 -0.409646577444723
0.708927739058077 -6.54461354434186 1.68203129306566 0.402457627798549
8.42286144438376 5.96061299093857 1.16905141552743 -0.279859771261217
8.47620169991507 4.53480577377721 -0.145746631936783 -0.138284082524235
-8.76832925124496 4.61506616473231 0.864693425738359 0.0832210493689852
-7.7493141748587 4.10009962898101 0.901991854857263 0.675718800600332
-7.90170754003961 4.61893238084955 -1.90422906376411 -0.470857441378957
0.08607906736853 -5.95100658789936 2.5272609633002 -0.608874283342465
-0.801099228830302 -3.1354408360503 -4.81359934421111 0.56941514220037
-9.71133884325027 4.91488378663131 1.2083284024961 -0.178790615179016
-0.507567644843318 -2.90928162552029 -4.02557988023613 -1.78064232660077
-10.6049721037467 3.50739079249573 1.04779294572212 0.656719631777343
-1.36948749019214 -2.97109858379289 -3.00785669804309 -0.598904594622498
7.64408523908427 6.39350383352668 0.448823275391615 -0.127045638675802
9.23189793023987 4.40562927629701 -0.93050659411627 -1.44789012802899
7.13291387030976 5.23448208593257 -1.16210832967431 0.410981029996429
1.32208123214675 -5.51696577602902 2.73860066268026 -0.75692442900523
-1.94289565833002 -3.95306739286251 -4.6112604430796 -0.531257488263895
6.51246608319647 6.40056226710227 1.48543620931034 -0.724685950216224
-10.0651677989346 5.85990875597161 -1.20753019489846 -0.386386097462925
8.49766345333097 3.47327867064113 -1.4959944304007 -0.904162363797689
-7.97446742181194 4.24785825274859 0.581069019050732 0.176537342363641
-8.32431200965382 3.39472995303895 0.966226214522163 -0.475325007029167
-1.6556681494162 -4.41644959641972 -4.44568767521374 0.195411962651449
-9.42124853924191 6.33455214688235 0.524327769156426 2.52860782321442
0.852176071185451 -6.0788403623256 0.85614608399268 -0.82909855350524
-9.44692099134422 5.34267538938461 -0.542803436612826 1.34924408575935
8.31883497887317 5.69725524884404 -2.73973094192431 -0.0235149830664913
-0.0111053367558722 -5.83079568901966 2.91223668426187 0.60594651414348
0.45123915337947 -7.16724893062199 2.09223987043291 -0.0676310747314321
0.312849177567714 -7.48368985328349 2.25972175713305 -0.273184103138812
1.9664253325559 -6.50691429880841 2.1011739884759 1.5128590700276
6.84812378163436 4.40042087519195 1.18279498224813 0.828985343872177
-8.98994576406501 3.39556590650422 0.207325627773538 -0.172050281846579
-9.39613946493779 3.88246550696577 0.0641312209758737 1.01357048114931
-1.57899550744547 -7.3052937438309 2.2896218667473 0.1942800453277
0.660754071253877 -7.47389090449126 0.526870158302503 -0.283365684785915
8.581768966957 3.75796384057565 -0.859252320515883 -0.550187437213265
8.76705426013112 5.0184776779742 0.268901720705487 -0.221232714378094
7.72319904107435 4.42209219782393 1.69729990268638 0.32436558821705
-1.23711460279779 -4.99109953401871 -2.48971814518833 1.04037088928359
-0.962784967827683 -6.40740660471871 1.98889063731271 0.667484848720942
8.41090090642333 6.70095392844139 -0.2981980058005 0.282190133048029
-0.118379833936641 -5.26495621449962 -3.9596246431652 0.987494266109561
8.04534524465933 5.07026751328409 0.692173852940549 0.0839007045652499
-9.57059139209613 4.76843634475636 1.25710928834762 -0.6669330600274
-0.017375265703713 -5.10569647135605 -0.972752757005119 -0.743827152886129
7.09560975499441 4.87344793194753 -0.22402829781585 -1.24193377337556
8.16874363057846 4.12008313927617 0.33270947898036 -0.0172532700456802
7.70724785997029 5.98494769521787 -0.832767793985811 0.604287904059316
-9.48640132257581 5.6804954209551 1.81212644000071 -0.989269823257805
9.43157899803062 4.19324249203928 -0.513744222761714 0.0633140260001533
8.62797275649325 5.51538993041914 0.398602701932707 -0.538738605642573
7.77353162188783 5.32243868990675 -0.705328607163557 -0.65026448967427
-7.28178657126526 5.4757431155179 0.635360511998736 -0.926089290733867
0.993681017179318 -5.77164132880948 3.65272763930188 0.836141015563572
7.01957420786925 3.87545845950827 -0.404702445250862 -1.22950233354917
-0.878594889602122 -3.88958895071506 -2.81639848273203 1.2752744444568
0.432900443106316 -4.50480956653112 -3.29121147724254 1.38581138348308
-8.79950938578223 4.05455874830581 0.934591242827318 1.11339946695755
-9.0247721987621 3.96963569832976 1.27959362037568 0.166128076252515
7.22799104459792 5.89104110145853 1.5037174098516 2.8812686160009
0.494685138183598 -3.75481752964919 -3.97389407606323 -2.69410519361844
-9.5942018375736 4.87999074459034 0.861435871046772 0.328701864701872
-0.738384779392956 -7.03991887677045 0.458421578988253 -1.34288572945218
-0.0257923372585923 -3.16836216498921 -4.54167517306917 2.58505749464088
-9.19980657433837 4.48653324834249 0.391802519775307 -0.00514475150200382
9.06022405364628 4.95581820403791 0.210702374352953 0.200363190665898
-0.122112920034222 -5.46762739594274 2.10607059026629 1.30052868772122
9.09906412734446 5.75453037927416 -1.88886291354501 1.2247483773808
-7.91391373352946 3.73112892474384 0.488344337485021 -1.14666061415479
-9.32617530303989 5.63850161583056 -0.0127066597372678 -0.279549436753679
-7.91571793032187 5.44526530518321 1.37411052495151 -0.163902440133349
-7.36434198034434 4.24583894655872 0.481836316351058 -1.43425352492386
0.344434210046326 -6.76338524574409 2.71070735900041 1.22931076763718
-0.0536379947968735 -5.39665800600692 2.71656648869208 -1.4375070378682
0.512683611018418 -5.14092205788928 1.83666039042067 -0.771478390371167
-8.758565202113 5.23045553263178 0.562155216754015 -2.22182789736991
-7.31335974139171 4.31279215616963 1.13914795585196 -0.796535968150907
-8.83228701333972 3.84108629604137 1.49125095857924 -2.36937165751871
1.28277766875548 -6.20268748402669 2.21947481623109 -0.000631648414016418
-2.64264436521947 -3.08324442655695 -3.43693257776704 -2.2857731958585
-2.2119270398216 -3.90042828246393 -4.98673603286172 2.52090063763668
-8.968130140375 6.15070950638247 -0.359538524155141 -0.607728585090486
8.874517375008 4.73915059992384 -0.797304067407218 1.37796660376436
-0.171338913825312 -5.52124673063284 2.10503889368941 -0.924828229389914
1.233267208396 -5.84753851090976 3.48180015442549 -0.599573912302195
-0.0826962414509578 -4.36498329822609 -5.49586060497171 -2.71465126365911
7.25365693023549 6.41129305047573 -1.33885395483748 -0.608406394010133
-8.30142262660207 5.45763482197526 -0.370512651696133 -0.308351477981161
-9.21347403509369 6.73150201664568 1.18842735148221 0.658907678600689
-1.90162288002359 -3.22400371069225 -2.9466736139062 -0.460434567791648
-0.681700256583929 -4.62289254829445 -3.06612797663893 -1.18116712969574
8.54163197124862 4.61258779212976 -0.674935233341783 0.647886598173633
0.708798825622931 -5.63979785672125 1.400129140033 -1.44273148062244
-3.33871083904654 -5.41145271219184 -4.80698836067924 2.19304306700585
-9.19761766769525 4.66469833912693 1.24507096669885 1.33793827546558
-8.56755376502077 4.85307226131719 0.147274259511922 -1.48295046145925
-1.61635109686733 -5.06494518691607 -4.58348765717113 -0.530350206603535
0.0522929660084522 -4.72499743025577 1.89341710967027 0.6511338963644
6.92673363537722 4.60795708925501 -1.50713102784271 0.5393017527377
8.89845729411779 4.55739616140767 0.214107587833608 -2.50611426698913
-3.23393610508315 -4.61641349081118 -3.98756961532803 -2.77474908105804
7.57550974580534 6.36033102350487 0.0160536206896532 -1.42344800345636
8.11016372637215 5.10390386093426 -1.16604568821993 0.30718094239643
3.56191814184372 -7.91642816898839 2.80970809061936 -0.0794395866149625
-10.5633472063106 4.50103768962681 1.14039041328415 0.0807637458591687
1.16845458241912 -4.95671919187456 3.73984679673236 0.524171727284263
1.05270047570923 -6.32539653252536 1.93947502127907 -0.190415877388085
8.94946178602962 6.96450776694358 1.23654364189129 -0.727436163732484
7.83711596636752 5.05123494012172 0.540812069520374 -1.82244683778568
0.802930490211871 -6.57991317489562 1.49360037523584 -0.379261224404259
0.0420725489772584 -5.79466531775359 -3.17609877005018 0.694185457551577
-1.54082997266778 -6.09500931720784 -2.6206074176623 -0.991712932848838
0.728043808980954 -5.13506946712886 2.384108018595 0.204346582143738
8.42022866115182 5.83434558131623 0.655016299354032 -1.30653946517816
6.52370325566758 4.13867043308506 0.726299135433538 -1.8817997891727
7.94522806813888 3.01816195534941 -1.40421626562124 -1.44152962641542
-10.0289579973495 6.21889678544271 1.11698244449483 2.36049348603412
-8.16706998961736 4.52144329938913 2.79359415539355 -0.529708783656634
-3.30136925836597 -4.17818400607232 -5.701517046875 1.75672744659454
-0.0703546704244444 -6.06669007327769 -4.12997309324701 -1.60178307838485
-8.77063112032836 5.84501301179038 0.591366380568446 0.34831197631677
-1.43061290557012 -4.45076474266653 -4.5213539003895 1.1776302356239
1.01839665074005 -7.37220868137094 1.16291151375155 -0.510817834504663
7.55234758127007 4.60229919311479 0.548563616830971 0.127212985991923
7.03769550318819 4.29205034070098 0.638600176740375 1.54369689556725
-0.953063961419489 -6.37984264310993 -3.79788570050624 -0.434127836611938
0.283984977500501 -4.82755371079913 2.33612991403255 1.12449326292607
-10.7271259596075 4.0024097611808 0.576102015236122 -0.420209042847774
-9.25013483594123 3.30068794752896 -0.0440790077496445 -0.564345496241718
-0.315542177931166 -4.74420910875198 -2.32532480037681 0.425805299991897
8.69659988595972 4.88228423958693 -0.335113647515574 0.707309929054837
-0.271588049805757 -4.8474847812405 -4.42661866040876 -1.36794113357966
-8.46251846970856 4.64119323936476 0.886618887212744 0.86083658409787
1.17487607927416 -4.5048324279733 -4.3094160461678 -0.661895984244239
3.05198055368212 -5.31456514644241 1.85677599341222 1.37473429652628
-0.660994061896038 -2.37336331730034 -2.85667426776211 1.6389796432903
-9.9110736974715 6.0402852308808 -0.35393061977711 0.359121005327623
2.82181789267315 -6.55573322908123 2.00593069014535 0.258914498852161
-1.41056895757877 -5.56819045976786 -5.01579213366549 1.93491248481306
-7.88638371912691 4.53344958851216 0.703261061496606 -0.0243202888133039
0.76915763888364 -4.18387450322035 -4.17462879198494 -0.565471893374732
-8.22211317402907 7.05932021575236 1.38797824170222 0.5016093906269
6.8753606487517 5.977154571346 1.97646165920053 0.679094451501683
8.92252459807498 3.55429804391666 0.495654693971729 0.482408198055788
8.83902685987225 6.04919715202012 -0.458492191478657 -0.849955693503795
-1.51101654482434 -3.30193072112076 -0.376025549281068 -0.598982517305862
0.305955379935017 -4.562309069861 3.58690384435589 -0.546083924884308
0.0172505869279187 -6.77074039839895 3.49814667952507 0.153401851716505
1.78875743939014 -5.0312569822324 3.29326814411738 -0.370324799655597
-9.6847740465901 3.97754734430532 0.730422204441438 0.348560341764898
0.675004186320966 -5.04940012207648 2.24100352228277 -0.116897511749623
1.06798994172392 -3.60224330382535 3.05373578157007 1.66138251490065
-0.617384117620693 -2.40950849227454 -3.94879167898842 0.433058856005638
0.81394911733223 -5.36647088454465 -4.61111670521644 2.20333268859277
0.737704950101579 -6.84716840884673 2.42844027274438 0.962878559041136
-0.218477410547711 -5.83641525365464 -3.12623094584867 0.374777011142488
2.43097289978548 -4.95418514410597 3.06398422219027 -0.509818061180578
-8.40022493681582 6.53854663575443 0.86202714194245 -0.485488089149
0.872584246578827 -6.14759363111621 2.61005244010035 -1.0165585186228
8.11679162549916 5.01548968241637 0.175341629293594 -0.481591889481765
-9.89294776458304 5.38720561456237 0.00770573543905206 1.60895889660709
0.506179007662675 -4.34842597001714 -4.29796847363632 -1.15204314412464
-1.22274305551509 -3.08538746517927 -5.51566053678343 -1.52281363045624
-8.66941605074604 5.38380192121801 -2.04996120716259 1.08073108532802
0.723812873772221 -5.81350407183932 1.36076274020355 0.567019533039799
-8.45621981255444 4.53587599734744 0.46388142067421 1.18975739656291
7.65334723267492 4.63776417426174 0.654881417143212 -0.20133430071208
-1.670013223244 -5.07750260425667 1.85820062367678 0.560915217845225
6.87104408872625 3.5821119414589 0.846101583511447 1.11004862341395
1.6562910467181 -6.60093791842394 2.72315457881522 1.4706383800603
-1.28914484721926 -5.78946260666402 3.9153083467429 -0.434960454538167
-8.33562884185007 4.11297813256021 -1.02200024392363 1.18492286688608
7.53121574373123 5.56431402310537 -0.289908845290289 0.35463080496712
1.27332141421825 -6.5026276575066 2.62192052869077 -0.412516675719865
-9.63447310240857 2.12292212425993 1.51691915065208 0.21972138137403
8.73185273250259 5.05443992465691 1.45941422225063 1.98170346819422
2.08264280005261 -8.28600394928061 2.49811603368679 -0.407848055795655
-2.33656566898887 -4.20817974634922 -4.53537244176591 0.603586874218345
0.507096327101563 -5.32335190168858 2.36223780127209 -0.287482302432126
-8.97081516497842 6.47717947081019 -0.336527404197232 -0.649158623021541
0.325532905811291 -5.28192992476152 -2.28638311607927 -1.53623242184035
0.130321056805172 -3.99825958930503 2.00930957706573 -0.949931395567813
8.14251659227934 5.19742372259039 -1.95975131472045 1.25081436225392
7.0183999811061 4.74957624054458 0.159824376788822 0.266729772532864
-7.51638731255038 5.04109338639896 -0.501669461848209 -0.433255750499364
-0.233905436061268 -6.40485396977324 3.60372663037035 0.571764816639946
-2.34132935615941 -5.51249289484309 -1.83655731186477 1.00515849968576
0.221250733328444 -3.82321646037909 -4.70055361392686 -1.37788879174476
8.28918081058221 4.2734149476237 0.87492760112875 2.10353317828082
6.20736429549621 4.16825016251191 0.143245019545779 -2.70299723475676
1.98194043992895 -6.98032046599973 2.99712916350219 1.77482049850389
-8.27052859900347 4.28703292109272 1.10597516500511 -1.06907967088827
2.07117514048628 -2.94794777210998 4.79934450119231 -1.94390261442078
-8.33545640170314 4.03521941370319 1.16011397926329 -1.00847282490763
0.874984177858631 -5.55253914605838 3.78272251971768 0.20883303870328
-0.49152351588898 -4.18870450406408 -1.41709205846301 -1.69436226081628
-2.23687277378467 -4.0566102776191 -3.67827441752119 -0.432109844367388
-0.428062732962677 -2.68408497838994 -5.32076518339546 0.431231162138996
1.85489387455448 -7.04172462251068 2.58833052227557 -1.01512550254144
5.58269987182924 4.6091794193088 -0.899639483896445 2.12224504304448
-0.0665232140106967 -6.44708147213936 3.32809808103793 -1.3268527216291
0.771505934628926 -6.47108085247763 2.05856505792198 -1.07802279808191
-7.14942657692689 4.23066639754599 0.513650932563228 0.553114676717447
-5.92689948528658 5.06618723137664 0.60749381851936 2.20056923961748
-8.4850690322982 5.75309206357815 0.828472588610876 -1.0748887498843
8.8419792058402 7.21667572361916 1.17593752219471 -1.05526789458444
0.183601196921342 -7.26155432963358 1.49483623223336 1.13690308475269
0.93550171702769 -6.96231603938577 2.74064384321392 -0.01541996731546
8.51165664157071 4.95500441467628 0.423869732926566 0.60180173814616
-0.501818625327531 -4.06135150945804 -3.73770640351367 -0.339949610758375
-7.74214437687118 3.52725980430775 -0.228313092544629 2.79026194404383
6.8368071924278 5.12733274347903 1.47000753715353 0.429760868471301
-8.66150883915285 4.66893261428759 1.07405828197079 -0.341057288972797
0.279897583835317 -7.84671632155932 1.38531471567317 -0.149722700253848
0.527025464033655 -5.0000089535185 2.01633128362988 -0.24990331773731
-8.45954813639231 5.28812666012505 3.06688584159089 0.964497692394931
1.82386544226679 -6.32785253634517 1.86044137745222 1.40853559830785
-9.47856032335127 5.98447827879859 -0.625844114971095 0.232975190013627
1.5643405262955 -5.92721809923117 2.32473251114515 0.563492746313398
-0.314858559841144 -4.1279586921706 -5.58784941098139 -0.061253151650742
1.39068318204357 -8.25217907511106 3.22847960408489 -0.227410909297496
0.0491315964241267 -8.31135580668523 1.23406578761805 2.15789275371105
-0.362440645243775 -7.05858604809139 1.65958679964076 -0.061627112718955
-0.350800308990524 -3.88932686588641 -4.68955426780566 1.88942445429029
9.20621521099833 4.17394745332382 1.56814475337522 1.87500700225646
-8.56268747600373 4.8803125100113 0.336953730112714 -0.129850717853273
1.3706524470791 -5.99788865996901 1.44321089156843 -0.152840940053236
1.1063835126427 -7.55714851262736 1.98577211862449 -0.462153725645839
-7.8048957538274 4.94742443139636 1.54548825746139 -2.14055967092724
6.9504654890968 4.73452074096762 -0.00842721931017593 0.961336493537668
0.139721061901093 -5.45461292252428 1.02995706131533 0.772465160533329
8.16230358247984 5.75291066109174 -0.172388920998142 0.00803404213030279
0.62615525124129 -4.10635008320324 -5.60310607958307 0.300915380827166
-8.55543237722897 4.60748199292499 1.07749183403164 -0.464689379358283
-10.026123877103 5.05818421278641 -1.21924191209412 0.0612829640883502
-9.3649826305441 2.62065712534557 2.10186713144784 -0.185618488547225
