"LD1" "LD2" "LD3" "LD4"
7.83038551416739 -4.15081772327953 1.54276559901205 -0.252455818408755
-7.7648233743057 -6.3800372867074 1.4759288524725 -1.94115116965646
-0.171197565307565 2.59462525140549 3.74246203241786 -1.54876353784912
-6.6872683881604 -5.88663170650114 0.636674220709869 -0.455572821858858
-8.41406412375787 -6.04837040689277 -0.655209369010082 -0.962559486249855
0.814072027420334 4.4868025858818 4.68192742358636 1.02572526998007
-5.74800382566496 -5.31243216136008 -0.352626336770063 0.0749621260837092
9.55752763311729 -2.89957106450249 0.0731680556796533 0.765970824973195
9.63005801410474 -5.07673632466143 0.51119160844788 -0.674542301501272
-0.461248855571006 6.7576953537706 -0.667583572557542 -1.24599351748955
-1.51279261146537 7.32392689268827 -0.451157368008467 -0.241419150919848
-1.00052825184 4.31879962663922 3.29625435737143 1.52528211849946
11.2726926949955 -2.61907323821152 -0.20066100615424 -0.602097969000137
8.69703554221922 -3.16271003575202 1.20339853205826 1.05353185996502
-0.176740269918539 3.12726054519797 6.09423367227218 -1.49108285566983
-6.87540220345644 -3.59898065937751 -0.497906974674329 -0.341517639918234
8.410348028416 -3.44121470542455 -1.92700076217525 -0.495021270243586
-6.10626061444594 -5.77745982894122 1.05565541406765 0.696635390104641
-6.62991769497576 -6.49768655699651 0.924602336095687 0.350231253812757
8.5346197895754 -3.79391754103947 -0.548267914871088 1.10153922127525
-5.48215169145486 -6.84589841500842 -1.52880325644044 -0.852217727484344
-9.11849470618126 -5.32158869477591 0.407825256678274 1.36798541483534
-1.35038506983974 6.76291427627224 -2.42215656126423 1.38761910851251
-0.5171361316719 4.16725675454805 5.45753341672961 -2.62258814806215
-2.00620407421891 5.83981066376867 -1.34749998929539 -0.188040754794381
-0.21080824344574 2.42164183924936 3.90751469465236 -0.460054747446185
-7.3727058423893 -4.97710852905597 0.435790860207636 -0.562957547270674
-1.47274476700248 5.60265061049649 -3.35129381490952 -0.0870235209639006
9.10066226188872 -3.58815657972887 -0.996522342284013 -0.280825443688619
10.4711002170781 -3.98474825012272 1.27418711429499 0.202958614289276
0.0451831093370186 2.82917927443421 4.56489595978868 0.764787881742752
10.3955689581512 -4.27299806968757 -1.35008990832006 -1.27293974861028
-7.35666426175896 -3.81161301347369 1.17541322631671 -1.19781646541685
-7.79817631579015 -5.80434626833966 -1.67144418549201 2.30133443010014
9.67510398196397 -4.43130951087435 0.561505578950622 1.17994711330512
-7.77591836800294 -4.46051219621138 0.822672574389463 -0.566094492014741
-5.37391197684388 -4.53125841763474 -2.17132654798777 -0.361856556086478
9.5239306673021 -4.77158380642213 -0.0135945966216721 -0.52717274851419
8.88077780726574 -3.05598461616379 -1.62365525863332 -2.36439290991095
0.14603174748427 3.75420386127182 2.8037696127774 1.1474174709351
-7.49172140393726 -7.83571568763784 -1.2945231685048 -0.857436375773064
9.26052872337413 -3.06650625523601 -1.34016484742777 0.36761728895565
-0.606701940325547 5.08077875867565 3.95319096400626 1.10429727829721
1.59344019630424 1.6643066875066 5.27214459318585 1.75129327728474
10.0725039839907 -5.15677500883552 0.669093383054989 -0.514715545252097
-1.72077064524867 5.75196010608967 -3.914235696934 0.0830608928708373
-1.45442792425536 5.49180158324866 -3.67929772273711 0.152395920647357
8.39916522915496 -3.51382851253107 -1.16189068642095 -1.18657712758829
2.29841360289844 3.90806000018835 4.2956619537528 -0.0265784219850736
-2.04900765665168 5.86660018494711 -2.12176758801279 0.505713458810291
-1.0569864638903 5.4461568508421 -3.30075897767321 1.01408091943305
0.427155895677306 4.73614857082261 4.3491974763912 -0.607198475624247
-1.59741306277394 6.40426347944283 -1.46762767493908 -0.356131299625596
-0.717598252980756 5.65208807655076 3.19575900572647 0.906066801199248
0.697382042969541 5.872932983532 -4.00368670708533 0.061076904378348
-2.87547497149592 4.74686289192852 -2.9888631425865 -0.532681232322652
-0.100815300417584 4.17965184055349 1.5863635371454 -2.08407225249496
-6.73925312762748 -5.1446495814629 -0.552910049945558 -0.491582949087196
9.82397084851991 -3.73113157035656 -0.00303073824150318 -0.655888820108304
-0.841913347685827 8.3871461254284 -0.916925987452036 2.04599254217821
-0.378809144114855 4.73112366805585 4.51056286834476 -1.47823941629229
9.8562790196134 -2.30833368995189 -1.23002979648296 0.375417871309343
8.07333321375018 -3.28526755121982 -0.921946711734446 0.839922350666858
-0.200370175912041 3.77918748510162 4.75541573781223 1.88321540552822
-7.40936564160258 -4.86619945214949 -0.538002467139471 0.208073140870269
-0.405344704923341 3.8526665199719 4.51117767335389 -0.23392685845886
-1.65653408104512 5.71742515630668 -2.35279692986614 -0.767322277418655
1.42996413266159 3.61850954995154 0.607130541179606 -0.457700740942956
-3.16355732150222 7.83036650820307 -2.69452707939149 -0.0799158283180102
0.697639903317098 7.36120968620951 -2.29162258958318 0.44772818356398
-8.66281060909814 -5.22895796603579 -2.07071916501735 2.38185499066399
9.35039765772498 -3.49117396459497 -0.620478459932647 0.00370161545866505
-0.937271755197757 5.71228158745423 -2.75507285760531 -0.235120473838399
-0.365041080137047 6.26007877410286 -3.40704192649398 0.598663891707183
-1.22065429314875 4.89691755643053 2.02207336149755 -1.25214205290348
-8.29317628552398 -5.8177957678187 0.124722736116699 0.416149178983397
-6.12821265568015 -5.18996614322992 -0.00967820219108296 -0.123952005162307
-0.159444020533951 3.93497698768353 3.78582970394007 -0.515847744579332
-0.498405880651691 6.36803069639762 -2.58964282073271 0.903595052180662
-8.42991462279927 -4.50928278667274 -0.798388231248368 0.601290921312775
0.401955634018492 6.55655133373454 -1.85507478474516 0.906737844268764
-0.923361520054964 3.5274647293708 3.83858177952985 -2.32249291015502
-2.8246780307674 6.67309441780264 -2.66190641126921 -1.04842746029129
-1.42633170046994 3.81163578143344 3.88119585956682 -0.735130941708389
-0.62079529185404 4.70746867453104 -1.7778269712026 0.510289992404681
-2.43869875727292 6.88271315197046 -3.66624027617378 -0.687749194234996
-5.83648004885456 -5.58313940770244 -1.51634508908958 0.543638109051772
-7.65431967808654 -4.14797877531034 1.4701207194539 -0.823854878114557
9.86287578790261 -1.38424389748355 -1.83882064266391 -0.0134794613986776
-1.90763084711214 6.63107125465923 -2.57117521288132 -0.609388071993732
10.533233251858 -2.84177885328772 -1.10444211652253 -1.11581570354469
-0.606028073130147 2.85890922188839 4.34697874126217 2.86993217555211
-1.52060424766188 7.00083065004671 -2.45143312880852 -0.1830444970512
9.86028809010266 -5.00377421967853 0.699069204216254 0.0117242968769385
10.7971943906435 -4.97976934350394 -0.975578573083646 2.59679242728959
-2.44160589489447 5.97876770869753 -1.06599054457202 1.1562932601296
-6.54413069503451 -5.07772925806027 -0.954514874315612 1.68729767422379
-7.46076486107878 -5.52633659200337 -0.295224595872993 0.308183062736714
1.46354783303031 3.92915965220677 5.12066390859392 2.21391287057468
-7.1786978299846 -6.34824739639018 0.230847467090273 -0.324880231371016
-2.90414760680817 6.69218166469802 -1.45582741836522 0.10566230267994
-3.01595727574631 6.50236795891831 -3.23715721337532 2.06578763407921
-6.69443415293 -7.02246384788985 -0.536269920676782 -0.311979540425172
-1.642414192463 5.30635176019052 -1.56515854641335 -1.43792082282923
10.9549862068171 -2.22518445786622 -0.742613330414857 0.454144817569591
-1.18161241558925 6.63804277514441 -1.62102831855114 -1.41643980760002
-1.09363277506226 5.27245987012078 -1.98460933874665 -0.222412732055246
2.01459800450462 3.52939709224223 3.9114384324204 0.687597269386373
10.3780579286836 -4.94642547084759 1.06125265128 -0.187273056679431
7.75626909589857 -4.6514502117238 -0.562346030600598 -1.09552125190145
8.5144039024821 -3.89224446536373 -1.35049231970989 -2.13333840417424
-0.265383618176429 6.74769926013661 -2.89506489524733 -1.52114230365999
-0.292053819356249 5.54344743135766 -2.01552597717961 1.62604540975166
-7.55548573434314 -5.54252843386931 -0.177336385406799 -0.183893071412842
2.0989921967071 4.35371681327859 3.47962817908027 -2.25708519170708
9.25690462713215 -2.9263004864396 -0.611918482212758 0.827549968278126
-6.75353561165577 -5.45153751749049 -0.632581612304072 -2.83913121764307
-4.63615369693369 -5.71521971582135 -0.904426024343438 0.523463165637938
2.22119372556402 4.05642940963656 5.54152325362328 1.69584555339346
-7.42236135758381 -6.08817165614361 -0.585272295900146 1.52472038607883
-6.28187657102275 -5.52606066576357 -0.0040209804388233 -1.0059243211144
0.295862019307555 2.56168525033046 2.63031219587013 -0.669369130484645
7.49762942491364 -4.25133452015874 -0.0671482605697261 0.495116008214279
1.16907533549396 3.82655491084551 4.45705157752567 -0.366415609491245
-8.42378340999341 -4.82748403373298 0.667944677930478 -0.187995679815755
-1.09687312109761 4.94970556069326 -1.88590634324148 -0.428030597415707
-0.00115475228608885 6.20604423649655 3.74582273937061 -0.330230368427086
-2.2988209141971 6.48095205351783 -2.41687706983859 -1.29297452118214
-6.78973008740914 -7.16486160449583 -0.360868315705089 -1.32379199547974
-7.77483904965206 -7.4198682962968 0.704249753998471 1.83632944342408
-7.30879314504052 -5.71129215629971 -0.257921221610372 -0.641085542007923
-7.53297626958647 -7.53549311537173 -1.29894882718455 -0.496245368095546
-1.42101583443246 6.36527963116169 -1.7649356596874 0.803835461181843
8.45220268945632 -4.53557871015994 -1.33771685194201 -0.104320923527956
-6.99918555545955 -7.24652001110968 0.510158478802571 -0.807192782310417
1.28224678469219 3.85762642132906 3.41719036982892 -0.281415140290457
9.58532484838282 -3.17773364421637 -0.857340389474391 0.24394590333603
-7.06543716895141 -6.06896855774095 1.20343449982221 1.86631666734638
-1.79168664918652 5.74515041672599 -3.41920803879285 -0.518721271705434
-1.54048254930628 7.5064156652046 -0.669541050329036 -0.933477202143872
11.2631431041239 -3.90370310076825 0.0523789186192627 -1.19421870415603
-5.9236502891263 -5.1528936913147 0.0731089631305114 0.991759065705804
2.09748216183296 3.21434803406905 3.51418008728842 -2.48850538843805
-5.28880985287156 -4.51916295927949 -0.0488254139307272 -2.85700769019009
-1.69264425360221 5.80655577089709 -0.943537600586914 -0.741169101110908
-7.39596819033404 -6.45976973007171 -0.665091247234092 -1.51962197700075
0.802644957913218 5.19128379895433 2.80162158721325 0.897212024159124
9.03960663190272 -5.96901840095445 -1.15992930566928 0.277358453512719
-1.35170005029225 5.79490963434967 -3.54162081509112 1.1553878903764
-7.78389597375018 -5.47955196411927 0.52843770958301 0.149899880813173
-1.91143604650103 5.37879022387753 -2.6622269040637 -0.818375764717259
-8.00997061394556 -5.61281343493156 -0.207679592113047 0.195848151618378
-7.78674536718659 -5.50047198813236 0.304675672330233 1.1352153193449
-1.73228674120166 6.23925632700327 -1.75233946992726 -0.410843440110715
9.421554504713 -5.33422277578818 -0.621227928065648 -0.336303828809458
-1.33505070387953 6.93110520896244 -2.26441315482184 0.390513163083396
5.72539443938133 -3.73936370370819 -0.644196138494611 -0.935414227507292
0.312143863925645 2.44325530955871 3.11667055649736 1.1863896091234
9.27379255023684 -4.20567127473429 -0.433074127046796 -2.35035918195167
8.78743171099968 -3.95796615026879 -1.3346043031125 -0.0532420875325745
-4.42560103234914 -4.79236116962999 1.08169784885778 2.2570805770145
-0.68733962600139 3.55827825277749 6.52515505956437 1.81228746578708
9.25984827687887 -4.95770022885521 -0.711841930460918 0.673888512601252
-1.19410742695134 5.78901810487293 -1.24791694414966 0.768782877261251
-7.44053812640851 -6.10422383471711 -0.437335199459508 -0.363532933223993
-0.97835937378648 5.08693448007879 -1.8178089196076 -0.53722543791084
-1.83283962372438 5.71731536057413 -3.00640519565964 -0.465764165240781
-0.525296631655878 5.48092955331956 -2.03949293979607 -1.02648225679424
-7.74650591843444 -6.58597898593815 -0.365863258729172 1.39682499565978
-0.75624252735588 5.5469080471026 3.0176255727761 0.427481787332694
-1.4106243681184 4.79905621004489 -2.39156863116848 0.0626507725324008
-7.39586318677173 -6.42743616288359 2.66270500423134 -0.112268861294405
0.899510518108602 4.39893795759201 4.55700009144972 -0.0859756924268231
-0.601938584761826 5.38495956064995 -2.60776298634903 -1.63019595930452
-6.21855788181259 -5.26791679778274 1.34578881375621 0.617170950809596
-1.95453526891112 5.11529773516689 -2.97167291133157 -0.44975204718445
-6.47038982977803 -4.31151225507215 -1.04255503817469 0.996469334847299
8.50129139260737 -3.4731211599957 -0.426279037396114 -0.162984353648872
-7.08150247025785 -3.923440353295 -0.593662493788204 0.375192916976389
-0.658026003496721 4.92600324302075 -2.09947190714375 1.02955376157274
9.00081014040667 -2.69975547771292 -0.531462364185364 0.382478585698147
8.2011762638774 -3.39680742805696 -0.462551164097693 -0.130476444771473
8.78528789583311 -4.55465279414777 0.406337922107126 -0.281035728456975
10.0919019846287 -5.17644816956522 -0.307679385198447 2.41096783279565
-6.46521518612277 -4.5627139826081 0.256220215058797 -1.33979315961381
-0.942026668704184 3.48486699962999 4.53551243228061 -1.29505018819682
-1.76046681339944 6.52062904026563 -2.35537245494487 -0.510718665850562
9.37911841422184 -1.32218248677666 -1.63715199736277 0.228969810994172
-7.5829995280864 -7.56803992954016 0.00476751370828432 0.273197325046525
0.995735165982105 6.33132125630347 2.97216648454282 -1.20307132705127
10.1378678616527 -4.48734635369728 -0.150798993976443 1.83014832829596
0.37952537951015 5.41863911705568 5.07896473103181 1.63277036721472
7.52586824035744 -3.56489020811945 -0.547410079096967 -1.52994429558709
9.53645912084896 -2.22887539728688 0.267086024485414 -0.746954929691797
9.99419783586309 -3.66559152562378 -1.10911853753643 -0.790199475194323
-7.48779784277213 -6.13656677939964 1.55179819115047 1.61365820424136
-1.56932370524512 3.45562446900634 -3.01605692682593 1.50850417353046
-7.35061634501521 -7.56470142322998 -0.720460562356399 0.079837119817861
-0.0835847771607385 4.50301503861311 3.12111634803218 -1.43925256706447
-6.64901452526139 -4.90564714252039 -1.7200250041694 0.582172667325774
-4.23354923556915 7.66684269775848 -2.54522515969329 -0.290744859297346
-1.79621833226484 5.83174041409656 -2.58266820409978 -0.291809009359549
-1.9985259215737 8.54981254590928 -2.25220497943632 -0.825105753909272
-1.44879616124057 7.34358194854546 -2.72217832854014 2.31919080215921
-7.10002717755004 -6.796427256008 0.480374767241319 -1.72038200306447
-0.795780968343397 7.51249854029539 -0.919124652495871 0.325925413139911
-1.13144240997764 6.87546962204324 -2.19194627117413 0.300740536671541
10.5456861699326 -4.86320264859476 0.537189516276515 0.294763112208103
-0.40459578050196 4.670547220906 2.50105913078833 0.0175748005108419
7.71228359664248 -4.43630996237929 0.281364275348568 -0.25061005646563
-7.44202494836505 -6.54687814408623 -1.35004973448632 -0.512024695000058
-1.53122467688735 7.17481631211009 -2.35128735146955 -0.425780229534565
-6.76710523198362 -5.22522510506556 -0.616170592706981 0.0344381012563427
-1.85167645187754 3.57133845306659 3.80344434078859 -0.523275386118965
-5.69915826152562 -4.6610793465322 -0.955190180380249 0.743084755598477
-0.707461701524555 4.67535498578629 -3.31200697749773 -0.894985594252956
7.65927801727267 -3.57731073940685 -1.25309970504745 -0.519033134435299
-0.509371217883805 6.2184632176287 -1.58299316791371 -0.676256069842851
9.67966726448134 -3.38321298170055 -0.196241767693099 -0.0753219385234967
1.13070624777694 6.05397615615283 4.35912754903403 -0.845723205798861
-0.658524790514595 6.83522439796738 -3.32693088002368 0.164919452578187
-7.09804174275597 -5.86298879554131 -0.902939841495607 -1.52327429807978
1.11960312771928 3.84600829189658 3.47695677762722 -0.346697975605628
-8.18721091195956 -5.04608516211712 1.01523865853728 -1.56764016538358
-0.620654621228625 4.99995769504429 1.00025823268433 -0.713846701898438
-1.11049093654352 7.18062399077991 -1.3209761514169 0.870429075949378
-0.355762737998163 1.93990488058156 3.58924737158747 0.361577803232718
-5.54302252042603 -6.19534491672333 -1.73389455127622 0.491243368254992
10.8873128169549 -3.45575420278534 -1.28050930100495 0.569773360345758
9.19081241825094 -4.30997198587872 2.40701878914702 0.583486586272545
1.30677580217764 4.43788757759439 4.87977593474885 -1.59150720921074
8.92608658822268 -2.62203864115696 -0.225597298496266 -0.660142720595614
-0.0488298212220181 2.47002370406324 5.16204403990681 0.739490232439177
-5.82998659551219 -4.69878786053827 -0.849328311659897 -1.9016179077301
-0.700378069834306 5.97772222634941 4.34268606965014 -1.94298771315875
0.940186684573081 2.9714727923257 2.6804628865548 -0.514121160686568
-1.08327659020577 7.86629153719839 -1.10947559556218 -0.375228986063361
-5.84303482048746 -5.5800782663023 1.49384170629061 -0.353689017254426
-2.42884338417038 2.66279040006411 -4.99123872872198 -1.72858523605775
9.42183493050118 -3.7242779203892 -1.20132492321814 1.20322628749191
-7.97106365038634 -6.85034261887489 0.340359919078698 -1.10159701227779
-2.42956187950171 5.99672212801577 -4.18522691236199 0.119257441708039
-1.51259034580652 3.60764350210008 5.33186315864291 0.466442939733849
-0.311294574240101 7.08001050743753 -1.60626432983234 0.261080301534626
-2.31145207644881 8.09445144442754 -3.07545205023472 -0.382187699474254
-7.77601336353051 -5.06428190490966 -0.0750855861740415 0.243557601499059
8.57232293963417 -2.54821541418568 -1.03101595293046 -0.186125055434405
-8.24504429894223 -5.56534806966485 -0.718753400450158 -2.00840009553309
-8.15177453741348 -6.52880774186988 1.85093434505606 1.05479171346469
1.90898343277955 5.88432844282773 2.22154792731383 0.870944779970438
-7.3191309970421 -4.79684420416997 -0.740121622593136 1.93318121383956
-1.25241384753329 4.35031247495724 2.91681759422957 0.98396459930284
0.699838584500566 4.34602164908709 3.93376033107629 -0.434735074570857
8.64042026704255 -4.51945579623412 -3.22001215522075 0.972429562748594
7.88312615939809 -3.10774503601699 -0.673556953334028 -1.12444570343017
9.83919353683025 -4.9472684967192 -0.0725330741467167 1.40291526369139
-0.808666407934243 5.38402360597735 -0.943427628574281 0.706856157633966
9.00119428905079 -4.86569299055681 -0.921793913850324 -0.815594713748638
-7.54051045437339 -4.86863650808314 -0.396601332499863 -0.828729996895477
1.0749850599638 5.16236497128656 -1.91402007919294 0.924758510778451
9.09122950184203 -4.28164610245005 0.0819545932103607 0.129252255558644
1.36500453596972 3.99521742421043 4.25361900592995 0.858241978381918
8.9784119689822 -3.77857400398446 -2.48846135229285 0.0942009681123967
-7.44529394355111 -5.45596102859545 -0.214990639250804 0.221614460073965
-7.1999230957441 -5.83680687369764 0.9543008705134 0.608715432779497
-8.04365563343377 -4.52578645853186 2.67038555530516 -0.984706178028376
-2.83667553296379 6.14540872137242 -2.16799154798439 1.5865449801831
-6.33203165628404 -5.9757356918757 0.413815313518636 0.29468549421892
-1.62573402871417 4.2605721645799 4.28016990085368 -0.367837366412768
-0.41702434312001 3.86327814186584 5.48513843390605 0.0235048842584752
6.51564984363392 -4.28921586477692 -0.449202059436802 2.12151451886324
8.80331385776434 -3.08719348366688 -1.1610689036171 -0.678699081269616
8.6631991259025 -4.15514652937367 -0.346587356525324 -1.43726766094319
-7.20291574578401 -6.54167440124447 -1.26333434311081 -0.0201137238657065
8.54555712361533 -4.29673235199889 -0.695728654925253 0.124253938381858
-6.12716550969457 -6.30267548520026 -1.39515815568693 2.70945803662527
-1.34886502847372 5.2481126751375 4.81759211839657 2.16100335802301
9.92112756865158 -3.98827176193284 -1.28855744754094 -0.136699743378316
8.4681896605665 -3.66296219245628 -2.8269098269814 -0.502595725098522
-7.3721097020715 -5.84493204206107 -0.860934594490317 -0.0895646121827499
10.2456511366938 -3.59361489838225 -0.486345334154336 0.0754684339236703
-1.09402340696879 5.31855848515001 -2.14985072964714 -0.606648323057271
2.42314022521073 5.55808457973186 4.98970225924371 1.89726634892103
-8.12706206430808 -5.53251218580823 0.742216909205607 1.15511943937889
-3.78635351145625 4.82642296752959 -1.99329492541137 1.4895652303034
8.85802117362076 -3.70920482475089 -0.835813327611608 0.918261003505699
-2.02573117928565 7.44823161456948 -1.70272816580794 -1.00729009752667
-0.858858881896363 5.81539451929357 -3.57968864101064 0.294252691149595
9.56947178218 -5.81492049321908 -1.1843093025367 0.36109246105493
-2.81476789174554 5.83348165193292 -2.13447968587863 1.71961895191817
-1.4675696160253 5.05902627310776 -3.40933960112819 0.269552879143585
7.52305069904651 -3.42717701582469 -0.441861566304663 0.533222327916525
-0.306716333382894 4.15366364334969 -1.79650864368604 -0.919999633928678
0.434965477511952 2.88953702387778 5.47234771215947 -1.85721572103087
-2.16737359728082 6.63281355218164 -2.31966083555505 1.09760141934816
-1.78931287965493 6.23452147550239 -1.8674410542431 -0.35429993351731
8.37403317066837 -2.3611323824357 0.732765528465161 2.49219945040902
-7.57438478805838 -5.08650397093255 -0.196455234374757 0.827879416365654
-5.97893591760432 -6.80568579720667 1.45659496291294 -0.71295990606637
-1.00323292063335 6.00698005348603 -3.98142588714178 0.822519669193058
