"LD1" "LD2" "LD3" "LD4"
-7.202915745784 -6.54167440124445 -1.26333434311081 -0.0201137238657083
9.86287578790261 -1.38424389748355 -1.83882064266391 -0.0134794613986793
-1.4675696160253 5.05902627310776 -3.40933960112819 0.269552879143579
-7.77591836800293 -4.46051219621137 0.822672574389459 -0.566094492014739
10.3780579286836 -4.94642547084758 1.06125265128 -0.187273056679427
-5.74800382566495 -5.31243216136007 -0.352626336770065 0.0749621260837116
9.8239708485199 -3.73113157035655 -0.00303073824149908 -0.655888820108304
2.09748216183295 3.21434803406903 3.51418008728842 -2.48850538843804
-1.41062436811841 4.79905621004488 -2.39156863116847 0.0626507725324009
-2.8366755329638 6.14540872137241 -2.16799154798439 1.58654498018311
-7.09804174275596 -5.8629887955413 -0.902939841495602 -1.52327429807979
-0.0488298212220182 2.47002370406323 5.16204403990681 0.73949023243918
-0.858858881896369 5.81539451929356 -3.57968864101064 0.294252691149593
9.10066226188872 -3.58815657972886 -0.996522342284014 -0.280825443688622
10.8873128169549 -3.45575420278533 -1.28050930100495 0.569773360345759
7.49762942491363 -4.25133452015873 -0.0671482605697295 0.495116008214281
1.13070624777693 6.05397615615281 4.35912754903403 -0.845723205798864
-1.34886502847373 5.24811267513748 4.81759211839657 2.16100335802301
-8.29317628552397 -5.81779576781869 0.124722736116698 0.416149178983402
0.146031747484263 3.75420386127181 2.8037696127774 1.1474174709351
10.2456511366938 -3.59361489838224 -0.486345334154335 0.075468433923664
-1.42101583443247 6.36527963116168 -1.7649356596874 0.803835461181848
-7.40936564160257 -4.86619945214948 -0.538002467139471 0.208073140870269
-1.53122467688736 7.17481631211008 -2.35128735146954 -0.425780229534566
-7.65431967808653 -4.14797877531034 1.4701207194539 -0.823854878114558
-5.69915826152562 -4.66107934653219 -0.955190180380251 0.743084755598475
-7.54051045437338 -4.86863650808313 -0.396601332499861 -0.82872999689548
2.01459800450461 3.52939709224222 3.9114384324204 0.687597269386378
9.53645912084896 -2.22887539728687 0.267086024485414 -0.746954929691797
-6.69443415292999 -7.02246384788983 -0.536269920676787 -0.311979540425173
-0.171197565307568 2.59462525140548 3.74246203241787 -1.54876353784912
-6.76710523198361 -5.22522510506554 -0.616170592706978 0.0344381012563378
7.52586824035744 -3.56489020811944 -0.547410079096969 -1.52994429558709
8.88077780726573 -3.05598461616378 -1.62365525863331 -2.36439290991096
9.86028809010265 -5.00377421967852 0.699069204216251 0.0117242968769441
-0.159444020533954 3.93497698768352 3.78582970394007 -0.515847744579334
10.3955689581512 -4.27299806968756 -1.35008990832006 -1.27293974861028
-1.18161241558926 6.63804277514439 -1.62102831855114 -1.41643980760002
8.54555712361532 -4.29673235199888 -0.695728654925254 0.124253938381855
8.410348028416 -3.44121470542454 -1.92700076217524 -0.495021270243587
-6.78973008740913 -7.16486160449582 -0.360868315705089 -1.32379199547974
-5.37391197684387 -4.53125841763472 -2.17132654798777 -0.361856556086483
-1.54048254930628 7.50641566520459 -0.669541050329035 -0.933477202143876
-0.923361520054966 3.52746472937079 3.83858177952985 -2.32249291015502
-1.65653408104512 5.71742515630667 -2.35279692986614 -0.767322277418655
-7.4223613575838 -6.0881716561436 -0.585272295900149 1.52472038607883
-8.18721091195955 -5.04608516211711 1.01523865853728 -1.56764016538359
-0.00115475228609502 6.20604423649653 3.74582273937061 -0.33023036842709
-7.08150247025784 -3.92344035329499 -0.593662493788202 0.375192916976385
0.379525379510138 5.41863911705565 5.0789647310318 1.63277036721472
6.51564984363392 -4.28921586477691 -0.449202059436805 2.12151451886324
-8.00997061394555 -5.61281343493155 -0.207679592113046 0.195848151618376
-7.76482337430568 -6.38003728670739 1.4759288524725 -1.94115116965646
10.9549862068171 -2.22518445786621 -0.742613330414862 0.454144817569594
7.52305069904651 -3.42717701582468 -0.441861566304663 0.533222327916525
-2.42884338417038 2.66279040006411 -4.99123872872197 -1.72858523605775
-1.52060424766188 7.00083065004671 -2.45143312880852 -0.183044497051205
-7.37270584238929 -4.97710852905595 0.435790860207636 -0.562957547270677
-1.11049093654353 7.1806239907799 -1.3209761514169 0.87042907594938
-2.8246780307674 6.67309441780263 -2.66190641126921 -1.0484274602913
-1.00323292063336 6.00698005348602 -3.98142588714178 0.822519669193061
0.697382042969532 5.87293298353199 -4.00368670708533 0.0610769043783532
7.71228359664248 -4.43630996237928 0.281364275348566 -0.250610056465626
-7.4452939435511 -5.45596102859544 -0.214990639250804 0.221614460073964
7.75626909589857 -4.65145021172379 -0.562346030600601 -1.09552125190145
9.58532484838282 -3.17773364421636 -0.85734038947439 0.243945903336026
9.09122950184203 -4.28164610245004 0.0819545932103593 0.129252255558646
-8.66281060909813 -5.22895796603577 -2.07071916501734 2.38185499066399
-8.42991462279926 -4.50928278667272 -0.798388231248369 0.60129092131277
-2.44160589489448 5.97876770869752 -1.06599054457202 1.1562932601296
-0.0835847771607437 4.50301503861309 3.12111634803218 -1.43925256706448
0.312143863925639 2.4432553095587 3.11667055649735 1.1863896091234
-5.97893591760431 -6.80568579720666 1.45659496291294 -0.712959906066368
-3.78635351145625 4.82642296752958 -1.99329492541137 1.4895652303034
-0.498405880651697 6.36803069639761 -2.58964282073271 0.903595052180661
-1.19410742695135 5.78901810487292 -1.24791694414967 0.768782877261259
-1.09363277506226 5.27245987012078 -1.98460933874665 -0.222412732055245
-1.78931287965494 6.23452147550238 -1.8674410542431 -0.354299933517305
-7.77483904965204 -7.41986829629678 0.704249753998467 1.83632944342408
11.2631431041239 -3.90370310076824 0.0523789186192594 -1.19421870415603
-6.75353561165576 -5.45153751749048 -0.632581612304071 -2.83913121764307
2.0989921967071 4.35371681327858 3.47962817908027 -2.25708519170708
-1.35170005029226 5.79490963434966 -3.54162081509112 1.1553878903764
2.42314022521072 5.55808457973184 4.9897022592437 1.89726634892104
-2.87547497149593 4.74686289192851 -2.9888631425865 -0.532681232322649
0.699838584500562 4.34602164908707 3.93376033107629 -0.434735074570857
8.07333321375017 -3.2852675512198 -0.921946711734443 0.839922350666853
-1.0940234069688 5.31855848515 -2.14985072964714 -0.60664832305727
-1.91143604650104 5.37879022387753 -2.66222690406369 -0.818375764717261
-7.55548573434312 -5.5425284338693 -0.177336385406796 -0.183893071412847
-0.620795291854045 4.70746867453103 -1.77782697120259 0.510289992404678
0.899510518108593 4.39893795759199 4.55700009144972 -0.0859756924268187
10.533233251858 -2.84177885328771 -1.10444211652252 -1.11581570354469
1.16907533549396 3.8265549108455 4.45705157752567 -0.366415609491244
-2.43869875727293 6.88271315197045 -3.66624027617377 -0.687749194234997
1.90898343277954 5.88432844282771 2.22154792731383 0.87094477997044
-1.85167645187755 3.57133845306658 3.80344434078859 -0.523275386118962
-4.23354923556916 7.66684269775847 -2.54522515969329 -0.29074485929735
9.42183493050118 -3.72427792038919 -1.20132492321814 1.2032262874919
8.80331385776434 -3.08719348366687 -1.1610689036171 -0.678699081269621
9.55752763311728 -2.89957106450248 0.0731680556796511 0.765970824973195
-6.21855788181259 -5.26791679778273 1.34578881375621 0.617170950809601
9.67966726448134 -3.38321298170054 -0.196241767693102 -0.0753219385234941
7.88312615939809 -3.10774503601698 -0.673556953334027 -1.12444570343017
-7.37210970207149 -5.84493204206105 -0.860934594490317 -0.0895646121827471
0.940186684573078 2.97147279232569 2.68046288655481 -0.514121160686566
-8.04365563343376 -4.52578645853186 2.67038555530515 -0.984706178028376
-0.355762737998165 1.93990488058155 3.58924737158747 0.361577803232712
9.56947178218001 -5.81492049321907 -1.1843093025367 0.361092461054931
0.434965477511948 2.88953702387776 5.47234771215947 -1.85721572103086
-6.10626061444593 -5.77745982894121 1.05565541406765 0.696635390104636
-0.70746170152456 4.67535498578629 -3.31200697749773 -0.894985594252958
-1.45442792425536 5.49180158324866 -3.6792977227371 0.152395920647365
-7.78674536718658 -5.50047198813235 0.304675672330233 1.1352153193449
-3.16355732150222 7.83036650820306 -2.69452707939149 -0.0799158283180126
-6.87540220345644 -3.59898065937751 -0.497906974674327 -0.341517639918241
9.27379255023684 -4.20567127473428 -0.433074127046792 -2.35035918195167
-0.978359373786488 5.08693448007879 -1.8178089196076 -0.537225437910836
10.1378678616527 -4.48734635369727 -0.150798993976443 1.83014832829596
10.5456861699326 -4.86320264859475 0.537189516276515 0.2947631122081
-0.942026668704186 3.48486699962997 4.53551243228061 -1.29505018819682
-6.64901452526138 -4.90564714252038 -1.7200250041694 0.582172667325772
1.36500453596972 3.99521742421042 4.25361900592996 0.858241978381919
8.57232293963417 -2.54821541418567 -1.03101595293046 -0.186125055434405
-1.33505070387953 6.93110520896243 -2.26441315482184 0.390513163083395
8.39916522915497 -3.51382851253106 -1.16189068642095 -1.18657712758829
-5.92365028912629 -5.15289369131469 0.0731089631305107 0.991759065705804
-0.60193858476183 5.38495956064994 -2.60776298634902 -1.63019595930452
-0.306716333382894 4.15366364334968 -1.79650864368603 -0.91999963392868
-0.292053819356255 5.54344743135765 -2.01552597717961 1.62604540975166
-2.90414760680817 6.69218166469801 -1.45582741836522 0.105662302679936
-7.79817631579014 -5.80434626833965 -1.67144418549201 2.30133443010014
8.37403317066837 -2.3611323824357 0.732765528465151 2.49219945040903
0.802644957913209 5.19128379895432 2.80162158721325 0.897212024159127
8.9784119689822 -3.77857400398445 -2.48846135229285 0.0942009681123952
-0.658524790514602 6.83522439796737 -3.32693088002368 0.164919452578181
-1.00052825184001 4.31879962663921 3.29625435737143 1.52528211849946
-1.73228674120166 6.23925632700326 -1.75233946992726 -0.410843440110712
-5.54302252042601 -6.19534491672331 -1.73389455127622 0.491243368254988
-2.16737359728083 6.63281355218163 -2.31966083555505 1.09760141934815
-7.74650591843442 -6.58597898593814 -0.36586325872917 1.39682499565977
0.0451831093370156 2.8291792744342 4.56489595978868 0.764787881742758
-1.99852592157371 8.54981254590927 -2.25220497943632 -0.825105753909272
8.78528789583311 -4.55465279414776 0.406337922107126 -0.281035728456975
-0.717598252980768 5.65208807655075 3.19575900572647 0.90606680119925
2.22119372556402 4.05642940963654 5.54152325362328 1.69584555339346
-7.53297626958645 -7.53549311537171 -1.29894882718455 -0.496245368095553
9.00081014040666 -2.69975547771292 -0.531462364185364 0.382478585698148
-7.4405381264085 -6.10422383471709 -0.437335199459509 -0.363532933223994
9.19081241825094 -4.30997198587871 2.40701878914701 0.583486586272549
9.92112756865158 -3.98827176193283 -1.28855744754094 -0.136699743378314
-2.42956187950172 5.99672212801576 -4.18522691236199 0.119257441708036
-0.265383618176437 6.7476992601366 -2.89506489524733 -1.52114230365998
-0.795780968343404 7.51249854029538 -0.919124652495868 0.325925413139915
-0.200370175912046 3.7791874851016 4.75541573781222 1.88321540552823
-1.25241384753329 4.35031247495723 2.91681759422957 0.98396459930284
-0.176740269918543 3.12726054519795 6.09423367227218 -1.49108285566983
-6.62991769497575 -6.4976865569965 0.924602336095684 0.350231253812755
-1.09687312109761 4.94970556069325 -1.88590634324148 -0.428030597415704
-7.97106365038632 -6.85034261887488 0.340359919078693 -1.10159701227778
9.63005801410474 -5.07673632466142 0.51119160844788 -0.674542301501275
-2.81476789174555 5.83348165193291 -2.13447968587862 1.71961895191817
-7.30879314504051 -5.7112921562997 -0.257921221610371 -0.641085542007923
-1.69264425360221 5.80655577089708 -0.943537600586914 -0.741169101110906
0.427155895677297 4.73614857082259 4.3491974763912 -0.607198475624241
-1.47274476700248 5.60265061049648 -3.35129381490952 -0.0870235209638959
-6.68726838816039 -5.88663170650113 0.63667422070987 -0.45557282185886
-7.31913099704209 -4.79684420416996 -0.74012162259314 1.93318121383957
-0.509371217883813 6.21846321762869 -1.58299316791372 -0.676256069842847
-1.08327659020577 7.86629153719838 -1.10947559556218 -0.375228986063365
-0.311294574240109 7.08001050743752 -1.60626432983234 0.261080301534629
-5.28880985287155 -4.51916295927948 -0.048825413930727 -2.85700769019009
-8.41406412375786 -6.04837040689276 -0.655209369010079 -0.96255948624986
8.66319912590249 -4.15514652937367 -0.346587356525323 -1.43726766094318
-0.937271755197763 5.71228158745422 -2.75507285760531 -0.235120473838405
-0.365041080137057 6.26007877410285 -3.40704192649397 0.598663891707184
-5.84303482048745 -5.58007826630229 1.49384170629061 -0.353689017254426
-5.83648004885456 -5.58313940770243 -1.51634508908958 0.543638109051775
2.29841360289843 3.90806000018833 4.29566195375279 -0.026578421985065
10.7971943906435 -4.97976934350394 -0.975578573083651 2.5967924272896
-6.12821265568014 -5.18996614322991 -0.00967820219108534 -0.123952005162308
-2.31145207644883 8.09445144442753 -3.07545205023471 -0.382187699474255
-0.756242527355886 5.54690804710258 3.0176255727761 0.427481787332693
-7.39596819033403 -6.45976973007169 -0.66509124723409 -1.51962197700076
9.99419783586309 -3.66559152562377 -1.10911853753643 -0.790199475194318
-0.658026003496727 4.92600324302074 -2.09947190714375 1.02955376157274
9.00119428905079 -4.8656929905568 -0.921793913850322 -0.815594713748638
8.92608658822268 -2.62203864115696 -0.225597298496268 -0.660142720595609
-0.461248855571013 6.75769535377058 -0.66758357255754 -1.24599351748955
-1.51279261146538 7.32392689268826 -0.451157368008467 -0.241419150919846
-2.02573117928566 7.44823161456947 -1.70272816580794 -1.00729009752667
-0.210808243445741 2.42164183924935 3.90751469465236 -0.460054747446187
9.83919353683026 -4.94726849671918 -0.0725330741467153 1.40291526369138
-3.01595727574632 6.5023679589183 -3.23715721337532 2.06578763407921
-1.56932370524512 3.45562446900634 -3.01605692682592 1.50850417353046
1.07498505996379 5.16236497128655 -1.91402007919294 0.924758510778452
-1.35038506983975 6.76291427627223 -2.42215656126423 1.38761910851251
-7.48779784277212 -6.13656677939962 1.55179819115047 1.61365820424135
5.72539443938133 -3.73936370370819 -0.644196138494612 -0.935414227507291
-0.40459578050197 4.67054722090598 2.50105913078832 0.0175748005108479
0.697639903317089 7.3612096862095 -2.29162258958318 0.44772818356398
-0.378809144114863 4.73112366805583 4.51056286834476 -1.47823941629229
-7.77601336353051 -5.06428190490965 -0.0750855861740434 0.243557601499062
-1.62573402871418 4.26057216457988 4.28016990085368 -0.367837366412768
11.2726926949955 -2.61907323821151 -0.200661006154241 -0.602097969000134
10.0725039839907 -5.1567750088355 0.669093383054985 -0.514715545252092
-8.12706206430807 -5.53251218580822 0.742216909205611 1.15511943937888
-6.28187657102274 -5.52606066576356 -0.00402098043882761 -1.0059243211144
7.65927801727266 -3.57731073940684 -1.25309970504745 -0.519033134435298
9.26052872337414 -3.066506255236 -1.34016484742777 0.367617288955645
-2.29882091419711 6.48095205351782 -2.41687706983858 -1.29297452118214
-7.58299952808638 -7.56803992954015 0.00476751370828315 0.273197325046524
9.67510398196396 -4.43130951087435 0.561505578950618 1.17994711330512
9.42155450471301 -5.33422277578816 -0.621227928065647 -0.336303828809459
1.42996413266158 3.61850954995153 0.607130541179604 -0.45770074094296
-1.79621833226485 5.83174041409655 -2.58266820409978 -0.291809009359548
8.64042026704255 -4.51945579623411 -3.22001215522075 0.972429562748594
8.50129139260736 -3.47312115999568 -0.426279037396111 -0.162984353648878
-6.99918555545953 -7.24652001110966 0.51015847880257 -0.807192782310421
8.5346197895754 -3.79391754103946 -0.54826791487109 1.10153922127525
-1.13144240997764 6.87546962204323 -2.19194627117413 0.300740536671538
-1.64241419246301 5.30635176019051 -1.56515854641335 -1.43792082282923
-8.4237834099934 -4.82748403373297 0.667944677930475 -0.187995679815756
-8.15177453741347 -6.52880774186987 1.85093434505605 1.05479171346469
-6.54413069503451 -5.07772925806026 -0.954514874315613 1.6872976742238
0.401955634018484 6.55655133373454 -1.85507478474516 0.906737844268762
1.30677580217763 4.43788757759437 4.87977593474885 -1.59150720921073
-5.48215169145485 -6.8458984150084 -1.52880325644044 -0.852217727484344
-7.0654371689514 -6.06896855774094 1.2034344998222 1.86631666734638
0.995735165982098 6.33132125630346 2.97216648454282 -1.20307132705127
-1.51259034580652 3.60764350210006 5.33186315864291 0.466442939733846
-1.22065429314876 4.89691755643052 2.02207336149756 -1.25214205290348
-0.700378069834315 5.9777222263494 4.34268606965014 -1.94298771315875
-9.11849470618125 -5.32158869477591 0.407825256678274 1.36798541483534
9.52393066730209 -4.77158380642212 -0.0135945966216709 -0.527172748514195
-7.17869782998459 -6.34824739639017 0.23084746709027 -0.324880231371014
0.295862019307551 2.56168525033045 2.63031219587013 -0.669369130484643
1.59344019630424 1.66430668750658 5.27214459318584 1.75129327728474
-7.46076486107877 -5.52633659200336 -0.295224595872994 0.308183062736709
-4.42560103234913 -4.79236116962998 1.08169784885778 2.2570805770145
-0.405344704923344 3.85266651997188 4.51117767335389 -0.233926858458861
-1.90763084711214 6.63107125465922 -2.57117521288132 -0.609388071993736
-1.95453526891113 5.11529773516688 -2.97167291133157 -0.449752047184451
0.814072027420327 4.48680258588179 4.68192742358636 1.02572526998007
8.78743171099968 -3.95796615026878 -1.3346043031125 -0.0532420875325698
9.25984827687887 -4.9577002288552 -0.711841930460919 0.673888512601252
-0.62065462122863 4.99995769504427 1.00025823268433 -0.713846701898436
-6.12716550969456 -6.30267548520024 -1.39515815568693 2.70945803662528
-6.46521518612276 -4.5627139826081 0.256220215058799 -1.33979315961381
-7.49172140393724 -7.83571568763783 -1.2945231685048 -0.857436375773066
7.83038551416738 -4.15081772327952 1.54276559901205 -0.252455818408755
9.85627901961339 -2.30833368995189 -1.23002979648296 0.375417871309341
-1.83283962372439 5.71731536057412 -3.00640519565963 -0.465764165240783
-1.59741306277395 6.40426347944282 -1.46762767493908 -0.356131299625592
8.45220268945631 -4.53557871015993 -1.337716851942 -0.104320923527959
-1.05698646389031 5.44615685084209 -3.30075897767321 1.01408091943305
8.69703554221922 -3.16271003575201 1.20339853205826 1.05353185996501
-7.10002717755003 -6.79642725600798 0.48037476724132 -1.72038200306447
-0.52529663165588 5.48092955331955 -2.03949293979606 -1.02648225679425
-1.72077064524867 5.75196010608966 -3.91423569693399 0.083060892870837
9.35039765772498 -3.49117396459496 -0.620478459932648 0.00370161545866193
-5.82998659551218 -4.69878786053826 -0.849328311659899 -1.90161790773009
-7.3506163450152 -7.56470142322997 -0.7204605623564 0.0798371198178618
-7.35666426175894 -3.81161301347368 1.17541322631671 -1.19781646541685
9.37911841422183 -1.32218248677665 -1.63715199736277 0.228969810994172
1.28224678469219 3.85762642132905 3.41719036982892 -0.281415140290457
-2.00620407421892 5.83981066376866 -1.34749998929538 -0.188040754794384
-0.808666407934248 5.38402360597734 -0.94342762857428 0.706856157633968
8.85802117362076 -3.70920482475088 -0.835813327611609 0.918261003505695
-6.33203165628402 -5.97573569187568 0.413815313518636 0.294685494218917
-0.100815300417588 4.17965184055348 1.5863635371454 -2.08407225249496
10.4711002170781 -3.98474825012271 1.27418711429499 0.202958614289277
-2.04900765665168 5.8666001849471 -2.12176758801278 0.505713458810291
-7.39586318677171 -6.42743616288358 2.66270500423134 -0.112268861294403
-1.44879616124058 7.34358194854545 -2.72217832854014 2.31919080215921
-7.78389597375017 -5.47955196411926 0.528437709583009 0.149899880813171
-1.42633170046994 3.81163578143342 3.88119585956683 -0.73513094170839
8.5144039024821 -3.89224446536371 -1.35049231970989 -2.13333840417424
-0.417024343120016 3.86327814186582 5.48513843390605 0.0235048842584787
1.11960312771927 3.84600829189657 3.47695677762722 -0.346697975605628
-0.517136131671903 4.16725675454804 5.45753341672961 -2.62258814806215
-4.63615369693368 -5.71521971582134 -0.904426024343437 0.52346316563794
-1.79168664918653 5.74515041672598 -3.41920803879285 -0.518721271705433
9.03960663190272 -5.96901840095444 -1.15992930566928 0.277358453512718
-1.76046681339945 6.52062904026563 -2.35537245494487 -0.510718665850561
1.4635478330303 3.92915965220676 5.12066390859392 2.21391287057469
8.46818966056649 -3.66296219245627 -2.8269098269814 -0.502595725098524
10.0919019846287 -5.17644816956521 -0.307679385198457 2.41096783279565
9.25690462713214 -2.92630048643959 -0.611918482212761 0.827549968278123
-6.73925312762747 -5.14464958146289 -0.55291004994556 -0.491582949087205
-0.606028073130151 2.85890922188837 4.34697874126216 2.86993217555211
-0.841913347685839 8.38714612542839 -0.916925987452037 2.04599254217821
-6.47038982977802 -4.31151225507214 -1.04255503817469 0.9964693348473
-8.24504429894221 -5.56534806966484 -0.718753400450162 -2.00840009553308
-7.57438478805837 -5.08650397093254 -0.196455234374754 0.827879416365648
8.2011762638774 -3.39680742805695 -0.462551164097694 -0.130476444771475
-0.606701940325551 5.08077875867564 3.95319096400625 1.10429727829721
-7.19992309574409 -5.83680687369763 0.954300870513397 0.608715432779501
-0.687339626001398 3.55827825277747 6.52515505956436 1.81228746578708
-7.44202494836503 -6.54687814408622 -1.35004973448632 -0.512024695000062
