"LD1" "LD2" "LD3" "LD4"
-6.02006149166485 -4.01016097337167 2.01330578092398 -0.428603304650623
-0.325532905811277 5.28192992476153 -2.28638311607932 -1.53623242184041
10.0651677989346 -5.85990875597155 -1.2075301948984 -0.386386097462946
0.350800308990467 3.88932686588639 -4.68955426780565 1.88942445429033
-0.0491315964242161 8.31135580668526 1.23406578761803 2.15789275371117
-1.17487607927417 4.50483242797333 -4.3094160461678 -0.6618959842441
-1.78875743939026 5.03125698223241 3.29326814411742 -0.37032479965542
-1.28277766875557 6.20268748402669 2.21947481623109 -0.000631648413951422
7.974467421812 -4.24785825274853 0.581069019050749 0.176537342363569
2.21192703982158 3.90042828246392 -4.98673603286175 2.52090063763662
-0.872584246578921 6.14759363111617 2.61005244010034 -1.01655851862289
-1.79534947542902 6.13348575565023 1.2781089382594 1.40325105130868
9.42124853924203 -6.33455214688222 0.524327769156427 2.52860782321448
7.51638731255048 -5.0410933863989 -0.501669461848199 -0.433255750499455
-6.87104408872616 -3.58211194145897 0.846101583511364 1.11004862341377
7.7421443768712 -3.52725980430763 -0.228313092544578 2.79026194404403
3.23393610508317 4.61641349081119 -3.98756961532806 -2.77474908105816
9.19761766769533 -4.66469833912685 1.24507096669884 1.33793827546551
-1.2332672083961 5.84753851090974 3.4818001544255 -0.599573912302155
-1.37065244707927 5.99788865996896 1.44321089156847 -0.152840940053206
-7.37984266742948 -2.88205798397755 0.323266875588811 -0.409646577444776
8.95689285705337 -3.4109244047419 0.162242879980211 -0.573773914057942
-6.51961010610338 -4.6929261625241 0.0819054291967892 -0.287713116569594
0.878594889602097 3.88958895071503 -2.81639848273206 1.27527444445671
7.28178657126538 -5.47574311551781 0.635360511998739 -0.926089290733885
3.30136925836597 4.17818400607229 -5.70151704687505 1.75672744659437
2.15009383480039 6.1367636865172 -4.39124271008906 -0.829257653453627
1.65566814941617 4.41644959641971 -4.44568767521375 0.195411962651411
9.68477404659019 -3.97754734430527 0.730422204441419 0.348560341764709
-1.56434052629563 5.92721809923116 2.32473251114517 0.563492746313482
-8.58176896695697 -3.75796384057571 -0.859252320515886 -0.55018743721323
-8.04534524465927 -5.07026751328419 0.692173852940508 0.0839007045650928
-0.675004186321072 5.04940012207643 2.24100352228278 -0.116897511749698
-7.0376955031882 -4.29205034070111 0.638600176740363 1.5436968955671
-0.750335464298173 6.08983284611355 3.67972028072513 -0.111164598095168
7.91571793032198 -5.44526530518311 1.37411052495153 -0.163902440133311
8.46251846970862 -4.64119323936468 0.886618887212778 0.860836584097903
-6.8753606487517 -5.97715457134603 1.97646165920057 0.679094451501831
8.66941605074609 -5.38380192121793 -2.04996120716254 1.08073108532805
2.64264436521951 3.08324442655699 -3.43693257776706 -2.28577319585851
-8.62797275649323 -5.51538993041918 0.398602701932732 -0.538738605642447
-0.283984977500604 4.82755371079913 2.33612991403257 1.12449326292615
0.118379833936574 5.26495621449961 -3.95962464316519 0.987494266109606
-9.23189793023981 -4.40562927629703 -0.930506594116278 -1.44789012802888
0.275655396247542 3.96896103905702 -6.69114983502053 1.89192652057764
-9.01561572091105 -6.05273161167657 0.506445195789722 1.5539520852964
8.75856520211311 -5.23045553263166 0.562155216754044 -2.22182789736986
-8.73411486397729 -5.61274616409165 -1.62690563623576 -1.99122148387608
-7.70724785997021 -5.98494769521791 -0.83276779398583 0.604287904059339
1.22274305551515 3.08538746517926 -5.51566053678348 -1.52281363045638
0.507567644843372 2.90928162552029 -4.02557988023617 -1.78064232660084
0.27158804980572 4.8474847812405 -4.42661866040874 -1.36794113357962
5.92689948528667 -5.06618723137655 0.607493818519357 2.20056923961753
-8.94946178602961 -6.96450776694362 1.23654364189133 -0.727436163732344
7.80489575382747 -4.94742443139624 1.54548825746145 -2.14055967092708
-6.84812378163431 -4.40042087519194 1.18279498224812 0.82898534387235
-6.52370325566759 -4.13867043308515 0.726299135433571 -1.88179978917274
7.91391373352962 -3.73112892474375 0.488344337484974 -1.14666061415494
10.7024775398812 -3.687307480001 0.878920147720048 -1.18887801254159
-0.771505934629072 6.47108085247763 2.05856505792203 -1.07802279808175
8.96813014037512 -6.15070950638234 -0.359538524155108 -0.607728585090394
-7.73091769128441 -3.23775370841685 0.46085923401607 0.255413944318964
0.801099228830254 3.13544083605025 -4.8135993442111 0.569415142200275
-6.92673363537715 -4.60795708925506 -1.50713102784274 0.539301752737669
-7.22799104459784 -5.89104110145856 1.50371740985155 2.88126861600091
11.0753853853913 -4.96505103127143 -0.0826081948742546 -1.15874614859003
10.6049721037468 -3.50739079249558 1.04779294572213 0.656719631777433
-0.221250733328458 3.82321646037907 -4.70055361392687 -1.37788879174481
-8.19062456039853 -5.72000240512307 1.05786960394023 -0.547887289923549
-0.312849177567877 7.48368985328338 2.25972175713306 -0.273184103139006
-1.16845458241922 4.95671919187456 3.73984679673237 0.524171727284347
-8.54163197124857 -4.61258779212982 -0.674935233341808 0.647886598173626
1.94289565833001 3.95306739286251 -4.6112604430796 -0.531257488263919
0.237862102913903 6.20535146435906 3.49873875649036 0.449951851420759
-7.25365693023544 -6.41129305047575 -1.33885395483746 -0.608406394010001
-0.935501717027756 6.9623160393858 2.7406438432139 -0.0154199673153607
0.0703546704244348 6.06669007327771 -4.12997309324703 -1.60178307838481
9.32617530304003 -5.63850161583049 -0.0127066597372879 -0.279549436753828
9.36498263054411 -2.62065712534543 2.10186713144792 -0.185618488546984
0.31554217793116 4.74420910875197 -2.32532480037685 0.425805299991833
10.5633472063106 -4.50103768962668 1.14039041328419 0.0807637458592402
-0.512683611018489 5.1409220578893 1.83666039042068 -0.771478390371075
-7.64408523908424 -6.39350383352678 0.448823275391613 -0.127045638675896
8.16706998961746 -4.52144329938904 2.79359415539355 -0.529708783656682
-7.72319904107438 -4.42209219782397 1.69729990268642 0.32436558821719
8.83228701333986 -3.84108629604128 1.49125095857923 -2.36937165751882
-8.16230358247979 -5.75291066109182 -0.172388920998154 0.00803404213026168
-8.42286144438376 -5.96061299093862 1.16905141552746 -0.279859771261108
7.88638371912702 -4.53344958851202 0.703261061496623 -0.0243202888131674
10.0289579973495 -6.21889678544257 1.11698244449487 2.36049348603428
9.293983456664 -5.92022050834019 -0.00175436694849451 1.04403471687492
-8.51165664157072 -4.95500441467635 0.423869732926581 0.601801738146202
-8.14251659227926 -5.19742372259047 -1.9597513147205 1.25081436225383
-7.55234758127005 -4.60229919311486 0.548563616830963 0.12721298599188
-0.451239153379562 7.16724893062199 2.0922398704329 -0.0676310747313996
-8.38618645435702 -4.93429961463294 0.394959011523856 0.650861330847729
1.54082997266773 6.0950093172079 -2.62060741766228 -0.991712932848657
8.56268747600384 -4.88031251001125 0.336953730112696 -0.129850717853458
-9.06022405364623 -4.95581820403796 0.210702374352937 0.200363190665965
-1.79197373115475 6.50644609099621 2.72031967984693 -1.0333342772896
8.77063112032845 -5.84501301179028 0.591366380568474 0.348311976316802
8.27052859900355 -4.28703292109266 1.10597516500513 -1.06907967088838
-7.13291387030968 -5.23448208593259 -1.16210832967432 0.410981029996544
1.28914484721915 5.78946260666404 3.91530834674292 -0.434960454538072
7.36434198034445 -4.24583894655865 0.481836316351055 -1.43425352492395
8.9899457640651 -3.39556590650413 0.207325627773541 -0.172050281846606
-8.70898797335909 -4.80457579311911 -0.426540533327482 0.638682317400161
0.962784967827536 6.40740660471872 1.98889063731276 0.667484848721097
9.6344731024086 -2.12292212425989 1.51691915065209 0.219721381373887
0.233905436061195 6.40485396977317 3.60372663037029 0.571764816639686
-8.16874363057848 -4.12008313927626 0.33270947898038 -0.0172532700456793
-7.83711596636743 -5.05123494012177 0.54081206952034 -1.82244683778574
-0.507096327101659 5.32335190168855 2.36223780127209 -0.287482302432145
6.90961400232166 -5.13748361675155 0.257456878398788 0.643001108960785
-1.636098024608 8.31813909841105 2.84953716513521 -0.546176176330982
1.36948749019218 2.97109858379283 -3.00785669804316 -0.598904594622815
8.55543237722902 -4.60748199292488 1.0774918340317 -0.464689379358151
-8.31883497887315 -5.69725524884413 -2.73973094192429 -0.0235149830664997
1.34018740407137 4.35140312866255 -3.8423452252914 -0.310785116217278
1.57899550744535 7.30529374383091 2.2896218667473 0.19428004532775
0.279943597149808 4.08311795110765 -4.599771048886 -0.321981970820825
9.47856032335142 -5.98447827879849 -0.625844114971103 0.232975190013565
1.43061290557007 4.45076474266653 -4.5213539003895 1.17763023562395
2.90960701061283 3.60565993628991 -4.06128193402967 0.696035273562218
9.92669168817183 -4.4999415324925 -0.185286972372945 -0.571244721687436
9.89294776458311 -5.38720561456231 0.00770573543908019 1.60895889660703
-8.70921294890224 -3.71020690671602 -2.74851737035508 -0.871009080868268
-8.41090090642322 -6.70095392844148 -0.298198005800564 0.282190133047861
-0.292214424932339 4.76669264177791 -3.13536297569411 0.907412428914687
8.47060352465643 -4.80321710829227 2.59998452547897 0.0853492025536168
0.617384117620779 2.4095084922745 -3.94879167898852 0.433058856005338
-7.01957420786924 -3.87545845950836 -0.404702445250859 -1.22950233354927
-2.07117514048633 2.94794777210995 4.7993445011923 -1.94390261442085
-0.0860790673686007 5.95100658789935 2.52726096330017 -0.608874283342511
-7.77353162188781 -5.32243868990679 -0.705328607163529 -0.650264489674153
0.953063961419426 6.37984264310992 -3.79788570050624 -0.434127836611926
-6.51246608319644 -6.40056226710234 1.48543620931035 -0.724685950216262
-7.34512622893414 -4.67723541637283 0.354571276335512 -2.81458860250045
-8.48218263797595 -4.26547198842577 0.430768664188731 -0.738232234028836
0.309579601709804 6.44492497514486 2.56623071533095 0.736231155635299
2.23687277378467 4.05661027761908 -3.67827441752122 -0.432109844367517
-0.121869199616572 7.40660649463327 1.27058234576887 0.575839780177457
0.0536379947967835 5.3966580060069 2.71656648869209 -1.43750703786824
2.74729155236398 3.67238381089334 -4.10656418510659 0.0581275232442255
-1.17387274643607 5.97899942801115 2.60728235999421 -0.409894571141258
-9.45615386372574 -5.3394588011465 0.6505081598532 -0.81905128463779
9.02477219876215 -3.96963569832967 1.27959362037571 0.16612807625253
9.48640132257591 -5.68049542095493 1.81212644000076 -0.989269823257593
1.41056895757875 5.56819045976783 -5.01579213366554 1.93491248481295
8.45621981255451 -4.5358759973474 0.463881420674204 1.18975739656276
-0.708798825623058 5.63979785672116 1.40012914003301 -1.44273148062259
-1.06798994172405 3.60224330382527 3.05373578157008 1.66138251490054
-1.8548938745545 7.04172462251067 2.5883305222755 -1.01512550254155
-0.802930490212021 6.57991317489557 1.49360037523587 -0.379261224404261
-0.494685138183591 3.75481752964923 -3.97389407606322 -2.69410519361832
-0.923095973223621 5.93803254557198 2.26537902946837 -0.954939834055963
-1.27332141421843 6.50262765750657 2.62192052869082 -0.412516675719739
0.362440645243659 7.05858604809141 1.65958679964078 -0.0616271127188139
1.90162288002358 3.22400371069219 -2.94667361390623 -0.460434567791873
8.46974391391499 -4.0899531445765 1.68038207066595 -0.565349082382703
1.6700132232439 5.07750260425669 1.8582006236768 0.560915217845293
-1.82386544226684 6.32785253634512 1.86044137745215 1.40853559830772
9.57059139209614 -4.76843634475629 1.2571092883477 -0.666933060027369
-9.76906028273625 -4.31587609549314 -0.680544043770652 1.24164535117941
0.501818625327517 4.06135150945804 -3.73770640351369 -0.339949610758401
0.171338913825195 5.5212467306328 2.10503889368943 -0.924828229389935
-0.305955379935125 4.56230906986097 3.58690384435591 -0.5460839248843
0.66099406189603 2.37336331730033 -2.85667426776213 1.63897964329028
0.563755901632771 2.78159867085199 -4.20366897768347 -0.594552423598793
0.681700256583926 4.62289254829444 -3.06612797663895 -1.1811671296958
-9.43157899803059 -4.19324249203933 -0.513744222761723 0.0633140260002276
9.25013483594127 -3.30068794752887 -0.0440790077495891 -0.564345496241649
1.61635109686738 5.06494518691604 -4.5834876571712 -0.530350206603747
-0.183601196921459 7.26155432963354 1.49483623223335 1.13690308475264
0.491523515888994 4.18870450406409 -1.41709205846304 -1.69436226081631
8.33545640170319 -4.03521941370308 1.16011397926335 -1.00847282490749
1.23711460279778 4.99109953401877 -2.48971814518834 1.04037088928375
-0.813949117332313 5.36647088454465 -4.61111670521643 2.2033326885929
-7.57550974580526 -6.36033102350496 0.0160536206896275 -1.4234480034565
-8.11016372637216 -5.10390386093434 -1.1660456882199 0.307180942396468
8.48506903229825 -5.75309206357808 0.828472588610947 -1.07488874988426
0.0433223452907793 6.13475407162129 1.79983443513223 -0.599081849872922
-7.70099940120618 -5.21386976125715 -1.51875972916981 1.7007429767573
0.314858559841169 4.12795869217061 -5.58784941098143 -0.0612531516507571
-0.017250586928021 6.77074039839897 3.49814667952507 0.153401851716581
-9.20621521099823 -4.1739474533239 1.56814475337512 1.87500700225633
-0.506179007662686 4.34842597001711 -4.29796847363634 -1.15204314412474
-0.708927739058259 6.54461354434182 1.68203129306572 0.402457627798621
-1.10638351264281 7.55714851262731 1.98577211862448 -0.462153725645913
3.33871083904648 5.41145271219183 -4.80698836067925 2.19304306700583
8.66150883915291 -4.66893261428754 1.07405828197082 -0.341057288972889
9.44692099134438 -5.34267538938452 -0.54280343661286 1.34924408575925
-7.94522806813887 -3.01816195534948 -1.40421626562123 -1.4415296264154
9.59420183757368 -4.8799907445902 0.861435871046816 0.328701864702024
-8.11679162549914 -5.01548968241646 0.175341629293594 -0.481591889481835
-0.0420725489772634 5.79466531775363 -3.17609877005021 0.694185457551677
-1.01839665074014 7.37220868137098 1.16291151375156 -0.510817834504508
8.45954813639242 -5.28812666012499 3.06688584159087 0.964497692394759
-7.09560975499438 -4.8734479319476 -0.224028297815838 -1.24193377337555
-6.20736429549617 -4.16825016251193 0.143245019545803 -2.70299723475666
0.0826962414509407 4.36498329822611 -5.49586060497169 -2.71465126365903
-6.95046548909677 -4.73452074096765 -0.00842721931016427 0.961336493537775
-8.15664766423196 -4.29430114839504 0.0670666986549198 1.02854904711825
0.738384779392837 7.03991887677039 0.458421578988259 -1.34288572945233
-1.05270047570936 6.32539653252532 1.93947502127909 -0.190415877388082
9.21347403509379 -6.73150201664564 1.18842735148221 0.658907678600522
-0.328549962457689 7.60909398007347 2.62660619095908 2.21720470093566
-8.83902685987226 -6.04919715202025 -0.458492191478637 -0.849955693503919
9.60650424737282 -3.46529599909073 1.55751849514182 0.831518954105699
-0.728043808981084 5.13506946712884 2.38410801859503 0.20434658214381
2.31458890846346 1.76435166249361 -5.32825043663052 2.05201872544166
-6.85694840261914 -5.11488463566282 -1.47487509568099 -0.37196682341675
-1.07356399214988 6.82396969967887 2.60497882482234 -0.565608344835073
-7.01839998110604 -4.74957624054463 0.1598243767888 0.26672977253285
2.34132935615931 5.51249289484313 -1.83655731186473 1.00515849968597
8.97081516497845 -6.47717947081004 -0.336527404197112 -0.649158623021218
1.51101654482432 3.30193072112085 -0.376025549281042 -0.598982517305624
-1.98194043992906 6.98032046599966 2.99712916350215 1.77482049850377
-7.65334723267484 -4.63776417426177 0.654881417143175 -0.201334300712077
-0.66075407125402 7.47389090449124 0.526870158302528 -0.28336568478587
-0.8749841778588 5.55253914605832 3.78272251971772 0.208833038703274
8.22211317402916 -7.05932021575226 1.38797824170226 0.501609390626956
-7.53121574373125 -5.56431402310543 -0.289908845290238 0.354630804967252
8.32431200965392 -3.39472995303883 0.966226214522172 -0.475325007029114
9.19980657433846 -4.48653324834236 0.391802519775337 -0.00514475150190624
-8.40031243684181 -6.75765880971777 -0.459099253619399 -0.87103754320133
9.91107369747162 -6.04028523088066 -0.353930619777085 0.359121005327721
0.0173752657036601 5.10569647135605 -0.972752757005119 -0.743827152886099
-8.6965998859597 -4.88228423958702 -0.335113647515584 0.707309929054794
-0.432900443106372 4.50480956653111 -3.29121147724254 1.38581138348314
-0.993681017179438 5.7716413288095 3.6527276393019 0.836141015563745
-2.8218178926733 6.55573322908127 2.0059306901454 0.258914498852489
-0.139721061901201 5.45461292252426 1.02995706131534 0.772465160533321
2.0967605813758 4.51113587511902 -4.96128135313638 -1.66937372817015
0.336053967952196 3.3306851315128 -6.19174376227032 -1.68784488230089
7.31335974139177 -4.31279215616955 1.139147955852 -0.79653596815088
-8.28918081058221 -4.27341494762377 0.874927601128747 2.10353317828087
-2.43097289978561 4.95418514410593 3.06398422219029 -0.509818061180565
8.57294906966074 -5.22649044885255 -0.0711089834509143 -0.0703280407499642
-8.87451737500793 -4.73915059992391 -0.797304067407278 1.37796660376427
-8.4202286611518 -5.83434558131631 0.655016299354044 -1.30653946517818
-1.65629104671821 6.60093791842394 2.72315457881521 1.47063838006038
-8.11552316825315 -4.0521289318778 -0.348366594580809 0.144583804559092
10.0261238771031 -5.05818421278629 -1.21924191209409 0.0612829640884459
-8.89845729411773 -4.55739616140774 0.214107587833594 -2.50611426698921
1.82615090572257 3.88702278816572 -3.50129891369157 -0.301180552520295
-8.47620169991511 -4.53480577377729 -0.145746631936737 -0.138284082524135
7.14942657692691 -4.23066639754593 0.513650932563279 0.553114676717471
-0.76915763888361 4.18387450322029 -4.17462879198501 -0.56547189337498
-8.92252459807497 -3.55429804391678 0.495654693971695 0.482408198055655
-8.76705426013108 -5.01847767797422 0.268901720705497 -0.221232714377933
-8.77010729487225 -5.63442941335916 0.741730272229801 1.50243606881387
-8.49766345333091 -3.47327867064115 -1.49599443040072 -0.904162363797589
2.33656566898884 4.20817974634918 -4.53537244176592 0.603586874218236
-0.723812873772294 5.81350407183935 1.36076274020355 0.567019533039929
0.21847741054764 5.83641525365459 -3.12623094584868 0.374777011142423
10.7271259596075 -4.00240976118065 0.576102015236185 -0.420209042847593
-7.97542276457651 -6.06788562677186 -0.637431235502859 -1.59172181170145
9.39613946493786 -3.8824655069657 0.0641312209758904 1.01357048114927
8.79950938578234 -4.05455874830568 0.934591242827312 1.11339946695762
8.56755376502085 -4.85307226131714 0.147274259511942 -1.48295046145939
-0.344434210046448 6.76338524574403 2.7107073590004 1.22931076763708
-8.70996450323406 -6.9752463719242 0.632828400910725 -0.160652219124773
-1.32208123214682 5.51696577602901 2.73860066268024 -0.756924429005231
9.71133884325038 -4.91488378663122 1.2083284024961 -0.178790615179091
0.122112920034091 5.46762739594276 2.10607059026632 1.30052868772138
8.76832925124509 -4.61506616473215 0.864693425738365 0.0832210493691123
5.81670446248532 -4.0131500755834 0.238022069146203 -1.15964608177891
-1.96642533255598 6.50691429880837 2.10117398847585 1.51285907002752
-8.73185273250256 -5.05443992465698 1.4594142222506 1.98170346819422
-0.852176071185552 6.07884036232556 0.856146083992682 -0.82909855350529
-0.527025464033773 5.00000895351845 2.0163312836299 -0.249903317737327
0.428062732962595 2.6840849783899 -5.32076518339542 0.431231162139048
-0.626155251241311 4.10635008320319 -5.6031060795831 0.300915380827058
0.0665232140105701 6.44708147213941 3.32809808103797 -1.3268527216289
-1.81785478456254 6.14598409510994 4.28254315021244 0.156258987410685
-3.0519805536822 5.31456514644235 1.85677599341219 1.37473429652617
-6.83680719242777 -5.12733274347906 1.47000753715354 0.429760868471353
-0.0522929660085007 4.72499743025577 1.89341710967024 0.651133896364378
8.40022493681587 -6.53854663575429 0.862027141942541 -0.485488089148743
7.90170754003973 -4.6189323808495 -1.90422906376413 -0.470857441379137
-1.39068318204368 8.25217907511104 3.22847960408487 -0.227410909297511
-0.73770495010171 6.84716840884674 2.4284402727444 0.962878559041273
-0.130321056805305 3.99825958930503 2.0093095770658 -0.949931395567651
-3.56191814184381 7.91642816898839 2.80970809061933 -0.0794395866148953
-9.09906412734441 -5.75453037927425 -1.88886291354503 1.22474837738075
-0.921517581420244 5.6140979251898 3.55577249030965 0.133334664966998
7.74931417485879 -4.10009962898092 0.901991854857275 0.675718800600356
-1.4228866853973 7.36027583287375 3.24035588551633 -1.4119114152531
-8.79683061780818 -6.66050782802696 -0.821310161872823 1.88870861946535
8.33562884185014 -4.11297813256011 -1.02200024392361 1.18492286688614
0.0111053367558237 5.83079568901962 2.91223668426181 0.605946514143298
8.30142262660218 -5.45763482197516 -0.370512651696111 -0.308351477981127
-0.537886536901588 5.6497580117394 3.87480866319622 0.33249613496841
-0.279897583835396 7.84671632155934 1.38531471567315 -0.149722700253778
0.0257923372585608 3.16836216498917 -4.54167517306919 2.58505749464085
-2.08264280005278 8.28600394928054 2.4981160336868 -0.407848055795702
-5.58269987182924 -4.6091794193088 -0.899639483896409 2.12224504304471
-8.84197920584012 -7.21667572361918 1.17593752219471 -1.05526789458436
-5.28308775794845 -5.17473743097106 0.650885721630757 0.395859876579094
