3.5699032677757e-43 4.44481025792632e-11 2.51774398252568e-08 0.999999974778112 3.73752358910232e-42
7.04805348511467e-63 4.62401271766079e-38 4.52806937338364e-36 9.63875096660609e-37 1
2.19042708518935e-40 0.521451298344915 0.478548156656527 5.44998557715187e-07 1.71541121804527e-35
4.94066566325982e-75 2.00215995745359e-44 2.40248931040128e-43 1.56793427952076e-43 1
9.02612820026044e-68 4.6163513922034e-35 1.21826386776515e-32 1.7463581056615e-39 1
1 1.4374240829289e-31 3.67080955260665e-31 4.66725428140191e-42 4.91924094822188e-63
9.18814904046708e-65 8.90299789144261e-44 4.36944307157578e-42 4.25839628461789e-41 1
2.27668654619115e-65 2.5040662443043e-42 2.99152244790409e-39 4.07840174524672e-38 1
2.70379218252804e-65 2.55855424812251e-50 1.59623219882207e-47 5.829156103736e-51 1
2.01820797970483e-50 5.38167278661338e-10 5.06263149843472e-09 0.999999994399201 7.03717549246938e-36
2.93861306449719e-63 4.73541107972214e-48 4.02622003344692e-45 1.23808921916179e-43 1
3.998955342256e-46 3.26458766486406e-16 1.39675495403518e-13 0.99999999999986 1.80877645879901e-38
4.33136184903281e-40 0.0880047550311588 0.911995244945305 2.35361314833507e-11 8.13561499051452e-53
1.03807130302983e-27 0.496796473892046 0.503203526107347 6.07394978386968e-13 1.45834716215889e-44
8.97886346180287e-48 5.41693809371553e-17 4.32911256847158e-14 0.999999999999957 1.88006729105171e-41
2.90225330180299e-35 0.026460716886129 0.973539283113855 1.61890005072637e-14 2.87963913974978e-47
3.94090907441356e-54 1.8426034430559e-35 1.57879530069014e-33 3.4042985366474e-39 1
5.83926173435626e-45 9.2794427346873e-17 2.76781988337872e-14 0.999999999999972 3.50303536478558e-40
1 5.73745341147323e-24 1.42630973970355e-22 7.88628032070903e-32 3.93805530767799e-40
1.10884168020133e-34 0.175616867507188 0.824383132368402 1.24410408769211e-10 1.92428538301425e-41
4.76216706836256e-39 0.0357260790261952 0.964273920973805 1.35334085938708e-17 8.77211286373307e-38
1.48817804237477e-67 2.83850085581218e-48 2.73872928435796e-47 2.47517217663442e-45 1
3.86369150056294e-48 3.06130805291727e-14 2.75040485803865e-11 0.999999999972465 1.89433875776438e-38
2.44763090029922e-43 0.99128227893093 0.00871772106907011 6.20789541447715e-19 1.44179301685478e-41
4.40172876616603e-44 1.9659915955971e-15 3.02249751009919e-13 0.999999999999696 6.41703786110516e-45
6.94666230660931e-68 1.74506313486172e-45 8.13342072226985e-42 1.13696500021907e-47 1
5.82470978250085e-27 0.805155556286726 0.194844443712886 3.87295603208872e-13 5.37081055223483e-45
2.69350110850297e-67 4.34129053044153e-54 1.20173959935992e-51 7.99299391263182e-52 1
2.62153212691207e-67 5.4739805918882e-43 1.88642232846322e-41 2.41948451961364e-42 1
1 3.89419587158404e-41 1.61356748709027e-42 1.66169304602191e-55 3.81653983096071e-65
3.84976477151235e-42 4.51626455310858e-33 1.57381294255378e-31 2.61813169136178e-32 1
3.06887775177662e-56 4.29343561831334e-18 6.78682596381636e-14 0.999999999999932 4.58448791427488e-45
2.18893130409267e-61 1.65454531290686e-17 3.81657841356742e-14 0.999999999999962 1.13949031431061e-48
2.64621245700554e-60 5.70834067162849e-38 6.63648677237953e-38 2.48105590278503e-42 1
1.2806396105011e-46 2.81031587633708e-13 6.1722085203866e-10 0.999999999382498 1.15712590997982e-38
5.14254194434874e-47 2.17666350469465e-34 1.61278227237967e-31 1.68774649031675e-27 1
3.64954179117695e-62 6.00435491731793e-46 1.56343624585948e-42 1.81490012054376e-46 1
9.71503133284236e-39 0.195488866664035 0.804511133332362 3.60266704095371e-12 1.47560594057852e-37
5.76659968803369e-32 0.122318996070884 0.87768100392726 1.85664828001038e-12 8.46460458681645e-33
1 1.56450476226647e-36 9.9977056498298e-37 2.77314629280272e-49 5.7748143403405e-60
3.50125460056885e-44 1.11734291153775e-12 5.23070011361215e-11 0.999999999946576 2.49981827891842e-45
1.8884505060129e-69 1.94461171014346e-50 1.47883522490784e-49 2.17672069333124e-48 1
2.68453978985513e-53 6.72609898761821e-16 3.35875959189393e-12 0.99999999999664 3.3462108279798e-39
1 5.57540911197702e-31 1.60450822295132e-31 1.12681911948111e-41 5.95421243732067e-48
3.73094288671754e-57 1.81488313851582e-40 1.26020577085223e-35 1.10831288896971e-36 1
3.15743960673158e-51 2.3885481474543e-35 4.22372370232153e-33 1.9654195185998e-34 1
5.79939182594029e-53 1.42589544963961e-19 1.31846655914979e-16 1 4.9355588753575e-39
1 2.10230384633612e-44 6.57952759977858e-44 1.83924463289878e-58 3.29230501114152e-78
1 3.22837500837783e-40 8.35963515289771e-40 1.06773144524976e-44 5.91687777747634e-60
1 7.7002466728113e-36 5.22370119716002e-35 4.76779699768778e-42 8.47147192738947e-60
1.64596963932473e-49 3.70291965004572e-10 1.47250977158544e-08 0.99999998490461 2.6830871627057e-47
8.91684556586959e-60 9.11584399441557e-35 1.14417729660319e-32 1.03813140403411e-30 1
1.58137451275042e-72 6.33690335724422e-51 1.21810892555948e-47 3.63447712956847e-46 1
4.20478909583198e-63 1.73082721930561e-39 3.0930718312627e-38 1.33756602837456e-37 1
1.89564188874883e-52 1.23790982662891e-13 3.44314555075582e-13 0.999999999999532 4.24853895003912e-49
1 2.59290340949474e-40 2.13676346493108e-39 4.6429349995703e-50 6.82894885856019e-76
2.85220026320723e-68 2.72654110536429e-49 3.74549143118683e-49 4.5247049946538e-52 1
1 3.72247374663807e-36 8.29303060535156e-37 7.16988194610717e-44 4.14506742682259e-68
1.56682252555245e-30 0.181394773559116 0.818605226246079 1.94805666918295e-10 7.32618937859076e-41
1 3.01475015630919e-38 3.82745891497808e-38 1.50649579732697e-51 7.09843713206698e-70
9.68251338543458e-52 5.45958560589523e-15 7.54269258505327e-12 0.999999999992452 7.03034513682847e-43
3.32280876818115e-25 0.994730966542143 0.00526903345785659 1.14288820963288e-18 2.30745301592236e-38
3.26726337456784e-57 4.57696263586783e-32 2.1236558949794e-29 4.93392493318782e-28 1
3.58144233174344e-48 3.464389098746e-11 2.77369801038557e-09 0.999999997191658 1.08190559096212e-41
5.98697465373879e-65 5.42535212584409e-50 2.86302562472986e-47 2.06526624156179e-45 1
1.65653895305692e-65 5.93608459427565e-42 1.28328414026846e-39 5.16850814744324e-40 1
1 9.58421738601589e-37 7.98489059385437e-37 1.97365593677169e-46 1.06693438966466e-61
1 4.00125617058794e-31 1.40718561927959e-31 1.04626572866682e-39 2.37828481115072e-54
1 3.10558119990379e-28 2.10455620970893e-28 4.42395238509748e-45 1.10649800093477e-54
2.02503336479564e-43 3.54653166277436e-13 3.2624563502869e-10 0.9999999996734 1.26817313529307e-41
9.88363984778898e-34 0.726861184425587 0.273138815574359 5.39592588081853e-14 3.57290811931817e-36
1 6.43885666123716e-42 8.24799739457243e-42 1.66757617391472e-51 1.29208095077648e-68
9.65799419776627e-33 0.00889266861421142 0.99110733138293 2.85896017171909e-12 3.13116975588517e-33
1 1.2451958032466e-38 2.12522242095099e-39 1.24653180289671e-48 3.06103495585212e-75
1.19740613255646e-27 0.0773822652007291 0.922617733539059 1.26021137235198e-09 1.12696488759804e-34
1.61753563497565e-59 3.49614760395648e-47 6.15362587328317e-45 7.51485226479183e-46 1
3.44990087721959e-71 1.14667578610436e-43 3.51364892122056e-40 1.36047630662623e-42 1
4.47277109142958e-56 3.43353855348138e-37 6.91646373155911e-36 2.68220488722486e-40 1
1.17870564790353e-46 1.58611443585573e-14 3.24028195263661e-11 0.999999999967581 7.2448372587796e-36
1.37731974156965e-32 0.214417325028466 0.785582674971386 1.47450038754859e-13 1.71917353048508e-43
5.14900974494621e-51 5.03541012268648e-45 4.26916926373679e-42 2.9231058100829e-41 1
1 1.16063250222383e-41 4.10104330439214e-42 2.052026716819e-59 1.8461285962985e-70
6.98805724706894e-66 1.13130806057539e-35 6.70158253429015e-33 2.42264472355027e-36 1
1 4.97872672733226e-32 3.89354352232116e-32 1.30295467457562e-41 6.84855002148118e-56
1 4.40073811461365e-31 1.83496791277859e-30 1.04827188850089e-38 1.22461614940516e-58
5.25670922573033e-35 0.50685900430321 0.493140995694819 1.97075423880946e-12 6.49977415625362e-44
1 1.81750421167335e-43 3.64479432651292e-46 1.47014827692269e-57 3.75354215462425e-66
7.24559619528301e-46 4.10110816640881e-09 2.86460939136548e-06 0.999997131289501 4.41710377354348e-38
1 4.46387115535656e-38 7.03441431514853e-40 8.04914969814426e-54 3.47069306436048e-66
3.6475987852236e-65 5.57055316633459e-41 1.51916528496531e-39 6.16664032453655e-48 1
8.96331979146633e-43 1.80083687079521e-13 1.39889805506079e-11 0.999999999985831 9.15245227951448e-42
2.18603612148399e-50 5.4127150909394e-13 1.57086576977837e-10 0.999999999842372 5.81074196507853e-46
1.89404894894252e-51 9.13546501722975e-14 4.61285041131312e-11 0.99999999995378 4.11018567412831e-48
1.42748294746711e-53 7.61302373947777e-13 1.04503697466599e-11 0.999999999988788 4.86866120053746e-38
2.63850872328242e-53 5.92345190809904e-37 2.08253843647766e-35 7.49825403185715e-33 1
1 1.71226973142353e-31 1.85004271994941e-31 4.44631380176303e-42 2.75017169523021e-63
1 9.34824369165428e-34 5.62183269880568e-35 3.5371943814474e-46 3.81302413721378e-66
8.97334014157788e-43 7.3388126429363e-12 7.08462637782771e-10 0.999999999284199 3.43354236172882e-53
1.85861532189721e-51 6.1955134483255e-09 1.23294162877638e-06 0.999998760862858 3.82987020458836e-45
2.29509101681094e-66 3.75859172754904e-38 1.49713552772271e-35 2.58151687141429e-37 1
1.41934318375731e-67 7.29608325074058e-46 2.50279422626585e-43 7.64250689684993e-43 1
1.52684930956536e-59 9.26409829889422e-42 1.79441181689543e-39 3.74261507953258e-35 1
8.52830694177297e-35 0.610786042233508 0.389210305247625 3.6525188674254e-06 3.18331594909626e-41
7.95209898000331e-41 1.97899204867555e-10 6.05247249751628e-09 0.999999993749628 1.42053439050751e-46
2.50535969733723e-65 8.39414063186707e-50 4.68809464774319e-48 1.56844613258503e-50 1
1.21326807324002e-42 0.6965113741198 0.303488622816405 3.06379409237782e-09 1.38846114085573e-40
3.20628420929886e-62 7.60644142194639e-44 1.35832709543431e-41 2.17565069704508e-40 1
1 2.92172637048737e-41 1.20146502141255e-40 3.42393109948323e-50 1.27114868359221e-67
5.6096712208746e-37 0.00688141903893596 0.842174748836644 0.15094383212442 6.15741785490483e-35
1.62501586820137e-55 2.69580570153755e-38 3.75381122630222e-35 1.88937948566781e-37 1
4.24578516085824e-63 6.35666327369716e-40 1.35930338116903e-37 1.60350821924303e-36 1
2.92465176329186e-60 5.67712876074766e-43 9.93027165283265e-42 2.11287606255652e-45 1
1 7.00586269849137e-46 7.38323997437442e-45 9.60094639218879e-54 4.79575505871141e-67
1.62636724009575e-72 1.44388168977081e-43 2.30606560191593e-41 1.01875208659927e-41 1
1.38089357532032e-66 1.03064822824448e-47 6.81333645650514e-45 1.06348145147347e-44 1
1.25511404840568e-60 1.57171467235e-41 5.21808070676903e-39 2.93082945799644e-42 1
1 3.30005329499578e-35 3.12830339754997e-34 1.484898518576e-44 1.00853041772148e-50
2.89932340805096e-47 2.53888684912649e-16 2.59510761925586e-14 0.999999999999974 3.99894653562041e-39
6.8447661683626e-55 1.13983836690474e-33 1.5603145855391e-30 1.55197642182193e-32 1
1.84932936794235e-32 0.770171631165944 0.229828291819593 7.70144633534911e-08 4.59805532961704e-36
2.85422734731231e-40 0.772228710237933 0.227771171623339 1.18138728083928e-07 2.79047041183757e-34
1 2.93223421543112e-34 2.87467477152268e-35 8.08728290860971e-44 5.25836692171019e-62
1 6.0154456954342e-36 5.45124619678209e-36 4.3321136064781e-44 9.54263406599821e-64
3.60116432092711e-56 7.16632329449685e-44 3.13093452087941e-44 6.09975098133431e-41 1
8.58916475222975e-40 0.000746649722171968 0.999253350236233 4.15950732736102e-11 4.19849726209311e-33
1 2.29540231255994e-40 8.17054722813524e-41 4.02960745661341e-51 1.12306447625075e-67
1.65967022001543e-43 9.5881314056958e-08 0.000110030198182019 0.999889873920504 2.60754956614402e-47
7.86693457918218e-37 0.993054998003794 0.00694500199602297 1.83333579975906e-13 1.07115738811212e-33
1 1.03623514724469e-36 6.92113483870952e-37 5.41910761428739e-48 9.85667144929482e-65
1.02194459428015e-69 1.97182199195386e-46 2.88302613132289e-44 1.64910258864979e-43 1
5.98437588066688e-40 2.68257594074135e-10 2.53559580496604e-09 0.999999997196147 1.69857948931518e-39
1.23237162610411e-70 3.19574791636273e-45 1.22804866498763e-44 9.80184130971777e-50 1
1 2.28965809181955e-30 3.36970116374505e-29 5.35655830261749e-39 1.71662286284278e-55
1 7.25517067204963e-41 5.57940622224616e-41 2.48972647487268e-54 2.05329757338405e-65
1 2.32877195800851e-38 5.34666217220015e-38 1.94698195261304e-46 1.58342411082333e-55
1 1.11519105547758e-30 3.40945313200612e-29 3.55959335551839e-39 1.97547889565543e-51
1.53874480473975e-48 1.1356450342087e-13 2.56710543348163e-12 0.999999999997319 5.34375217617551e-45
2.44398698346174e-40 1.43519881626185e-13 8.00961192605377e-10 0.999999999198895 1.52005415390299e-39
8.85875839939993e-41 7.41297270308911e-11 6.50342789432535e-08 0.999999934891591 1.32074853527279e-35
1 1.01092280109251e-39 9.95067342203279e-38 1.3298921461946e-49 1.74293919281866e-61
1 7.90045068935933e-32 9.02691352452436e-31 9.61208984719206e-39 3.22278166704297e-51
1 1.12234359953971e-36 3.23479154494981e-34 1.49294410206392e-42 2.00625224753408e-62
2.36506290041865e-49 3.63757981114978e-13 1.12574856224557e-10 0.999999999887061 8.53937725134993e-39
4.00284134541127e-25 0.00405674973769581 0.995943250259167 3.13661843366334e-12 2.51858001096468e-41
2.50036047020763e-33 0.996696535307487 0.00330346469251214 6.47424046176406e-16 4.45998574833663e-46
1 4.28800624573118e-41 5.70238679570349e-41 1.44972772007901e-55 1.16515194880209e-62
1.33020513419151e-68 2.84774793773407e-42 1.65138035045351e-41 6.36038709184149e-43 1
5.82961492785624e-40 1.68460685367873e-11 2.05814240426523e-08 0.99999997940173 7.0261072806868e-40
1.85267685129659e-48 7.38340747693654e-17 1.72168812047036e-13 0.999999999999828 1.51730245862174e-38
4.54471040428126e-43 0.00201218807708954 0.997987811922906 4.2407882282697e-15 2.90358334517285e-40
3.90355967052404e-57 1.38490231262566e-42 2.03994126768559e-40 1.28712144156736e-46 1
1 5.17112369813524e-36 4.89182484678463e-36 1.68364234222695e-49 6.93189402852869e-58
1 8.82968512087567e-47 1.61213895095458e-47 4.3774843677519e-58 9.04840166596702e-65
1.2010870593203e-26 0.111576158922857 0.888423839675221 1.40192206028575e-09 1.36594589471868e-37
7.86406946712749e-37 0.0149783767920105 0.985021585114242 3.80937473052646e-08 4.93640402250037e-39
3.93934654050817e-66 4.38324680609599e-41 1.23667596203926e-39 3.80376547834826e-41 1
1.31768709812593e-43 1.54166442669899e-10 5.15675140064426e-07 0.999999484170694 5.90826374961549e-37
7.28275465354974e-35 0.993509871931349 0.00649012806864205 8.43882909182768e-15 4.87404851599639e-56
1 1.75514564823397e-38 1.02187761875648e-39 4.00584791102382e-48 6.55317445423968e-65
1 2.51668257051846e-36 4.28636807364859e-35 2.47540664755077e-47 4.96544104975088e-60
5.20082601630248e-38 0.170178627175465 0.829821372821922 2.61311046645488e-12 1.12430329406943e-46
5.8813221180282e-37 1.6799191261367e-09 5.48169644328252e-08 0.999999943503116 4.28131009542869e-35
1.36764496189783e-54 3.74118380313606e-33 4.71350765459355e-32 5.82466064077387e-37 1
1.75336843021985e-68 1.05030112989077e-45 5.78263828344039e-41 4.28695090995961e-41 1
2.47754984625082e-30 0.00189876588014548 0.998101234119376 4.78592777873788e-13 7.0545433152858e-51
4.03027852800864e-59 1.12594896407466e-46 2.54675844645152e-43 5.96791493180065e-46 1
3.57260686629399e-63 1.36745386893731e-40 4.85159180274219e-39 1.01595732782038e-42 1
1.89123772649913e-67 2.17016960470621e-18 3.12797783000119e-15 0.999999999999997 1.17016547808308e-40
1 7.45637332859198e-43 4.1647033861073e-43 4.00823698416755e-53 7.58687998641107e-75
3.55649317021414e-44 3.64637442866124e-16 7.3165835935846e-14 0.999999999999927 1.08437769998843e-34
9.40456813205753e-49 2.33573986684545e-12 8.69938818058242e-10 0.999999999127726 8.18748539699879e-40
7.00370801043881e-69 1.88180408456724e-56 2.83066160617534e-53 6.88916084673292e-52 1
9.80564457396176e-61 1.03645617004489e-43 1.02430833246162e-39 7.83890451205673e-40 1
1.44629485471949e-48 3.67412231800201e-11 1.50313327808241e-08 0.999999984931926 2.32272804519727e-41
1.2796728613117e-43 0.395528536537645 0.604469369853187 2.0936091681497e-06 1.17250471746679e-40
9.92730281714301e-39 0.018371646452493 0.981625322478597 3.03106891043135e-06 1.79896555989203e-47
4.21288159003026e-42 4.01235246027591e-12 6.24828822983678e-10 0.999999999371159 1.69456216246551e-35
4.81896590736648e-65 4.51945293359962e-49 1.67366234363731e-45 2.40264291122486e-45 1
5.0764617736946e-51 2.93785685404573e-35 2.74815599256918e-31 4.40938708505466e-31 1
8.78809001008907e-62 3.83391958779649e-32 6.94215211255067e-29 2.62938805465734e-32 1
1 2.09739571056496e-46 7.28596779257018e-49 4.6354583063098e-59 9.66976355175896e-71
1 7.02843661430373e-39 9.07562825446526e-38 5.96014714261104e-42 7.8745414087445e-58
6.65374401376753e-32 0.991798459581954 0.00820154041804545 2.79506557002533e-18 1.96574218089909e-52
8.68009257688898e-47 0.0076514877228487 0.992348510780176 1.4969753597031e-09 1.93631860238006e-44
1 9.00454139667058e-41 2.96092476962398e-41 1.64528507075438e-52 1.68735081440151e-61
2.39699278611096e-36 0.895167103301782 0.104832896697199 1.01881460372262e-12 1.34441427667195e-43
5.77191461307687e-53 3.82420198631471e-11 2.05286857579964e-08 0.999999979433072 3.35945711184087e-44
1.29449883549121e-58 9.86174089873541e-40 1.33492807173947e-37 1.02097532309856e-36 1
8.17351686139363e-55 7.58216870998608e-36 4.31514441004247e-35 1.75852790483324e-33 1
6.45910386696488e-44 0.0937360635608746 0.906263922066968 1.4372157776623e-08 4.13393220705741e-48
9.026487481627e-39 7.70768453009137e-11 1.28421502063929e-09 0.999999998638708 2.39813524593118e-35
1 1.55842655863415e-40 1.87684787548862e-40 6.83672180190485e-52 5.92074751459693e-76
1 1.14842458232256e-31 2.33457852804792e-31 6.46209049540679e-43 3.95987496929916e-65
1.20381803500298e-36 0.220408699402473 0.779560656150617 3.06444469097183e-05 2.21037045329741e-36
3.33253585203222e-67 2.19993053517472e-43 6.79556301408756e-42 1.38391562534508e-42 1
8.99882036188586e-42 0.0193492653274762 0.980650734651756 2.07681181728495e-11 1.14422705616543e-40
1 1.9061010790746e-35 3.233362731573e-36 2.96657942727513e-45 1.79445182973507e-59
6.01343704434716e-45 0.0532093339655046 0.946790665611928 4.22567157718995e-10 2.65078857505529e-33
3.30831849568664e-52 4.8709396972907e-12 9.34502680635697e-11 0.999999999901679 1.43079331865426e-28
1.53081936365447e-27 0.898516571366383 0.101483425717418 2.91619965414523e-09 2.26077850026006e-29
1 2.85836529454332e-43 3.42305627803523e-44 6.18482839182545e-59 1.55827707067949e-69
2.93182226571634e-57 5.35481571051895e-14 1.44005434840118e-11 0.999999999985546 1.73690140959909e-35
3.53216248411924e-42 0.98084707832816 0.019152921671683 1.56809485269825e-13 2.75826862537622e-49
1 3.24098089037121e-33 4.1870703189906e-33 1.6439508357181e-42 3.00785330800229e-55
5.34925279505013e-42 0.0710980275581198 0.928901972145571 2.9630979043608e-10 2.65049811369083e-33
1 2.8232727923817e-45 1.08668692973372e-45 2.2702341530917e-55 1.44033020895011e-57
1.74400222180752e-53 6.25626280440512e-45 3.98492769529427e-43 8.64598184632623e-40 1
1.77297163319944e-68 1.09433353343066e-40 1.20721504366054e-38 6.15936417949147e-36 1
2.10162033164284e-68 3.18706377344301e-49 2.43531293293783e-46 7.10909307193621e-49 1
1.75947980791946e-23 0.0159163151021441 0.960865843380294 0.0232178415175619 2.9862829310917e-32
1.4204467769789e-38 3.24540004247875e-15 4.3811313011361e-12 0.999999999995616 2.76297048589895e-35
7.90988881765483e-48 2.61059099625327e-16 9.07398317201512e-14 0.999999999999909 7.09780398437995e-47
9.8471363797202e-47 6.51726462660149e-16 8.7288674830328e-13 0.999999999999126 1.24343962146063e-32
1 6.95296764970221e-37 2.42211416492887e-37 2.63083244841791e-47 2.08279677010443e-68
2.36084720087662e-41 9.42140931725517e-12 2.63351991562241e-09 0.999999997357059 4.33717165473947e-35
8.84346013436772e-37 3.13513783460272e-12 2.71403001325646e-11 0.999999999969725 1.09386230777024e-27
1.0143583498584e-29 0.548330667747444 0.451669332247032 5.52438651599241e-12 5.81528051479729e-31
4.63116223790926e-48 0.972634836869658 0.0273651630467031 8.36387942295077e-11 4.66630827691418e-39
2.43112992788924e-50 2.19703824752867e-13 8.61944566451527e-12 0.999999999991161 7.08388740988306e-44
8.01016086711667e-43 0.254609009908366 0.745389135020907 1.85507072780514e-06 8.92476641893253e-42
7.56606869876165e-49 8.8749673489603e-16 1.71154058275661e-12 0.999999999998288 5.26683181001713e-30
1 2.8594707188218e-43 7.03114714419068e-43 4.53083623404947e-54 8.55744492483215e-59
1.10727890247405e-47 1.7874210590127e-14 5.63306847513846e-11 0.999999999943652 3.30608577826833e-40
7.27582528336241e-63 3.04589103738403e-43 1.4081004928879e-40 6.70797916199102e-41 1
1 9.0683683570052e-41 9.74195650464588e-43 1.93720084523831e-55 1.4429260229984e-69
3.54290012089387e-42 0.0237682391052478 0.976231760819827 7.49250845472043e-11 2.19127313071262e-35
1.10868343006271e-33 0.0464339091142137 0.953566090885786 1.55880495317342e-16 5.16358871802441e-39
1 1.45936122555274e-32 2.10233391815973e-34 5.31987479470386e-52 3.8854202278074e-60
1.68783950601282e-44 1.65429874238709e-09 6.84362955926987e-08 0.999999929909406 9.65675983300287e-38
1 6.31959701288664e-34 4.09393084389701e-35 4.63790791976492e-45 2.49413755671045e-59
2.51919472232597e-59 1.17407663517809e-40 3.58201347262085e-38 4.25099494374769e-37 1
1.88582964689678e-31 2.5452636362451e-08 5.9103786930758e-07 0.999999383509494 3.71596504134304e-42
1.83474699730505e-53 5.43430458100451e-33 9.53683449342193e-32 2.76992633270298e-29 1
3.14065382390524e-53 1.57289372641057e-14 3.17886196031426e-13 0.999999999999666 3.99956235108702e-40
4.69207231327536e-38 6.87819055988657e-16 6.30664609487854e-13 0.999999999999369 1.32751515619572e-46
1 1.07255016946097e-28 3.11502432239411e-30 9.73271969262704e-44 4.03476157989396e-58
8.64607899082383e-59 9.12232485084554e-42 3.86343244189046e-40 3.14683170484959e-42 1
4.67341360446332e-51 7.75994335496196e-15 7.89499126700862e-12 0.999999999992097 1.04340336729991e-40
1 2.59995611040516e-31 2.60059651196636e-31 1.21936403503373e-37 1.83751275407123e-68
5.03211211606675e-67 6.59968826359179e-47 3.73023706949864e-46 1.28441437450657e-41 1
8.27636440350206e-63 9.69671007472319e-17 1.53483690841484e-13 0.999999999999846 9.51928136792367e-47
3.53879860468853e-32 0.77399862726698 0.226001372732847 1.73039041642853e-13 5.42594042893269e-46
4.7007415843617e-42 2.6275915852034e-12 1.13229104275349e-09 0.999999998865081 4.4705074700481e-37
1 1.94390067052321e-42 2.73416136036715e-42 4.10972604466602e-57 1.20014717533879e-62
1.42758726422696e-41 0.0028095645484175 0.997130147278523 6.02881730590758e-05 1.00950663733088e-36
6.91103444389718e-34 4.03083304711364e-10 4.3330347154679e-07 0.999999566293445 2.08852665300284e-31
1.25808193933985e-63 4.57986445925975e-39 1.25989165320275e-38 4.19217160978818e-44 1
7.5962169700037e-55 2.16614969451834e-37 1.39584016934779e-35 3.54051109166234e-36 1
1 1.38422757444089e-31 2.18614644971009e-31 2.30469029768759e-44 3.45471405099358e-52
3.90105793210461e-45 7.36761512439578e-16 9.54250691130744e-14 0.999999999999904 5.41623241785549e-46
9.31716423957499e-32 0.56432860928781 0.435566781426696 0.000104609285494705 1.8877194797144e-46
5.65277538552904e-40 0.0220768463935218 0.977923153605311 1.16681862927803e-12 4.30748878570804e-35
7.33007610757805e-64 7.23000010295622e-41 2.11685078096944e-40 4.83425602520564e-37 1
7.20555178853991e-49 1.79683190422328e-33 6.35464093708289e-29 7.23918223171973e-31 1
1.29815274712657e-56 8.70148640657295e-16 1.25906296621358e-14 0.999999999999986 2.98180435523685e-41
1 5.51558141771694e-35 8.20927779648964e-34 1.25361292346144e-42 3.52044646511588e-58
3.59931173354581e-39 1.39445049100122e-19 1.19506718998983e-14 0.999999999999988 3.68596910627929e-23
1 2.61143057602781e-34 3.57439881973837e-33 1.17930667460252e-41 1.07334182281182e-58
8.03341835204601e-46 9.50630553817001e-17 3.869213854921e-14 0.999999999999961 1.48245137894151e-38
7.15183458885473e-33 0.00179004790707588 0.997832586573661 0.000377365519263 4.59954902709518e-34
3.7149914534576e-30 0.17163770812727 0.8283622918309 4.1830218059921e-11 1.88623542989151e-43
3.03408935170486e-34 0.717427647746878 0.28257235225312 1.62525276629243e-15 8.66519944427035e-34
5.30938359767067e-56 4.96831221795909e-16 2.42741100278686e-12 0.999999999997572 1.77640923349167e-41
1.16918398000288e-44 4.1090186907179e-28 1.5111111842956e-28 4.1995840522931e-32 1
8.88991182712978e-46 3.03009495621572e-16 2.2466122155432e-12 0.999999999997753 2.33754767576415e-45
2.33203562370986e-48 4.40074173398467e-13 1.1460038340298e-09 0.999999998853556 1.62288322576311e-41
1 7.16397881405438e-29 3.10167208927872e-29 3.76968985475138e-38 7.18981976326554e-50
1 2.48131979984374e-27 4.09225668087624e-29 6.0406385984961e-37 6.82534567564332e-41
1 9.03593426501758e-41 8.62795279208476e-40 1.01283847036862e-50 1.6941500114007e-59
3.83242660235922e-68 4.26046681505541e-57 1.17691081073528e-53 7.5019837741862e-53 1
2.88969933671446e-49 1.93325517119919e-10 2.5823617380612e-09 0.999999997224313 1.21296608916621e-46
6.06118341435714e-52 4.21113436189524e-15 1.84965606003896e-12 0.999999999998146 3.88654514412234e-44
1.13557563268725e-65 1.94207331410714e-44 1.12243276544463e-42 1.46623197880991e-41 1
3.10994977703825e-36 0.129165137563839 0.870834861901675 5.34485732112248e-10 6.93299155555114e-37
1 2.80621917878417e-25 5.24354984193308e-28 8.05640267029788e-38 4.55165625580564e-54
3.11293170993261e-53 1.43440814071749e-40 1.2912967221045e-38 4.60264793710735e-36 1
1 2.76286191906758e-37 6.81090099611555e-37 4.39722020040186e-46 5.71149621927052e-61
2.4294841063012e-52 2.05691398824031e-11 4.82792042072016e-09 0.99999999515151 4.61417900093584e-49
2.54332635290557e-40 5.42128588835747e-11 1.66941497761632e-08 0.999999983251637 4.52420273230299e-35
1 1.42868206367563e-42 6.72896878963944e-43 1.43187622942122e-46 6.20785283081192e-60
6.22359221865023e-52 6.54415997818041e-12 9.04535953127062e-11 0.999999999903002 2.35398324523203e-37
1 4.18602085437747e-41 6.49814378136485e-42 4.2979186937451e-57 2.53019991635271e-66
2.63844531891883e-49 3.66882104461172e-13 3.7137170106454e-11 0.999999999962496 1.08517819941503e-36
1.03183685313018e-40 0.442522100038663 0.55747789996133 7.29581352422221e-15 1.54897876979525e-39
2.31268072637874e-60 3.4284750624897e-18 4.53998417911172e-15 0.999999999999996 1.60760204766876e-49
1.63553561980887e-53 6.02716354406598e-10 8.18929559609942e-10 0.999999998578354 6.37971161882857e-52
3.83530108939294e-46 6.19891010563654e-11 1.02393584335211e-08 0.999999989698653 1.62283097893036e-47
1.76101052069232e-38 0.971600393563041 0.0283996064365928 3.66788906377115e-13 9.22734532744003e-38
2.40609464292644e-70 1.52598537660147e-45 1.5497279843437e-44 1.08492038636379e-38 1
1 4.52440853727562e-36 4.46966427443184e-36 2.88269127388917e-47 4.90465963180132e-60
4.06515035862888e-48 7.61466348968007e-11 2.03696341980118e-08 0.999999979554219 1.06872053419606e-36
7.15366216156635e-55 8.68952207991317e-14 7.36046169129803e-11 0.999999999926309 1.06464685213979e-45
1 1.55603219806427e-37 3.35211902990116e-35 1.67016695699045e-43 7.88424740910223e-55
2.14409030452698e-54 2.32958822048813e-36 2.90009227396804e-35 4.63712367138171e-36 1
4.20508642035585e-40 1.30562022718147e-07 2.19932154592539e-06 0.999997670116431 1.81184398330256e-37
2.25404872763261e-63 1.97394109014753e-45 2.2982960894337e-43 5.32081724944943e-45 1
7.04193677594965e-44 0.565658250494478 0.43434174950549 3.14168822075677e-14 7.59321417710784e-36
1 9.01044861143013e-37 3.0488111520239e-36 2.38195836446958e-45 3.3129893115234e-60
1 3.69579020780114e-38 5.54504546137568e-39 1.94579000271031e-55 2.88785705468312e-70
1 7.957571971546e-34 2.8146614560659e-33 1.98825438696584e-38 1.35750931668564e-66
