"LD1" "LD2" "LD3" "LD4"
-3.06383980559635 6.11526694922431 1.40204090224721 -0.17908360910099
-2.56428163511888 7.22923356568627 2.86898928233705 -1.20662733759853
-7.19770289267292 -4.34906912544437 -0.376768556629809 1.06711205685528
11.9251248726523 -0.762842068258374 1.50953928340831 -0.647342562945506
-8.58509941090294 -6.23717797933368 -0.658229680399838 -0.81725071623243
-8.72712324768938 -6.56615318583792 -0.129212656889827 0.821599653271905
11.3098433230932 -3.28542294117966 0.801325497546989 0.0690936322698377
-7.22956641243344 -5.13496000448663 0.571916525515194 -2.08887618585982
-8.07245758813344 -4.58696447477045 1.13227716184917 -0.0160606273997927
-2.78572768894005 6.39656589411462 4.13525161890918 -1.42932852056938
1.89184011117269 4.66482202075519 -4.68352597068873 -1.6677420863788
-7.78059047761278 -6.4909362716582 -0.757789330358045 0.249385494366983
11.2230070289918 -4.67236420229214 0.356067101900784 2.49237528264259
12.4365282953079 -2.83338119322701 0.900020817173765 0.458381664584068
0.441385603363092 3.98761139886589 -3.90765127538997 0.138665734668278
-6.80080949356186 -6.23182146253716 0.108086605248603 -0.0534523989644695
11.2388185637936 -2.97135800864216 1.25888050813804 -0.17614498199352
10.4044651918098 -3.47240245623255 0.804492532929732 0.316798971684052
-7.13360043532339 -5.81461187609308 0.138571950602263 0.0964466190490518
-7.65493222550853 -6.38938370939355 0.25863767602001 2.23556904517816
0.593169222107914 2.3621421950129 -4.43776744175697 2.21806902455389
-3.74002043215583 6.26177801728275 1.31608521376857 0.357060671096342
11.24055928461 -1.99390262670655 0.295899019035205 -0.245234786590941
10.4761512261842 -4.59597411827483 1.20321781284417 -0.0759264965996262
-8.62053908993988 -6.57644421258128 -2.22124939429716 -1.1855466868818
-7.21376079420758 -5.81502294013941 0.116002299540911 2.25372955957313
10.6651129982194 -4.04454418240468 -1.28994903358507 -2.25767223000786
-3.45501721685541 5.95594631517102 3.76635808824918 -0.171127324298747
11.3874625647533 -3.41826754487839 1.57856340677194 -1.11548416931984
-8.36252269858731 -5.50375733990349 0.557314063722447 -1.67068422429382
1.72266049776352 4.39560910668861 -5.00688396451963 1.7474384080758
-2.04054400394315 8.34026133757068 1.0205121312977 -0.668662100874584
0.45589437358865 3.66202551373261 -5.94342193780408 0.495474257257367
-9.53995265727354 -4.9034705834042 0.235722914345892 -0.404459617812962
-8.3055971113055 -6.8334605882033 -0.0511195513219114 -0.213446608322184
0.9554827952375 4.3555982607398 -3.6265510921046 1.32351617188141
10.1126888569556 -2.87970812727903 2.14539980747968 0.642969052595754
-8.09560953417502 -5.85102044524178 -1.45421318097012 0.445761130181732
-6.61180543063003 -6.8697888457454 -2.792751068205 -0.442205950544746
-7.87262383571321 -7.13064573580849 1.57856772276342 -1.30461498226494
11.6437230414626 -4.50727524817152 -0.280119846252831 -0.410636287267289
0.464841692119096 4.04482393424913 -4.68196098716884 -2.50169722729586
-1.922535017011 6.24737691941038 3.38122148548685 1.00642351431112
-0.334856694648821 4.48968773936128 -4.71336056046565 1.01635895311008
-6.41197383979687 -4.34141571395827 1.11999295272253 0.117291340751524
8.46520140424157 -4.59205669435062 0.425242723280674 -1.27318949561053
11.7588087976728 -2.45014886445292 0.0581778259930025 0.417006163038728
-2.43075087365178 8.00170707995091 1.39394865717091 0.991204368115439
1.38128089729047 5.84692373950222 -4.78612514394496 0.929110960063614
-9.09772014098555 -7.00890134322257 -1.77279876662262 -1.33656622023124
-5.78503613762625 -5.4651792960299 1.27704381389036 -1.16467160929224
-1.3278766199816 6.75002645938568 2.41881316837865 -0.44358633189304
-9.14613134679772 -8.35776340231808 1.47468998167378 1.2962473265458
-2.36507315025263 5.95063409072881 2.87256648414727 -1.0755242842225
10.6533663071022 -1.3774348637209 2.39718766329999 0.13632184406254
2.17964212835273 1.95730724410065 -5.05519932538957 -2.78044106864357
-8.56532148782541 -6.8498716400902 -1.5964596948505 1.33313124704384
2.36048636858863 4.30376976487574 -3.68728809359557 -1.41190209211944
-2.31461496555869 6.83645286525064 1.28900347865266 -0.415611171888252
-8.16977463836353 -6.40112691922328 0.0483347181169428 0.545520030599815
-4.50855375402394 7.24889531884963 1.69138479114811 1.57874179827136
9.04299132142257 -2.50066221806688 0.250226123353684 -2.56985907904356
-10.1488403009671 -5.80253786622015 -0.784890609355389 -0.440740438239031
-1.48003559054976 7.84095493482031 0.987309002644163 0.00996535046136298
10.7316881946042 -5.45481949776252 -0.0396886357611001 0.891849155003418
0.167578469167248 4.7129760878628 -2.5574376045283 0.0157143808414644
11.9938573283964 -4.73881844743304 0.0821318528665859 0.511154096555575
-0.11892287315048 5.86410291061804 2.34091317553562 -0.828849250280973
-1.01142964655054 7.1864687410235 3.20184516800462 0.358506382132435
-2.73291434773288 7.51907256061487 1.51962207510477 0.622832790495631
-8.30700140066041 -5.0951117483587 -0.392944593161556 -0.558785299565169
-0.489183666138249 3.89861344226524 -5.7937679885562 -0.912520593731412
-1.18134874448781 6.48518449338996 4.35856869640449 0.619804163906936
-4.04214054670407 5.15297137817397 3.03183547151859 0.0595035250991114
-8.16270569278168 -6.64432924941526 0.730920151846352 -0.767152061460673
10.4104996907624 -4.14509278462816 0.441779670362929 0.321623309035425
-8.70806887463873 -5.19269268085226 -3.01859217107193 0.526217880868167
-5.72378482067363 -5.57038983151592 -0.880065152937703 -1.78724253978033
-0.98538736790447 4.2944785884524 -3.49122887030951 -1.28716147956298
11.4243703308401 -4.53886044041086 2.24761242955151 -2.39960216614627
-2.63274788420037 6.33174093715682 2.49322477275351 0.952035616956233
0.444488448295751 5.91721259670572 -4.49636805145246 0.511983902623184
-8.74874233331492 -6.93309278687491 0.720433126985063 0.636871613096234
11.2728024633312 -3.22805113544227 1.14551725437871 2.96028836172636
-0.0284220481623395 5.37776069424045 -4.07565933626774 -1.45446746085693
-6.70935218147238 -7.24345151716352 1.61250869706276 0.159565410867272
-8.38521120887556 -5.41074017326149 1.69403185304809 -0.46351175033002
1.51165974338912 2.81254407999557 -6.87797920697409 1.31100861463614
-8.78986301423677 -5.63646961630206 0.782786190166236 -1.3526285057764
10.3696794154977 -4.28289660009839 0.242427762514338 0.0274376731678234
0.805343861813337 1.92193230554824 -4.28116456909876 0.516943955529873
9.64630746686581 -3.77040204724875 -1.44475423364316 0.126316486011303
11.3707347762085 -4.47857676822892 2.32042332850172 1.2146491895706
-1.23137265982133 5.98327952391387 2.10550681273424 0.199623685425117
-2.26519873065063 5.10313884998889 2.51380816461614 -0.846636869954851
-2.93358232986606 4.39906492658569 3.66209652750034 -2.57371071546065
-8.17061336721119 -6.00613099848451 -0.55357202667758 0.15057022739334
0.427789214379887 2.97037057532025 -5.072735675934 -2.1889784615828
-8.89615084454583 -6.36588247681214 -0.0751891642064239 0.366466315141699
-7.47307389837235 -6.34065153897853 -0.113202629628086 -1.37126822280415
-0.158828340086622 3.29317247538548 -4.45587124256056 2.63027581927514
-2.00980241094404 5.00160204067885 3.70003691100751 0.218816164609767
-8.95974908899263 -5.71470671059446 0.268186155932583 1.6636346683742
-5.71225001684087 -6.8162486208926 -1.97083553449649 0.497734923822763
10.1878073293161 -2.73083829325629 0.887113474647064 1.29496225001237
-3.00367969489483 6.70120951405239 2.03470990053922 -0.453242209643758
1.87753736844789 5.98459117442905 -3.29990479338433 1.25733336296217
-8.67003523392031 -7.25019893224197 0.869273330296224 1.45580499926132
-9.35905405256281 -5.43191780110763 0.161528458841286 -0.919424504276136
-7.53333163903705 -7.80118794679564 -0.232208480322397 1.42743812088649
10.1506085683485 -3.17907295461867 1.21591185101452 0.894063120671679
-2.94682797181884 7.16147187881333 0.851586949747009 1.42502002864073
-1.67653923979815 5.7426362494055 2.29096900238083 -0.773406958272727
-8.3906740484473 -8.17105416186912 1.01254066458012 0.315564025760827
1.25794486052818 3.59426179228484 -3.45946982200066 -0.920419212275764
10.427093776665 -4.31071310351458 3.18803442601171 -0.311205173184774
11.4683259438023 -2.52678744510175 1.60141623551575 0.121815984128754
12.290658286968 -5.17877000901358 -0.570842493731714 0.196582072248162
0.418061506283436 3.5443849104959 -4.3778253353116 -1.96292265316012
-2.24675655539803 6.12274983546453 2.29001996199429 0.657672963198977
-2.82939228151719 6.55993037261403 1.75118678424091 2.69660192699317
2.84421826625109 2.81963549246387 -3.81115667115966 2.68301772091107
-0.964587969809178 7.01453220858562 2.19245956040919 -0.968295013050485
-9.1058326956516 -5.78571439572792 0.138385501640645 2.16315283450687
10.2842076812224 -4.41361159454949 0.353526965537725 0.83153768669232
-1.82632267346328 6.26986197992649 1.70851309989535 0.739892284031973
-0.479573600556782 4.25254887935473 -4.45303064994034 0.555902114751425
-3.96782569740053 8.84033750490179 2.85149887607769 -0.702791233492122
-2.53050939257468 5.89398586676906 1.49941438045752 -1.09354921669821
11.4411026173313 -4.91633714459662 0.402124063833118 -0.0646627972807889
-2.21159766206056 5.76448397690102 3.59093281426875 0.181992229313097
-1.98226098302174 7.59996572335075 2.02357176031365 0.0738662542175698
11.9504600980936 -3.81857525339621 0.730733867042492 -2.3630975476972
-8.58972735893449 -7.66467514720342 1.09852510633962 -0.623264189556334
-4.20214163057637 6.36557047809447 1.71328788728839 -0.643097893741159
1.29927082030654 3.50215036460376 -2.59276593204608 2.59703646574424
-7.34023206652841 -7.51634786410166 -1.10202278484396 0.399148339104225
9.94837102040047 -2.94043018458825 1.67907503087476 0.281920188047981
2.26844423960298 4.32600602236665 -4.73710783024765 -2.82162681266652
-8.77730362650788 -5.08018971575259 -1.79715481535927 1.66099600298845
0.0126243311718302 4.74391397163942 -3.54994201190019 -1.33742191434356
-1.97608123460223 6.24979981547777 3.54451000254218 -0.62019768736195
-0.415500035423345 5.40065520540695 -3.60991917753883 0.503052854542638
-9.2730830331659 -6.13865545381491 -1.35939439554281 2.05003681182404
-4.46592076758712 8.58314268707819 2.44358051735937 -0.258988888636009
12.015728751462 -2.52613954863218 1.33254263217619 0.566386890453305
-3.01627129719968 6.63488701476489 2.32871463323289 -0.0798879457347967
2.20169741743568 4.56211433836999 -4.6914796945517 -0.654669572562737
9.44398892169187 -3.07672310539734 0.680068775260262 2.06365839352117
11.1090993812573 -3.84835799960148 1.67974064713353 0.515632034287279
1.14250540481646 3.53058405499661 -7.24160469194458 -1.74943264576243
10.8333202021236 -3.30079896929833 1.92331654120622 -0.696630116958294
-2.73531378281797 6.57437401323317 2.22345314374503 -0.518303210474601
1.56213313113068 2.62994181647029 -3.50431602474393 0.798721338804295
11.209565405868 -2.81619568163447 1.13872078617944 -0.309420713103556
-2.67701108041214 5.60796168677397 2.63475968980847 -0.555430270721391
-2.40968013932924 6.2506159122541 2.29349808072793 1.04415031420567
0.510709087738094 5.41917234453854 -5.06406299360896 -1.51875255198305
-4.09260722403334 3.13975321889407 5.02571937044238 1.85460540262631
-8.78715979726646 -5.6947146795092 0.787699877131813 -0.158199805671353
3.38909408933041 3.84197863321738 -5.34428204842097 0.211072071206475
2.75845006747003 4.80331536089984 -5.08265847902918 -2.33738796846443
-8.21066473927935 -5.01282699916833 0.262961472574319 -0.860598866399155
9.44672337852947 -4.00868966049521 -0.0181209639896115 -0.116480788608486
2.83827731554784 3.86826381815278 -4.2993678102452 0.439373387252674
2.07226459125989 2.47736634027285 -6.19208808673649 1.83524222543049
10.7842019293083 -4.96330861877873 0.631200946786368 -0.665172486268648
-1.96781604724003 5.71936863125854 2.1141640882655 1.50442927753406
-8.61806277989489 -7.15571415545586 0.329107227193069 -2.06297608813739
8.92863994465006 -2.83542687302155 1.51541438696474 -0.887174826351113
-8.20830971601691 -6.96891355039708 1.10814498172157 -0.175674882316875
-3.62263511242908 6.03721136167456 2.31191343853364 -0.427462245526054
8.29412632935807 -3.52603315515688 0.0285055697485919 1.41655455206127
-8.41132193779956 -7.59093024702541 -0.646404327111019 -2.60399150397262
-3.51792735666796 5.85990581713092 3.67662169469119 1.00088844489423
-3.69578224652186 6.42419499685847 1.73608174804661 -1.05896101840858
-7.20992090651318 -5.64685319043129 1.00839980967917 0.415670973948175
-1.69953116151107 8.11932827957071 2.55213041080619 -1.46797463096523
9.14955615753111 -3.61449056636264 1.10991004333483 0.644701319521449
2.39761074968267 3.16835245778132 -1.12562364528223 1.33631382498256
3.04286862827286 4.46337711160578 -4.31610272910959 2.79472373054339
-2.84987415838146 6.01619850509495 2.78722458651587 -1.29749042824393
-8.82542826008399 -4.29507203403476 -1.43451996302518 1.00498703311863
-8.6738837771372 -6.25128164574999 -1.09403761722927 0.0293645988217777
-7.27279720964871 -6.09085203235129 0.155263090072698 1.25846084333171
-0.194203660503174 3.8555859051111 -4.6602211060799 0.588298115311099
-0.492090838847322 6.09598773638803 -3.08424633914448 -1.12352285637173
-2.08907681998471 6.72282393007073 2.07445416088213 1.46169672161485
1.49312596058937 4.28806275996638 -3.30933124706643 -2.25080215734315
-0.525347389937365 4.94953392628592 -1.39496957492338 0.879865247225499
-9.37952383450986 -6.33626240674165 1.41996099896245 -1.11071519887739
-7.71934162112749 -4.32827238524712 0.199406064318252 0.0257220746501922
-0.395352192411338 7.77393173078926 2.300088108942 0.13722198193469
-3.41831176249227 8.36097775345778 2.94836184260601 -1.10153239329846
-7.42166830773889 -6.06171135539721 -1.16921171199122 -0.359381846676857
11.3411867894366 -3.88530566345008 0.780594513465337 1.08387712819464
9.59975879516562 -4.4672683377768 0.198125020785668 -0.14771590502861
-3.87477644038846 5.30125726708691 1.51686914919876 -1.13629046647095
9.75923415377633 -2.97910420724954 -0.352789082310247 -1.31324757063134
-9.08971718669947 -5.98324177646416 -0.244936953100127 -0.0190895307420985
-2.60988261596287 5.28992536141517 2.22814068724128 1.48294182816411
-1.16043534609378 5.22009451755507 -4.80235835411197 -2.33612894364558
0.587881369509263 3.60908294234423 -6.35275650085327 2.39378041882822
-7.87696093547028 -4.59865586062686 -0.0200297304136723 0.220283619892541
10.2777742663072 -4.79645811535065 1.27260967439739 0.713537023724791
-8.3922671009443 -6.26967305937777 -1.24692670427118 -0.541008267836373
11.4816441554882 -3.71182053509403 1.27914802349133 -0.144904048990197
-7.96246252787746 -6.07337494176431 -1.12101873836905 -1.20363885500039
-1.3684034806828 6.24683952807941 2.92078459184997 0.00849327176236513
-8.6622252248873 -5.87529905437491 0.467530155748992 -0.288488613435558
-3.36233202292014 7.13730217157665 2.52321321233621 -0.647257642054653
-2.45168439830918 6.72134691580549 3.79874205961073 -0.42871539691038
-0.504457948831726 4.82614233665653 -2.88143829533072 2.21821303204312
-6.42933910517984 -4.86734511932811 0.375020892504135 2.07133691661085
-9.24278756378325 -6.80227710143611 0.437953000466739 0.47681736975214
11.5146039458055 -4.55526097982404 0.591198100267183 -1.67806515544355
-7.92979983204834 -7.18670497452504 -0.582555364144311 0.849662353351868
-3.27719121738706 6.45470221940106 2.38289533106634 1.62415276843546
12.4326011643669 -2.22710397781781 1.4636381930142 1.1196315395957
11.7885452753624 -4.15586762650228 -0.831503863710186 0.0742011099695976
10.1404681911513 -3.30364498638839 0.99519387109601 -1.48664685565055
-7.17499748337483 -5.81760973932564 0.1722160582166 0.714359096540888
11.8068891056073 -3.45882856279051 0.773239452845195 -1.19153735946656
10.1055685460418 -3.96250705351322 0.60703384934313 0.999350236225688
10.1448076045281 -4.05131971908153 1.57522008555174 1.79722931786547
8.25442133660624 -3.02022648363074 1.18382928643269 -1.49596357547223
-3.13572370037308 7.72252858751364 3.13642739622654 1.25715563990869
10.6912256234064 -2.72989461133696 0.564853713483243 -1.17661436109653
0.424905456234599 2.99646957791492 -4.82666135402791 -2.61469648192939
-2.73111019322052 7.77729093076571 1.56796511820796 -0.458954727715922
-8.30832602454137 -7.39617900508965 0.735178292141472 -0.44376230818947
12.4702534856064 -4.23189921887428 -0.447628821533199 -1.30888592692644
-2.26167856501559 6.16067490282974 1.54265865256658 0.00122354979376264
2.38699566283342 4.33046129724908 -4.68860484266014 -1.13847036716408
-0.36767275297546 3.83200425057067 -4.63252289247926 0.527168591248443
-0.533887001567559 7.59260357512302 0.942411392496756 -1.12509338848149
-8.95116542609886 -6.65593029105527 0.0205188018277781 -1.1017270481015
0.716677409606674 5.41861179582255 -5.16229063202188 2.09233728419601
-2.22030935060313 6.23250532005942 1.61186974940961 -0.161174021220223
11.1325978656387 -3.00380203044037 1.14077161340593 -0.13906660152279
-1.42879341517347 4.81382811937377 2.47617352217578 -0.367492720760856
10.226073586442 -3.54576268576256 1.40495588670364 0.100734806804547
9.666353567367 -3.30316462270959 0.979297602121789 -0.209325113841016
-8.36473930976227 -7.68130052546691 -0.264415333510515 -0.684291649216593
11.0469940713406 -3.67514390971576 1.04695432858022 -0.200585149473188
1.9967163014394 3.10901778552986 -4.23679347824226 2.38233981875295
-0.60690156084337 3.44525755056592 -5.42694049997367 1.63730882821685
-3.23702772212004 7.13384057366077 2.60661540254145 -0.590344956961762
-3.00362954703176 6.579364848555 2.36640353581584 0.104719996219142
-2.39606518383355 4.98847297608252 2.67660356178705 0.55439633576664
11.0127493103623 -4.54653218787531 1.15436918282693 -0.64824079452685
-8.0363262174665 -6.96294481348765 -0.433718380954804 -0.497626294243657
10.0292699321479 -3.19293512248201 0.627237670861562 1.10540232997014
10.1962181869893 -5.06560498046586 0.238559524331148 1.4294933671566
-3.11916360601786 6.9406307697133 2.3608389475749 0.358165623945781
1.18248744309928 4.9959896690886 -4.61597543323481 0.912800227661029
12.2688402182442 -3.16493843401916 1.64490701830344 -0.0143703646159878
10.4553628513386 -2.24186839305609 0.735917842473783 0.924531978049562
-3.01206866722974 7.25785282921286 2.12413263109916 -1.62194331813454
2.1732778909202 5.83703940388294 -2.09546708535118 -1.15777350588881
-6.87788309224176 -5.59657987752743 0.0548408343472306 -0.957418891587608
-1.85700609880102 6.11124244184841 3.16643746149803 0.830171823175875
10.955148340403 -3.50254543848852 0.459003718360638 1.0007714433615
-8.67222419150747 -5.32360656170274 -1.31489423728869 0.808411084044839
-8.31288907312394 -6.04975500939658 1.93025937722041 -0.125222074109032
-9.35433673369082 -6.59977490080856 0.428245903089077 0.336014542803652
10.7470273142019 -3.62722822635812 2.78383097984488 0.0914590348478087
10.7495221807478 -5.79994798389897 1.89002749801728 -0.845091368498421
-2.79135989960642 7.26374172877206 4.05801864276866 0.960814369192555
-1.9936574435192 5.45265172427977 1.97232967265027 0.904667513471076
-8.19622658439069 -6.16644527358258 -1.17693876477092 -2.07599903306292
0.109396956978351 3.82416294261702 -4.81828920267893 0.174390299176744
3.68315186974349 5.77463787597617 -5.00931535658164 -2.57216597261772
-6.98245474054582 -5.94930450531522 -0.358177398692975 0.794833217426597
1.35631020588511 4.32065514935382 -3.99600142173614 0.561912832270394
-1.80294730582854 7.45572788335522 1.91318983135269 0.48531628874739
-6.7113890288005 -5.69506103779894 -1.5195934381936 -0.237590101931314
-3.15571467359579 8.00609857647557 0.95797196251022 -0.490467265007378
-2.18693482279888 5.53605057362896 2.32565478342837 0.267368930533458
-7.38526147187399 -6.71996780710186 2.23664809191611 -0.984425901132706
1.73540328063943 2.06880848105996 -5.13540151170575 1.29293030745769
1.01849743447171 2.17425995066921 -3.20336745389008 -1.29713024118002
-3.58490360932184 7.32823696676559 2.89823634983939 -1.56127664556949
1.25440532646443 3.47917091926985 -2.75407611227774 -0.330596276533155
-3.29410268655564 6.45177688586741 1.74814904492267 -0.612067403465326
12.5565651756744 -3.54953503085032 0.684022348446446 0.649348343662248
-5.85398689476321 -4.99894654466805 1.66981345171843 0.984053936826351
11.0837001903168 -3.50571052847665 2.59333444987148 0.808543972739778
1.46340194022041 4.62088554226112 -3.16575021585402 0.327522505396992
-8.20775716100888 -5.92666455073382 0.574819313044594 0.112311568156652
11.0310938293245 -5.44781531322772 1.84212793465208 -1.09131321585158
-1.82434067434624 4.88216197049302 2.01796304767587 0.10890943350385
10.7815788910605 -5.13713707353167 1.49094531899665 -0.441488711020473
-2.90374237220486 5.9881212400337 3.2846227160819 0.819285090809552
-2.06902778506173 6.85000226641302 3.76492005152387 -0.119564897295429
-8.65444903399533 -8.22525211522259 -0.332395215004137 0.480736519724433
-3.58315689534563 8.10537644379908 2.7654059748996 1.18315088199445
-2.40278791195398 6.39948388093241 0.932115880781199 0.273624698211782
11.4358107534702 -5.16712529888045 1.14850733401645 -1.71068563105578
-2.35593480504355 4.94799933586152 3.31993381392697 0.148653605912747
