2.39148445635185e-45 1.33610019571314e-42 1 4.3266105322929e-64 3.40119576622812e-74
0.721592465697982 0.278407534302018 1.95821416651498e-37 1.37245345112274e-16 2.01307161788009e-52
3.13162697495724e-36 7.31844413791039e-35 1 3.86653575630111e-54 1.11350465307996e-70
0.000105157625328872 0.999894842374671 6.53705443852476e-34 4.1200367574338e-18 7.7208874569489e-56
7.01651521689139e-21 1.42380761058887e-20 1.22246505653926e-82 1 1.91160925464671e-50
2.14708371732926e-17 3.92541352339848e-16 1.58797150474866e-67 1 1.53375794552751e-44
5.96975681869047e-14 9.5416433424204e-14 2.3437548446517e-56 0.999999999999845 7.68362881674368e-48
4.61125546494157e-13 2.55002365234934e-11 1.1935261790222e-56 0.999999999974039 3.05982423748557e-43
2.33069671903936e-27 3.94258855157646e-29 1 1.81488784288228e-47 3.91097462143106e-66
4.17127945663078e-47 3.75852944632567e-44 1.17006816387166e-77 2.09074805009565e-45 1
1.28795581506898e-14 1.39310205073487e-14 1.84628761703455e-68 0.999999999999973 3.24062174836032e-49
1.45752288767922e-12 4.29402322006931e-13 2.82435967421885e-55 0.999999999998113 6.400138434404e-50
0.182258867282454 0.817740588140404 1.12042352694847e-41 5.44577142231027e-07 4.30277529827425e-41
1.57300861400013e-15 3.0635331467277e-15 3.01741755586611e-59 0.999999999999995 1.48816586324082e-38
0.949396014147091 0.0506039858528949 5.24724091899903e-34 1.45478883881709e-14 1.94609410385354e-50
8.19676953544208e-14 7.56086384338421e-14 1.50235366634775e-54 0.999999999999842 1.25306335077891e-36
1.56842356861063e-45 1.40399981449787e-44 1 3.48405055358387e-68 6.97018331635595e-78
0.0975735973774602 0.902426402564394 2.40277563963935e-37 5.81456125229268e-11 5.26603123393867e-47
2.34716291076171e-46 5.38057848227756e-44 1 1.95862779716465e-64 3.43958753149832e-82
8.02835894411586e-19 4.79457246607729e-16 1.72669546470448e-76 1 3.42394984545466e-42
0.00193786191376714 0.998062138086233 6.34548201130376e-48 2.96395026250903e-16 1.99379347843814e-38
1.29865239151769e-53 2.26842869268268e-52 4.06412716992481e-78 1.24787478420143e-46 1
0.00400600979280958 0.99599399020719 1.41689289211162e-32 2.34546983184141e-20 7.12238313546204e-41
3.73329188235274e-56 6.30820691368329e-53 3.79627928248272e-90 1.71411765728189e-48 1
7.96692272167596e-53 4.74761021688717e-49 3.24704781595014e-85 2.09499043702756e-47 1
9.61860641392333e-21 6.68435666674463e-20 4.92864983042078e-66 1 7.85099059267368e-40
1.42257450818985e-16 3.62208567543415e-16 2.09903417676832e-66 1 2.64691195256439e-38
2.91728168267541e-30 8.23820848634863e-27 1 8.2485244864416e-48 8.1306811206999e-59
2.94621356498641e-37 1.1819751893647e-35 1 2.17413919264732e-50 1.96988240278296e-81
2.68581919808184e-37 1.43565568161208e-37 1 7.07597440631945e-57 1.46226008788483e-74
3.54071306652061e-49 2.13656068197775e-50 1 5.99610767819459e-69 2.94542556253662e-84
1.22094243469487e-46 1.0947906848577e-43 1 1.70802400232263e-70 1.21250718485949e-76
5.93286569146394e-53 1.36882151310903e-51 4.3779490122965e-87 2.77267051507909e-48 1
2.74800342272093e-12 1.15137935277075e-12 1.34840916365879e-66 0.999999999996101 2.23657249918782e-53
0.00115252288015539 0.998847477119845 3.83186878697617e-35 9.28660014819511e-24 3.41718609411406e-46
0.916673055647672 0.0833268747947702 3.02280710897612e-36 6.9557558227435e-08 1.78861467578629e-53
3.76526299257556e-38 3.61277870819195e-36 1 1.05661017152312e-53 1.12602733797523e-73
1.4977430892011e-33 2.39243807181091e-33 1 2.89729352917368e-53 3.15853075244762e-59
1.50570488050284e-60 4.01269970941366e-57 1.02915560643079e-83 3.32957966510037e-54 1
3.67316095951639e-21 8.26756437333364e-19 1.35111158430722e-71 1 1.19497173962333e-49
1.38361024273689e-14 2.56242949475925e-13 6.73896562354416e-62 0.99999999999973 4.78759743427453e-50
1.0183628077002e-36 1.08861405162762e-35 1 6.71458868333887e-58 1.11090567673093e-84
3.0160046700568e-15 1.57355147285605e-13 8.19156270498289e-59 0.99999999999984 4.72590293738966e-42
0.00036457367077247 0.99963534373888 1.12066055506922e-46 8.25903469563334e-08 1.38385998465632e-40
2.14264813652037e-47 1.21047163278649e-44 1 3.6149406475164e-62 9.72014058123869e-83
4.08083210588365e-47 3.14849086705706e-47 1 2.06464976860112e-75 5.24249675608054e-92
7.76244860955143e-05 0.999922375513904 4.1495429702836e-28 4.19427021576871e-18 7.52446068325108e-47
5.02020916936538e-46 1.44153416155652e-44 1 2.99103915266642e-66 3.25438774219846e-85
0.0487278387516626 0.951272161245017 2.37812344089466e-47 3.32019636641881e-12 3.55727905084852e-40
2.84116318241511e-46 1.9388354182888e-43 1 4.70266141980441e-65 1.12347759107831e-94
1.64996667798079e-16 9.10136626241945e-16 1.48506737352001e-65 0.999999999999999 4.566380992162e-43
0.0659281230212389 0.934071876978761 9.97984405826419e-45 1.37182249905545e-18 6.16055386823321e-44
3.39335733293397e-45 2.75097612363205e-44 1.03487688814105e-74 3.74621139881509e-43 1
0.00273280813071989 0.997267177430889 1.83190649134185e-24 1.44383912991654e-08 4.63352268858913e-41
2.69150526497104e-46 2.06380410356644e-44 1 1.23347981844618e-60 6.21891552491606e-80
1.8181016463361e-44 2.59218853697261e-41 2.47779322904369e-71 1.75903489722986e-37 1
5.47519365882484e-43 1.73255332018103e-40 3.42299990953558e-77 1.40249692413225e-33 1
2.5190148775038e-15 1.20552946325423e-16 3.77873687540879e-68 0.999999999999997 2.80506364144703e-46
1.21066971528264e-42 4.49849165159486e-39 2.24609550209567e-70 4.45748919745671e-40 1
2.32046272238885e-18 3.7610019782637e-16 3.29228064531658e-58 1 1.07194852323736e-44
1.43216350942773e-44 2.31779796436639e-44 1 3.2704144279436e-64 6.94104070477273e-85
0.902810478428568 0.0971895094984773 1.5741572465031e-47 1.20729545634273e-08 1.15192252167021e-36
9.35559632047019e-57 2.52589343278731e-53 1.89489399279557e-89 2.49696486342616e-49 1
9.94286011382684e-44 1.10941106199654e-39 1 8.0521880208581e-60 4.83879792556355e-74
0.00020421583210703 0.999795784167893 1.81616779945999e-33 1.46510586802065e-17 2.07990595824466e-45
9.89855081160551e-45 4.99631966152005e-43 1 2.12960659342755e-64 5.29056630551745e-76
0.99697881237333 0.00302118762263854 3.00064871831091e-55 4.0318379950497e-12 2.14028255686817e-43
0.909695505021289 0.090304494978711 4.11481614859268e-36 2.3084393557202e-17 2.29365114441999e-52
0.997640547747975 0.00235945225202531 3.77944083823156e-41 4.74007499499507e-17 7.48815982050958e-40
1.12641358758061e-50 1.34053773876591e-47 1.04658331782595e-68 2.01940068161167e-44 1
2.17150764887119e-48 7.58750061291359e-47 1 3.84145980451267e-68 2.12928196224295e-92
2.95304129509417e-12 4.50976583487968e-12 1.05619015484625e-61 0.999999999992537 9.87920657353433e-45
1.471790562509e-13 8.34758400088081e-13 2.03298788112946e-55 0.999999999999018 1.37933067490104e-55
3.15188753123307e-19 3.45246389867134e-17 1.13144573620653e-62 1 8.19162540828635e-41
1.62884403562433e-45 3.52563711603551e-40 1 5.56752526377336e-63 5.60447801676207e-84
1.98642222107144e-59 7.14502427763585e-56 1.6917596367837e-86 1.37651047365981e-56 1
1.30088228188441e-08 1.57019217449092e-09 1.61076940705523e-54 0.999999985420985 8.78744686080132e-53
2.03720222873185e-32 9.87059581534483e-31 1 1.09512724788558e-57 5.4799762963668e-69
0.136616891593274 0.863383108403064 3.63581358893123e-41 3.66186144337918e-12 1.81429826929124e-41
4.0529361546837e-17 7.17796871990116e-18 6.34591895055412e-66 1 5.31598388019831e-48
2.75971720647682e-44 3.29384400785682e-41 7.73298890850802e-80 2.17332111546086e-43 1
0.93215582919372 0.0678441702510451 4.80681505331709e-45 5.5523538588894e-10 8.36649036611283e-43
1.09755569678837e-17 1.04371604233704e-17 6.59901190410207e-70 1 3.27029757417682e-45
0.0346355352309009 0.96536446476908 1.13351541503471e-45 1.88312175424208e-14 2.67253715635563e-55
0.028773271649856 0.971226728350144 9.72570311905405e-34 3.13975504586259e-16 1.24729367869318e-34
0.994728286129622 0.00527171386933169 2.41271690235903e-37 1.04610801835962e-12 8.04357356092202e-47
1.1487988029606e-13 3.39639857920394e-11 1.62630750083314e-66 0.999999999965921 1.52640927926411e-44
5.22800978615322e-52 2.24574290761084e-49 2.11662770717077e-80 2.39300866150041e-41 1
6.24069553920815e-16 9.83195769270505e-14 2.52127701011425e-60 0.999999999999901 2.26516405092693e-42
1.37838628482743e-31 9.11102354202708e-32 1 4.02044314943685e-54 3.17951399844049e-71
1.29281859501387e-14 2.60286662058619e-13 2.00762007774273e-67 0.999999999999727 3.47033720892038e-38
9.13978967527366e-51 3.91020659446797e-48 1.33106444113902e-87 3.41246971870505e-45 1
3.42341990262127e-43 9.18821478999512e-42 3.75889971538743e-79 3.36563437862616e-37 1
8.10264422263454e-38 4.89104485339433e-34 2.91953795700015e-59 6.00529424941639e-30 1
4.67159578578254e-55 4.59692271718275e-53 1.62779218057111e-83 7.86574741781533e-53 1
1.20022944672819e-51 2.83189361819461e-48 1 2.58635833054954e-68 6.37586335866483e-84
0.98579921526059 0.014200784739399 1.50501279156078e-41 1.09204538608723e-14 5.59697224088264e-41
2.26778990745645e-42 4.77225640313065e-41 1 1.39537305039337e-61 5.10498031521248e-84
5.54415863953372e-40 1.59823811289598e-37 1 4.47026277165611e-54 2.78041305007016e-75
1.16149924021667e-52 3.80055542347322e-53 5.79052683025369e-84 7.23729373482857e-53 1
2.34503034148862e-35 8.70202326057597e-33 2.38131566125583e-63 2.90921301296046e-28 1
6.44802308681454e-40 6.74045811766135e-38 1 2.85107496465758e-59 1.83926390247131e-76
5.73308251694311e-46 1.79257282625685e-45 8.42669770516835e-81 5.9508269265059e-40 1
2.81486859931666e-48 5.9207282226175e-47 1 2.26261966780703e-68 4.88152007756297e-78
1.09658339435809e-22 1.3588037804486e-20 3.5262310694959e-68 1 6.0757500561056e-49
1.40441820503818e-40 5.596964756772e-37 4.05332289149069e-84 1.51393916017823e-36 1
6.95610963773566e-17 8.60257202180586e-15 4.17765365533268e-62 0.999999999999991 1.68751091808952e-42
0.984554514283306 0.015445485716694 6.5958217907617e-45 3.49140207181971e-24 4.8826748835895e-49
3.31036823588134e-36 1.53106652592459e-37 1 1.06751128440917e-64 4.37237138001033e-77
5.90457559884403e-17 1.21532861035376e-15 6.38366946368728e-55 0.999999999999999 1.96429474024829e-36
0.0021916459956878 0.997808354004312 2.65681373870822e-40 1.26653934708286e-17 4.60044222479068e-51
5.51983853023707e-47 6.48286815235458e-46 3.04749008530534e-85 1.77153729433043e-49 1
5.19544021781734e-47 4.2025519339663e-45 1.24563910353409e-82 3.47354892100892e-46 1
9.15369259263411e-47 5.66531811715994e-44 3.07184193635405e-80 1.88696157213952e-43 1
4.82937403905848e-43 2.45218928913838e-40 2.94434728250978e-71 3.65105140072899e-39 1
7.75592859994115e-41 7.71552205181469e-38 8.47902663280106e-85 6.36588959953806e-43 1
1.41562203036441e-51 1.38187411513425e-50 2.00958213248955e-89 1.61548231132243e-52 1
1.54752781068944e-16 2.6365205910691e-12 9.06484436126827e-64 0.999999999997363 1.72110657751925e-42
8.9556035720077e-05 0.999910443964271 7.48502861984565e-44 8.33310218728072e-15 2.87111206016712e-38
1.38494668791416e-46 1.50896423740999e-44 1 3.91660221876324e-68 8.17499360972958e-94
8.18452252964128e-46 8.4382620099703e-43 1 1.56785041652124e-66 1.13971344746734e-83
3.56544363495779e-36 1.46226331908696e-33 1 3.66563157416156e-54 3.52900178928964e-78
2.1365907690186e-15 3.67950528475013e-15 1.39841058583026e-65 0.999999999999994 3.83610000892624e-43
7.7396387227906e-56 2.06116094793834e-54 1.18552673971984e-89 4.89739147226939e-46 1
1.7006352450737e-42 2.03175606101063e-40 1.96025247261982e-74 1.2464775326851e-42 1
9.76202500073835e-45 8.50457653480642e-45 6.86719302989804e-81 4.43702380992659e-45 1
1.21973258016947e-18 8.16815505999485e-20 2.76918604444557e-72 1 3.9383636836231e-46
0.999276910106398 0.000723089893601823 6.10194607136244e-38 1.45867566138734e-18 3.38962894391464e-53
5.99376516346049e-45 1.68474945981445e-39 6.42372388624714e-72 2.25962652407636e-39 1
3.22726919060282e-21 1.68392358543701e-21 3.65112210853577e-81 1 1.71082888993175e-53
7.84538036259458e-45 1.186127180486e-42 1 4.70025465356072e-64 6.91537678278212e-91
0.0144508552791888 0.973978545416281 3.57696435593522e-43 0.0115705993045299 1.14124563142467e-37
6.93751809432964e-43 3.04672247753266e-41 1 1.10394692002173e-63 4.5596371712592e-84
4.96806784187752e-20 2.64992007093388e-18 1.28661101312675e-55 1 7.77135249984564e-49
4.33805018832204e-44 1.8200282007782e-40 1 1.72748469484775e-65 8.41004060289722e-73
3.82429643334726e-44 1.64396643379518e-42 1 2.21585522943293e-71 2.36042202592766e-86
1.85488570620459e-15 1.44725218876349e-12 3.45164587823387e-57 0.999999999998551 1.55918379015656e-36
1.08059584678887e-48 1.35921522684031e-46 2.10556849474103e-80 2.93202070907389e-38 1
1.28860103946566e-12 1.6281678811921e-11 3.36352222429673e-52 0.99999999998243 1.62879965437308e-43
0.0151035954736361 0.984896404526347 2.82208676530237e-31 1.6923631479805e-14 1.88416069845482e-39
0.07726783984545 0.92273216015455 1.3669094486781e-31 3.08326016056439e-17 3.32476574796279e-51
0.0981961705394756 0.901803829453993 4.73197782140916e-49 6.5317943401539e-12 3.25647602923104e-51
1.21572059124524e-51 8.28160192414322e-48 1.48568096294383e-79 2.10978109015807e-49 1
1.3171904142075e-55 2.81097105119669e-53 2.5337805553385e-82 4.81597039930859e-50 1
2.95680141637242e-13 1.24031506878683e-12 6.41657179862704e-63 0.999999999998464 4.33499332575955e-39
1.94658286979903e-11 2.44131757477118e-10 4.79935162101503e-60 0.999999999736402 9.87422076423128e-42
1.97636811897943e-40 1.55793834675036e-38 1 4.51773273522645e-63 2.5013384762003e-88
2.97171924049713e-20 4.51835713105456e-21 2.36655493661189e-64 1 2.97016021469129e-44
1.45344643646653e-49 4.96548536084137e-44 4.35858953121378e-76 1.94490161425865e-43 1
1.13393495265964e-13 9.75182656396093e-14 1.58211475581549e-71 0.999999999999789 8.46352858773454e-49
9.9006454921959e-52 3.03307537027263e-49 5.0319869869831e-82 8.68098117732166e-48 1
4.66060749560574e-41 2.47545741845772e-39 1 4.98362698360816e-63 4.59469793111782e-75
4.65785220697871e-48 2.15929689586301e-46 1 6.32481820879058e-72 3.27232261329484e-83
2.31918007575683e-13 8.41981225717658e-14 4.43449782745032e-64 0.999999999999684 8.74860897014279e-33
0.992109582468805 0.00789041753119448 2.69937823632272e-41 1.72385534905518e-17 6.8534361122632e-40
1.95129906032459e-41 2.41567608942606e-39 1 1.59777345419486e-62 1.24377301126055e-75
1.91007659039166e-13 2.36010333502536e-11 3.56596758530501e-54 0.999999999976208 1.25936830182749e-38
0.846786556999099 0.153213443000406 3.95494322362501e-31 4.95494390905873e-13 1.72797286559938e-34
1.53403701474007e-35 2.50347138164525e-31 1 4.84158780391355e-52 5.53182094035001e-69
6.05455507518046e-48 1.96012355503562e-46 1 1.51822104780731e-61 9.51752971755625e-77
2.6895184779028e-51 1.12239295263706e-49 2.07754036759809e-73 1.72929915066671e-42 1
1.63060930714375e-35 5.41617255097133e-34 1 1.1968114983284e-56 1.0620652604166e-67
0.909324074929395 0.0906735256412892 1.2755778136419e-50 2.39942931597632e-06 6.57611316402136e-46
4.84336711469399e-56 2.18409518108815e-52 1.98250886042121e-85 1.46803411723049e-48 1
0.975055440381439 0.0249445596185507 6.69122022320958e-49 9.96479876148286e-15 8.00398970104451e-51
1.01695205902517e-49 2.07042192769118e-47 1.09147594975076e-83 8.3262625138933e-43 1
0.997693238091769 0.00230676190823107 5.79893053616152e-38 1.56343246729073e-19 1.3480233923588e-57
8.30126870808889e-17 1.33553935915228e-15 5.63021942139234e-57 0.999999999999999 7.48198464486176e-52
0.000290782548865618 0.999709217451134 7.47583117349824e-46 5.61791037369109e-21 6.46771964888102e-46
3.69809906282127e-12 5.30692741236197e-11 1.06900245423632e-50 0.999999999943233 6.16896946864065e-36
3.99081730593465e-48 3.0760704026772e-43 1 1.31561390215198e-69 1.1210035985676e-81
1.11296297406743e-15 4.28749405461277e-16 4.09166967724198e-59 0.999999999999998 1.92316241437154e-41
2.88151272499804e-38 4.03870927994836e-35 1.32830464671094e-61 1.49011557644501e-43 1
1.07108010401781e-17 1.53444059925889e-17 1.24137147208695e-58 1 9.46926896228416e-45
0.00552377257230555 0.994476227424874 4.01458579967212e-40 2.82034979289075e-12 3.78523107688397e-45
0.98055608101346 0.0194439189865402 1.04016923308621e-39 1.29477870062174e-16 2.82815135579171e-52
9.29313893533355e-46 1.56966064837764e-41 1.10066434456443e-72 5.38981262705896e-41 1
2.31347060057597e-15 3.45555136238778e-15 1.36542029508079e-63 0.999999999999994 2.72685795169892e-43
5.46096065724613e-50 1.34767836440137e-46 2.10397397963468e-80 5.69567091420857e-45 1
1.77863374902012e-15 9.66181755529953e-17 1.18517137746544e-64 0.999999999999998 1.25039569089971e-54
3.55099051347596e-54 1.52676550009309e-51 6.93883594083622e-81 4.77925684838299e-47 1
2.20960006222875e-49 1.01843705318563e-49 1 1.61670400131033e-72 3.28742047269449e-83
1.86421509510266e-15 1.11915760307152e-13 6.55203272630255e-55 0.999999999999886 7.24618486692102e-36
5.13352056491241e-42 3.07031807249097e-39 1 4.88271577526337e-63 2.84369495556547e-74
1.21431316573031e-14 1.39303419523377e-14 5.74154575842795e-66 0.999999999999974 9.19505326555678e-41
1.66085545982639e-39 1.22775418726539e-39 3.94751291478177e-71 3.4109490442032e-35 1
8.52530543688106e-12 2.56027714525904e-12 6.45823966700066e-59 0.999999999988914 2.99874690765021e-39
3.77004190082513e-44 4.0458387495389e-43 7.49562224745963e-79 6.08313620182766e-44 1
2.44151949524153e-11 8.27157770564201e-11 4.00157867746761e-61 0.999999999892869 6.14954358848116e-52
7.13220930290971e-20 1.30718347853982e-20 6.31244779142233e-76 1 2.84112971872421e-52
3.11619488067045e-32 1.00781551318788e-31 1 1.88892436917895e-47 2.24320782707355e-65
5.21398925569346e-66 3.00884204848527e-61 6.74298229994486e-90 1.54557657610696e-56 1
2.68626969358455e-37 3.25875693337807e-36 2.26760091111739e-59 8.74282276483193e-33 1
0.807655478126754 0.192344521873246 3.725643332306e-49 2.07983609928209e-16 5.97608328712529e-41
1.18538901654201e-48 7.74654697638166e-46 5.57371950888554e-80 6.98500343058952e-42 1
4.41560685319795e-36 1.48655914343265e-33 1 1.93577348421036e-52 3.57317192265578e-66
8.40623851545123e-20 1.9741180083031e-19 1.22340417068542e-63 1 1.75142813832434e-46
9.33677181738371e-54 1.55144143636773e-53 9.01244762747133e-85 6.57655290211228e-50 1
2.04480351939007e-40 1.8328811977902e-37 1 7.69536767758954e-60 2.09237326165775e-73
9.15265984824947e-49 4.11032110090511e-46 7.54224245870211e-85 1.36610300450239e-46 1
4.355756294105e-51 9.79762834236292e-47 8.1225046714933e-85 3.65291719588562e-50 1
9.46011210685595e-44 2.96022030885372e-40 1.38878563943356e-71 3.06249415681985e-39 1
4.44424936979875e-21 6.97088963533306e-19 1.23720043714403e-75 1 2.77096162124513e-50
2.27089530117944e-37 3.38513742986027e-34 1 1.11655773084877e-54 1.58257457897352e-75
7.13282693336046e-15 2.31036887101255e-15 3.68841382655551e-68 0.99999999999999 1.23817371691626e-39
7.18372446666957e-37 7.00546146674757e-37 1 8.34091203171653e-58 1.66664829099047e-79
8.15490956519625e-43 3.68993116024647e-41 1 1.0267740686183e-60 1.60470875075017e-86
0.0417456911319515 0.958254308867941 2.68937058737303e-45 1.07239632742464e-13 6.11388897112306e-40
8.17926723268164e-53 9.66639179557022e-51 2.67244054179935e-96 2.5423042502047e-47 1
0.0266045586912657 0.97339544130872 2.6842852152916e-43 1.39457567155386e-14 1.87984879444704e-50
1.71931316129419e-43 4.1474164743828e-42 1 9.98284016566497e-64 1.33789770777633e-81
2.87295263874563e-40 1.476832511115e-37 4.30929854505168e-76 2.02339120938648e-34 1
4.76601778178547e-15 1.31715867747613e-13 2.6779554559916e-67 0.999999999999863 9.63455842659817e-48
1.20968176096521e-40 7.72946023498798e-39 1 3.60594136707783e-58 3.54580547321596e-75
1.21109633772004e-17 3.10722974399832e-16 2.08645475869991e-53 1 5.72326152415451e-38
0.0149761601709183 0.985023839828696 2.50821971951401e-48 3.86116751898343e-13 1.75217007624489e-42
1.91428000290568e-43 6.92030295500129e-41 5.3399539718218e-69 1.06832535356319e-40 1
1.09368317256907e-16 1.05954923796907e-15 2.91959865216126e-65 0.999999999999999 7.82295775607402e-43
1.81536509651401e-12 6.88106379464977e-12 2.08424192540128e-48 0.999999999991304 5.3190977751695e-37
6.75455374992539e-13 5.74234920035082e-13 7.89822964383557e-54 0.99999999999875 2.55473949147773e-41
1.53975170901781e-14 1.03181538222958e-11 2.66670069396109e-55 0.999999999989666 2.59099548072655e-40
1.50478942872392e-15 6.47381950802216e-13 2.03680467167913e-60 0.999999999999351 1.66700783477611e-45
0.962694383267133 0.037305616671808 1.06284837548038e-48 6.10586183837331e-11 1.38378051288001e-46
3.20210394060252e-39 1.80798654315726e-36 1 3.12146695176546e-56 7.06960477681801e-75
4.72228408449799e-51 4.04442116475167e-50 1 7.37540685070632e-71 3.15114435839548e-77
1.36997987133832e-12 9.1405538945721e-12 1.42282714435603e-58 0.99999999998949 2.05392825002578e-41
2.25299523333988e-21 4.93783923391332e-19 6.45503611937758e-66 1 4.63292106808617e-39
1.17133880069673e-51 1.89468770626958e-46 9.76918635045348e-90 1.10419740060671e-47 1
5.44976195457427e-33 7.67084322400391e-33 6.76255691979824e-60 1.49227109822135e-35 1
6.14461488232721e-43 3.70253788512158e-41 2.64036167800038e-80 1.36620022785355e-38 1
0.0482224156071246 0.951777584392636 7.27100645921036e-46 2.39545531102823e-13 4.47778982931612e-39
8.61227883912022e-42 2.02062041291803e-40 1 3.44986809314515e-61 4.58889038860991e-83
4.37625685174702e-16 8.87995563128957e-17 3.75180804028548e-62 1 1.50531648344022e-40
1.15050970181934e-10 7.00651858834157e-11 2.17188836832546e-45 0.999999999814884 8.98897300144725e-46
2.14346235356953e-14 4.31177976596273e-13 6.82427601287211e-56 0.999999999999547 5.30827681232214e-39
1.56564361433063e-48 6.26990432832342e-47 6.32960556864338e-84 7.81561821100731e-46 1
2.40387450070286e-52 3.63317284816731e-49 2.32797889435971e-86 1.18917224688611e-46 1
6.03984354618072e-43 3.57084464577644e-42 1 2.93832985506125e-60 1.26115474008419e-80
1.70899827044802e-58 2.56269878039632e-56 9.23263541213621e-85 8.36067102819603e-52 1
2.47832059356777e-41 3.30125485809171e-40 1 8.3414837090215e-61 6.77378260412782e-84
0.0115741459472784 0.988425853987964 7.45161993580338e-41 6.47577405984046e-11 2.55941513576638e-55
6.98831553579793e-38 8.26396271417199e-33 2.2711170045168e-64 5.37310037303073e-32 1
0.0702373302501066 0.929762655600017 5.48442472152225e-49 1.41498762176825e-08 6.22750297038773e-44
0.000236670268926032 0.999763329731074 2.58642734408197e-37 9.97812190559663e-17 6.97774645460202e-37
0.168525189084386 0.831474810915614 1.97991666801695e-31 4.55706231770538e-21 4.44211696351055e-55
2.86696188634096e-51 1.66668724896883e-46 4.98334117298397e-86 7.68766925999773e-43 1
8.03650051463498e-40 6.92265320669889e-38 2.28096466839657e-69 6.76864484310459e-47 1
1.01129001755652e-50 3.63919762381574e-50 1 5.82939221708441e-71 6.8535599407084e-80
0.999207875938379 0.000792124061620991 1.93067313370763e-37 5.18790899594238e-20 1.02142898202053e-65
6.89929567048405e-19 1.13669080604991e-17 2.15868200515936e-65 1 3.27822377296789e-33
5.91546878130733e-54 2.72373584162916e-49 7.95834111683551e-77 1.87099781970596e-51 1
0.132551932044194 0.867448067955789 4.35847245823941e-44 1.7362097578985e-14 4.11358093636469e-41
2.02717568752571e-49 5.71572830553528e-48 4.85491356167728e-89 2.28413465461005e-42 1
1.02035033947861e-44 3.2032386382938e-41 6.32116776353386e-84 1.02865304725344e-41 1
0.0010411958414174 0.998958804158581 1.69581167947868e-48 1.42411990697303e-15 4.54004605113146e-52
4.55842204659746e-58 2.54480836933964e-53 4.6056306917665e-85 5.944072032237e-50 1
8.92093489699127e-18 1.00580562773317e-17 3.1953555324379e-69 1 1.39011064048711e-45
9.18894934245116e-44 3.01150741779969e-39 1.0046442353618e-84 3.83262289575619e-41 1
2.39979795643917e-18 4.32621563880622e-17 7.03320281969283e-58 1 1.44095054460932e-41
1.47246809117333e-37 1.4202652649946e-34 1 5.59415711363111e-56 1.27412538300716e-73
6.04548493167272e-15 4.00626801286287e-13 1.32116450358184e-67 0.999999999999593 5.45398727207881e-51
3.25322449635653e-49 7.44410233212339e-47 1 3.86121126538269e-72 6.23177494583547e-94
4.3952620113146e-40 9.17906209135758e-39 5.73431354380551e-69 1.90505169454583e-37 1
1.47413629627906e-44 1.62833669720052e-44 1 2.38991015915015e-67 6.23622738283042e-88
0.755462569397645 0.244537430600891 2.16062437673782e-35 1.46404959316878e-12 3.89850891227434e-42
2.31045045225888e-51 1.48244296179151e-49 2.53551879094031e-80 1.46257851345878e-45 1
3.20186988294538e-38 1.15009612692555e-36 1 2.01936718407692e-59 1.50692296592236e-68
1.12313926466143e-12 4.58862070896305e-12 1.06988786787303e-58 0.999999999994288 5.54534660535258e-42
7.72762200148541e-38 1.97426380269571e-37 1 1.30280675981514e-55 4.02833758492307e-92
3.34893728957973e-18 2.96107353150148e-15 2.62917219498858e-66 0.999999999999997 1.62172793097222e-41
2.77594852661256e-16 2.63788618027745e-18 4.73916129112126e-56 1 2.20009365884741e-32
2.6472119697604e-52 6.73380509210733e-47 2.355737287925e-87 1.01610170205039e-43 1
2.63473205218702e-24 2.22075384775657e-20 4.32475094220521e-58 1 3.6072734506522e-24
2.84825766135823e-46 2.50515396565878e-45 1 2.56797793598007e-67 2.00793079474529e-80
2.35436973235543e-17 2.2827346678303e-15 4.37600824936982e-57 0.999999999999998 7.17534047552235e-44
2.87700472402827e-48 3.1790903762559e-46 6.44728574418965e-90 8.27492975759917e-40 1
2.10457336673362e-36 1.05441542713623e-32 2.046245122805e-70 8.42861791320664e-32 1
5.05804704220776e-15 2.77740028609119e-14 1.20593078308669e-63 0.999999999999967 1.5778807463211e-50
0.0532617798669076 0.946738220132968 9.2372883665442e-39 1.24063563095625e-13 7.19086060833075e-47
8.28488703460016e-29 4.81428263786869e-29 1 1.37419211999543e-44 1.60937525711106e-59
1.10808951188785e-38 3.0222033992993e-36 2.03189337197645e-74 2.5628511081859e-32 1
4.65614954973164e-42 3.26635542153173e-39 1 8.13900875794592e-63 8.65671632063682e-81
1.85755765377723e-19 9.93537298480144e-19 5.66120005537328e-62 1 4.50281075097809e-48
7.30490740080785e-16 8.49038052986453e-16 8.15257623056303e-71 0.999999999999998 4.47878445632399e-38
4.24949111899057e-50 1.27527713540842e-47 2.22130065825016e-84 9.16828265006977e-42 1
2.47164996814014e-46 9.31427539696557e-47 1 1.24276487377965e-70 2.80082251142893e-84
1.81842397922733e-49 3.87198631352325e-47 1 1.51481782288828e-74 8.62768816101684e-88
2.3143979283464e-15 1.78183529291379e-14 1.07418540942198e-54 0.99999999999998 1.61569429201622e-45
0.998332434906862 0.00166756509313825 8.03608817771063e-31 1.26636981601472e-21 1.16816217041364e-42
0.997606488320884 0.00239351167911418 3.4455312986631e-44 1.38307750880922e-15 2.06268311204751e-44
2.59333891907249e-50 3.30121270814031e-48 4.00161685962695e-80 2.8549764555287e-48 1
1.71680991601582e-50 1.46406257881985e-48 1 1.21673687266722e-78 1.8184103805168e-89
0.00631221364212732 0.993687786357873 6.62859900621324e-40 3.01395199096493e-24 1.93362496825917e-46
6.20900956257153e-49 5.54571321810519e-48 2.41447556649183e-84 1.84289797988138e-41 1
1.92967809669695e-37 2.58867033533232e-35 2.23957243665888e-68 2.73933640500661e-39 1
8.82083282177943e-05 0.999911791650697 3.62637980075649e-34 2.10852301359022e-11 1.59822358155922e-41
2.0156932930626e-45 7.94745123319883e-47 1 8.40061865209941e-70 1.06978833144945e-88
1.77908548578808e-49 3.13417071944957e-46 2.61873181058687e-75 2.27842714595717e-50 1
1.17253660432165e-45 1.51716796739985e-44 1 9.76168707932725e-72 5.06907654048497e-85
0.320130929806513 0.679869070023933 2.63729471032473e-33 1.69553644902835e-10 3.39897831346411e-40
