"LD1" "LD2" "LD3" "LD4"
6.51564984363391 -4.28921586477692 -0.449202059436806 -2.12151451886324
-7.97106365038632 -6.85034261887487 0.340359919078698 1.10159701227778
1.28224678469219 3.85762642132905 3.41719036982892 0.281415140290457
9.58532484838281 -3.17773364421637 -0.857340389474391 -0.243945903336025
8.80331385776434 -3.08719348366687 -1.1610689036171 0.678699081269622
-7.74650591843443 -6.58597898593813 -0.365863258729169 -1.39682499565978
8.7852878958331 -4.55465279414777 0.406337922107127 0.281035728456977
9.19081241825092 -4.30997198587871 2.40701878914701 -0.583486586272552
9.25690462713213 -2.9263004864396 -0.611918482212761 -0.82754996827812
-1.62573402871417 4.26057216457989 4.28016990085368 0.367837366412762
-6.73925312762747 -5.14464958146289 -0.552910049945553 0.491582949087209
-1.00052825184 4.31879962663921 3.29625435737143 -1.52528211849946
-1.09363277506226 5.27245987012078 -1.98460933874665 0.222412732055249
-7.77483904965205 -7.41986829629678 0.704249753998467 -1.83632944342408
9.26052872337413 -3.066506255236 -1.34016484742777 -0.367617288955643
-0.171197565307559 2.59462525140548 3.74246203241787 1.54876353784912
-8.12706206430807 -5.53251218580821 0.742216909205612 -1.15511943937888
-2.31145207644882 8.09445144442753 -3.07545205023471 0.382187699474254
1.36500453596973 3.99521742421042 4.25361900592995 -0.858241978381921
8.20117626387739 -3.39680742805696 -0.462551164097691 0.130476444771479
-0.404595780501964 4.67054722090599 2.50105913078832 -0.017574800510845
-8.18721091195954 -5.0460851621171 1.01523865853728 1.56764016538358
8.88077780726573 -3.05598461616378 -1.62365525863331 2.36439290991096
7.65927801727266 -3.57731073940685 -1.25309970504745 0.5190331344353
7.49762942491362 -4.25133452015874 -0.0671482605697333 -0.495116008214285
0.146031747484268 3.75420386127181 2.8037696127774 -1.1474174709351
-0.100815300417583 4.17965184055348 1.5863635371454 2.08407225249496
-7.4405381264085 -6.10422383471709 -0.437335199459504 0.363532933223994
-7.39596819033403 -6.45976973007169 -0.665091247234088 1.51962197700075
-1.47274476700248 5.60265061049649 -3.35129381490953 0.0870235209638962
-0.841913347685836 8.38714612542839 -0.916925987452045 -2.04599254217822
-5.37391197684387 -4.53125841763472 -2.17132654798777 0.36185655608648
-0.923361520054957 3.5274647293708 3.83858177952985 2.32249291015503
9.09122950184202 -4.28164610245005 0.0819545932103632 -0.129252255558643
9.00119428905079 -4.86569299055681 -0.921793913850321 0.815594713748635
-5.84303482048745 -5.58007826630229 1.49384170629061 0.353689017254423
-6.75353561165576 -5.45153751749048 -0.632581612304064 2.83913121764307
7.75626909589856 -4.6514502117238 -0.562346030600597 1.09552125190146
-4.23354923556915 7.66684269775848 -2.54522515969329 0.290744859297351
8.07333321375017 -3.28526755121981 -0.921946711734444 -0.839922350666856
-3.78635351145625 4.82642296752959 -1.99329492541137 -1.4895652303034
-7.31913099704209 -4.79684420416996 -0.740121622593139 -1.93318121383957
-3.01595727574631 6.5023679589183 -3.23715721337532 -2.06578763407921
-7.46076486107877 -5.52633659200336 -0.295224595872993 -0.308183062736709
-1.25241384753329 4.35031247495724 2.91681759422957 -0.983964599302841
-5.54302252042602 -6.19534491672332 -1.73389455127622 -0.491243368254995
-2.44160589489448 5.97876770869752 -1.06599054457203 -1.1562932601296
2.22119372556402 4.05642940963654 5.54152325362328 -1.69584555339346
-2.83667553296379 6.14540872137241 -2.16799154798439 -1.58654498018311
-1.72077064524867 5.75196010608967 -3.91423569693399 -0.0830608928708355
9.56947178217999 -5.81492049321908 -1.1843093025367 -0.361092461054931
-0.658026003496725 4.92600324302074 -2.09947190714376 -1.02955376157274
-0.26538361817643 6.7476992601366 -2.89506489524733 1.52114230365998
-1.4675696160253 5.05902627310776 -3.40933960112819 -0.269552879143577
-1.44879616124058 7.34358194854545 -2.72217832854014 -2.31919080215921
-6.10626061444593 -5.77745982894121 1.05565541406765 -0.696635390104637
-6.76710523198361 -5.22522510506554 -0.616170592706973 -0.0344381012563357
-0.601938584761826 5.38495956064994 -2.60776298634903 1.63019595930452
9.00081014040666 -2.69975547771293 -0.531462364185364 -0.382478585698149
-2.43869875727292 6.88271315197045 -3.66624027617377 0.687749194234999
-1.51279261146536 7.32392689268827 -0.451157368008471 0.241419150919844
7.52586824035743 -3.56489020811945 -0.547410079096969 1.52994429558709
2.09748216183296 3.21434803406904 3.51418008728842 2.48850538843804
10.5456861699326 -4.86320264859476 0.537189516276516 -0.294763112208098
2.09899219670711 4.35371681327858 3.47962817908027 2.25708519170708
8.54555712361532 -4.29673235199889 -0.69572865492525 -0.124253938381852
-0.378809144114855 4.73112366805583 4.51056286834475 1.47823941629228
0.940186684573082 2.97147279232569 2.6804628865548 0.514121160686569
1.42996413266159 3.61850954995154 0.607130541179607 0.457700740942963
-7.54051045437338 -4.86863650808313 -0.396601332499858 0.828729996895479
-6.68726838816039 -5.88663170650113 0.636674220709871 0.455572821858856
-5.92365028912629 -5.15289369131469 0.0731089631305109 -0.991759065705807
-7.09804174275596 -5.8629887955413 -0.902939841495595 1.52327429807979
-7.48779784277212 -6.13656677939962 1.55179819115047 -1.61365820424135
1.46354783303031 3.92915965220676 5.12066390859391 -2.21391287057469
8.92608658822267 -2.62203864115696 -0.225597298496265 0.660142720595613
-7.49172140393724 -7.83571568763783 -1.29452316850479 0.857436375773066
-0.756242527355881 5.54690804710259 3.0176255727761 -0.427481787332692
-0.606028073130146 2.85890922188838 4.34697874126216 -2.86993217555211
-3.16355732150221 7.83036650820307 -2.69452707939149 0.0799158283180147
-7.78389597375018 -5.47955196411926 0.52843770958301 -0.149899880813172
-7.39586318677172 -6.42743616288358 2.66270500423134 0.112268861294402
-0.20037017591204 3.77918748510161 4.75541573781222 -1.88321540552823
10.7971943906435 -4.97976934350394 -0.97557857308365 -2.5967924272896
8.41034802841599 -3.44121470542455 -1.92700076217524 0.49502127024359
9.63005801410474 -5.07673632466143 0.511191608447883 0.674542301501276
-9.11849470618125 -5.3215886947759 0.407825256678278 -1.36798541483534
9.85627901961338 -2.30833368995189 -1.23002979648296 -0.375417871309343
9.83919353683025 -4.94726849671919 -0.072533074146712 -1.40291526369138
8.50129139260736 -3.47312115999569 -0.426279037396112 0.162984353648877
-1.53122467688735 7.17481631211008 -2.35128735146954 0.425780229534565
9.99419783586309 -3.66559152562378 -1.10911853753643 0.790199475194317
-1.4106243681184 4.79905621004488 -2.39156863116847 -0.0626507725324026
1.11960312771928 3.84600829189657 3.47695677762721 0.346697975605627
-8.04365563343376 -4.52578645853185 2.67038555530515 0.984706178028374
-4.63615369693368 -5.71521971582134 -0.904426024343434 -0.523463165637939
10.0725039839907 -5.15677500883551 0.669093383054983 0.514715545252088
-1.13144240997764 6.87546962204324 -2.19194627117413 -0.300740536671541
-8.29317628552397 -5.81779576781869 0.124722736116697 -0.416149178983405
0.802644957913214 5.19128379895432 2.80162158721324 -0.89721202415913
-1.33505070387952 6.93110520896243 -2.26441315482183 -0.39051316308339
1.16907533549397 3.8265549108455 4.45705157752567 0.366415609491249
-0.417024343120011 3.86327814186583 5.48513843390605 -0.0235048842584762
-0.808666407934243 5.38402360597734 -0.94342762857428 -0.706856157633966
0.312143863925638 2.4432553095587 3.11667055649735 -1.18638960912341
10.1378678616527 -4.48734635369728 -0.150798993976446 -1.83014832829597
-1.79168664918652 5.74515041672598 -3.41920803879285 0.518721271705433
-2.81476789174554 5.83348165193291 -2.13447968587863 -1.71961895191817
-1.51259034580651 3.60764350210007 5.3318631586429 -0.466442939733847
-7.202915745784 -6.54167440124445 -1.2633343431108 0.0201137238657036
-0.937271755197754 5.71228158745422 -2.75507285760531 0.235120473838409
-5.69915826152562 -4.66107934653219 -0.955190180380249 -0.743084755598475
-8.4237834099934 -4.82748403373297 0.667944677930476 0.187995679815755
-1.76046681339944 6.52062904026563 -2.35537245494487 0.510718665850559
8.64042026704254 -4.51945579623412 -3.22001215522074 -0.972429562748594
-1.95453526891112 5.11529773516688 -2.97167291133158 0.449752047184443
-1.35038506983974 6.76291427627223 -2.42215656126423 -1.38761910851252
-0.210808243445738 2.42164183924935 3.90751469465236 0.460054747446189
-7.44202494836504 -6.54687814408622 -1.35004973448632 0.512024695000061
-0.858858881896364 5.81539451929356 -3.57968864101064 -0.294252691149593
7.5230506990465 -3.42717701582469 -0.441861566304663 -0.533222327916526
-0.620795291854041 4.70746867453103 -1.77782697120259 -0.510289992404675
-1.08327659020576 7.86629153719838 -1.10947559556218 0.375228986063368
-0.707461701524559 4.67535498578629 -3.31200697749773 0.894985594252953
0.0451831093370215 2.82917927443421 4.56489595978868 -0.764787881742757
-7.78674536718658 -5.50047198813235 0.304675672330235 -1.1352153193449
-7.55548573434313 -5.5425284338693 -0.177336385406793 0.183893071412847
-7.77601336353051 -5.06428190490965 -0.0750855861740398 -0.24355760149906
9.8628757879026 -1.38424389748355 -1.83882064266391 0.0134794613986818
-2.04900765665168 5.8666001849471 -2.12176758801279 -0.505713458810294
-1.9985259215737 8.54981254590927 -2.25220497943632 0.825105753909273
1.30677580217763 4.43788757759438 4.87977593474885 1.59150720921073
-2.90414760680816 6.69218166469802 -1.45582741836522 -0.10566230267993
-1.642414192463 5.30635176019051 -1.56515854641335 1.43792082282923
9.67966726448133 -3.38321298170055 -0.196241767693102 0.0753219385234955
2.42314022521072 5.55808457973185 4.9897022592437 -1.89726634892103
9.27379255023684 -4.20567127473429 -0.433074127046789 2.35035918195167
-6.54413069503451 -5.07772925806026 -0.954514874315612 -1.6872976742238
-6.21855788181259 -5.26791679778273 1.34578881375621 -0.617170950809601
9.52393066730208 -4.77158380642213 -0.0135945966216715 0.527172748514195
-7.77591836800293 -4.46051219621137 0.822672574389462 0.566094492014739
-5.83648004885456 -5.58313940770243 -1.51634508908957 -0.543638109051778
1.07498505996379 5.16236497128655 -1.91402007919294 -0.92475851077845
8.53461978957539 -3.79391754103947 -0.548267914871092 -1.10153922127525
-0.159444020533948 3.93497698768353 3.78582970394007 0.515847744579334
0.69738204296954 5.87293298353199 -4.00368670708533 -0.0610769043783532
-0.292053819356249 5.54344743135765 -2.01552597717961 -1.62604540975167
-0.717598252980758 5.65208807655076 3.19575900572647 -0.906066801199247
9.92112756865157 -3.98827176193284 -1.28855744754094 0.136699743378312
9.42183493050117 -3.7242779203892 -1.20132492321814 -1.2032262874919
0.899510518108599 4.398937957592 4.55700009144971 0.0859756924268215
-0.978359373786481 5.08693448007879 -1.8178089196076 0.537225437910838
0.379525379510144 5.41863911705566 5.0789647310318 -1.63277036721473
-7.76482337430569 -6.38003728670739 1.47592885247251 1.94115116965647
7.71228359664247 -4.43630996237928 0.281364275348569 0.250610056465629
-6.69443415293 -7.02246384788984 -0.536269920676784 0.311979540425171
-2.42956187950171 5.99672212801576 -4.18522691236199 -0.119257441708039
-0.365041080137049 6.26007877410285 -3.40704192649398 -0.598663891707187
-0.509371217883807 6.21846321762869 -1.58299316791372 0.676256069842848
-1.73228674120166 6.23925632700327 -1.75233946992727 0.410843440110708
-1.78931287965493 6.23452147550239 -1.86744105424311 0.354299933517305
9.53645912084895 -2.22887539728688 0.267086024485409 0.746954929691792
-0.355762737998159 1.93990488058155 3.58924737158748 -0.361577803232704
-2.00620407421891 5.83981066376866 -1.34749998929538 0.188040754794384
-7.37210970207149 -5.84493204206105 -0.860934594490318 0.0895646121827452
2.29841360289844 3.90806000018834 4.29566195375279 0.0265784219850674
-2.16737359728082 6.63281355218164 -2.31966083555505 -1.09760141934815
-7.4223613575838 -6.0881716561436 -0.585272295900146 -1.52472038607883
-1.90763084711214 6.63107125465923 -2.57117521288132 0.609388071993735
8.69703554221921 -3.16271003575202 1.20339853205826 -1.05353185996501
10.0919019846286 -5.17644816956522 -0.307679385198455 -2.41096783279565
0.814072027420332 4.48680258588179 4.68192742358635 -1.02572526998007
-6.46521518612276 -4.56271398260809 0.2562202150588 1.3397931596138
-1.83283962372438 5.71731536057412 -3.00640519565963 0.465764165240788
9.82397084851989 -3.73113157035657 -0.00303073824150008 0.655888820108302
9.25984827687886 -4.95770022885521 -0.711841930460916 -0.67388851260125
-1.6926442536022 5.80655577089708 -0.943537600586911 0.741169101110912
0.295862019307554 2.56168525033045 2.63031219587013 0.669369130484639
-7.65431967808653 -4.14797877531033 1.47012071945391 0.823854878114561
-1.42101583443246 6.36527963116168 -1.76493565968741 -0.803835461181849
-5.28880985287155 -4.51916295927948 -0.0488254139307215 2.85700769019009
10.2456511366938 -3.59361489838225 -0.486345334154331 -0.0754684339236578
10.9549862068171 -2.22518445786622 -0.742613330414864 -0.454144817569597
0.427155895677303 4.73614857082259 4.34919747639119 0.607198475624242
-1.42633170046993 3.81163578143343 3.88119585956683 0.735130941708395
-0.405344704923336 3.85266651997189 4.51117767335389 0.233926858458862
-1.00323292063335 6.00698005348602 -3.98142588714178 -0.822519669193059
-7.10002717755003 -6.79642725600798 0.480374767241323 1.72038200306447
-6.64901452526138 -4.90564714252037 -1.7200250041694 -0.582172667325776
8.85802117362075 -3.70920482475089 -0.83581332761161 -0.918261003505694
-0.795780968343398 7.51249854029538 -0.919124652495875 -0.325925413139921
-4.42560103234913 -4.79236116962998 1.08169784885778 -2.25708057701451
-6.12716550969457 -6.30267548520025 -1.39515815568693 -2.70945803662528
-0.0835847771607369 4.5030150386131 3.12111634803218 1.43925256706448
2.01459800450461 3.52939709224222 3.9114384324204 -0.687597269386378
9.03960663190271 -5.96901840095445 -1.15992930566928 -0.277358453512715
-8.42991462279926 -4.50928278667273 -0.798388231248368 -0.601290921312771
0.995735165982104 6.33132125630347 2.97216648454282 1.20307132705127
1.90898343277955 5.88432844282772 2.22154792731382 -0.870944779970442
-7.19992309574409 -5.83680687369762 0.954300870513398 -0.608715432779505
-0.461248855571004 6.75769535377059 -0.667583572557544 1.24599351748955
-1.35170005029225 5.79490963434966 -3.54162081509112 -1.1553878903764
5.72539443938133 -3.73936370370819 -0.644196138494608 0.935414227507295
8.78743171099968 -3.95796615026879 -1.3346043031125 0.0532420875325735
-7.58299952808639 -7.56803992954015 0.00476751370828704 -0.273197325046526
-1.52060424766188 7.00083065004671 -2.45143312880852 0.183044497051207
-7.3506163450152 -7.56470142322997 -0.720460562356394 -0.0798371198178617
-7.35666426175894 -3.81161301347368 1.17541322631672 1.19781646541686
10.3955689581512 -4.27299806968757 -1.35008990832007 1.27293974861028
11.2631431041239 -3.90370310076825 0.0523789186192571 1.19421870415602
-7.17869782998459 -6.34824739639017 0.230847467090273 0.324880231371015
-5.82998659551218 -4.69878786053826 -0.849328311659897 1.90161790773009
-7.4452939435511 -5.45596102859543 -0.214990639250805 -0.221614460073966
0.699838584500566 4.34602164908708 3.93376033107629 0.434735074570862
-0.606701940325544 5.08077875867564 3.95319096400625 -1.10429727829721
-1.79621833226484 5.83174041409656 -2.58266820409978 0.291809009359547
8.37403317066836 -2.3611323824357 0.73276552846515 -2.49219945040903
-1.85167645187754 3.57133845306658 3.80344434078859 0.523275386118966
-5.74800382566495 -5.31243216136008 -0.352626336770059 -0.0749621260837094
-1.09687312109761 4.94970556069325 -1.88590634324148 0.428030597415705
9.35039765772497 -3.49117396459497 -0.620478459932648 -0.00370161545866282
7.88312615939808 -3.10774503601699 -0.673556953334025 1.12444570343018
-0.700378069834304 5.97772222634941 4.34268606965014 1.94298771315876
9.55752763311727 -2.89957106450249 0.0731680556796483 -0.765970824973198
-0.176740269918532 3.12726054519796 6.09423367227218 1.49108285566983
-1.65653408104511 5.71742515630667 -2.35279692986614 0.767322277418657
9.67510398196396 -4.43130951087435 0.561505578950621 -1.17994711330511
-2.87547497149592 4.74686289192851 -2.9888631425865 0.532681232322648
-1.45442792425536 5.49180158324866 -3.67929772273711 -0.152395920647369
-0.49840588065169 6.36803069639761 -2.58964282073271 -0.903595052180657
8.66319912590249 -4.15514652937367 -0.346587356525322 1.43726766094318
-7.06543716895141 -6.06896855774094 1.20343449982221 -1.86631666734638
0.434965477511952 2.88953702387777 5.47234771215947 1.85721572103086
-6.78973008740913 -7.16486160449582 -0.360868315705084 1.32379199547974
-6.47038982977803 -4.31151225507215 -1.04255503817469 -0.996469334847303
-6.99918555545954 -7.24652001110966 0.510158478802573 0.807192782310418
-7.79817631579014 -5.80434626833965 -1.671444185492 -2.30133443010014
10.4711002170781 -3.98474825012272 1.27418711429499 -0.202958614289278
9.421554504713 -5.33422277578817 -0.621227928065646 0.336303828809458
-6.28187657102274 -5.52606066576356 -0.00402098043882373 1.0059243211144
-6.12821265568015 -5.18996614322991 -0.00967820219108854 0.123952005162303
10.3780579286836 -4.94642547084759 1.06125265128 0.187273056679432
-7.30879314504051 -5.7112921562997 -0.257921221610368 0.641085542007923
-7.40936564160258 -4.86619945214947 -0.538002467139468 -0.20807314087027
8.45220268945631 -4.53557871015994 -1.337716851942 0.104320923527959
-0.687339626001396 3.55827825277748 6.52515505956435 -1.81228746578709
-0.3112945742401 7.08001050743752 -1.60626432983234 -0.261080301534631
-7.57438478805837 -5.08650397093254 -0.196455234374753 -0.827879416365651
7.83038551416738 -4.15081772327953 1.54276559901205 0.252455818408754
-1.59741306277394 6.40426347944282 -1.46762767493908 0.35613129962559
8.46818966056648 -3.66296219245628 -2.8269098269814 0.502595725098523
-1.34886502847372 5.24811267513749 4.81759211839656 -2.16100335802301
10.8873128169549 -3.45575420278534 -1.28050930100494 -0.569773360345757
-1.0569864638903 5.44615685084209 -3.30075897767321 -1.01408091943305
-0.658524790514596 6.83522439796737 -3.32693088002368 -0.164919452578176
-2.02573117928565 7.44823161456947 -1.70272816580795 1.00729009752667
-0.942026668704179 3.48486699962998 4.53551243228061 1.29505018819682
-0.306716333382888 4.15366364334969 -1.79650864368603 0.919999633928683
-2.42884338417038 2.66279040006411 -4.99123872872197 1.72858523605775
1.13070624777694 6.05397615615282 4.35912754903403 0.845723205798864
-0.00115475228608618 6.20604423649654 3.74582273937061 0.330230368427086
-0.525296631655875 5.48092955331955 -2.03949293979606 1.02648225679425
-1.19410742695135 5.78901810487292 -1.24791694414967 -0.76878287726126
8.57232293963416 -2.54821541418568 -1.03101595293046 0.186125055434402
-0.517136131671891 4.16725675454805 5.45753341672961 2.62258814806215
-6.87540220345644 -3.5989806593775 -0.497906974674324 0.341517639918241
0.401955634018491 6.55655133373454 -1.85507478474516 -0.906737844268763
9.37911841422183 -1.32218248677666 -1.63715199736277 -0.228969810994166
-7.08150247025784 -3.92344035329499 -0.593662493788197 -0.375192916976381
10.5332332518579 -2.84177885328772 -1.10444211652252 1.11581570354469
9.10066226188871 -3.58815657972886 -0.996522342284011 0.280825443688624
-1.91143604650103 5.37879022387753 -2.66222690406369 0.81837576471726
-8.66281060909813 -5.22895796603578 -2.07071916501734 -2.38185499066399
-2.2988209141971 6.48095205351782 -2.41687706983858 1.29297452118214
-8.41406412375786 -6.04837040689275 -0.655209369010077 0.962559486249855
8.9784119689822 -3.77857400398445 -2.48846135229285 -0.0942009681123967
-1.18161241558925 6.6380427751444 -1.62102831855115 1.41643980760001
11.2726926949955 -2.61907323821152 -0.200661006154243 0.602097969000132
-5.97893591760432 -6.80568579720666 1.45659496291294 0.712959906066362
-8.15177453741348 -6.52880774186986 1.85093434505605 -1.05479171346469
-5.48215169145485 -6.8458984150084 -1.52880325644044 0.852217727484342
-6.33203165628403 -5.97573569187568 0.413815313518632 -0.294685494218926
-1.09402340696879 5.31855848515 -2.14985072964714 0.606648323057269
-7.3727058423893 -4.97710852905595 0.435790860207635 0.562957547270672
9.86028809010264 -5.00377421967853 0.699069204216248 -0.0117242968769496
-7.53297626958645 -7.53549311537171 -1.29894882718454 0.496245368095553
-0.0488298212220125 2.47002370406324 5.16204403990681 -0.739490232439178
1.59344019630424 1.66430668750659 5.27214459318584 -1.75129327728475
8.51440390248209 -3.89224446536372 -1.35049231970988 2.13333840417424
8.39916522915495 -3.51382851253107 -1.16189068642095 1.18657712758829
-1.11049093654353 7.18062399077991 -1.3209761514169 -0.870429075949374
-2.82467803076739 6.67309441780263 -2.66190641126921 1.0484274602913
-1.56932370524512 3.45562446900634 -3.01605692682592 -1.50850417353046
-8.00997061394555 -5.61281343493155 -0.20767959211304 -0.195848151618374
-6.62991769497575 -6.4976865569965 0.924602336095687 -0.350231253812754
-1.22065429314875 4.89691755643052 2.02207336149756 1.25214205290348
-0.620654621228624 4.99995769504428 1.00025823268433 0.713846701898438
-1.54048254930628 7.50641566520459 -0.66954105032904 0.933477202143874
-8.24504429894221 -5.56534806966484 -0.718753400450156 2.00840009553308
0.697639903317097 7.3612096862095 -2.29162258958318 -0.447728183563975
