"LD1" "LD2" "LD3" "LD4"
-7.97106365038636 6.85034261887486 0.340359919078689 -1.10159701227779
-1.05698646389029 -5.44615685084209 -3.30075897767321 1.01408091943307
-7.39586318677175 6.42743616288356 2.66270500423134 -0.112268861294418
9.85627901961339 2.30833368995191 -1.23002979648295 0.375417871309351
2.01459800450463 -3.52939709224222 3.91143843242041 0.687597269386357
-6.99918555545957 7.24652001110965 0.51015847880257 -0.807192782310423
-0.404595780501945 -4.67054722090599 2.50105913078832 0.0175748005108289
-0.658524790514577 -6.83522439796738 -3.32693088002368 0.1649194525782
-1.56932370524511 -3.45562446900635 -3.01605692682592 1.50850417353048
-1.78931287965491 -6.23452147550239 -1.86744105424311 -0.354299933517299
2.42314022521074 -5.55808457973184 4.98970225924372 1.89726634892101
9.52393066730208 4.77158380642215 -0.0135945966216682 -0.527172748514192
7.88312615939808 3.10774503601701 -0.673556953334031 -1.12444570343017
8.07333321375017 3.28526755121983 -0.921946711734439 0.839922350666864
-8.293176285524 5.81779576781867 0.1247227361167 0.416149178983397
-2.04900765665166 -5.86660018494711 -2.12176758801279 0.505713458810303
-3.0159572757463 -6.50236795891831 -3.23715721337531 2.06578763407923
-7.35666426175896 3.81161301347366 1.17541322631671 -1.19781646541686
-2.44160589489446 -5.97876770869753 -1.06599054457202 1.1562932601296
8.46818966056649 3.6629621924563 -2.8269098269814 -0.502595725098506
10.0725039839907 5.15677500883554 0.669093383054985 -0.514715545252092
-1.85167645187753 -3.57133845306659 3.80344434078859 -0.523275386118987
-7.79817631579017 5.80434626833963 -1.671444185492 2.30133443010015
1.90898343277957 -5.88432844282771 2.22154792731384 0.870944779970429
-8.18721091195957 5.04608516211709 1.01523865853727 -1.56764016538359
-5.8299865955122 4.69878786053825 -0.849328311659909 -1.9016179077301
-1.46756961602528 -5.05902627310777 -3.40933960112819 0.269552879143597
-0.00115475228606509 -6.20604423649654 3.74582273937061 -0.330230368427109
8.37403317066836 2.36113238243572 0.732765528465169 2.49219945040903
-8.00997061394558 5.61281343493153 -0.207679592113046 0.195848151618377
-2.90414760680815 -6.69218166469803 -1.45582741836522 0.105662302679943
9.25984827687886 4.95770022885523 -0.711841930460913 0.67388851260126
-1.59741306277392 -6.40426347944283 -1.46762767493908 -0.356131299625587
9.37911841422184 1.32218248677668 -1.63715199736277 0.22896981099418
-7.17869782998462 6.34824739639015 0.230847467090268 -0.324880231371019
-7.4093656416026 4.86619945214946 -0.538002467139471 0.208073140870271
-7.77591836800295 4.46051219621135 0.822672574389457 -0.566094492014749
10.533233251858 2.84177885328775 -1.10444211652252 -1.11581570354468
-8.66281060909816 5.22895796603575 -2.07071916501733 2.381854990664
8.78743171099967 3.95796615026881 -1.3346043031125 -0.0532420875325627
9.86028809010264 5.00377421967855 0.699069204216254 0.0117242968769416
1.46354783303032 -3.92915965220676 5.12066390859393 2.21391287057466
10.3955689581512 4.2729980696876 -1.35008990832007 -1.27293974861027
-5.92365028912632 5.15289369131468 0.0731089631305155 0.991759065705804
2.09899219670712 -4.35371681327857 3.47962817908026 -2.2570851917071
-1.09363277506224 -5.27245987012079 -1.98460933874666 -0.222412732055237
8.50129139260736 3.47312115999571 -0.426279037396112 -0.16298435364887
-6.78973008740917 7.1648616044958 -0.360868315705096 -1.32379199547974
-1.19410742695133 -5.78901810487293 -1.24791694414967 0.768782877261264
-1.73228674120164 -6.23925632700328 -1.75233946992727 -0.410843440110706
-5.28880985287158 4.51916295927947 -0.048825413930742 -2.85700769019009
8.20117626387739 3.39680742805697 -0.46255116409769 -0.13047644477147
-0.306716333382876 -4.15366364334969 -1.79650864368604 -0.91999963392867
-5.48215169145488 6.84589841500839 -1.52880325644045 -0.852217727484339
-0.620654621228609 -4.99995769504428 1.00025823268433 -0.713846701898444
0.99573516598213 -6.33132125630346 2.97216648454282 -1.20307132705129
-0.048829821222006 -2.47002370406324 5.16204403990682 0.739490232439154
8.39916522915495 3.51382851253109 -1.16189068642096 -1.18657712758828
-5.74800382566498 5.31243216136006 -0.352626336770067 0.0749621260837127
-0.601938584761808 -5.38495956064995 -2.60776298634904 -1.63019595930451
7.49762942491362 4.25133452015876 -0.0671482605697249 0.495116008214283
-1.09687312109759 -4.94970556069326 -1.88590634324149 -0.428030597415697
11.2726926949955 2.61907323821155 -0.200661006154246 -0.60209796900013
-0.937271755197741 -5.71228158745423 -2.75507285760531 -0.235120473838389
-1.51279261146534 -7.32392689268828 -0.45115736800847 -0.241419150919845
0.697639903317119 -7.3612096862095 -2.29162258958318 0.447728183563992
-7.31913099704212 4.79684420416994 -0.740121622593133 1.93318121383957
-8.42991462279928 4.50928278667271 -0.798388231248365 0.601290921312775
-1.79621833226482 -5.83174041409656 -2.58266820409978 -0.291809009359536
9.83919353683024 4.94726849671922 -0.0725330741467056 1.40291526369139
-7.77601336353053 5.06428190490963 -0.0750855861740415 0.243557601499057
-1.13144240997761 -6.87546962204325 -2.19194627117413 0.300740536671548
9.26052872337412 3.06650625523603 -1.34016484742777 0.367617288955658
-7.35061634501524 7.56470142322995 -0.720460562356399 0.0798371198178659
-0.292053819356232 -5.54344743135766 -2.01552597717961 1.62604540975168
-0.923361520054946 -3.52746472937079 3.83858177952984 -2.32249291015505
-1.42633170046993 -3.81163578143343 3.88119585956682 -0.735130941708411
-1.00052825183999 -4.31879962663922 3.29625435737144 1.52528211849944
7.52586824035743 3.56489020811947 -0.547410079096975 -1.52994429558709
-0.200370175912027 -3.77918748510161 4.75541573781224 1.8832154055282
-0.525296631655857 -5.48092955331956 -2.03949293979607 -1.02648225679424
-0.795780968343372 -7.51249854029539 -0.919124652495873 0.32592541313992
-6.12821265568017 5.1899661432299 -0.00967820219108375 -0.123952005162309
-6.62991769497579 6.49768655699649 0.924602336095689 0.350231253812752
-6.75353561165579 5.45153751749047 -0.632581612304089 -2.83913121764307
-1.22065429314873 -4.89691755643053 2.02207336149755 -1.25214205290349
-0.687339626001381 -3.55827825277748 6.52515505956437 1.81228746578705
-5.3739119768439 4.53125841763472 -2.17132654798777 -0.36185655608647
9.58532484838281 3.1777336442164 -0.857340389474385 0.243945903336034
-7.42236135758384 6.08817165614358 -0.585272295900141 1.52472038607884
9.67966726448133 3.38321298170058 -0.196241767693099 -0.07532193852349
0.312143863925653 -2.4432553095587 3.11667055649737 1.18638960912338
-0.517136131671881 -4.16725675454805 5.4575334167296 -2.62258814806218
-5.83648004885459 5.58313940770242 -1.51634508908958 0.543638109051783
-1.90763084711211 -6.63107125465924 -2.57117521288132 -0.609388071993725
7.75626909589856 4.65145021172382 -0.562346030600604 -1.09552125190145
-1.3488650284737 -5.2481126751375 4.81759211839658 2.16100335802299
-1.1104909365435 -7.18062399077991 -1.3209761514169 0.870429075949383
8.64042026704253 4.51945579623414 -3.22001215522074 0.972429562748614
1.07498505996381 -5.16236497128656 -1.91402007919294 0.924758510778464
8.80331385776433 3.0871934836669 -1.1610689036171 -0.678699081269609
6.51564984363391 4.28921586477693 -0.449202059436789 2.12151451886324
-7.39596819033406 6.45976973007168 -0.665091247234098 -1.51962197700075
10.0919019846286 5.17644816956524 -0.307679385198437 2.41096783279566
-0.509371217883784 -6.2184632176287 -1.58299316791372 -0.676256069842843
-8.1517745374135 6.52880774186984 1.85093434505606 1.05479171346468
8.53461978957539 3.79391754103949 -0.548267914871083 1.10153922127525
-7.53297626958649 7.5354931153717 -1.29894882718455 -0.496245368095544
-6.21855788181262 5.26791679778272 1.34578881375621 0.617170950809592
1.59344019630425 -1.66430668750658 5.27214459318586 1.75129327728471
2.22119372556404 -4.05642940963654 5.5415232536233 1.69584555339343
-1.91143604650101 -5.37879022387754 -2.6622269040637 -0.818375764717248
-5.54302252042605 6.1953449167233 -1.73389455127622 0.491243368255003
-0.46124885557098 -6.7576953537706 -0.66758357255755 -1.24599351748955
-1.35038506983972 -6.76291427627224 -2.42215656126423 1.38761910851253
-0.717598252980739 -5.65208807655076 3.19575900572648 0.906066801199232
-1.44879616124055 -7.34358194854546 -2.72217832854013 2.31919080215923
-6.76710523198364 5.22522510506553 -0.616170592706978 0.0344381012563413
1.16907533549398 -3.8265549108455 4.45705157752567 -0.366415609491271
-2.82467803076737 -6.67309441780265 -2.66190641126922 -1.04842746029129
-0.841913347685802 -8.38714612542841 -0.91692598745203 2.04599254217822
8.97841196898219 3.77857400398448 -2.48846135229285 0.0942009681124129
9.99419783586309 3.6655915256238 -1.10911853753644 -0.790199475194313
9.00081014040666 2.69975547771295 -0.531462364185362 0.382478585698154
-7.65431967808656 4.14797877531032 1.4701207194539 -0.823854878114568
0.802644957913233 -5.19128379895432 2.80162158721325 0.897212024159112
1.2822467846922 -3.85762642132905 3.41719036982892 -0.281415140290477
8.54555712361531 4.29673235199891 -0.69572865492525 0.124253938381861
-0.606028073130139 -2.85890922188838 4.34697874126218 2.86993217555209
-3.16355732150219 -7.83036650820308 -2.6945270793915 -0.0799158283179993
-7.49172140393728 7.83571568763782 -1.2945231685048 -0.857436375773059
-3.78635351145624 -4.8264229675296 -1.99329492541136 1.48956523030341
-8.24504429894224 5.56534806966482 -0.718753400450172 -2.00840009553309
9.09122950184202 4.28164610245007 0.0819545932103632 0.129252255558649
10.5456861699326 4.86320264859479 0.537189516276519 0.294763112208104
-1.5125903458065 -3.60764350210007 5.33186315864291 0.466442939733819
-2.42884338417038 -2.66279040006412 -4.99123872872199 -1.72858523605772
-1.45442792425534 -5.49180158324867 -3.67929772273711 0.15239592064738
-7.55548573434316 5.54252843386928 -0.177336385406798 -0.183893071412844
-1.69264425360219 -5.80655577089709 -0.943537600586921 -0.741169101110905
9.63005801410473 5.07673632466145 0.511191608447879 -0.674542301501273
-7.37270584238932 4.97710852905593 0.435790860207634 -0.56295754727068
-6.87540220345646 3.59898065937749 -0.497906974674328 -0.341517639918238
-0.606701940325529 -5.08077875867564 3.95319096400626 1.10429727829719
-0.658026003496706 -4.92600324302075 -2.09947190714375 1.02955376157275
8.57232293963416 2.5482154141857 -1.03101595293046 -0.186125055434396
-7.76482337430572 6.38003728670738 1.4759288524725 -1.94115116965648
-5.97893591760435 6.80568579720666 1.45659496291294 -0.712959906066375
9.35039765772497 3.491173964595 -0.620478459932646 0.00370161545866983
-6.12716550969459 6.30267548520023 -1.39515815568692 2.70945803662528
-2.81476789174553 -5.83348165193292 -2.13447968587862 1.71961895191818
-7.4607648610788 5.52633659200334 -0.295224595872991 0.308183062736711
-6.54413069503454 5.07772925806025 -0.95451487431561 1.6872976742238
9.55752763311728 2.89957106450251 0.0731680556796572 0.765970824973198
1.4299641326616 -3.61850954995153 0.607130541179606 -0.457700740942962
9.53645912084896 2.22887539728691 0.267086024485412 -0.746954929691796
-1.64241419246298 -5.30635176019052 -1.56515854641336 -1.43792082282922
-1.54048254930625 -7.5064156652046 -0.669541050329042 -0.933477202143874
-0.21080824344573 -2.42164183924935 3.90751469465236 -0.46005474744621
-1.00323292063334 -6.00698005348603 -3.98142588714178 0.822519669193079
10.4711002170781 3.98474825012275 1.27418711429499 0.202958614289275
-8.41406412375789 6.04837040689274 -0.655209369010083 -0.962559486249857
0.697382042969561 -5.872932983532 -4.00368670708534 0.0610769043783743
-4.23354923556913 -7.6668426977585 -2.5452251596933 -0.290744859297339
-0.858858881896344 -5.81539451929357 -3.57968864101064 0.294252691149612
8.7852878958331 4.55465279414779 0.406337922107128 -0.281035728456974
10.7971943906435 4.97976934350397 -0.975578573083632 2.59679242728961
0.699838584500584 -4.34602164908708 3.93376033107629 -0.43473507457088
9.86287578790261 1.38424389748358 -1.83882064266391 -0.0134794613986653
-0.365041080137026 -6.26007877410286 -3.40704192649398 0.598663891707203
9.42183493050117 3.72427792038922 -1.20132492321813 1.20322628749191
7.5230506990465 3.42717701582471 -0.441861566304659 0.533222327916531
-1.9545352689111 -5.1152977351669 -2.97167291133158 -0.449752047184435
2.09748216183297 -3.21434803406903 3.51418008728841 -2.48850538843807
-7.5743847880584 5.08650397093252 -0.196455234374751 0.827879416365651
-7.78674536718661 5.50047198813234 0.30467567233024 1.13521531934489
-9.11849470618128 5.32158869477588 0.40782525667828 1.36798541483533
-0.417024343119997 -3.86327814186583 5.48513843390605 0.0235048842584471
9.19081241825093 4.30997198587874 2.40701878914702 0.583486586272538
7.71228359664247 4.4363099623793 0.281364275348566 -0.250610056465627
-6.7392531276275 5.14464958146288 -0.552910049945558 -0.491582949087202
9.00119428905078 4.86569299055683 -0.921793913850327 -0.81559471374863
-4.42560103234915 4.79236116962998 1.08169784885779 2.2570805770145
8.69703554221922 3.16271003575204 1.20339853205827 1.05353185996501
-7.20291574578403 6.54167440124444 -1.26333434311081 -0.0201137238657003
-7.10002717755007 6.79642725600797 0.480374767241312 -1.72038200306448
-0.498405880651673 -6.36803069639762 -2.58964282073271 0.903595052180675
-7.06543716895144 6.06896855774092 1.20343449982222 1.86631666734638
1.30677580217766 -4.43788757759437 4.87977593474884 -1.59150720921076
-7.48779784277216 6.13656677939961 1.55179819115048 1.61365820424135
-1.41062436811839 -4.79905621004489 -2.39156863116847 0.062650772532414
0.295862019307564 -2.56168525033046 2.63031219587013 -0.669369130484659
-0.355762737998159 -1.93990488058155 3.58924737158748 0.361577803232694
8.4522026894563 4.53557871015996 -1.337716851942 -0.104320923527948
8.51440390248209 3.89224446536374 -1.3504923197099 -2.13333840417423
-1.7916866491865 -5.74515041672599 -3.41920803879286 -0.518721271705417
-7.44202494836507 6.5468781440862 -1.35004973448632 -0.512024695000056
-1.76046681339942 -6.52062904026564 -2.35537245494487 -0.51071866585055
0.940186684573091 -2.97147279232569 2.6804628865548 -0.514121160686582
-7.30879314504054 5.71129215629968 -0.257921221610375 -0.641085542007924
-4.63615369693371 5.71521971582133 -0.904426024343436 0.523463165637945
-0.405344704923326 -3.85266651997189 4.51117767335389 -0.233926858458885
8.41034802841599 3.44121470542457 -1.92700076217525 -0.495021270243574
8.92608658822267 2.62203864115698 -0.225597298496271 -0.660142720595609
-8.1270620643081 5.5325121858082 0.742216909205619 1.15511943937888
-0.378809144114834 -4.73112366805583 4.51056286834475 -1.47823941629232
9.25690462713214 2.92630048643962 -0.611918482212752 0.827549968278131
-0.700378069834281 -5.97772222634941 4.34268606965013 -1.94298771315878
-5.84303482048747 5.58007826630228 1.49384170629061 -0.353689017254434
-6.10626061444596 5.7774598289412 1.05565541406765 0.696635390104633
11.2631431041239 3.90370310076828 0.0523789186192574 -1.19421870415602
8.88077780726573 3.05598461616381 -1.62365525863333 -2.36439290991095
-6.68726838816042 5.88663170650112 0.636674220709868 -0.455572821858862
9.56947178217999 5.8149204932191 -1.1843093025367 0.361092461054939
1.13070624777696 -6.05397615615282 4.35912754903403 -0.845723205798888
-1.83283962372437 -5.71731536057413 -3.00640519565964 -0.465764165240768
-1.42101583443244 -6.36527963116169 -1.7649356596874 0.803835461181857
-7.58299952808642 7.56803992954014 0.00476751370828619 0.273197325046523
-1.33505070387951 -6.93110520896244 -2.26441315482184 0.390513163083408
-1.08327659020574 -7.86629153719839 -1.10947559556218 -0.375228986063358
0.379525379510166 -5.41863911705567 5.07896473103181 1.63277036721469
-0.311294574240078 -7.08001050743753 -1.60626432983235 0.261080301534639
-7.54051045437341 4.86863650808312 -0.396601332499866 -0.828729996895478
-0.159444020533935 -3.93497698768353 3.78582970394007 -0.515847744579354
-0.756242527355863 -5.54690804710259 3.01762557277611 0.427481787332678
-8.42378340999343 4.82748403373295 0.667944677930477 -0.187995679815763
-2.31145207644879 -8.09445144442754 -3.07545205023472 -0.382187699474242
10.9549862068171 2.22518445786625 -0.742613330414857 0.454144817569601
10.2456511366938 3.59361489838228 -0.486345334154333 0.0754684339236726
9.42155450471299 5.3342227757882 -0.621227928065647 -0.336303828809448
-1.18161241558923 -6.63804277514441 -1.62102831855116 -1.41643980760001
9.92112756865157 3.98827176193286 -1.28855744754094 -0.136699743378304
-7.37210970207152 5.84493204206104 -0.860934594490319 -0.0895646121827468
-0.171197565307555 -2.59462525140548 3.74246203241786 -1.54876353784914
1.36500453596974 -3.99521742421042 4.25361900592996 0.858241978381897
-0.265383618176403 -6.74769926013661 -2.89506489524734 -1.52114230365997
-7.78389597375021 5.47955196411924 0.528437709583009 0.149899880813166
-6.69443415293003 7.02246384788982 -0.536269920676785 -0.311979540425173
-2.1673735972808 -6.63281355218165 -2.31966083555504 1.09760141934817
-7.08150247025786 3.92344035329498 -0.5936624937882 0.375192916976389
-6.47038982977805 4.31151225507213 -1.04255503817469 0.996469334847305
-7.44053812640853 6.10422383471708 -0.437335199459511 -0.363532933223991
-1.72077064524865 -5.75196010608968 -3.914235696934 0.0830608928708575
-1.53122467688732 -7.1748163121101 -2.35128735146955 -0.425780229534555
-1.25241384753327 -4.35031247495724 2.91681759422958 0.983964599302824
0.401955634018513 -6.55655133373454 -1.85507478474516 0.906737844268775
8.66319912590249 4.1551465293737 -0.346587356525331 -1.43726766094318
-7.44529394355113 5.45596102859542 -0.214990639250802 0.221614460073965
9.82397084851989 3.73113157035659 -0.00303073824150247 -0.6558888201083
-0.620795291854027 -4.70746867453104 -1.77782697120259 0.510289992404689
-1.52060424766186 -7.00083065004671 -2.45143312880852 -0.183044497051192
-6.46521518612279 4.56271398260808 0.256220215058789 -1.33979315961381
-2.02573117928563 -7.44823161456948 -1.70272816580795 -1.00729009752667
2.29841360289845 -3.90806000018833 4.29566195375279 -0.02657842198509
-2.83667553296378 -6.14540872137243 -2.16799154798439 1.58654498018311
-1.99852592157367 -8.54981254590929 -2.25220497943633 -0.825105753909263
-2.42956187950169 -5.99672212801578 -4.18522691236199 0.119257441708057
9.67510398196395 4.43130951087438 0.561505578950629 1.17994711330512
-1.35170005029224 -5.79490963434967 -3.54162081509112 1.15538789037642
-7.09804174275599 5.86298879554128 -0.902939841495612 -1.52327429807978
-0.94202666870417 -3.48486699962998 4.53551243228061 -1.29505018819684
-0.100815300417568 -4.17965184055348 1.58636353714539 -2.08407225249498
7.65927801727265 3.57731073940687 -1.25309970504745 -0.51903313443529
1.1196031277193 -3.84600829189657 3.47695677762722 -0.346697975605648
7.83038551416737 4.15081772327955 1.54276559901205 -0.252455818408761
5.72539443938132 3.73936370370821 -0.644196138494615 -0.935414227507289
0.14603174748428 -3.75420386127182 2.80376961277741 1.14741747093508
-0.707461701524538 -4.6753549857863 -3.31200697749773 -0.894985594252941
0.434965477511963 -2.88953702387776 5.47234771215946 -1.8572157210309
9.10066226188871 3.58815657972888 -0.996522342284013 -0.280825443688612
-1.62573402871416 -4.26057216457989 4.28016990085368 -0.367837366412792
-6.28187657102277 5.52606066576355 -0.00402098043882911 -1.00592432111441
-0.176740269918525 -3.12726054519796 6.09423367227218 -1.49108285566987
-2.29882091419708 -6.48095205351783 -2.4168770698386 -1.29297452118213
9.03960663190271 5.96901840095447 -1.15992930566927 0.277358453512728
0.0451831093370314 -2.82917927443421 4.56489595978869 0.764787881742731
-0.0835847771607215 -4.5030150386131 3.12111634803218 -1.4392525670645
-1.6565340810451 -5.71742515630668 -2.35279692986615 -0.767322277418644
-0.978359373786464 -5.0869344800788 -1.81780891960761 -0.537225437910828
8.85802117362075 3.70920482475091 -0.835813327611601 0.918261003505704
0.814072027420349 -4.48680258588179 4.68192742358637 1.02572526998005
-7.77483904965209 7.41986829629677 0.704249753998481 1.83632944342407
-6.64901452526141 4.90564714252036 -1.7200250041694 0.582172667325782
10.1378678616527 4.48734635369731 -0.150798993976432 1.83014832829597
-1.47274476700246 -5.6026506104965 -3.35129381490953 -0.0870235209638823
-2.4386987572729 -6.88271315197047 -3.66624027617378 -0.687749194234979
-2.87547497149591 -4.74686289192852 -2.98886314258651 -0.532681232322637
-6.33203165628405 5.97573569187567 0.413815313518637 0.294685494218918
10.8873128169549 3.45575420278537 -1.28050930100494 0.569773360345769
0.427155895677321 -4.73614857082259 4.34919747639119 -0.607198475624269
-0.808666407934229 -5.38402360597735 -0.943427628574281 0.706856157633972
10.3780579286836 4.94642547084762 1.06125265127999 -0.187273056679431
0.899510518108615 -4.398937957592 4.55700009144972 -0.0859756924268478
-7.74650591843446 6.58597898593812 -0.365863258729165 1.39682499565978
-8.04365563343378 4.52578645853184 2.67038555530515 -0.984706178028393
-7.19992309574412 5.83680687369761 0.954300870513401 0.608715432779494
-2.00620407421889 -5.83981066376867 -1.34749998929539 -0.188040754794377
-5.69915826152565 4.66107934653218 -0.955190180380247 0.743084755598482
9.27379255023683 4.20567127473431 -0.433074127046803 -2.35035918195167
-1.09402340696877 -5.31855848515001 -2.14985072964715 -0.606648323057261
