1.86133275640574e-43 5.70867424035857e-08 0.122738673344293 0.877261269568965 4.07921383683012e-44
1.22522211369511e-63 2.93790260300834e-40 1.05151265509688e-38 1.06064735983833e-36 1
1 1.12628876125817e-55 6.17149849817365e-41 1.11060793482757e-40 8.78887918964895e-61
5.28510900442299e-29 5.45814625408306e-11 0.00465921879958369 0.995340781145835 5.07039679397532e-43
1.96424645112914e-42 9.60501942825365e-15 0.00349407567050461 0.996505924329486 1.78737609662262e-37
3.1267858017699e-50 0.999999959264314 2.1741501963087e-09 3.85615354314276e-08 1.68996508954765e-34
3.8123749917048e-23 0.00590700961060922 0.0252932896706625 0.968799700718728 1.93559956535317e-32
3.52758252428314e-52 0.999999999973007 2.64799289480304e-14 2.69668281204429e-11 4.33221858241533e-44
1 3.56348283505356e-58 1.82913441247766e-42 1.80060467843998e-42 8.4213276442083e-64
1.03214484652916e-43 0.99999999999934 4.47703350076781e-15 6.55898766752808e-13 2.60223137580567e-43
1 3.68378803446712e-37 5.44695996260857e-27 1.50801225377771e-28 1.13812445306931e-39
1 5.59853850244753e-42 8.72465222381033e-35 2.55828230227904e-33 1.02133310728152e-53
1 2.65423206130817e-38 9.40977556121066e-25 3.4244801915151e-27 4.54661319930707e-54
4.90376204324396e-60 1.62778023422586e-42 7.82874436126209e-45 2.85224365148732e-42 1
1.16859869808647e-41 2.05072000260257e-11 0.0203923608626007 0.979607639116892 2.56302731706969e-38
3.86181253018171e-37 3.74729866847222e-08 0.00981478971489814 0.990185172812115 5.60829841982926e-36
2.74043072484347e-60 3.74900397371954e-35 6.28852304741937e-37 1.08411671713065e-34 1
8.68850281407285e-40 1.19779867754051e-10 0.0951742891554911 0.904825710724729 3.58624705953231e-48
2.33934502295023e-46 0.999999999999901 1.49783355370019e-15 9.79102151566644e-14 1.171046851025e-38
4.69805381809364e-40 0.999994988253367 2.07132208907625e-07 4.80461442379552e-06 2.55583399670336e-35
1 1.14236425934616e-38 1.59904856883243e-30 8.53918028114443e-29 2.11240975850174e-47
3.99366921461362e-63 1.61611435878767e-37 4.82444436637336e-38 6.24255840170463e-36 1
1 7.04415874929897e-42 1.14216955744116e-36 4.99492937013421e-34 1.41204941271303e-57
7.0295630533958e-67 0.999999999999954 2.01764762730235e-17 4.55944493448171e-14 3.3998684014405e-40
4.8523016738348e-48 0.999999999999448 2.25963296955978e-16 5.51393453346511e-13 3.49188906222205e-37
1.36677996172242e-49 5.20312957663427e-34 1.53118495398424e-36 1.38696482902568e-34 1
1.00215483277558e-54 2.50738671525549e-32 1.06056196934801e-36 1.42471927088572e-34 1
3.21566769227339e-39 0.99999999400843 8.78633792134211e-10 5.11293644968188e-09 1.82159236932485e-38
1.29659894080949e-37 0.999999999999675 6.96060256622669e-16 3.24138578246012e-13 1.66146467640025e-44
2.05523030903243e-56 4.89632469062514e-43 2.26249299156794e-38 7.01012407935993e-37 1
5.37607615403377e-48 1.67135612509425e-29 5.03960464709013e-31 2.12809065404251e-29 1
6.4656609249555e-46 0.99999791601744 2.94489949228515e-09 2.08103766056703e-06 2.66570097926977e-35
6.67145610230903e-60 4.5097451228643e-41 3.02217355967842e-37 6.83117861907669e-36 1
1 1.20492490532342e-39 3.57606810306704e-31 1.36387683564901e-31 1.49965682467737e-51
2.38978483952854e-67 8.09963412180508e-48 2.73769959305515e-41 1.67444210650734e-40 1
1.47348883895485e-39 4.07444546857408e-12 0.028368169771277 0.971631830224648 3.06168920444587e-31
2.99293126619331e-52 1.71127314210736e-38 3.95706330190078e-39 3.38967352841561e-39 1
1 1.42416672025543e-49 1.572529831742e-39 2.32890027489566e-37 3.56382188908628e-59
1.48566243555647e-39 4.80298775256605e-29 1.04839603269322e-22 2.84989440824501e-23 1
7.25420168081496e-53 0.999999999999771 4.79191805830703e-14 1.8098957496675e-13 1.47051203929958e-45
1 4.15620277654567e-41 7.69266771029015e-36 8.75173227717993e-35 5.22463811819773e-54
8.70570853047828e-48 0.99999999994247 6.67682837453613e-14 5.74628180315792e-11 8.52724470895608e-37
5.40685267955778e-40 0.999999958270555 2.32727780840191e-11 4.17061728171305e-08 1.46084966875531e-37
1.85726604644377e-43 0.999999999909484 1.4207711297228e-13 9.03738500735507e-11 1.87087831347143e-38
3.4062733018076e-44 0.999999999999646 9.91645694824811e-16 3.52851279846099e-13 5.41440476975364e-40
6.9725917860118e-41 0.000414578882163976 0.00457175507042313 0.995013666047413 2.96371928987789e-32
8.22923967519699e-42 3.13961117238484e-09 0.0627695804093272 0.937230416451062 2.64633706382653e-27
4.07810255015701e-55 0.999999999369898 2.30446579234766e-13 6.29870968229282e-10 1.23681079891685e-43
7.05173620691011e-39 0.999999999999977 2.72314808800978e-19 2.33473546082311e-14 2.24371141933282e-21
6.86942476356172e-73 1.41222288232817e-42 5.83401726174019e-42 7.60196838919625e-41 1
8.72838531312001e-63 0.999999999999944 4.93350433700897e-17 5.59612922060754e-14 8.48374810950103e-44
4.178253676649e-48 1.28937456233613e-39 1.78009019876929e-41 2.48921111166382e-38 1
3.37888665328513e-59 3.68976321967238e-42 1.22983961158581e-36 1.51168109022184e-36 1
1 5.47784230868802e-42 1.36601044889761e-34 1.23709401038468e-33 6.62464714062795e-57
1 2.14223877098852e-44 6.7721407321591e-35 1.20890077046186e-33 3.77013738876913e-48
9.70259004136114e-35 8.44298537686312e-14 0.0366524583108231 0.963347541689093 5.87076338330814e-43
2.67849621453168e-60 0.999999999999984 7.4859740150646e-18 1.61420991824533e-14 1.32706079102225e-47
1 1.72692967023494e-55 8.70334145529556e-45 7.21237043072872e-45 3.04227667301516e-56
6.20695012538014e-49 0.999999997950208 3.26617674603654e-12 2.04652552809021e-09 3.60229443919866e-38
3.65186044813767e-45 1.02343392944183e-28 2.89632019837103e-29 1.2335147560179e-24 1
1.23761959701021e-51 3.34106306314056e-34 2.75511810303867e-33 4.23952712225734e-31 1
3.06997532313297e-61 1.22191645998748e-35 1.20775655347156e-37 1.79207432320638e-34 1
1.24006799643397e-63 3.87325012704819e-40 1.04316271754063e-38 1.50546366017696e-37 1
2.23762906723951e-36 9.25579512182984e-13 0.880084216452758 0.119915783546317 3.39670641894411e-41
6.18662974273513e-62 2.4763281397664e-39 9.14471018372295e-40 2.79278274826289e-37 1
8.66403740193199e-48 0.999999999993737 3.76049480564065e-15 6.25946719978311e-12 1.55462529937229e-36
1 1.07093703286018e-41 4.14223728090899e-32 2.48530587230033e-32 1.78062106779246e-58
5.33250197773301e-44 0.99999972390586 6.20396584661785e-11 2.76032100621781e-07 1.82789146393623e-33
1.33471989575695e-48 0.999999995331704 7.26767607400801e-12 4.66102827242338e-09 3.21356651736835e-38
5.45139905473679e-57 1.87816270645339e-44 5.84619023685236e-44 1.94510000683154e-41 1
7.40106060695004e-37 0.136642336975479 0.00746017823316141 0.855897484791359 9.60259076085654e-33
1.83831698573964e-51 0.999999999983058 2.65347936845592e-14 1.69155682362309e-11 2.50892275643688e-43
1.13131765991639e-33 3.61933187069382e-15 0.834373151501478 0.165626848498518 1.08181056188145e-30
1 3.40523720676923e-46 1.00905448869139e-36 7.96774219270757e-37 2.83312820028655e-62
2.60753870736727e-33 3.19381751748415e-13 0.779214838933923 0.220785161065757 2.10547281020484e-31
1 2.27869309401445e-46 2.60565584153924e-36 3.02285400560759e-36 5.11849620210602e-54
1 1.3415767683952e-46 2.28211751992626e-36 5.63393352661135e-35 6.79585787800023e-55
5.18349057565699e-62 1.20327828861585e-48 1.60030466842848e-48 3.1009594650757e-46 1
1.34744494311079e-43 0.999999999998192 4.73823753965525e-15 1.80352866695752e-12 1.82749563632431e-34
3.32769164417238e-40 2.67064941379013e-06 0.506049487406325 0.493947841944261 1.01315950172668e-30
9.4531053752134e-53 0.999999999949359 6.21719978294994e-15 5.06351182586721e-11 1.03083902576255e-38
1.23883941597393e-53 0.999999999985906 7.64128017053151e-13 1.33295276066032e-11 1.77881409028725e-35
1 5.201837946994e-44 2.01845481088088e-37 4.67597946017244e-35 2.88801678063103e-54
1 6.14506205029336e-55 2.9658898962408e-43 5.87749389789017e-43 2.45266332186118e-59
2.37591450662106e-38 0.999999999934482 2.06738467199899e-14 6.54972412268385e-11 3.02016151773504e-34
8.09270595633008e-63 2.54003803048061e-35 3.35025466712068e-34 1.3955676240856e-31 1
4.20234529714848e-69 1.5537949059504e-38 2.52163223326257e-44 1.78020928098264e-43 1
1 9.99725595069641e-45 5.040148867975e-40 1.92063550053464e-39 7.52969786939118e-58
4.12196517975795e-56 1.70073400746052e-36 4.55857027019941e-39 4.15043188593739e-34 1
4.47458027131075e-33 0.99999679023603 3.23796465192993e-09 3.20652600559396e-06 4.59976090079291e-31
8.44295957528524e-64 6.08496647876508e-50 8.61553008651216e-48 7.29841628252933e-46 1
4.34789528814725e-47 7.2603859911655e-10 0.00547174207224525 0.994528257201716 1.59733214640606e-42
3.30424775348093e-43 4.0769816784441e-18 0.989096614383545 0.0109033856164549 2.52184692710658e-36
2.18759189479861e-38 3.35952541873038e-13 0.973290265977167 0.0267097340224975 1.79374782494456e-35
1 1.85214735303404e-53 1.55877959572601e-40 3.12743035811409e-40 2.18127329227304e-60
3.92205643943326e-44 0.999982854349708 1.37742366052573e-08 1.7131876055221e-05 6.67937989563085e-43
8.6741306944891e-56 6.1861249835905e-35 2.52517809962396e-36 1.51490005853757e-33 1
1.08175066483357e-66 1.25372406187836e-40 4.057698586072e-44 1.09090457661608e-39 1
3.11800478937493e-61 6.77988227529843e-39 2.35671390706113e-39 2.65708029404342e-37 1
1.26362409821584e-27 4.78279905298021e-13 0.511248078372595 0.488751921626927 1.63366586563969e-42
1.93556311675437e-36 5.06385144349797e-13 0.995363892895828 0.00463610710366535 5.23810770129432e-30
3.48438245766948e-50 1.40626883146514e-33 1.03572424598657e-31 1.31579178451409e-30 1
7.70624232228182e-57 0.999999999999994 3.55726455465071e-16 5.09551271594695e-15 6.34064160211603e-38
9.51723401213829e-61 9.28898980783429e-40 1.03900653655432e-41 3.77663327467608e-39 1
1.91650881937797e-30 4.41979204328365e-10 0.170536722686362 0.829463276871659 3.77843360253474e-37
1 7.72835770792163e-42 1.21066475806004e-30 5.93497799115735e-31 1.52163599987363e-46
9.58384599810216e-48 0.999999998222894 3.90146141816374e-11 1.73809110146541e-09 1.17840186839162e-39
3.4590415733675e-65 9.08076369408746e-41 2.14697791200384e-41 3.45176933546355e-39 1
3.88008870969635e-44 5.44091697388551e-10 0.115146690023022 0.884853309432886 1.11551276514323e-31
7.29013199881317e-37 0.999999999866056 6.86483691634746e-12 1.27079218768879e-10 1.22654515224729e-25
4.96102703223931e-40 1.04659480198608e-07 0.820710745798406 0.179289149542114 3.23672968331096e-32
1 2.09414335128653e-59 1.91078378407612e-46 6.14556253525927e-49 2.26119768059806e-69
1 9.02665019006201e-43 1.9303889154781e-31 6.4984962355787e-31 1.8109518428347e-62
1 4.16020137605604e-38 1.0361884913539e-28 6.49005178753614e-29 1.83094804898879e-47
1.06195483987965e-61 5.19176160939258e-37 2.10245271068496e-37 7.95317103726245e-36 1
5.2416312889621e-46 0.99999999999999 6.46815320530327e-17 1.05158455306895e-14 5.04555398870477e-41
2.62291385444597e-43 0.999999999998483 2.27651515031248e-14 1.49447093293368e-12 2.35788190772151e-37
1.55680616569271e-33 1.24830071172437e-15 0.993881198186794 0.00611880181320465 2.20271776851434e-42
1.17022335182865e-49 0.999999999989815 4.75266385454914e-13 9.71020865747401e-12 1.61428001498874e-42
2.0973028820469e-25 5.40232241352839e-18 0.988698494500067 0.0113015054999336 2.58295183186674e-33
1.01368563593001e-29 5.23451391659968e-10 0.193047456292011 0.806952543184538 1.36130972993237e-37
4.18659402663998e-62 2.88496421115961e-46 1.83456178469817e-37 6.0586404415894e-36 1
2.49659091008998e-40 2.1905725699433e-14 0.514084531047111 0.485915468952867 8.15694920149227e-36
1.3615165827758e-45 0.999999990155158 1.03928268800712e-10 9.74091345369497e-09 7.29623093364254e-46
3.56555513831012e-60 0.999999999997747 7.57872831460567e-16 2.25236218302617e-12 6.96647433775257e-50
1 1.23607741236707e-36 2.7267456101467e-31 4.84358223100847e-31 1.77705629971965e-62
2.48175715629827e-52 0.999999448135086 5.57754932292768e-10 5.51307159089303e-07 4.20502469639353e-44
1.90615693581453e-61 3.54065554360753e-43 9.22209987955723e-45 5.83516637730362e-41 1
3.41681710678666e-56 0.999999999997174 4.06600225382305e-16 2.82546142200091e-12 1.17632293729556e-38
3.49635971010864e-41 1.38572470267443e-09 0.0482503029319996 0.951749695682276 7.53191737866303e-30
9.38381841063466e-49 0.999999999719331 2.21125387145092e-12 2.78457683840937e-10 6.49549122516379e-36
8.20893264146507e-44 0.999999813971101 6.08007965360732e-09 1.7994881916741e-07 9.46177172293948e-37
8.28814328290215e-58 1.33312274684354e-45 4.53082118434694e-45 1.17187868282239e-41 1
1.96763446145712e-43 1.99034762088324e-13 0.634588409072358 0.365411590927442 5.01046093726182e-31
1 2.03074891739477e-49 1.1431901169845e-36 6.44749295030675e-37 1.03050284459891e-57
1 3.33636521992468e-44 1.56129836773447e-28 1.13320571260555e-28 1.2138181008986e-48
3.85464869785265e-48 0.999999999999982 1.88887813189071e-17 1.75421312378838e-14 6.90578097172145e-38
1.14664016618907e-52 0.999999999999999 5.16398330721879e-19 6.93200017272563e-16 1.12663033165554e-37
1 3.10968319751969e-38 2.26345885379065e-30 5.15553128119743e-29 2.60672679410971e-50
2.74021228463992e-68 1.46023110576945e-43 5.06186844100079e-46 1.42343460070162e-42 1
6.13997377410544e-49 0.999999999880025 7.2014913277783e-13 1.19255212834759e-10 2.17964587734505e-43
1.72644527066408e-49 0.999999992263486 2.67996920927016e-10 7.46851748742742e-09 3.74920488051641e-44
3.96058514089765e-53 1.64730667528952e-29 4.31153058124544e-32 1.50936294598711e-30 1
3.2033356237338e-40 0.999999927057527 1.40000777690696e-10 7.28024720016207e-08 2.65590214819159e-33
3.29078469060658e-57 1.81554843567533e-29 6.55644709604371e-32 8.07451330305982e-30 1
2.19372242916071e-36 5.30555359308778e-10 0.102646145185459 0.897353854283986 4.30922342534593e-34
9.04099302916681e-28 1.66259820687357e-08 0.047593997350419 0.952405986023599 8.18483699653761e-28
2.90511809032818e-56 8.91018179137301e-40 5.7224087655807e-37 1.29446986852131e-34 1
9.72878503740198e-39 1.12943550163346e-10 0.00204317874491082 0.997956821142146 9.85748312046538e-31
1.79308270363401e-47 0.999999999999675 7.95547748451302e-16 3.23780445289893e-13 1.87648579136328e-45
4.33311159134853e-32 2.03304963789434e-11 0.0138003131833574 0.986199686796312 1.2032596964504e-28
8.55234103530504e-27 3.11819896912356e-12 0.776248213469654 0.223751786527228 1.86903197079249e-39
1 6.18907893580491e-49 1.98325075946245e-40 2.51240338168744e-39 2.82177594498146e-69
3.64526232638236e-53 0.999999993975826 2.16412403035933e-09 3.86005041959613e-09 1.32304450532194e-50
3.57330883073857e-52 3.41332461913008e-38 3.36634451941211e-33 4.10793514086963e-32 1
1 1.2282943385966e-45 7.34188163468614e-37 2.1997457834733e-36 1.46516626096228e-58
1 1.25237618060241e-41 9.76203662022612e-39 1.99932122089642e-37 2.02068561261892e-54
2.57566482668229e-60 1.60604967268921e-39 4.5008676412765e-40 3.47813831153826e-37 1
1.11600604380131e-41 0.999999982436345 4.73284027032698e-11 1.75163266162305e-08 4.61241941757981e-35
2.38845993162224e-45 7.30987592469377e-27 2.36686116082894e-32 2.17796097335642e-29 1
3.80380491830056e-43 2.64370272770863e-06 0.525439866406171 0.474557489891101 2.0182808965779e-38
2.32498876610485e-61 2.24597388609883e-41 1.66045834836838e-41 1.60413380558432e-40 1
1.30231921734725e-45 0.999999999999829 2.79747674791413e-16 1.70419310738584e-13 5.62547047236286e-37
3.08801255407647e-35 2.58312816691557e-12 0.396715273684892 0.603284726312525 1.28976432529465e-40
1 4.1910736667168e-53 8.31740996550276e-38 2.93636660790167e-39 1.32909073146078e-61
1 7.65423719960233e-44 4.48501428087605e-36 4.26158954035032e-36 3.5626610297031e-60
3.65621670224969e-52 0.999999999970018 2.24152831691251e-12 2.77402556743645e-11 6.6768425158201e-34
6.46302610192776e-35 9.59829519128287e-07 0.591020681110825 0.408978359059656 1.31753959649591e-40
5.84343572031259e-49 3.70387540910473e-30 8.18434223902189e-33 9.2812634603202e-29 1
3.81492527471277e-66 1.45145067484918e-41 4.27526885030012e-39 4.9055960231449e-38 1
3.26271328444535e-40 0.999999889187217 1.81390161411636e-10 1.10631392366298e-07 3.16585906799514e-34
3.50179056869973e-52 1.46566098660101e-43 4.28325440462632e-37 6.9205201196472e-35 1
1 1.81136081368951e-48 2.57929128693408e-38 8.34846181594709e-39 1.15629268890704e-72
1.01340217078219e-55 0.999999998823478 4.33790229708512e-12 1.1721838776893e-09 2.17566236431528e-37
2.04144883111018e-41 0.999999998155599 6.49757415095514e-12 1.83790308884244e-09 2.8706351827091e-32
1 1.88998403994344e-49 5.75004087494579e-36 6.71541413109013e-36 2.83423281970493e-55
1 2.82867249132325e-41 1.81038041825025e-31 8.36900978921936e-31 5.92792490005942e-58
2.04448698109019e-67 7.80523564506828e-43 2.02246697849707e-42 1.74956975881173e-40 1
2.50980760424027e-37 1.24293785255109e-05 0.112921458874513 0.887066111746962 3.68078966508392e-34
1.47107092658615e-63 9.23554568166025e-40 3.27386051463667e-43 1.48032527018326e-42 1
1 1.59176238049169e-45 1.56921243883502e-37 3.90861999146218e-37 3.99538461151314e-56
1 1.79104854511716e-46 2.92154367855632e-38 8.6019073995544e-38 2.67335827272472e-53
1 2.57017277346222e-51 6.07732360201486e-40 4.108064819391e-40 1.63045825029662e-66
2.05921103446094e-50 0.999999999925876 5.97191080097388e-14 7.40645356620542e-11 3.49474489796559e-40
3.19126707291401e-66 1.57720192169365e-39 3.62495057212091e-38 1.2090132799993e-34 1
1 1.38215073571071e-55 2.03618069218698e-41 6.20353708418157e-43 1.79893554632237e-62
5.50616342582517e-49 1.46791915430085e-33 4.03018606719781e-33 4.46409590442247e-31 1
3.76279091500252e-49 0.99999988198089 1.85214645092764e-09 1.16166963875638e-07 3.22597262685687e-46
6.49128655912884e-46 0.999999999998801 1.45200135620704e-15 1.19732534938936e-12 3.577612151463e-37
8.08797091652466e-59 3.68661547547063e-39 9.69214623051584e-42 6.96654632349274e-38 1
1.37303526207553e-31 1.3664737144874e-11 0.137306352342256 0.862693647644079 1.08960651792149e-27
4.04386752311759e-28 8.69718597052507e-10 0.785601599685747 0.214398399444535 4.47165142368104e-28
2.92340119113476e-40 0.999999989511658 4.75521028108905e-10 1.00128212159676e-08 3.50982935006889e-45
1 1.75689470145414e-52 5.2073035009287e-41 1.40160431088835e-41 1.62237532578542e-58
7.38687482917378e-32 2.48251615545035e-05 0.555015448733335 0.444959726105111 5.12065202859005e-46
2.93250639834532e-51 0.99999837499363 8.49389753763401e-09 1.61651247292791e-06 4.9595031473121e-43
1 9.29202807592044e-51 5.81097955126611e-41 4.71641383884661e-40 8.11457356306515e-57
5.08213422008077e-34 3.22346680155131e-16 0.0272998493702021 0.972700150629797 9.89557613611461e-35
1 1.62735636025527e-47 3.49949081499661e-38 4.54891345401838e-39 9.49006223656637e-61
1 1.55350143390207e-57 4.07049878587136e-43 1.53288337426572e-45 4.1268972499604e-64
1.49564409763363e-53 4.28930402507199e-32 7.09642640977395e-32 1.43865759353896e-28 1
1 5.68113711586655e-59 6.78285468922837e-42 2.34739086469819e-42 4.84547912266352e-66
1 6.58109189761534e-44 9.5870730537576e-32 1.65542356772923e-31 7.730470500968e-48
1.83149797924006e-46 0.9999999994447 2.90611725800933e-13 5.55009096152032e-10 2.55545630813087e-36
9.08324881894669e-53 0.999999999990977 1.92653497221168e-13 8.83075231725588e-12 9.468560956675e-40
2.75721098173701e-54 1.08892385132883e-33 5.07718281722559e-35 3.66659204365875e-34 1
5.30888605549278e-42 0.999999991543941 8.96674402075038e-12 8.44709225537918e-09 1.86943423198376e-35
1 2.751806415444e-54 2.17304321048322e-45 4.14547833471263e-44 3.33156977412217e-67
1.20241512840485e-67 1.2586024836019e-38 5.98515303476968e-38 1.48617201029252e-35 1
2.87689144283792e-38 4.1756356351639e-17 0.0692087572645924 0.930791242735407 9.8410761565799e-35
1.60388064159773e-33 0.000115248655727946 0.000906669151574651 0.998978082192697 2.71147617518735e-32
2.04552491285551e-64 8.76537336743401e-46 1.00594846498507e-41 4.14196683359842e-38 1
1.45961772985115e-59 2.35956791317599e-34 8.19949328047803e-36 4.04006210831122e-35 1
1.79780330249212e-48 0.99999997822054 4.75785931195159e-11 2.17318818515026e-08 4.09165186441941e-39
1 8.37286037680367e-52 6.06597756328439e-32 2.57987660455978e-33 6.47614233333478e-58
1 3.01493841468224e-44 1.01977151867315e-33 1.41047064054098e-34 2.59792618629169e-54
4.34616230018432e-64 6.20503233865255e-45 2.65852518351404e-44 3.08460235315925e-43 1
1 8.82506931366203e-44 8.74638870688505e-34 1.9316116552314e-34 4.11890350187244e-60
2.04747568262428e-46 0.99999999987955 4.34667492904446e-14 1.20406327541771e-10 2.88735231604385e-34
1.63400469184329e-55 2.08726579524037e-27 4.52559002506512e-30 2.30919832066913e-27 1
2.2129198110514e-48 0.99999999998949 4.29108241193104e-15 1.05056472313399e-11 5.33314086343119e-29
4.87715969418705e-56 2.40161697870131e-35 1.351510563108e-36 2.76953125038891e-34 1
1 1.07872928780887e-38 2.4463920935142e-31 8.09499597900139e-31 1.10130103574046e-55
2.49122201889669e-42 5.39178889184911e-13 0.965081374023832 0.0349186259756292 9.33954283145499e-45
1 8.78970280499574e-46 2.36001269919094e-42 2.38268765341802e-42 5.10298062799519e-55
1 9.09904577589826e-39 4.94367621953473e-32 4.74826184285431e-31 1.79769819387951e-48
1 1.22663675034936e-43 1.77747532484424e-28 8.31791923040341e-30 1.31796401895337e-55
3.89118270837214e-67 1.47220445535585e-35 4.92616449944311e-39 6.39957660269191e-37 1
1 3.79074087650407e-45 2.28818691606118e-35 5.14250017916958e-36 1.02188739825172e-56
1.2997473703868e-52 3.80728468552798e-36 6.68225544457956e-31 8.64370798293157e-30 1
1 5.66355823992172e-39 6.75966277563617e-34 1.95015977674657e-33 7.09246046337846e-66
3.51799638748006e-65 2.55624591241955e-50 1.30796237655654e-45 2.6792742333403e-45 1
6.3876150001714e-45 0.999999999954523 4.77817933057644e-15 4.54717401820528e-11 1.61841347842894e-45
1.33243601577031e-42 6.62227784110017e-06 0.261132946623396 0.738860431098763 1.47295862487007e-37
5.51571178739257e-53 2.56784503295799e-36 1.16425040793165e-35 1.18707628022991e-32 1
5.10928592854889e-66 1.44589044548863e-47 4.08068523439047e-46 6.24964391125715e-43 1
3.58215950958816e-52 0.999999999857286 5.9375997914658e-12 1.36776619727351e-10 3.14490534138705e-26
7.67264653812274e-62 4.5854209264468e-34 2.22231912230965e-31 1.01996766146091e-28 1
2.27780653100351e-41 2.3556711040547e-32 4.99459226841709e-32 2.05687595950389e-30 1
1 1.49120560793525e-56 8.59848612917585e-41 2.94941404057682e-41 2.01663880158563e-62
1 2.32131526915284e-50 3.56515173073195e-38 9.33735445566263e-38 2.44851591399367e-63
1 4.53850309768166e-52 2.84124601429576e-40 5.2040315954878e-40 1.77822465580562e-74
1.59250963408997e-61 1.12861101914153e-41 2.35699117122455e-42 1.14753420045944e-39 1
1 6.62747311769142e-51 7.02581506973938e-42 1.38165258848162e-41 4.47820365488805e-64
2.71122223440155e-38 0.999999988987741 4.52543578240277e-10 1.05597158577158e-08 1.74565509824831e-34
1.05239295171284e-42 0.99999999964592 4.74348922953613e-12 3.4933633330826e-10 1.90506234353793e-50
3.90478533378605e-52 0.999999977288081 6.26754311261687e-11 2.26492435963109e-08 1.67058052406497e-47
5.16114033794281e-60 6.11561022375746e-43 3.1896998922711e-41 8.12133043918294e-39 1
1.08119266821099e-26 1.16776238400081e-08 0.0790176832172838 0.920982305105092 1.36034017317048e-31
3.92574062884426e-65 3.90871677354497e-38 5.2137332867951e-32 1.63479166692115e-29 1
4.73664077141167e-32 9.17232757786012e-13 0.28126761182328 0.718732388175803 6.88246686699921e-39
1 3.0641473327432e-57 2.80651144575371e-46 1.68203019674412e-46 4.19557500918933e-60
5.3712318596335e-35 2.21419172051693e-14 0.988923022260005 0.011076977739973 6.05750120120574e-52
1 4.33146819230852e-41 1.40330721643075e-31 2.92279607232817e-31 2.85701771335806e-52
2.3024285574236e-40 0.999999997423547 2.65991025357813e-13 2.57618657689178e-09 1.96168312629058e-37
5.67063686899941e-48 3.25722635412021e-36 1.29805773210433e-38 1.30231341170584e-36 1
1.09106369779357e-34 1.34844159149697e-10 0.161526096199598 0.838473903665558 9.52551525972273e-39
1 1.17838323935176e-46 1.596483689897e-36 1.87715446769839e-36 2.55184435032639e-60
1 6.60466587588963e-55 6.38332582398683e-41 7.82025073976242e-43 5.8415635354654e-65
1 4.66974625686005e-31 3.54790462871887e-24 1.02675330071705e-22 1.34117937268655e-34
1 5.31862209002419e-50 5.0166804899741e-41 3.52858001555897e-40 8.14269986772231e-65
1.57658466297369e-59 2.2128641383954e-47 3.8468155755778e-44 1.95061371881745e-41 1
6.35934225734827e-38 3.19884325908147e-11 0.13471707699564 0.865282922972372 2.72063519303659e-40
3.02101381243856e-50 5.51010542294678e-37 3.15251790558163e-31 2.48745384260163e-29 1
1.02523849585123e-31 4.39666392823418e-17 0.989188247310953 0.010811752689047 6.41847179186148e-46
3.75141800664882e-63 2.21403513974762e-48 2.05511625686125e-50 2.14290880550834e-47 1
2.68892010577344e-62 6.95048420921445e-44 9.31002820669626e-38 1.76822731501381e-37 1
4.40010283437911e-61 1.40979331460532e-38 6.72146342832501e-39 8.63982196487711e-37 1
1.14094353651527e-47 0.999999972619022 6.36183744565146e-12 2.73746165133168e-08 1.83056972934474e-41
9.86672942143737e-52 0.999999999985789 7.54996133428454e-15 1.42037748674807e-11 1.33913311475757e-40
9.42882457220763e-43 0.999999889122915 1.66225698328215e-10 1.10710859358453e-07 6.22509680075545e-41
1.05177720503449e-61 4.77290364421225e-43 4.62778072255126e-46 5.5134631912435e-43 1
2.42101569537506e-42 4.62054527791224e-09 0.756077833241627 0.243922162137827 8.78376698432439e-38
1.22992110186832e-31 2.42070622653414e-12 0.828829862987877 0.171170137009702 5.00348743616322e-40
4.11701085997335e-56 0.999999999999994 9.85013540048608e-19 5.64639756169681e-15 1.14922017934118e-41
3.11147835600807e-25 3.69903382921916e-12 0.00325764409252613 0.996742355903775 2.57046664797613e-38
1 1.39186192462741e-45 2.08873471669328e-33 2.99044948202257e-34 4.12941581438254e-62
1 4.9082219366517e-48 1.52744962893082e-36 1.4405518342195e-36 1.22289982389268e-62
4.19941373718701e-63 7.9360237076361e-50 9.96595836478107e-52 2.14006320331814e-48 1
3.37255116144692e-31 0.999999669557904 2.10216942343215e-08 3.0942040203413e-07 9.53150320921027e-40
7.2387083590515e-60 2.62465218085638e-45 4.06432134493822e-43 1.58448820146574e-39 1
1 2.06935627585305e-55 2.61269463741247e-38 3.62769838095263e-39 1.99532779398697e-67
2.05973688782314e-59 2.4876656138899e-31 9.2006768723835e-30 1.06895584582787e-26 1
1.00426547817712e-45 0.999999999979007 1.35858426639702e-14 2.09792071735401e-11 4.02810092540067e-33
3.68810389653154e-44 0.999999999954415 9.61839007112852e-13 4.46234715191296e-11 9.74441548644912e-43
6.41214788284172e-37 0.999999801957359 3.55563165496212e-09 1.94487008826718e-07 3.92247797891747e-33
2.57288373688769e-60 1.3385111757995e-36 8.2427972161844e-36 3.68929102212278e-33 1
8.62804353665605e-54 3.90902391331234e-39 3.21597156469802e-36 1.51117403994158e-34 1
7.84452004554113e-39 8.43256058673575e-07 0.0174963937180184 0.982502763025923 8.96550405342416e-47
3.58054186921035e-50 0.999999999953139 3.00970604049243e-13 4.65604316397312e-11 3.01126210646001e-43
1 2.13558988508182e-43 1.63579967952806e-35 1.25002818301187e-35 5.85830800041884e-65
9.02002461093584e-30 6.37235686746298e-11 0.423351593272838 0.576648406663439 1.59145166194839e-24
1 8.94662406916265e-58 2.16798966810446e-44 1.04370124909091e-43 2.52386190398659e-73
7.95660944739591e-48 0.999999936408849 1.98309067480676e-10 6.33928421217722e-08 4.13818576887426e-35
1 4.81300687384004e-53 2.46975734731759e-43 8.18921066929166e-44 2.6415364736832e-71
1 7.92036064634579e-43 6.44205637805484e-33 1.25932624622721e-32 2.57729714136314e-54
5.02807333187199e-48 2.89044801005887e-11 0.975932570935316 0.02406742903578 3.41450822019649e-38
1 5.75267850921418e-59 4.17755320448768e-43 7.06123424809044e-44 2.14988486607281e-67
2.30105876902969e-38 9.130022151231e-12 0.240634656405353 0.759365343585517 4.00365140809905e-34
1.40000205360861e-32 1.38232295934454e-07 0.694369533475312 0.305630328292392 1.73412864529702e-32
