"LD1" "LD2" "LD3" "LD4"
8.89845729411776 4.55739616140771 -0.2141075878336 2.50611426698918
0.708798825623006 -5.6397978567212 -1.40012914003301 1.44273148062253
1.85489387455449 -7.04172462251067 -2.58833052227552 1.01512550254149
0.512683611018472 -5.14092205788929 -1.83666039042069 0.771478390371101
8.42022866115182 5.83434558131628 -0.65501629935404 1.30653946517818
-8.32431200965388 3.39472995303888 -0.966226214522178 0.475325007029131
-8.40022493681584 6.53854663575434 -0.862027141942524 0.485488089148838
6.5237032556676 4.13867043308511 -0.726299135433561 1.88179978917273
-0.801099228830293 -3.13544083605027 4.81359934421111 -0.569415142200292
-8.30142262660214 5.4576348219752 0.37051265169611 0.308351477981141
8.7968306178082 6.66050782802692 0.821310161872837 -1.88870861946536
8.87451737500796 4.73915059992389 0.797304067407265 -1.3779666037643
-5.81670446248528 4.01315007558342 -0.238022069146219 1.15964608177883
9.09906412734444 5.75453037927422 1.88886291354504 -1.22474837738076
8.69659988595972 4.88228423958699 0.335113647515593 -0.707309929054808
7.37984266742949 2.88205798397753 -0.323266875588816 0.409646577444754
-0.73838477939289 -7.03991887677041 -0.458421578988261 1.34288572945227
-11.0753853853912 4.96505103127147 0.0826081948742533 1.15874614859001
2.82181789267325 -6.55573322908125 -2.00593069014538 -0.258914498852379
-0.118379833936615 -5.26495621449962 3.9596246431652 -0.987494266109577
-9.44692099134433 5.34267538938456 0.542803436612851 -1.34924408575929
-2.64264436521951 -3.08324442655698 3.43693257776704 2.28577319585852
0.328549962457655 -7.60909398007348 -2.62660619095909 -2.21720470093571
0.769157638883593 -4.18387450322032 4.17462879198499 0.5654718933749
-1.54082997266777 -6.09500931720788 2.62060741766227 0.991712932848735
-1.43061290557011 -4.45076474266653 4.5213539003895 -1.17763023562391
6.9504654890968 4.73452074096764 0.00842721931017043 -0.961336493537733
1.42288668539727 -7.36027583287376 -3.24035588551634 1.41191141525307
8.11016372637216 5.10390386093431 1.16604568821992 -0.307180942396446
8.84197920584018 7.21667572361918 -1.17593752219471 1.05526789458439
7.64408523908426 6.39350383352675 -0.448823275391602 0.127045638675863
0.728043808981043 -5.13506946712884 -2.38410801859502 -0.204346582143793
-8.56755376502082 4.85307226131717 -0.147274259511942 1.48295046145934
-9.59420183757364 4.87999074459026 -0.861435871046807 -0.328701864701976
-0.362440645243692 -7.05858604809141 -1.65958679964078 0.0616271127188593
-0.0433223452908163 -6.13475407162128 -1.79983443513223 0.59908184987295
-7.74931417485876 4.10009962898096 -0.901991854857274 -0.675718800600351
-8.48506903229823 5.75309206357811 -0.828472588610931 1.07488874988427
0.451239153379533 -7.167248930622 -2.09223987043291 0.0676310747313979
7.0956097549944 4.87344793194757 0.224028297815847 1.24193377337556
-10.026123877103 5.05818421278634 1.21924191209409 -0.0612829640884049
8.16874363057848 4.12008313927623 -0.332709478980366 0.0172532700456805
-2.3145889084635 -1.76435166249364 5.32825043663053 -2.0520187254417
-2.15009383480043 -6.1367636865172 4.39124271008906 0.829257653453632
0.935501717027736 -6.96231603938579 -2.74064384321391 0.0154199673153841
0.921517581420202 -5.61409792518982 -3.55577249030964 -0.13333466496701
-9.39613946493784 3.88246550696573 -0.0641312209758825 -1.01357048114928
0.506179007662661 -4.34842597001713 4.29796847363633 1.15204314412471
-1.23711460279779 -4.99109953401875 2.48971814518833 -1.04037088928368
8.19062456039857 5.72000240512305 -1.05786960394025 0.547887289923487
-9.02477219876213 3.96963569832971 -1.2795936203757 -0.166128076252532
6.85694840261916 5.1148846356628 1.474875095681 0.371966823416795
0.183601196921405 -7.26155432963355 -1.49483623223334 -1.13690308475267
9.01561572091105 6.05273161167654 -0.506445195789701 -1.55395208529636
-1.65566814941621 -4.41644959641972 4.44568767521375 -0.19541196265141
0.121869199616529 -7.40660649463328 -1.27058234576887 -0.575839780177421
8.70898797335914 4.80457579311908 0.426540533327453 -0.638682317400262
-0.01737526570369 -5.10569647135606 0.972752757005116 0.743827152886112
0.0420725489772509 -5.79466531775362 3.1760987700502 -0.69418545755163
8.11679162549915 5.01548968241643 -0.175341629293589 0.481591889481808
-0.491523515889006 -4.18870450406409 1.41709205846303 1.69436226081631
-9.57059139209613 4.76843634475633 -1.25710928834768 0.666933060027375
7.55234758127007 4.60229919311484 -0.54856361683096 -0.127212985991902
-9.25013483594126 3.30068794752891 0.0440790077496011 0.56434549624168
0.626155251241276 -4.10635008320321 5.60310607958309 -0.300915380827074
-10.7024775398811 3.68730748000103 -0.878920147720069 1.18887801254152
0.872584246578886 -6.14759363111619 -2.61005244010035 1.01655851862284
0.494685138183585 -3.75481752964922 3.97389407606322 2.69410519361838
7.01957420786925 3.87545845950833 0.404702445250861 1.22950233354923
-1.34018740407138 -4.35140312866254 3.84234522529139 0.310785116217299
0.221250733328433 -3.82321646037908 4.70055361392686 1.37788879174481
6.87536064875172 5.97715457134602 -1.97646165920056 -0.679094451501778
-3.301369258366 -4.17818400607231 5.70151704687504 -1.75672744659441
6.83680719242781 5.12733274347905 -1.47000753715353 -0.429760868471339
0.325532905811269 -5.28192992476153 2.28638311607929 1.5362324218404
8.28918081058222 4.27341494762374 -0.874927601128733 -2.10353317828085
3.56191814184377 -7.9164281689884 -2.80970809061934 0.0794395866149085
7.83711596636747 5.05123494012175 -0.540812069520359 1.82244683778571
6.51246608319646 6.40056226710231 -1.48543620931034 0.724685950216245
-8.22211317402912 7.05932021575231 -1.38797824170225 -0.50160939062694
8.83902685987226 6.0491971520202 0.458492191478655 0.849955693503877
0.0491315964241879 -8.31135580668525 -1.23406578761803 -2.15789275371112
-8.95689285705332 3.41092440474194 -0.162242879980226 0.573773914057893
-5.92689948528663 5.06618723137659 -0.60749381851935 -2.20056923961752
-0.237862102913914 -6.20535146435904 -3.49873875649037 -0.449951851420746
8.38618645435706 4.93429961463292 -0.394959011523869 -0.65086133084774
1.23326720839607 -5.84753851090975 -3.4818001544255 0.599573912302158
-2.90960701061288 -3.60565993628993 4.06128193402968 -0.696035273562248
2.08264280005271 -8.28600394928057 -2.4981160336868 0.407848055795672
0.432900443106336 -4.50480956653112 3.29121147724254 -1.38581138348311
-6.90961400232161 5.13748361675159 -0.257456878398786 -0.643001108960761
-0.0536379947968116 -5.39665800600691 -2.7165664886921 1.43750703786822
-3.23393610508319 -4.61641349081119 3.98756961532804 2.77474908105813
0.660754071253968 -7.47389090449125 -0.526870158302521 0.283365684785888
-0.50181862532754 -4.06135150945804 3.73770640351368 0.339949610758407
1.65629104671817 -6.60093791842394 -2.72315457881521 -1.47063838006036
0.874984177858747 -5.55253914605834 -3.7827225197177 -0.208833038703287
-8.66150883915289 4.66893261428756 -1.07405828197081 0.341057288972848
-0.309579601709848 -6.44492497514487 -2.56623071533095 -0.736231155635317
-8.76832925124504 4.61506616473221 -0.864693425738372 -0.0832210493690678
-9.21347403509376 6.73150201664566 -1.1884273514822 -0.658907678600588
0.292214424932301 -4.76669264177793 3.1353629756941 -0.907412428914726
-8.66941605074608 5.38380192121797 2.04996120716256 -1.08073108532803
0.737704950101673 -6.84716840884674 -2.4284402727444 -0.96287855904123
-9.71133884325033 4.91488378663126 -1.2083284024961 0.178790615179059
8.47620169991511 4.53480577377726 0.14574663193676 0.138284082524178
-8.33545640170317 4.03521941370312 -1.16011397926334 1.00847282490754
-1.90162288002361 -3.22400371069222 2.94667361390622 0.460434567791798
0.0860790673685737 -5.95100658789936 -2.52726096330018 0.608874283342477
-8.75856520211307 5.23045553263171 -0.562155216754047 2.22182789736987
-8.77063112032841 5.84501301179032 -0.59136638056847 -0.348311976316795
0.0522929660084847 -4.72499743025577 -1.89341710967025 -0.651133896364397
-8.4706035246564 4.80321710829232 -2.59998452547897 -0.0853492025536074
-8.79950938578229 4.05455874830574 -0.934591242827316 -1.1133994669576
-1.82615090572255 -3.8870227881657 3.50129891369154 0.301180552520294
-2.74729155236402 -3.67238381089335 4.1065641851066 -0.0581275232441674
8.92252459807498 3.55429804391673 -0.495654693971697 -0.482408198055705
6.02006149166489 4.01016097337166 -2.01330578092399 0.428603304650598
-7.36434198034441 4.24583894655868 -0.48183631635106 1.43425352492392
-7.97446742181198 4.24785825274857 -0.581069019050742 -0.1765373423636
-2.09676058137581 -4.51113587511901 4.96128135313637 1.66937372817017
-8.4625184697086 4.64119323936471 -0.886618887212765 -0.860836584097894
6.2073642954962 4.16825016251192 -0.143245019545804 2.7029972347567
7.72319904107439 4.42209219782396 -1.6972999026864 -0.324365588217141
0.312849177567813 -7.48368985328342 -2.25972175713305 0.273184103138926
1.78875743939022 -5.03125698223241 -3.29326814411741 0.370324799655478
-7.1494265769269 4.23066639754596 -0.51365093256326 -0.553114676717463
8.76705426013111 5.01847767797421 -0.268901720705496 0.22123271437799
-0.681700256583948 -4.62289254829445 3.06612797663894 1.18116712969579
-8.56268747600381 4.88031251001128 -0.336953730112701 0.129850717853384
9.06022405364627 4.95581820403794 -0.21070237435294 -0.200363190665943
-1.51101654482433 -3.30193072112082 0.376025549281047 0.598982517305713
8.94946178602963 6.96450776694361 -1.23654364189132 0.727436163732393
-0.336053967952217 -3.3306851315128 6.19174376227032 1.68784488230095
-7.28178657126533 5.47574311551785 -0.635360511998739 0.926089290733873
-10.6049721037468 3.50739079249565 -1.04779294572213 -0.656719631777402
-9.68477404659017 3.9775473443053 -0.730422204441425 -0.348560341764783
0.130321056805265 -3.99825958930503 -2.00930957706578 0.949931395567704
0.993681017179411 -5.77164132880949 -3.6527276393019 -0.836141015563693
0.283984977500573 -4.82755371079913 -2.33612991403256 -1.12449326292612
-7.91571793032193 5.44526530518315 -1.37411052495153 0.163902440133318
2.43097289978557 -4.95418514410595 -3.06398422219028 0.509818061180557
-7.51638731255044 5.04109338639893 0.501669461848201 0.43325575049942
8.42286144438378 5.9606129909386 -1.16905141552745 0.279859771261148
1.27332141421836 -6.50262765750659 -2.6219205286908 0.412516675719777
7.57550974580529 6.36033102350493 -0.0160536206896341 1.42344800345645
-0.507567644843368 -2.9092816255203 4.02557988023614 1.78064232660083
-2.34132935615936 -5.51249289484312 1.83655731186474 -1.00515849968588
8.7701072948723 5.63442941335916 -0.741730272229802 -1.5024360688138
0.0172505869279864 -6.77074039839897 -3.49814667952508 -0.153401851716571
-8.57294906966068 5.22649044885261 0.0711089834509067 0.070328040749994
-0.314858559841182 -4.12795869217061 5.58784941098142 0.0612531516507715
7.77353162188782 5.32243868990677 0.705328607163536 0.650264489674203
1.37065244707921 -5.99788865996898 -1.44321089156846 0.15284094005321
-0.233905436061224 -6.40485396977319 -3.60372663037031 -0.571764816639802
7.22799104459789 5.89104110145855 -1.50371740985155 -2.88126861600092
-8.97081516497842 6.4771794708101 0.33652740419714 0.649158623021345
8.15664766423198 4.29430114839501 -0.0670666986549312 -1.02854904711831
8.54163197124859 4.61258779212979 0.674935233341803 -0.647886598173625
7.25365693023547 6.41129305047574 1.33885395483746 0.608406394010062
-8.46974391391495 4.08995314457652 -1.68038207066597 0.565349082382623
9.23189793023984 4.40562927629703 0.93050659411627 1.44789012802893
1.16845458241919 -4.95671919187456 -3.73984679673236 -0.524171727284331
-9.36498263054409 2.62065712534549 -2.1018671314479 0.185618488547063
-3.33871083904653 -5.41145271219184 4.80698836067925 -2.19304306700582
-10.0651677989346 5.85990875597157 1.20753019489842 0.386386097462941
1.17387274643604 -5.97899942801115 -2.60728235999422 0.40989457114126
1.56434052629558 -5.92721809923117 -2.32473251114516 -0.56349274631346
-10.0289579973495 6.21889678544263 -1.11698244449486 -2.36049348603423
1.3220812321468 -5.51696577602902 -2.73860066268025 0.75692442900522
0.813949117332267 -5.36647088454465 4.61111670521645 -2.20333268859283
7.97542276457653 6.06788562677182 0.637431235502858 1.59172181170142
8.482182637976 4.26547198842576 -0.430768664188747 0.738232234028855
7.13291387030972 5.23448208593258 1.16210832967432 -0.410981029996495
6.84812378163435 4.40042087519194 -1.18279498224812 -0.82898534387229
-8.16706998961742 4.52144329938908 -2.79359415539355 0.529708783656656
-8.45621981255449 4.53587599734743 -0.463881420674202 -1.18975739656281
-0.27158804980575 -4.8474847812405 4.42661866040874 1.36794113357965
0.9230959732236 -5.93803254557198 -2.26537902946838 0.954939834055947
1.98194043992902 -6.98032046599969 -2.99712916350216 -1.77482049850383
-1.22274305551516 -3.08538746517927 5.51566053678346 1.52281363045635
9.20621521099828 4.17394745332387 -1.56814475337514 -1.87500700225639
8.62797275649325 5.51538993041916 -0.398602701932725 0.538738605642492
3.05198055368217 -5.31456514644237 -1.85677599341219 -1.37473429652622
-0.279943597149833 -4.08311795110765 4.59977104888599 0.32198197082084
1.17487607927415 -4.50483242797333 4.3094160461678 0.66189598424417
0.537886536901553 -5.6497580117394 -3.87480866319621 -0.33249613496837
-0.0257923372585945 -3.16836216498919 4.54167517306919 -2.58505749464084
9.45615386372575 5.33945880114647 -0.650508159853191 0.819051284637793
-0.878594889602131 -3.88958895071504 2.81639848273207 -1.27527444445673
1.05270047570931 -6.32539653252534 -1.93947502127908 0.190415877388079
-1.61635109686738 -5.06494518691605 4.58348765717117 0.530350206603684
-8.55543237722899 4.60748199292492 -1.07749183403169 0.464689379358195
-7.91391373352956 3.73112892474379 -0.488344337485 1.14666061415488
0.723812873772277 -5.81350407183934 -1.36076274020356 -0.567019533039886
-0.350800308990506 -3.8893268658864 4.68955426780566 -1.8894244542903
-0.617384117620776 -2.40950849227452 3.94879167898849 -0.433058856005444
0.527025464033731 -5.00000895351847 -2.01633128362989 0.249903317737312
-0.563755901632776 -2.781598670852 4.20366897768345 0.594552423598754
1.0735639921498 -6.8239696996789 -2.60497882482231 0.56560834483505
-8.98994576406506 3.39556590650416 -0.207325627773546 0.172050281846594
-7.31335974139174 4.31279215616958 -1.13914795585199 0.796535968150884
6.51961010610342 4.69292616252409 -0.0819054291967956 0.287713116569595
-0.171338913825239 -5.52124673063282 -2.10503889368943 0.924828229389921
-9.6344731024086 2.12292212425991 -1.51691915065208 -0.21972138137395
-1.41056895757878 -5.56819045976784 5.01579213366553 -1.93491248481297
1.01839665074011 -7.37220868137096 -1.16291151375156 0.510817834504562
-0.428062732962643 -2.68408497838992 5.32076518339543 -0.431231162139007
-9.29398345666397 5.92022050834024 0.00175436694850871 -1.04403471687489
0.344434210046398 -6.76338524574405 -2.71070735900039 -1.22931076763712
7.73091769128443 3.23775370841683 -0.460859234016072 -0.25541394431897
7.70099940120619 5.21386976125711 1.51875972916981 -1.70074297675734
-0.315542177931177 -4.74420910875197 2.32532480037685 -0.42580529999185
-0.0826962414509702 -4.36498329822611 5.49586060497168 2.71465126365908
2.07117514048633 -2.94794777210996 -4.79934450119231 1.9439026144208
7.65334723267487 4.63776417426176 -0.654881417143181 0.201334300712073
6.87104408872621 3.58211194145895 -0.846101583511388 -1.11004862341383
-10.5633472063106 4.50103768962674 -1.14039041328419 -0.0807637458592207
-7.90170754003969 4.61893238084953 1.90422906376412 0.470857441379079
1.81785478456252 -6.14598409510994 -4.28254315021245 -0.156258987410702
9.43157899803061 4.19324249203931 0.513744222761731 -0.0633140260001958
1.79534947542901 -6.13348575565023 -1.27810893825942 -1.40325105130868
-0.0703546704244637 -6.06669007327771 4.12997309324702 1.60178307838484
0.675004186321035 -5.04940012207645 -2.24100352228278 0.116897511749662
-9.32617530303998 5.63850161583053 0.0127066597372796 0.279549436753774
-1.57899550744539 -7.30529374383091 -2.2896218667473 -0.194280045327745
7.53121574373126 5.56431402310541 0.289908845290257 -0.354630804967192
-1.28914484721917 -5.78946260666403 -3.91530834674292 0.434960454538091
1.96642533255594 -6.50691429880839 -2.10117398847586 -1.51285907002756
-0.962784967827584 -6.40740660471872 -1.98889063731275 -0.667484848721048
-0.275655396247572 -3.96896103905704 6.69114983502052 -1.89192652057767
1.63609802460791 -8.31813909841106 -2.84953716513518 0.546176176331083
1.82386544226682 -6.32785253634514 -1.86044137745217 -1.40853559830778
-2.2368727737847 -4.05661027761909 3.67827441752121 0.432109844367483
-9.89294776458308 5.38720561456234 -0.00770573543907016 -1.60895889660705
0.750335464298131 -6.08983284611358 -3.67972028072514 0.111164598095097
8.49766345333094 3.47327867064114 1.49599443040071 0.904162363797629
1.067989941724 -3.6022433038253 -3.05373578157007 -1.66138251490059
6.92673363537718 4.60795708925504 1.50713102784273 -0.539301752737676
8.11552316825316 4.05212893187775 0.348366594580808 -0.144583804559179
0.507096327101625 -5.32335190168856 -2.36223780127208 0.28748230243213
-0.660994061896048 -2.37336331730033 2.85667426776213 -1.63897964329027
-8.27052859900352 4.28703292109269 -1.10597516500513 1.06907967088834
8.58176896695699 3.75796384057568 0.859252320515893 0.550187437213246
7.01839998110607 4.74957624054461 -0.159824376788803 -0.266729772532849
-9.91107369747157 6.04028523088072 0.353930619777084 -0.359121005327686
-7.88638371912697 4.53344958851208 -0.703261061496627 0.0243202888132158
0.305955379935091 -4.56230906986098 -3.58690384435591 0.546083924884295
0.139721061901159 -5.45461292252426 -1.02995706131533 -0.772465160533332
-0.953063961419475 -6.37984264310993 3.79788570050624 0.434127836611946
-0.0111053367558411 -5.83079568901964 -2.91223668426183 -0.60594651414338
-9.19980657433842 4.48653324834242 -0.391802519775334 0.00514475150194173
8.40031243684182 6.75765880971774 0.459099253619428 0.871037543201397
-0.122112920034124 -5.46762739594275 -2.10607059026632 -1.30052868772133
-1.94289565833004 -3.95306739286251 4.6112604430796 0.531257488263923
0.27989758383537 -7.84671632155933 -1.38531471567316 0.149722700253794
-8.33562884185011 4.11297813256016 1.02200024392362 -1.18492286688611
-8.83228701333981 3.84108629604132 -1.49125095857925 2.36937165751877
-0.218477410547686 -5.83641525365461 3.12623094584867 -0.374777011142434
-9.1976176676953 4.66469833912688 -1.24507096669885 -1.33793827546554
-2.33656566898887 -4.2081797463492 4.53537244176592 -0.603586874218258
8.70921294890225 3.71020690671599 2.74851737035508 0.871009080868276
8.51165664157073 4.95500441467633 -0.423869732926569 -0.601801738146183
8.70996450323409 6.97524637192418 -0.632828400910715 0.160652219124815
-10.7271259596075 4.00240976118071 -0.576102015236175 0.420209042847658
-7.80489575382743 4.94742443139629 -1.54548825746144 2.14055967092713
8.04534524465929 5.07026751328415 -0.692173852940513 -0.0839007045651507
-9.42124853924197 6.33455214688228 -0.524327769156422 -2.52860782321446
5.28308775794846 5.17473743097103 -0.650885721630758 -0.395859876579134
8.14251659227929 5.19742372259044 1.95975131472049 -1.25081436225386
-2.21192703982162 -3.90042828246393 4.98673603286174 -2.52090063763662
-7.74214437687118 3.52725980430769 0.228313092544605 -2.79026194404395
1.39068318204364 -8.25217907511105 -3.22847960408488 0.227410909297492
-8.96813014037507 6.1507095063824 0.359538524155109 0.607728585090427
1.10638351264276 -7.55714851262733 -1.98577211862448 0.462153725645879
8.73411486397732 5.61274616409163 1.62690563623576 1.99122148387609
7.70724785997025 5.9849476952179 0.832767793985826 -0.604287904059325
-0.066523214010595 -6.44708147213939 -3.32809808103797 1.32685272162896
8.73185273250259 5.05443992465695 -1.4594142222506 -1.98170346819423
7.0376955031882 4.29205034070106 -0.638600176740352 -1.54369689556716
8.41090090642327 6.70095392844145 0.29819800580055 -0.282190133047922
8.16230358247982 5.75291066109179 0.172388920998158 -0.00803404213027621
7.34512622893416 4.67723541637279 -0.354571276335517 2.8145886025004
0.802930490211961 -6.5799131748956 -1.49360037523586 0.379261224404256
0.771505934629027 -6.47108085247764 -2.05856505792202 1.07802279808181
-9.48640132257586 5.680495420955 -1.81212644000076 0.989269823257669
0.852176071185512 -6.07884036232558 -0.856146083992679 0.829098553505264
8.31883497887316 5.69725524884409 2.7397309419243 0.0235149830665109
-9.47856032335137 5.98447827879853 0.625844114971096 -0.232975190013581
-1.67001322324393 -5.07750260425668 -1.8582006236768 -0.560915217845275
0.708927739058196 -6.54461354434184 -1.6820312930657 -0.402457627798598
1.79197373115473 -6.50644609099621 -2.72031967984693 1.03333427728962
9.76906028273628 4.31587609549311 0.680544043770639 -1.24164535117944
-8.45954813639237 5.28812666012502 -3.06688584159087 -0.964497692394837
5.58269987182925 4.6091794193088 0.899639483896428 -2.12224504304462
7.94522806813888 3.01816195534945 1.40421626562123 1.44152962641541
-9.60650424737278 3.46529599909078 -1.55751849514182 -0.831518954105708
-9.92669168817178 4.49994153249254 0.18528697237292 0.571244721687361
-1.3694874901922 -2.97109858379286 3.00785669804314 0.59890459462271
1.28277766875554 -6.20268748402669 -2.21947481623109 0.000631648413968904
