2.48131979984406e-27 6.82534567563789e-41 6.04063859849524e-37 1 4.09225668087607e-29
1.44388168977089e-43 1 1.01875208659955e-41 1.62636724009399e-72 2.30606560191449e-41
0.993054998003794 1.07115738811195e-33 1.83333579975886e-13 7.86693457917994e-37 0.00694500199602273
0.898516571366389 2.26077850025924e-29 2.91619965414478e-09 1.53081936365407e-27 0.101483425717411
3.83391958779551e-32 1 2.62938805465723e-32 8.78809001007883e-62 6.94215211254534e-29
6.72609898761764e-16 3.34621082797895e-39 0.99999999999664 2.68453978985341e-53 3.35875959189281e-12
0.0220768463935223 4.30748878570663e-35 1.16681862927786e-12 5.65277538552775e-40 0.977923153605311
0.00405674973769592 2.51858001096196e-41 3.13661843366218e-12 4.00284134541075e-25 0.995943250259167
7.61466348967739e-11 1.06872053419663e-36 0.999999979554219 4.06515035862576e-48 2.03696341980021e-08
2.32877195800844e-38 1.58342411082169e-55 1.94698195261234e-46 1 5.34666217219954e-38
9.11584399441492e-35 1 1.03813140403425e-30 8.91684556586148e-60 1.14417729660254e-32
1.75514564823338e-38 6.5531744542326e-65 4.00584791102115e-48 1 1.02187761875626e-39
2.32958822048803e-36 1 4.6371236713827e-36 2.14409030452463e-54 2.90009227396607e-35
3.42847506248953e-18 1.60760204766862e-49 0.999999999999996 2.31268072637782e-60 4.53998417911123e-15
6.43885666123441e-42 1.2920809507746e-68 1.66757617391327e-51 1 8.24799739456997e-42
1.11519105547725e-30 1.97547889565318e-51 3.55959335551596e-39 1 3.40945313200545e-29
7.33881264293581e-12 3.43354236172853e-53 0.999999999284199 8.97334014157469e-43 7.0846263778267e-10
4.40073811461346e-31 1.22461614940356e-58 1.04827188850046e-38 1 1.83496791277844e-30
4.61635139220288e-35 1 1.74635810566155e-39 9.0261282002512e-68 1.21826386776439e-32
0.0159163151021502 2.98628293108992e-32 0.0232178415175692 1.75947980791876e-23 0.960865843380281
7.00586269849287e-46 4.79575505870568e-67 9.60094639218798e-54 1 7.383239974374e-45
3.46438909874464e-11 1.0819055909626e-41 0.999999997191658 3.58144233174028e-48 2.77369801038405e-09
1.78742105901256e-14 3.30608577826908e-40 0.999999999943652 1.10727890247381e-47 5.63306847513812e-11
5.17112369813488e-36 6.931894028521e-58 1.68364234222626e-49 1 4.891824846784e-36
1.14842458232243e-31 3.95987496929601e-65 6.46209049540459e-43 1 2.33457852804762e-31
1.14667578610483e-43 1 1.36047630662701e-42 3.44990087721704e-71 3.51364892121956e-40
6.51726462659968e-16 1.24343962146045e-32 0.999999999999126 9.84713637970984e-47 8.728867483027e-13
1.16063250222344e-41 1.84612859629734e-70 2.05202671681789e-59 1 4.10104330439115e-42
5.9234519081024e-37 1 7.49825403186258e-33 2.63850872328065e-53 2.08253843647724e-35
0.972634836869664 4.66630827691301e-39 8.36387942295088e-11 4.63116223790606e-48 0.0273651630466969
9.69671007472037e-17 9.51928136792895e-47 0.999999999999847 8.27636440349759e-63 1.53483690841436e-13
1.94461171014199e-50 1 2.17672069333072e-48 1.8884505060093e-69 1.47883522490574e-49
1.36745386893655e-40 1 1.01595732782021e-42 3.5726068662884e-63 4.85159180273681e-39
1.97899204867505e-10 1.42053439050747e-46 0.999999993749628 7.95209897999676e-41 6.05247249751333e-09
2.82327279238162e-45 1.44033020894897e-57 2.27023415309115e-55 1 1.08668692973357e-45
3.10558119990207e-28 1.10649800093328e-54 4.42395238509289e-45 1 2.10455620970827e-28
1.39445049100102e-19 3.68596910627966e-23 0.999999999999988 3.59931173354427e-39 1.19506718998952e-14
0.971600393563044 9.22734532743888e-38 3.66788906377089e-13 1.76101052069165e-38 0.0283996064365897
2.85836529454316e-43 1.55827707067737e-69 6.18482839182263e-59 1 3.42305627803469e-44
1.13564503420858e-13 5.34375217617764e-45 0.999999999997319 1.53874480473951e-48 2.56710543348152e-12
4.03083304711231e-10 2.08852665300293e-31 0.999999566293445 6.9110344438904e-34 4.33303471546512e-07
1.52598537660184e-45 1 1.08492038636407e-38 2.40609464292542e-70 1.54972798434341e-44
0.69651137411982 1.38846114085555e-40 3.06379409237787e-09 1.21326807323955e-42 0.303488622816386
0.00280956454841755 1.00950663733011e-36 6.02881730590589e-05 1.42758726422671e-41 0.997130147278523
1.01092280109245e-39 1.74293919281638e-61 1.32989214619401e-49 1 9.95067342203151e-38
7.16397881405428e-29 7.18981976326411e-50 3.76968985475101e-38 1 3.10167208927855e-29
7.41297270308851e-11 1.32074853527242e-35 0.999999934891591 8.85875839939477e-41 6.50342789432328e-08
0.770171631165933 4.59805532961574e-36 7.70144633534771e-08 1.84932936794217e-32 0.229828291819604
2.84774793773419e-42 1 6.36038709184222e-43 1.33020513419053e-68 1.65138035045283e-41
7.38340747693507e-17 1.51730245862179e-38 0.999999999999828 1.85267685129543e-48 1.72168812046972e-13
9.27944273468486e-17 3.50303536478508e-40 0.999999999999972 5.83926173435112e-45 2.76781988337714e-14
3.49614760395449e-47 1 7.51485226478959e-46 1.61753563497372e-59 6.15362587327714e-45
7.90045068935899e-32 3.22278166704086e-51 9.61208984719001e-39 1 9.02691352452359e-31
5.42128588835624e-11 4.52420273230447e-35 0.999999983251637 2.54332635290434e-40 1.66941497761583e-08
5.45958560589302e-15 7.03034513683386e-43 0.999999999992452 9.68251338542825e-52 7.54269258505027e-12
2.1023038463352e-44 3.29230501113684e-78 1.83924463289716e-58 1 6.57952759977671e-44
2.53888684912588e-16 3.9989465356195e-39 0.999999999999974 2.89932340804816e-47 2.59510761925431e-14
4.29343561831264e-18 4.58448791427527e-45 0.999999999999932 3.06887775177531e-56 6.78682596381496e-14
7.25517067204541e-41 2.05329757338066e-65 2.48972647486989e-54 1 5.57940622224402e-41
1.12234359953915e-36 2.0062522475306e-62 1.49294410206242e-42 1 3.2347915449487e-34
0.0464339091142081 5.16358871801909e-39 1.55880495317253e-16 1.10868343006263e-33 0.953566090885792
0.442522100038677 1.54897876979389e-39 7.2958135242201e-15 1.03183685312989e-40 0.557477899961316
2.17666350469477e-34 1 1.68774649031705e-27 5.14254194434574e-47 1.61278227237912e-31
9.06836835700159e-41 1.44292602299717e-69 1.93720084523699e-55 1 9.74195650464325e-43
0.994730966542142 2.30745301592239e-38 1.14288820963262e-18 3.32280876818181e-25 0.00526903345785778
1.93325517119897e-10 1.21296608916645e-46 0.999999997224313 2.88969933671356e-49 2.58236173806094e-09
3.13513783460179e-12 1.09386230777092e-27 0.999999999969725 8.84346013436395e-37 2.71403001325566e-11
1.94390067052424e-42 1.20014717533838e-62 4.109726044668e-57 1 2.73416136036746e-42
0.122318996070873 8.46460458680909e-33 1.85664828000948e-12 5.76659968803327e-32 0.87768100392727
3.18706377343953e-49 1 7.10909307193126e-49 2.10162033163908e-68 2.4353129329342e-46
0.0773822652007035 1.12696488759738e-34 1.26021137235106e-09 1.19740613255664e-27 0.922617733539085
4.2604668150565e-57 1 7.50198377418962e-53 3.83242660235596e-68 1.17691081073474e-53
1.09433353343003e-40 1 6.15936417948972e-36 1.77297163319732e-68 1.2072150436594e-38
3.63757981114929e-13 8.53937725134823e-39 0.999999999887061 2.36506290041704e-49 1.12574856224518e-10
2.68257594074074e-10 1.69857948931504e-39 0.999999997196147 5.9843758806616e-40 2.53559580496473e-09
7.16632329449899e-44 1 6.09975098133674e-41 3.60116432092486e-56 3.13093452087847e-44
1.54166442669867e-10 5.90826374961952e-37 0.999999484170694 1.31768709812566e-43 5.1567514006438e-07
9.13546501722774e-14 4.1101856741321e-48 0.99999999995378 1.89404894894247e-51 4.61285041131319e-11
6.59968826359057e-47 1 1.28441437450662e-41 5.03211211606089e-67 3.73023706949572e-46
0.175616867507198 1.92428538301275e-41 1.24410408769181e-10 1.10884168020108e-34 0.824383132368391
5.41271509093913e-13 5.8107419650777e-46 0.999999999842372 2.18603612148312e-50 1.57086576977811e-10
0.895167103301789 1.34441427667154e-43 1.01881460372253e-12 2.39699278611016e-36 0.104832896697192
5.03541012268462e-45 1 2.92310581008261e-41 5.14900974494057e-51 4.26916926373321e-42
9.12232485084036e-42 1 3.14683170484928e-42 8.64607899080909e-59 3.86343244188569e-40
7.02843661430183e-39 7.87454140873577e-58 5.96014714260757e-42 1 9.07562825446307e-38
1.0362351472447e-36 9.85667144928306e-65 5.41910761428562e-48 1 6.92113483870883e-37
3.64637442866044e-16 1.08437769998829e-34 0.999999999999926 3.55649317021136e-44 7.31658359358119e-14
0.980847078328157 2.75826862537507e-49 1.56809485269776e-13 3.53216248411943e-42 0.0191529216716858
3.26458766486318e-16 1.80877645879947e-38 0.99999999999986 3.9989553422535e-46 1.39675495403465e-13
0.0937360635608752 4.13393220705599e-48 1.43721577766213e-08 6.45910386696322e-44 0.906263922066967
4.28800624573106e-41 1.16515194880053e-62 1.44972772007841e-55 1 5.70238679570251e-41
9.00454139666918e-41 1.68735081439978e-61 1.64528507075366e-52 1 2.9609247696234e-41
3.24098089037191e-33 3.00785330799883e-55 1.64395083571789e-42 1 4.18707031899072e-33
6.35666327369255e-40 1 1.60350821924253e-36 4.24578516085136e-63 1.35930338116737e-37
9.26409829889106e-42 1 3.74261507953285e-35 1.5268493095631e-59 1.79441181689357e-39
0.0183716464524976 1.79896555989093e-47 3.03106891043172e-06 9.92730281713929e-39 0.981625322478592
1.97182199195398e-46 1 1.64910258865021e-43 1.02194459427905e-69 2.88302613132104e-44
1.43440814071733e-40 1 4.60264793710794e-36 3.11293170992942e-53 1.2912967221036e-38
0.77222871023796 2.79047041183691e-34 1.18138728083929e-07 2.85422734731103e-40 0.227771171623312
2.19703824752824e-13 7.08388740988226e-44 0.999999999991161 2.4311299278873e-50 8.61944566451132e-12
3.66882104461098e-13 1.08517819941503e-36 0.999999999962496 2.6384453189168e-49 3.71371701064376e-11
7.60644142194369e-44 1 2.17565069704468e-40 3.20628420929585e-62 1.35832709543338e-41
4.34129053044042e-54 1 7.99299391263273e-52 2.69350110849907e-67 1.20173959935871e-51
8.68952207991252e-14 1.06464685214003e-45 0.999999999926309 7.15366216156473e-55 7.36046169129769e-11
0.181394773559119 7.32618937857896e-41 1.94805666918188e-10 1.56682252555224e-30 0.818605226246075
2.62759158520309e-12 4.47050747004855e-37 0.999999998865081 4.70074158435982e-42 1.13229104275326e-09
6.25626280440272e-45 1 8.64598184632672e-40 1.74400222180492e-53 3.98492769529002e-43
1.96599159559714e-15 6.41703786110252e-45 0.999999999999696 4.40172876616441e-44 3.0224975100987e-13
2.92172637048679e-41 1.27114868359177e-67 3.42393109948226e-50 1 1.20146502141234e-40
2.54526363624476e-08 3.71596504134288e-42 0.999999383509494 1.88582964689589e-31 5.91037869307429e-07
0.170178627175429 1.1243032940683e-46 2.61311046645305e-12 5.20082601630263e-38 0.829821372821958
4.52440853727279e-36 4.90465963179491e-60 2.88269127388613e-47 1 4.46966427443013e-36
0.0880047550311542 8.13561499050936e-53 2.35361314833432e-11 4.3313618490321e-40 0.91199524494531
1.55842655863433e-40 5.92074751459037e-76 6.83672180190368e-52 1 1.87684787548856e-40
3.03009495621505e-16 2.33754767576345e-45 0.999999999997753 8.88991182712144e-46 2.24661221554192e-12
6.01544569543326e-36 9.54263406599116e-64 4.3321136064765e-44 1 5.4512461967814e-36
0.56432860928787 1.88771947971391e-46 0.000104609285494721 9.31716423957016e-32 0.435566781426636
2.81031587633701e-13 1.15712590997979e-38 0.999999999382498 1.2806396105007e-46 6.17220852038581e-10
6.00435491731588e-46 1 1.8149001205435e-46 3.64954179117312e-62 1.56343624585826e-42
0.991282278930929 1.4417930168542e-41 6.20789541447516e-19 2.44763090029925e-43 0.00871772106907146
1.03645617004513e-43 1 7.83890451205895e-40 9.80564457395675e-61 1.02430833246138e-39
7.9575719715486e-34 1.35750931668487e-66 1.98825438696626e-38 1 2.8146614560661e-33
8.87496734895803e-16 5.26683181001871e-30 0.999999999998288 7.56606869875638e-49 1.71154058275586e-12
0.395528536537698 1.17250471746571e-40 2.09360916814942e-06 1.27967286131117e-43 0.604469369853134
0.0264607168861296 2.8796391397468e-47 1.61890005072576e-14 2.90225330180241e-35 0.973539283113854
4.96831221796004e-16 1.77640923349114e-41 0.999999999997572 5.30938359767104e-56 2.42741100278732e-12
5.38167278661347e-10 7.03717549246778e-36 0.999999994399201 2.01820797970406e-50 5.06263149843408e-09
2.19993053517356e-43 1 1.38391562534473e-42 3.33253585202748e-67 6.7955630140807e-42
1.42589544963941e-19 4.93555887535715e-39 1 5.79939182593733e-53 1.31846655914941e-16
9.86174089873232e-40 1 1.0209753230985e-36 1.29449883548988e-58 1.33492807173844e-37
0.195488866664044 1.47560594057779e-37 3.60266704095317e-12 9.71503133283963e-39 0.804511133332353
2.80621917878531e-25 4.55165625580383e-54 8.05640267030006e-38 1 5.24354984193382e-28
0.565658250494461 7.59321417710663e-36 3.14168822075609e-14 7.04193677594883e-44 0.434341749505508
1.71226973142309e-31 2.75017169522692e-63 4.44631380176019e-42 1 1.85004271994909e-31
4.40074173398346e-13 1.62288322576309e-41 0.999999998853556 2.33203562370771e-48 1.14600383402916e-09
7.29608325074203e-46 1 7.64250689685341e-43 1.41934318375578e-67 2.50279422626443e-43
1.88180408456676e-56 1 6.8891608467339e-52 7.00370801042766e-69 2.83066160617236e-53
1.68460685367844e-11 7.026107280689e-40 0.99999997940173 5.82961492785417e-40 2.05814240426483e-08
6.87819055988574e-16 1.32751515619555e-46 0.999999999999369 4.69207231327282e-38 6.30664609487661e-13
3.0613080529169e-14 1.89433875776424e-38 0.999999999972465 3.86369150056091e-48 2.7504048580379e-11
4.2111343618953e-15 3.88654514412036e-44 0.999999999998146 6.06118341435386e-52 1.84965606003853e-12
2.16614969451852e-37 1 3.54051109166309e-36 7.5962169699983e-55 1.39584016934724e-35
0.805155556286694 5.37081055223675e-45 3.87295603208836e-13 5.82470978250156e-27 0.194844443712919
4.57986445926021e-39 1 4.19217160978866e-44 1.25808193933907e-63 1.25989165320232e-38
4.10110816640834e-09 4.4171037735443e-38 0.999997131289501 7.24559619528033e-46 2.86460939136509e-06
2.7628619190666e-37 5.71149621926695e-61 4.3972202003993e-46 1 6.81090099611419e-37
7.70768453009019e-11 2.39813524593097e-35 0.999999998638708 9.02648748162123e-39 1.28421502063881e-09
4.00125617058743e-31 2.37828481114826e-54 1.04626572866638e-39 1 1.40718561927937e-31
2.00215995745367e-44 1 1.56793427952094e-43 4.94066566325645e-75 2.40248931040029e-43
7.70024667280659e-36 8.47147192737719e-60 4.76779699768277e-42 1 5.22370119715809e-35
7.75994335495899e-15 1.04340336730012e-40 0.999999999992097 4.67341360445854e-51 7.89499126700362e-12
5.51558141771443e-35 3.52044646511248e-58 1.2536129234605e-42 1 8.20927779648719e-34
4.46387115535478e-38 3.47069306435447e-66 8.04914969813671e-54 1 7.03441431514664e-40
1.24519580324644e-38 3.0610349558469e-75 1.24653180289595e-48 1 2.12522242095063e-39
1.58611443585565e-14 7.24483725877878e-36 0.999999999967581 1.17870564790304e-46 3.240281952636e-11
0.0357260790262008 8.77211286372766e-38 1.353340859387e-17 4.76216706836097e-39 0.964273920973799
0.717427647746905 8.66519944427301e-34 1.62525276629258e-15 3.03408935170376e-34 0.282572352253094
1.80083687079534e-13 9.15245227951552e-42 0.999999999985831 8.96331979146837e-43 1.3988980550611e-11
9.58813140569495e-08 2.60754956614536e-47 0.999889873920504 1.65967022001548e-43 0.00011003019818203
1.30562022718129e-07 1.81184398330287e-37 0.999997670116431 4.20508642035418e-40 2.19932154592495e-06
9.34824369165083e-34 3.81302413720977e-66 3.53719438144499e-46 1 5.62183269880432e-35
4.51945293359757e-49 1 2.40264291122452e-45 4.81896590736018e-65 1.67366234363567e-45
0.996696535307487 4.45998574833486e-46 6.47424046176231e-16 2.50036047020745e-33 0.00330346469251237
1.13983836690416e-33 1 1.55197642182145e-32 6.84476616835511e-55 1.56031458553777e-30
1.8175042116733e-43 3.75354215461945e-66 1.4701482769221e-57 1 3.64479432651251e-46
5.73745341147046e-24 3.93805530767279e-40 7.88628032070152e-32 1 1.42630973970315e-22
2.59995611040376e-31 1.83751275406966e-68 1.21936403503274e-37 1 2.60059651196573e-31
1.74506313486167e-45 1 1.13696500021927e-47 6.94666230660259e-68 8.133420722265e-42
1.03064822824435e-47 1 1.06348145147369e-44 1.38089357531852e-66 6.81333645649933e-45
1.07255016946097e-28 4.03476157989029e-58 9.732719692624e-44 1 3.11502432239393e-30
0.00201218807708988 2.90358334517144e-40 4.2407882282697e-15 4.54471040427984e-43 0.997987811922906
1.1259489640745e-46 1 5.96791493180056e-46 4.03027852800589e-59 2.54675844645029e-43
8.90299789144602e-44 1 4.25839628461971e-41 9.1881490404629e-65 4.3694430715751e-42
7.5821687099794e-36 1 1.75852790483222e-33 8.17351686138248e-55 4.31514441003756e-35
0.993509871931349 4.87404851599535e-56 8.43882909182624e-15 7.28275465354912e-35 0.0064901280686426
0.0149783767920102 4.93640402249736e-39 3.80937473052536e-08 7.86406946712615e-37 0.985021585114242
5.93608459427152e-42 1 5.16850814744199e-40 1.65653895305391e-65 1.28328414026673e-39
2.85947071882298e-43 8.55744492482826e-59 4.53083623405095e-54 1 7.03114714419088e-43
3.3000532949954e-35 1.00853041772031e-50 1.48489851857528e-44 1 3.12830339754953e-34
1.17407663517856e-40 1 4.25099494374968e-37 2.51919472232475e-59 3.58201347262034e-38
6.95296764969747e-37 2.08279677010171e-68 2.63083244841507e-47 1 2.42211416492804e-37
0.0710980275581057 2.65049811368932e-33 2.96309790435916e-10 5.34925279505013e-42 0.928901972145585
4.57696263586776e-32 1 4.93392493318838e-28 3.26726337456552e-57 2.12365589497849e-29
3.67412231800106e-11 2.32272804519836e-41 0.999999984931926 1.44629485471869e-48 1.50313327808193e-08
4.6240127176579e-38 1 9.63875096660171e-37 7.04805348510766e-63 4.52806937337997e-36
0.129165137563843 6.93299155554815e-37 5.34485732112158e-10 3.10994977703758e-36 0.870834861901671
4.51626455310652e-33 1 2.61813169136111e-32 3.84976477150863e-42 1.57381294255255e-31
0.521451298344882 1.71541121804538e-35 5.44998557715094e-07 2.19042708518915e-40 0.47854815665656
2.69580570153697e-38 1 1.88937948566787e-37 1.62501586819962e-55 3.75381122629955e-35
5.43430458100528e-33 1 2.76992633270322e-29 1.83474699730456e-53 9.53683449342085e-32
0.220408699402473 2.21037045329631e-36 3.06444469097103e-05 1.20381803500279e-36 0.779560656150618
2.61059099625298e-16 7.09780398437833e-47 0.999999999999909 7.90988881765056e-48 9.07398317201258e-14
7.45637332859081e-43 7.58687998640202e-75 4.00823698416556e-53 1 4.16470338610658e-43
3.04589103738243e-43 1 6.7079791619894e-41 7.2758252833531e-63 1.40810049288656e-40
1.57289372641037e-14 3.99956235108623e-40 0.999999999999666 3.14065382390301e-53 3.17886196031313e-13
2.17016960470607e-18 1.1701654780827e-40 0.999999999999997 1.89123772649779e-67 3.12797783000014e-15
4.38324680609618e-41 1 3.80376547834912e-41 3.93934654050458e-66 1.23667596203865e-39
2.72654110536235e-49 1 4.52470499465213e-52 2.85220026320285e-68 3.7454914311823e-49
1.13130806057594e-35 1 2.42264472355161e-36 6.98805724706417e-66 6.70158253428892e-33
2.93223421543104e-34 5.25836692170242e-62 8.08728290860592e-44 1 2.87467477152231e-35
0.49679647389208 1.45834716215883e-44 6.07394978387003e-13 1.03807130302945e-27 0.503203526107313
0.000746649722172177 4.19849726209042e-33 4.15950732736132e-11 8.58916475222669e-40 0.999253350236233
0.00688141903893669 6.15741785490354e-35 0.150943832124429 5.60967122087311e-37 0.842174748836634
6.02716354406619e-10 6.3797116188254e-52 0.999999998578354 1.63553561980801e-53 8.18929559609806e-10
2.51668257051735e-36 4.96544104974664e-60 2.47540664754894e-47 1 4.28636807364761e-35
6.1955134483244e-09 3.82987020458917e-45 0.999998760862858 1.8586153218961e-51 1.23294162877602e-06
3.89419587158387e-41 3.81653983095811e-65 1.66169304602151e-55 1 1.61356748709008e-42
2.05691398824041e-11 4.61417900093413e-49 0.99999999515151 2.42948410630031e-52 4.82792042071967e-09
4.87093969729016e-12 1.43079331865466e-28 0.999999999901679 3.30831849568541e-52 9.34502680635557e-11
0.991798459581952 1.96574218089836e-52 2.79506557002439e-18 6.65374401376931e-32 0.00820154041804759
1.654298742387e-09 9.65675983299835e-38 0.999999929909406 1.68783950601166e-44 6.84362955926751e-08
3.24540004247806e-15 2.76297048589942e-35 0.999999999995616 1.42044677697818e-38 4.38113130113465e-12
5.70834067162573e-38 1 2.48105590278429e-42 2.64621245700269e-60 6.63648677237387e-38
2.09739571056523e-46 9.66976355175044e-71 4.63545830630953e-59 1 7.28596779256966e-49
1.43519881626171e-13 1.52005415390316e-39 0.999999999198895 2.44398698346104e-40 8.00961192605275e-10
3.54653166277435e-13 1.26817313529298e-41 0.9999999996734 2.02503336479527e-43 3.26245635028679e-10
5.47398059188883e-43 1 2.41948451961357e-42 2.62153212691155e-67 1.88642232846304e-41
2.55855424812073e-50 1 5.82915610373517e-51 2.70379218252266e-65 1.59623219881976e-47
5.57055316633246e-41 1 6.16664032453585e-48 3.64759878521883e-65 1.5191652849639e-39
1.43742408292824e-31 4.91924094821363e-63 4.6672542813972e-42 1 3.67080955260566e-31
9.50630553816637e-17 1.48245137894248e-38 0.999999999999961 8.03341835204054e-46 3.8692138549192e-14
2.93785685404373e-35 1 4.40938708505316e-31 5.0764617736876e-51 2.74815599256613e-31
2.29540231256016e-40 1.1230644762496e-67 4.02960745661272e-51 1 8.17054722813478e-41
1.90610107907444e-35 1.79445182973384e-59 2.96657942727429e-45 1 3.23336273157258e-36
0.214417325028464 1.71917353048416e-43 1.47450038754822e-13 1.37731974156942e-32 0.785582674971389
1.6545453129059e-17 1.13949031431078e-48 0.999999999999962 2.18893130408912e-61 3.81657841356343e-14
1.05030112989068e-45 1 4.28695090995998e-41 1.75336843021841e-68 5.78263828343726e-41
4.18602085437581e-41 2.53019991634861e-66 4.29791869374106e-57 1 6.49814378136282e-42
4.10901869071851e-28 1 4.19958405229495e-32 1.16918398000152e-44 1.5111111842947e-28
0.506859004303198 6.49977415625106e-44 1.97075423880902e-12 5.25670922572953e-35 0.493140995694832
2.33573986684492e-12 8.18748539700135e-40 0.999999999127726 9.40456813205219e-49 8.69938818057973e-10
5.57540911197718e-31 5.95421243731424e-48 1.12681911948078e-41 1 1.60450822295114e-31
2.38854814745464e-35 1 1.9654195186003e-34 3.15743960672951e-51 4.22372370231997e-33
3.22837500837746e-40 5.91687777747062e-60 1.06773144524939e-44 1 8.35963515289629e-40
0.61078604223357 3.18331594909292e-41 3.65251886742482e-06 8.52830694176851e-35 0.389210305247563
0.05320933396552 2.65078857505332e-33 4.22567157719028e-10 6.01343704434441e-45 0.946790665611913
0.773998627266952 5.42594042893173e-46 1.73039041642809e-13 3.53879860468871e-32 0.226001372732875
6.33690335724125e-51 1 3.63447712956806e-46 1.58137451274817e-72 1.2181089255582e-47
3.43353855348304e-37 1 2.68220488722642e-40 4.47277109142666e-56 6.91646373155783e-36
4.73541107972268e-48 1 1.23808921916193e-43 2.93861306449594e-63 4.02622003344584e-45
2.28965809181845e-30 1.71662286283956e-55 5.35655830261178e-39 1 3.369701163744e-29
8.3941406318679e-50 1 1.56844613258518e-50 2.50535969733602e-65 4.68809464774199e-48
6.19891010563577e-11 1.62283097893004e-47 0.999999989698653 3.83530108939032e-46 1.02393584335175e-08
0.00889266861421145 3.13116975588233e-33 2.85896017171802e-12 9.65799419776489e-33 0.99110733138293
0.726861184425576 3.57290811931857e-36 5.39592588081791e-14 9.88363984778798e-34 0.27313881557437
3.19574791636196e-45 1 9.80184130971722e-50 1.23237162610271e-70 1.22804866498669e-44
8.7014864065714e-16 2.98180435523816e-41 0.999999999999986 1.2981527471262e-56 1.25906296621343e-14
3.69579020780078e-38 2.88785705467951e-70 1.94579000270935e-55 1 5.54504546137465e-39
3.01475015630713e-38 7.09843713205387e-70 1.50649579732502e-51 1 3.82745891497666e-38
1.2379098266289e-13 4.24853895003966e-49 0.999999999999532 1.89564188874877e-52 3.44314555075613e-13
0.00189876588014511 7.05454331527859e-51 4.78592777873493e-13 2.47754984625086e-30 0.998101234119376
1.3842275744405e-31 3.45471405099049e-52 2.30469029768618e-44 1 2.18614644970969e-31
1.38490231262596e-42 1 1.28712144156789e-46 3.90355967052027e-57 2.0399412676846e-40
7.36761512439625e-16 5.41623241785795e-46 0.999999999999904 3.90105793210622e-45 9.54250691131063e-14
1.57171467234986e-41 1 2.93082945799702e-42 1.25511404840411e-60 5.21808070676495e-39
1.56450476226647e-36 5.77481434033164e-60 2.77314629280145e-49 1 9.99770564982838e-37
5.41693809371453e-17 1.88006729105278e-41 0.999999999999957 8.97886346180147e-48 4.32911256847119e-14
3.72247374663691e-36 4.14506742681647e-68 7.16988194610187e-44 1 8.29303060534956e-37
2.50406624430544e-42 1 4.07840174524898e-38 2.27668654618992e-65 2.99152244790354e-39
3.75859172754878e-38 1 2.58151687141462e-37 2.29509101680846e-66 1.49713552772173e-35
4.0123524602748e-12 1.6945621624658e-35 0.999999999371159 4.21288159002703e-42 6.24828822983376e-10
9.42140931725356e-12 4.33717165474114e-35 0.999999997357059 2.36084720087592e-41 2.63351991562198e-09
9.03593426501616e-41 1.69415001139984e-59 1.01283847036831e-50 1 8.62795279208304e-40
6.54415997818092e-12 2.353983245232e-37 0.999999999903002 6.22359221865015e-52 9.04535953127165e-11
1.97394109014711e-45 1 5.32081724944936e-45 2.25404872763024e-63 2.29829608943204e-43
9.58421738601725e-37 1.06693438966309e-61 1.97365593677107e-46 1 7.98489059385403e-37
7.23000010295355e-41 1 4.83425602520537e-37 7.33007610756763e-64 2.11685078096736e-40
0.00179004790707596 4.59954902709191e-34 0.000377365519262909 7.15183458885372e-33 0.997832586573661
1.45936122555258e-32 3.88542022780497e-60 5.31987479470205e-52 1 2.10233391815943e-34
8.8296851208704e-47 9.04840166595776e-65 4.37748436774767e-58 1 1.61213895095396e-47
1.81488313851538e-40 1 1.10831288896962e-36 3.73094288671468e-57 1.26020577085151e-35
0.171637708127247 1.88623542989046e-43 4.18302180599034e-11 3.71499145345749e-30 0.828362291830923
5.6771287607487e-43 1 2.11287606255718e-45 2.92465176328961e-60 9.93027165282855e-42
7.61302373947758e-13 4.86866120053774e-38 0.999999999988788 1.42748294746674e-53 1.04503697466593e-11
3.82420198631457e-11 3.35945711183905e-44 0.999999979433072 5.77191461307269e-53 2.05286857579896e-08
5.42535212584232e-50 1 2.06526624156196e-45 5.98697465372977e-65 2.86302562472693e-47
2.5929034094929e-40 6.82894885854796e-76 4.64293499956456e-50 1 2.13676346493023e-39
1.55603219806465e-37 7.88424740909663e-55 1.67016695699054e-43 1 3.35211902990112e-35
3.70291965004532e-10 2.6830871627054e-47 0.99999998490461 1.6459696393237e-49 1.47250977158502e-08
4.97872672733071e-32 6.84855002147553e-56 1.30295467457488e-41 1 3.89354352232028e-32
1.73082721930542e-39 1 1.33756602837453e-37 4.204789095829e-63 3.0930718312613e-38
1.67991912613676e-09 4.28131009542772e-35 0.999999943503116 5.88132211802695e-37 5.48169644328225e-08
1.94207331410614e-44 1 1.46623197880968e-41 1.13557563268551e-65 1.12243276544337e-42
0.00765148772284951 1.93631860237863e-44 1.49697535970283e-09 8.68009257688688e-47 0.992348510780175
0.254609009908355 8.92476641893266e-42 1.85507072780496e-06 8.0101608671153e-43 0.745389135020917
4.44481025792578e-11 3.73752358910184e-42 0.999999974778112 3.56990326777357e-43 2.51774398252485e-08
5.3548157105172e-14 1.7369014095983e-35 0.999999999985546 2.93182226571193e-57 1.44005434839985e-11
2.83850085581327e-48 1 2.47517217663589e-45 1.48817804237333e-67 2.73872928435675e-47
3.74118380313696e-33 1 5.82466064077552e-37 1.36764496189709e-54 4.71350765459254e-32
9.01044861143115e-37 3.31298931152151e-60 2.38195836446954e-45 1 3.04881115202381e-36
2.61143057602819e-34 1.07334182281109e-58 1.1793066746025e-41 1 3.57439881973827e-33
0.548330667747375 5.81528051479225e-31 5.5243865159887e-12 1.01435834985864e-29 0.451669332247101
0.11157615892283 1.36594589471845e-37 1.40192206028512e-09 1.20108705932041e-26 0.888423839675248
0.023768239105247 2.19127313071185e-35 7.49250845471868e-11 3.54290012089322e-42 0.976231760819828
1.79683190422356e-33 1 7.23918223172209e-31 7.20555178853407e-49 6.35464093708018e-29
1.84260344305551e-35 1 3.40429853664769e-39 3.94090907440875e-54 1.57879530068883e-33
1.42868206367483e-42 6.20785283080451e-60 1.43187622941992e-46 1 6.72896878963714e-43
0.0193492653274782 1.14422705616507e-40 2.07681181728486e-11 8.99882036188341e-42 0.980650734651754
6.31959701288359e-34 2.49413755670797e-59 4.6379079197611e-45 1 4.09393084389584e-35
1.11734291153762e-12 2.49981827891863e-45 0.999999999946576 3.5012546005675e-44 5.23070011361124e-11
