"LD1" "LD2" "LD3" "LD4"
0.697382042969544 5.87293298353199 -4.00368670708534 -0.0610769043783476
8.85802117362076 -3.7092048247509 -0.835813327611608 -0.918261003505699
10.0725039839907 -5.15677500883553 0.66909338305499 0.514715545252098
0.312143863925649 2.44325530955871 3.11667055649736 -1.1863896091234
-1.78931287965493 6.23452147550239 -1.86744105424311 0.354299933517307
-1.09402340696879 5.31855848515 -2.14985072964715 0.606648323057274
-1.90763084711213 6.63107125465923 -2.57117521288133 0.609388071993734
9.421554504713 -5.33422277578819 -0.621227928065643 0.336303828809461
-1.56932370524512 3.45562446900634 -3.01605692682593 -1.50850417353046
-1.09687312109761 4.94970556069325 -1.88590634324149 0.428030597415707
8.07333321375017 -3.28526755121982 -0.921946711734447 -0.839922350666858
-1.52060424766187 7.00083065004671 -2.45143312880853 0.1830444970512
8.57232293963417 -2.54821541418569 -1.03101595293046 0.186125055434405
9.86028809010265 -5.00377421967854 0.699069204216256 -0.0117242968769337
-6.76710523198363 -5.22522510506554 -0.616170592706977 -0.0344381012563436
2.09748216183297 3.21434803406905 3.51418008728842 2.48850538843805
-8.42991462279928 -4.50928278667272 -0.798388231248363 -0.601290921312777
9.67966726448133 -3.38321298170056 -0.196241767693099 0.0753219385234975
-8.66281060909814 -5.22895796603578 -2.07071916501734 -2.38185499066399
1.46354783303032 3.92915965220677 5.12066390859392 -2.21391287057468
-6.73925312762749 -5.14464958146289 -0.552910049945554 0.491582949087193
-2.4295618795017 5.99672212801577 -4.18522691236199 -0.119257441708039
9.10066226188871 -3.58815657972888 -0.996522342284013 0.28082544368862
-1.25241384753328 4.35031247495724 2.91681759422957 -0.983964599302841
-1.72077064524867 5.75196010608967 -3.914235696934 -0.0830608928708353
-1.00323292063335 6.00698005348602 -3.98142588714179 -0.822519669193061
-7.55548573434315 -5.5425284338693 -0.177336385406793 0.183893071412844
0.401955634018499 6.55655133373454 -1.85507478474517 -0.906737844268765
8.20117626387739 -3.39680742805696 -0.462551164097696 0.130476444771472
-6.12821265568016 -5.1899661432299 -0.00967820219108144 0.123952005162306
2.42314022521074 5.55808457973186 4.9897022592437 -1.89726634892104
-1.4106243681184 4.79905621004488 -2.39156863116848 -0.0626507725324002
0.434965477511962 2.88953702387778 5.47234771215947 1.85721572103087
-7.35061634501522 -7.56470142322998 -0.720460562356392 -0.0798371198178629
-7.09804174275598 -5.8629887955413 -0.902939841495598 1.52327429807978
-8.15177453741349 -6.52880774186986 1.85093434505606 -1.05479171346469
-0.176740269918528 3.12726054519797 6.09423367227219 1.49108285566984
-0.756242527355873 5.5469080471026 3.0176255727761 -0.427481787332696
-7.77601336353052 -5.06428190490964 -0.0750855861740362 -0.243557601499062
0.699838584500574 4.34602164908709 3.93376033107629 0.434735074570854
-0.292053819356245 5.54344743135765 -2.01552597717962 -1.62604540975166
10.4711002170781 -3.98474825012273 1.27418711429499 -0.202958614289276
5.72539443938133 -3.7393637037082 -0.644196138494607 0.935414227507292
9.09122950184203 -4.28164610245006 0.0819545932103619 -0.129252255558644
-0.942026668704178 3.48486699962999 4.53551243228061 1.29505018819681
1.2822467846922 3.85762642132906 3.41719036982892 0.281415140290456
10.3955689581512 -4.27299806968758 -1.35008990832006 1.27293974861029
-1.42633170046993 3.81163578143343 3.88119585956683 0.735130941708387
-6.54413069503452 -5.07772925806026 -0.954514874315608 -1.68729767422379
-5.37391197684389 -4.53125841763473 -2.17132654798777 0.36185655608648
-0.40534470492333 3.8526665199719 4.51117767335389 0.233926858458859
8.41034802841599 -3.44121470542456 -1.92700076217525 0.495021270243586
-5.28880985287158 -4.51916295927948 -0.0488254139307212 2.85700769019009
-2.02573117928564 7.44823161456948 -1.70272816580795 1.00729009752668
-7.39596819033405 -6.45976973007169 -0.665091247234086 1.51962197700076
10.533233251858 -2.84177885328773 -1.10444211652252 1.11581570354469
-0.687339626001382 3.55827825277749 6.52515505956437 -1.81228746578708
-4.6361536969337 -5.71521971582134 -0.904426024343434 -0.523463165637939
10.1378678616527 -4.4873463536973 -0.150798993976444 -1.83014832829596
7.83038551416738 -4.15081772327953 1.54276559901205 0.252455818408754
-7.37270584238931 -4.97710852905595 0.435790860207639 0.562957547270678
-1.83283962372438 5.71731536057412 -3.00640519565964 0.465764165240779
-6.68726838816041 -5.88663170650113 0.636674220709876 0.455572821858859
2.22119372556403 4.05642940963656 5.54152325362328 -1.69584555339346
-2.31145207644881 8.09445144442754 -3.07545205023472 0.382187699474254
10.3780579286836 -4.9464254708476 1.06125265128 0.187273056679431
-2.90414760680816 6.69218166469802 -1.45582741836522 -0.105662302679942
8.64042026704255 -4.51945579623413 -3.22001215522075 -0.972429562748593
8.80331385776434 -3.08719348366689 -1.1610689036171 0.678699081269618
2.09899219670711 4.35371681327859 3.47962817908027 2.25708519170708
11.2726926949955 -2.61907323821153 -0.200661006154242 0.602097969000141
7.88312615939809 -3.10774503601699 -0.673556953334026 1.12444570343017
1.90898343277956 5.88432844282772 2.22154792731383 -0.87094477997044
9.35039765772498 -3.49117396459498 -0.620478459932648 -0.00370161545866511
-2.43869875727292 6.88271315197045 -3.66624027617378 0.687749194234995
-1.00052825183999 4.31879962663922 3.29625435737143 -1.52528211849947
-1.35038506983974 6.76291427627223 -2.42215656126423 -1.38761910851251
0.940186684573087 2.9714727923257 2.6804628865548 0.514121160686569
-8.29317628552399 -5.81779576781868 0.124722736116704 -0.416149178983396
-5.92365028912631 -5.15289369131469 0.073108963130516 -0.991759065705805
-0.0835847771607321 4.50301503861311 3.12111634803218 1.43925256706447
-5.48215169145487 -6.8458984150084 -1.52880325644044 0.852217727484344
-2.42884338417039 2.66279040006411 -4.99123872872198 1.72858523605775
7.71228359664248 -4.43630996237929 0.281364275348569 0.25061005646563
8.46818966056649 -3.66296219245629 -2.82690982698139 0.502595725098524
-6.87540220345645 -3.5989806593775 -0.497906974674325 0.341517639918233
-0.937271755197751 5.71228158745422 -2.75507285760532 0.235120473838399
9.55752763311728 -2.8995710645025 0.0731680556796502 -0.765970824973195
1.42996413266159 3.61850954995154 0.607130541179606 0.457700740942954
-0.717598252980747 5.65208807655076 3.19575900572647 -0.906066801199254
-0.210808243445733 2.42164183924936 3.90751469465236 0.460054747446182
-2.87547497149592 4.74686289192851 -2.9888631425865 0.532681232322655
9.99419783586309 -3.66559152562379 -1.10911853753643 0.790199475194325
-7.49172140393727 -7.83571568763783 -1.29452316850479 0.857436375773063
-0.658524790514593 6.83522439796737 -3.32693088002369 -0.164919452578189
6.51564984363392 -4.28921586477693 -0.449202059436802 -2.12151451886324
-7.65431967808655 -4.14797877531033 1.47012071945391 0.823854878114557
-1.05698646389029 5.44615685084209 -3.30075897767321 -1.01408091943305
-1.51259034580651 3.60764350210008 5.3318631586429 -0.46644293973385
-6.69443415293002 -7.02246384788983 -0.536269920676778 0.31197954042517
-0.265383618176426 6.7476992601366 -2.89506489524734 1.52114230365999
-1.09363277506226 5.27245987012078 -1.98460933874666 0.222412732055244
-6.10626061444595 -5.77745982894121 1.05565541406766 -0.696635390104643
0.697639903317105 7.36120968620949 -2.29162258958319 -0.447728183563984
-4.42560103234914 -4.79236116962999 1.08169784885779 -2.25708057701451
-1.22065429314874 4.89691755643053 2.02207336149755 1.25214205290348
-8.00997061394557 -5.61281343493155 -0.207679592113041 -0.195848151618377
-4.23354923556914 7.66684269775848 -2.5452251596933 0.290744859297348
-6.2185578818126 -5.26791679778273 1.34578881375622 -0.617170950809597
-2.81476789174553 5.83348165193292 -2.13447968587863 -1.71961895191817
10.0919019846287 -5.17644816956523 -0.307679385198451 -2.41096783279566
-6.6490145252614 -4.90564714252038 -1.7200250041694 -0.582172667325774
8.50129139260736 -3.4731211599957 -0.426279037396115 0.162984353648876
-7.17869782998461 -6.34824739639016 0.230847467090277 0.324880231371015
-7.97106365038635 -6.85034261887487 0.340359919078703 1.10159701227779
-8.18721091195957 -5.0460851621171 1.01523865853728 1.56764016538358
-1.6926442536022 5.80655577089708 -0.943537600586916 0.741169101110905
-0.365041080137039 6.26007877410285 -3.40704192649398 -0.59866389170718
8.78528789583311 -4.55465279414778 0.406337922107127 0.281035728456974
-3.01595727574631 6.5023679589183 -3.23715721337532 -2.06578763407921
1.59344019630425 1.6643066875066 5.27214459318585 -1.75129327728474
-6.28187657102277 -5.52606066576356 -0.00402098043881665 1.0059243211144
0.295862019307564 2.56168525033047 2.63031219587013 0.66936913048465
-0.707461701524554 4.67535498578629 -3.31200697749773 0.894985594252959
-1.79621833226484 5.83174041409655 -2.58266820409978 0.291809009359549
-2.83667553296379 6.14540872137242 -2.16799154798439 -1.5865449801831
-1.95453526891111 5.11529773516688 -2.97167291133158 0.449752047184455
-9.11849470618127 -5.3215886947759 0.407825256678279 -1.36798541483534
8.5346197895754 -3.79391754103948 -0.54826791487109 -1.10153922127525
9.00119428905078 -4.86569299055682 -0.921793913850322 0.815594713748642
-6.99918555545956 -7.24652001110967 0.510158478802579 0.807192782310418
-1.45442792425535 5.49180158324865 -3.67929772273711 -0.152395920647354
-0.00115475228607446 6.20604423649655 3.74582273937061 0.330230368427087
8.88077780726573 -3.05598461616379 -1.62365525863332 2.36439290991096
-6.12716550969458 -6.30267548520024 -1.39515815568693 -2.70945803662528
-0.461248855570999 6.75769535377059 -0.667583572557546 1.24599351748955
10.5456861699326 -4.86320264859477 0.537189516276514 -0.294763112208104
-5.83648004885458 -5.58313940770243 -1.51634508908957 -0.543638109051771
-7.58299952808641 -7.56803992954015 0.00476751370829081 -0.273197325046526
-1.85167645187753 3.57133845306659 3.80344434078859 0.523275386118963
-5.74800382566497 -5.31243216136008 -0.352626336770057 -0.074962126083711
-1.54048254930627 7.5064156652046 -0.669541050329044 0.933477202143871
-2.44160589489447 5.97876770869753 -1.06599054457203 -1.1562932601296
-1.08327659020576 7.86629153719838 -1.10947559556219 0.375228986063363
0.379525379510159 5.41863911705568 5.0789647310318 -1.63277036721472
0.802644957913228 5.19128379895433 2.80162158721325 -0.897212024159123
9.56947178218 -5.81492049321909 -1.1843093025367 -0.361092461054929
9.63005801410474 -5.07673632466143 0.511191608447881 0.674542301501274
-1.35170005029225 5.79490963434966 -3.54162081509113 -1.1553878903764
-7.78674536718659 -5.50047198813234 0.304675672330242 -1.1352153193449
-1.59741306277394 6.40426347944282 -1.46762767493908 0.356131299625601
0.814072027420345 4.4868025858818 4.68192742358636 -1.02572526998007
-0.159444020533942 3.93497698768354 3.78582970394007 0.515847744579333
11.2631431041239 -3.90370310076826 0.0523789186192622 1.19421870415603
9.00081014040667 -2.69975547771294 -0.531462364185361 -0.382478585698147
9.27379255023684 -4.2056712747343 -0.433074127046793 2.35035918195167
-1.76046681339944 6.52062904026563 -2.35537245494487 0.510718665850565
9.58532484838282 -3.17773364421638 -0.857340389474393 -0.243945903336031
2.01459800450462 3.52939709224223 3.9114384324204 -0.687597269386374
1.16907533549397 3.82655491084551 4.45705157752567 0.366415609491242
-3.78635351145624 4.82642296752959 -1.99329492541137 -1.4895652303034
-0.923361520054958 3.5274647293708 3.83858177952985 2.32249291015502
9.86287578790261 -1.38424389748357 -1.83882064266391 0.0134794613986768
-7.19992309574411 -5.83680687369763 0.954300870513407 -0.608715432779499
-7.35666426175896 -3.81161301347368 1.17541322631672 1.19781646541685
-1.11049093654352 7.18062399077991 -1.3209761514169 -0.87042907594938
-1.79168664918652 5.74515041672598 -3.41920803879285 0.518721271705435
-5.84303482048747 -5.58007826630229 1.49384170629062 0.353689017254426
-0.200370175912033 3.77918748510161 4.75541573781223 -1.88321540552822
-0.517136131671888 4.16725675454806 5.45753341672962 2.62258814806215
-6.46521518612278 -4.56271398260809 0.2562202150588 1.33979315961381
-1.53122467688734 7.17481631211009 -2.35128735146955 0.425780229534566
0.146031747484277 3.75420386127183 2.80376961277739 -1.1474174709351
-1.44879616124056 7.34358194854545 -2.72217832854015 -2.31919080215922
-1.62573402871416 4.2605721645799 4.28016990085368 0.367837366412769
-6.75353561165578 -5.45153751749048 -0.632581612304065 2.83913121764307
-5.8299865955122 -4.69878786053826 -0.849328311659891 1.9016179077301
-7.20291574578402 -6.54167440124446 -1.2633343431108 0.0201137238657076
-6.47038982977804 -4.31151225507214 -1.04255503817469 -0.9964693348473
-1.642414192463 5.30635176019051 -1.56515854641335 1.43792082282923
-0.404595780501955 4.670547220906 2.50105913078832 -0.0175748005108418
8.45220268945631 -4.53557871015995 -1.337716851942 0.104320923527959
2.29841360289844 3.90806000018834 4.29566195375279 0.0265784219850743
-0.700378069834295 5.97772222634942 4.34268606965013 1.94298771315876
-7.08150247025786 -3.92344035329499 -0.593662493788198 -0.375192916976391
-0.0488298212220099 2.47002370406324 5.16204403990681 -0.739490232439176
-7.5405104543734 -4.86863650808313 -0.396601332499858 0.82872999689548
9.92112756865158 -3.98827176193285 -1.28855744754094 0.136699743378318
-8.04365563343378 -4.52578645853185 2.67038555530516 0.984706178028376
-1.19410742695134 5.78901810487292 -1.24791694414967 -0.768782877261253
10.7971943906435 -4.97976934350396 -0.975578573083647 -2.5967924272896
-8.41406412375788 -6.04837040689275 -0.655209369010076 0.962559486249857
-1.4675696160253 5.05902627310776 -3.40933960112819 -0.269552879143587
-7.57438478805839 -5.08650397093253 -0.196455234374754 -0.827879416365652
-7.77591836800295 -4.46051219621136 0.822672574389468 0.566094492014741
-6.33203165628404 -5.97573569187569 0.413815313518639 -0.294685494218917
8.9784119689822 -3.77857400398447 -2.48846135229285 -0.0942009681123935
-7.79817631579016 -5.80434626833966 -1.671444185492 -2.30133443010014
-1.34886502847371 5.2481126751375 4.81759211839657 -2.16100335802301
8.92608658822268 -2.62203864115697 -0.225597298496268 0.660142720595613
1.30677580217764 4.43788757759439 4.87977593474885 1.59150720921074
-6.62991769497577 -6.4976865569965 0.924602336095691 -0.35023125381276
-0.100815300417577 4.17965184055349 1.5863635371454 2.08407225249496
-0.978359373786479 5.08693448007879 -1.8178089196076 0.537225437910839
-7.44202494836505 -6.54687814408622 -1.35004973448632 0.512024695000058
-8.24504429894224 -5.56534806966484 -0.718753400450148 2.00840009553309
9.8239708485199 -3.73113157035657 -0.00303073824150272 0.655888820108308
9.25690462713215 -2.92630048643961 -0.611918482212762 -0.827549968278128
-0.306716333382891 4.15366364334968 -1.79650864368604 0.919999633928678
-7.40936564160259 -4.86619945214948 -0.538002467139465 -0.208073140870269
-2.00620407421891 5.83981066376867 -1.34749998929539 0.188040754794383
9.19081241825093 -4.30997198587872 2.40701878914702 -0.583486586272544
0.0451831093370261 2.82917927443421 4.56489595978868 -0.764787881742756
-0.606701940325536 5.08077875867565 3.95319096400625 -1.10429727829722
8.66319912590249 -4.15514652937368 -0.346587356525322 1.43726766094319
-5.69915826152564 -4.66107934653219 -0.955190180380246 -0.743084755598478
-7.10002717755005 -6.79642725600798 0.480374767241325 1.72038200306447
1.0749850599638 5.16236497128655 -1.91402007919295 -0.924758510778454
7.49762942491363 -4.25133452015875 -0.0671482605697266 -0.495116008214279
-1.9985259215737 8.54981254590927 -2.25220497943633 0.825105753909273
10.2456511366938 -3.59361489838226 -0.486345334154339 -0.075468433923671
-1.13144240997763 6.87546962204324 -2.19194627117414 -0.300740536671539
-7.53297626958648 -7.53549311537172 -1.29894882718454 0.496245368095547
10.9549862068171 -2.22518445786623 -0.742613330414861 -0.454144817569592
-3.16355732150221 7.83036650820307 -2.6945270793915 0.0799158283180103
-0.601938584761823 5.38495956064994 -2.60776298634903 1.63019595930453
1.11960312771929 3.84600829189658 3.47695677762722 0.346697975605626
9.53645912084896 -2.22887539728689 0.267086024485413 0.746954929691799
9.52393066730209 -4.77158380642213 -0.0135945966216717 0.52717274851419
9.85627901961339 -2.3083336899519 -1.23002979648296 -0.375417871309341
-0.620654621228619 4.99995769504428 1.00025823268433 0.713846701898437
-0.355762737998155 1.93990488058157 3.58924737158747 -0.36157780323272
-6.78973008740915 -7.16486160449582 -0.360868315705081 1.32379199547974
-0.171197565307557 2.59462525140549 3.74246203241786 1.54876353784912
-7.46076486107879 -5.52633659200335 -0.29522459587299 -0.308183062736714
10.8873128169549 -3.45575420278536 -1.28050930100495 -0.569773360345761
-2.29882091419709 6.48095205351782 -2.41687706983859 1.29297452118214
-7.39586318677174 -6.42743616288357 2.66270500423134 0.112268861294405
-2.04900765665167 5.8666001849471 -2.12176758801279 -0.505713458810288
-8.12706206430809 -5.53251218580821 0.742216909205612 -1.15511943937889
9.42183493050118 -3.72427792038921 -1.20132492321814 -1.20322628749191
-7.37210970207151 -5.84493204206105 -0.86093459449031 0.089564612182752
-7.48779784277214 -6.13656677939962 1.55179819115047 -1.61365820424136
-1.65653408104511 5.71742515630668 -2.35279692986615 0.767322277418655
-0.378809144114846 4.73112366805584 4.51056286834476 1.4782394162923
-1.91143604650103 5.37879022387753 -2.6622269040637 0.818375764717264
9.26052872337413 -3.06650625523602 -1.34016484742777 -0.367617288955648
7.52586824035744 -3.56489020811946 -0.547410079096967 1.52994429558709
-7.77483904965207 -7.41986829629679 0.704249753998476 -1.83632944342408
-1.51279261146536 7.32392689268827 -0.451157368008473 0.241419150919849
0.995735165982117 6.33132125630348 2.97216648454282 1.20307132705127
7.65927801727266 -3.57731073940686 -1.25309970504745 0.5190331344353
-0.5093712178838 6.21846321762869 -1.58299316791372 0.676256069842851
9.25984827687886 -4.95770022885522 -0.711841930460917 -0.673888512601254
-1.33505070387952 6.93110520896243 -2.26441315482184 -0.390513163083396
8.51440390248209 -3.89224446536373 -1.35049231970989 2.13333840417424
7.75626909589856 -4.65145021172381 -0.562346030600597 1.09552125190145
-7.42236135758382 -6.0881716561436 -0.585272295900142 -1.52472038607884
-7.44053812640852 -6.10422383471709 -0.437335199459502 0.363532933223994
-1.73228674120165 6.23925632700327 -1.75233946992727 0.410843440110717
-0.311294574240092 7.08001050743752 -1.60626432983235 -0.261080301534626
8.37403317066837 -2.36113238243571 0.732765528465155 -2.49219945040903
-0.808666407934239 5.38402360597735 -0.943427628574287 -0.706856157633969
-0.620795291854036 4.70746867453104 -1.7778269712026 -0.510289992404683
9.03960663190271 -5.96901840095446 -1.15992930566928 -0.27735845351272
-0.498405880651682 6.36803069639761 -2.58964282073272 -0.903595052180663
-7.76482337430571 -6.38003728670739 1.47592885247251 1.94115116965646
7.5230506990465 -3.4271770158247 -0.441861566304663 -0.533222327916523
-0.525296631655871 5.48092955331955 -2.03949293979607 1.02648225679425
8.54555712361532 -4.2967323519989 -0.695728654925252 -0.12425393838186
9.83919353683025 -4.94726849671921 -0.0725330741467154 -1.40291526369139
8.39916522915496 -3.51382851253108 -1.16189068642095 1.18657712758829
-0.417024343120002 3.86327814186585 5.48513843390605 -0.0235048842584781
-2.82467803076739 6.67309441780264 -2.66190641126922 1.04842746029129
-1.42101583443246 6.36527963116168 -1.7649356596874 -0.803835461181845
0.899510518108609 4.39893795759201 4.55700009144971 0.0859756924268208
-8.42378340999342 -4.82748403373296 0.667944677930483 0.187995679815756
-1.47274476700247 5.60265061049648 -3.35129381490953 0.0870235209639021
-5.54302252042604 -6.19534491672332 -1.73389455127621 -0.491243368254987
-0.858858881896358 5.81539451929356 -3.57968864101064 -0.294252691149594
-1.18161241558924 6.6380427751444 -1.62102831855115 1.41643980760003
-2.16737359728081 6.63281355218164 -2.31966083555506 -1.09760141934816
-0.841913347685816 8.3871461254284 -0.916925987452045 -2.04599254217822
-7.44529394355112 -5.45596102859543 -0.214990639250802 -0.221614460073965
1.13070624777695 6.05397615615283 4.35912754903403 0.84572320579886
-0.795780968343388 7.51249854029539 -0.919124652495879 -0.325925413139909
9.67510398196396 -4.43130951087436 0.56150557895062 -1.17994711330512
-7.78389597375019 -5.47955196411925 0.528437709583013 -0.149899880813171
-7.30879314504053 -5.7112921562997 -0.257921221610367 0.641085542007924
0.427155895677314 4.73614857082261 4.3491974763912 0.607198475624244
8.78743171099968 -3.9579661502688 -1.3346043031125 0.0532420875325778
8.69703554221922 -3.16271003575203 1.20339853205826 -1.05353185996502
-0.606028073130139 2.85890922188839 4.34697874126217 -2.86993217555211
-7.06543716895143 -6.06896855774094 1.20343449982221 -1.86631666734638
-7.74650591843445 -6.58597898593814 -0.365863258729167 -1.39682499565977
1.36500453596973 3.99521742421043 4.25361900592995 -0.858241978381922
-5.97893591760434 -6.80568579720666 1.45659496291295 0.712959906066373
9.37911841422184 -1.32218248677667 -1.63715199736277 -0.228969810994174
-0.658026003496717 4.92600324302074 -2.09947190714376 -1.02955376157274
-7.31913099704211 -4.79684420416996 -0.740121622593134 -1.93318121383956
