"LD1" "LD2" "LD3" "LD4"
-0.563755901632735 -2.781598670852 -4.20366897768342 0.594552423598657
-1.22274305551511 -3.08538746517927 -5.51566053678345 1.52281363045625
8.1155231682532 4.05212893187765 -0.348366594580767 -0.144583804559308
0.7238128737722 -5.81350407183933 1.36076274020355 -0.567019533039803
-0.491523515889003 -4.18870450406408 -1.41709205846302 1.69436226081628
-0.681700256583952 -4.62289254829445 -3.06612797663894 1.18116712969575
-0.0111053367558955 -5.83079568901966 2.91223668426186 -0.605946514143463
-5.92689948528656 5.06618723137665 0.607493818519361 -2.20056923961749
0.852176071185432 -6.0788403623256 0.85614608399268 0.829098553505246
6.84812378163438 4.40042087519193 1.18279498224813 -0.828985343872191
8.58176896695701 3.75796384057562 -0.859252320515881 0.550187437213262
-9.02477219876207 3.96963569832979 1.27959362037568 -0.166128076252516
1.01839665074003 -7.37220868137095 1.16291151375155 0.510817834504652
-0.0433223452909069 -6.13475407162128 1.79983443513221 0.599081849873012
1.27332141421824 -6.5026276575066 2.62192052869077 0.412516675719855
-0.501818625327551 -4.06135150945804 -3.73770640351368 0.339949610758373
-8.76832925124495 4.61506616473233 0.864693425738363 -0.0832210493689925
-1.57899550744549 -7.30529374383089 2.2896218667473 -0.194280045327702
-2.0967605813758 -4.51113587511898 -4.96128135313638 1.66937372817015
-8.16706998961735 4.52144329938916 2.79359415539355 0.529708783656641
8.41090090642335 6.70095392844137 -0.298198005800503 -0.282190133048017
7.09560975499442 4.87344793194751 -0.224028297815847 1.24193377337556
0.507096327101544 -5.32335190168858 2.36223780127209 0.287482302432126
6.92673363537723 4.60795708925498 -1.50713102784271 -0.539301752737698
6.51246608319649 6.40056226710225 1.48543620931034 0.724685950216226
0.139721061901079 -5.45461292252428 1.02995706131533 -0.772465160533329
0.121869199616424 -7.40660649463327 1.27058234576886 -0.575839780177361
8.73411486397737 5.61274616409156 -1.62690563623576 1.9912214838761
8.48218263797604 4.26547198842572 0.43076866418876 0.738232234028886
0.344434210046308 -6.76338524574409 2.71070735900041 -1.22931076763717
8.42022866115184 5.8343455813162 0.655016299354037 1.30653946517816
3.56191814184369 -7.91642816898841 2.80970809061936 0.0794395866149592
9.0602240536463 4.95581820403788 0.210702374352956 -0.200363190665904
-9.71133884325025 4.91488378663135 1.2083284024961 0.178790615179023
7.83711596636753 5.0512349401217 0.540812069520375 1.82244683778568
6.51961010610345 4.69292616252405 0.0819054291968064 0.287713116569605
0.660754071253854 -7.47389090449126 0.526870158302501 0.283365684785912
1.81785478456243 -6.14598409510996 4.28254315021246 -0.156258987410686
-8.66150883915283 4.66893261428762 1.0740582819708 0.341057288972806
-8.45621981255442 4.53587599734747 0.463881420674211 -1.1897573965629
-0.0665232140107141 -6.44708147213937 3.32809808103793 1.32685272162909
-7.74931417485869 4.10009962898103 0.901991854857267 -0.675718800600331
7.22799104459794 5.89104110145851 1.5037174098516 -2.8812686160009
-0.801099228830314 -3.1354408360503 -4.81359934421111 -0.569415142200365
8.76705426013114 5.01847767797417 0.268901720705493 0.22123271437808
-2.90960701061291 -3.60565993628995 -4.06128193402969 -0.696035273562341
6.85694840261917 5.11488463566275 -1.47487509568102 0.371966823416838
-0.314858559841166 -4.1279586921706 -5.58784941098141 0.0612531516507407
0.0860790673685093 -5.95100658789936 2.52726096330019 0.608874283342469
1.42288668539717 -7.36027583287378 3.24035588551634 1.41191141525307
7.77353162188784 5.32243868990672 -0.705328607163553 0.65026448967426
6.95046548909681 4.7345207409676 -0.00842721931016918 -0.961336493537676
6.83680719242782 5.127332743479 1.47000753715354 -0.429760868471304
9.76906028273633 4.31587609549302 -0.680544043770593 -1.2416453511795
8.89845729411779 4.55739616140764 0.214107587833608 2.50611426698914
7.03769550318821 4.29205034070096 0.638600176740378 -1.54369689556724
1.06798994172392 -3.60224330382535 3.05373578157008 -1.66138251490064
-1.41056895757879 -5.56819045976785 -5.01579213366551 -1.93491248481306
-9.91107369747147 6.04028523088083 -0.353930619777107 -0.359121005327632
-0.738384779392981 -7.03991887677044 0.458421578988251 1.3428857294522
8.16874363057848 4.12008313927615 0.332709478980364 0.0172532700456794
1.05270047570921 -6.32539653252537 1.93947502127907 0.190415877388086
1.98194043992892 -6.98032046599973 2.99712916350219 -1.77482049850388
-1.23711460279781 -4.99109953401871 -2.48971814518833 -1.04037088928361
-2.2368727737847 -4.05661027761909 -3.6782744175212 0.432109844367396
-0.878594889602138 -3.88958895071505 -2.81639848273204 -1.27527444445679
8.84197920584022 7.21667572361913 1.17593752219471 1.05526789458444
1.85489387455445 -7.04172462251068 2.58833052227556 1.01512550254146
-9.36498263054408 2.6206571253456 2.10186713144785 0.185618488547209
-0.218477410547736 -5.83641525365463 -3.12623094584867 -0.374777011142487
-9.44692099134421 5.34267538938464 -0.542803436612826 -1.34924408575934
-10.7024775398811 3.68730748000112 0.878920147720067 1.18887801254143
0.626155251241269 -4.10635008320324 -5.60310607958308 -0.300915380827162
6.52370325566759 4.13867043308504 0.726299135433543 1.88179978917271
8.79683061780822 6.66050782802682 -0.821310161872815 -1.88870861946541
0.0420725489772328 -5.79466531775359 -3.17609877005019 -0.694185457551584
-0.233905436061289 -6.40485396977323 3.60372663037035 -0.571764816639922
-9.59420183757357 4.87999074459036 0.861435871046779 -0.328701864701885
7.70099940120623 5.21386976125702 -1.51875972916978 -1.70074297675742
-3.33871083904656 -5.41145271219183 -4.80698836067925 -2.19304306700586
1.07356399214967 -6.82396969967895 2.60497882482229 0.565608344835038
-9.48640132257579 5.68049542095513 1.81212644000072 0.989269823257792
0.0491315964240978 -8.31135580668523 1.23406578761805 -2.15789275371106
7.72319904107437 4.4220921978239 1.69729990268639 -0.32436558821706
1.23326720839598 -5.84753851090976 3.48180015442549 0.599573912302195
-3.23393610508317 -4.61641349081117 -3.98756961532804 2.77474908105805
8.54163197124863 4.61258779212973 -0.674935233341782 -0.647886598173634
0.527025464033643 -5.00000895351849 2.01633128362989 0.249903317737314
-7.31335974139169 4.31279215616965 1.13914795585197 0.796535968150907
0.769157638883616 -4.18387450322035 -4.17462879198495 0.565471893374751
5.58269987182926 4.60917941930878 -0.899639483896438 -2.1222450430445
0.728043808980944 -5.13506946712886 2.384108018595 -0.204346582143743
7.13291387030977 5.23448208593255 -1.16210832967431 -0.410981029996439
-9.19761766769522 4.66469833912696 1.24507096669885 -1.33793827546558
0.708927739058061 -6.54461354434186 1.68203129306567 -0.402457627798553
8.11679162549918 5.01548968241635 0.175341629293597 0.481591889481769
5.28308775794849 5.17473743097097 0.650885721630767 -0.395859876579186
-2.64264436521948 -3.08324442655694 -3.43693257776705 2.2857731958585
0.750335464298032 -6.08983284611362 3.67972028072515 0.111164598095033
-0.0826962414509795 -4.3649832982261 -5.49586060497171 2.71465126365911
-9.63447310240855 2.12292212425997 1.51691915065208 -0.219721381374018
-7.80489575382738 4.94742443139639 1.54548825746139 2.14055967092723
-9.57059139209611 4.7684363447564 1.25710928834763 0.6669330600274
1.17487607927414 -4.50483242797331 -4.3094160461678 0.66189598424423
8.70996450323411 6.97524637192412 0.632828400910702 0.160652219124881
0.283984977500486 -4.82755371079913 2.33612991403256 -1.12449326292607
9.01561572091106 6.05273161167646 0.506445195789699 -1.55395208529632
-10.5633472063105 4.50103768962684 1.14039041328416 -0.0807637458591691
0.506179007662651 -4.34842597001714 -4.29796847363633 1.15204314412465
-1.43061290557013 -4.45076474266653 -4.52135390038951 -1.17763023562391
-0.0703546704244715 -6.0666900732777 -4.12997309324702 1.60178307838485
-7.97446742181192 4.24785825274862 0.581069019050734 -0.176537342363637
8.73185273250261 5.05443992465688 1.45941422225064 -1.98170346819422
7.65334723267493 4.63776417426172 0.654881417143215 0.201334300712078
2.43097289978547 -4.95418514410598 3.06398422219027 0.509818061180581
-8.33545640170312 4.03521941370322 1.1601139792633 1.00847282490762
1.96642533255587 -6.50691429880842 2.1011739884759 -1.51285907002759
0.923095973223526 -5.93803254557199 2.26537902946838 0.954939834055954
0.221250733328427 -3.82321646037909 -4.70055361392687 1.37788879174477
-9.25013483594122 3.30068794752899 -0.044079007749639 0.564345496241714
0.512683611018401 -5.14092205788928 1.83666039042067 0.771478390371165
6.87536064875172 5.97715457134598 1.97646165920054 -0.679094451501698
8.28918081058223 4.27341494762367 0.874927601128756 -2.10353317828082
-8.56268747600372 4.88031251001133 0.336953730112713 0.129850717853287
-9.47856032335126 5.98447827879862 -0.625844114971096 -0.232975190013621
-0.617384117620712 -2.40950849227454 -3.94879167898843 -0.433058856005619
-8.55543237722895 4.60748199292502 1.07749183403165 0.464689379358274
-9.42124853924188 6.33455214688238 0.524327769156429 -2.52860782321442
7.01957420786926 3.87545845950825 -0.404702445250859 1.22950233354918
-1.61635109686735 -5.06494518691606 -4.58348765717114 0.53035020660355
-8.4002249368158 6.53854663575445 0.862027141942458 0.485488089148982
8.70898797335922 4.80457579311898 -0.426540533327382 -0.638682317400426
-7.51638731255036 5.04109338639898 -0.501669461848208 0.433255750499373
-9.39613946493778 3.8824655069658 0.0641312209758765 -1.01357048114931
6.02006149166491 4.01016097337161 2.01330578092401 0.428603304650572
-0.118379833936658 -5.26495621449963 -3.9596246431652 -0.987494266109567
8.42286144438379 5.96061299093854 1.16905141552744 0.27985977126121
7.34512622893421 4.67723541637272 0.354571276335527 2.81458860250033
-0.171338913825333 -5.52124673063283 2.10503889368941 0.924828229389915
-9.92669168817166 4.49994153249261 -0.185286972372911 0.571244721687247
-1.36948749019217 -2.97109858379289 -3.0078566980431 0.59890459462252
-9.29398345666391 5.92022050834032 -0.00175436694854229 -1.04403471687484
1.1684545824191 -4.95671919187457 3.73984679673236 -0.524171727284269
-8.33562884185005 4.11297813256024 -1.02200024392363 -1.18492286688608
-8.57294906966058 5.22649044885272 -0.0711089834509221 0.0703280407500474
9.09906412734449 5.75453037927413 -1.88886291354501 -1.2247483773808
0.813949117332214 -5.36647088454466 -4.61111670521645 -2.20333268859278
7.37984266742952 2.88205798397747 0.323266875588842 0.409646577444726
8.77010729487233 5.63442941335912 0.741730272229816 -1.50243606881371
7.97542276457658 6.06788562677175 -0.637431235502853 1.59172181170137
0.432900443106303 -4.50480956653113 -3.29121147724254 -1.38581138348309
-9.68477404659008 3.97754734430536 0.730422204441438 -0.348560341764885
-7.28178657126524 5.47574311551793 0.635360511998739 0.926089290733868
-0.350800308990539 -3.88932686588641 -4.68955426780566 -1.8894244542903
7.94522806813889 3.01816195534939 -1.40421626562124 1.44152962641542
0.872584246578803 -6.14759363111621 2.61005244010035 1.01655851862281
-7.36434198034433 4.24583894655874 0.481836316351059 1.43425352492387
1.28277766875545 -6.2026874840267 2.21947481623109 0.000631648414013806
-7.91571793032185 5.44526530518324 1.37411052495151 0.163902440133348
-2.34132935615943 -5.51249289484309 -1.83655731186477 -1.00515849968578
-1.28914484721928 -5.78946260666401 3.9153083467429 0.434960454538166
1.79534947542894 -6.13348575565024 1.27810893825944 -1.40325105130867
-8.83228701333971 3.84108629604141 1.49125095857924 2.36937165751873
-5.81670446248518 4.01315007558346 0.238022069146241 1.15964608177872
0.771505934628906 -6.47108085247764 2.05856505792198 1.0780227980819
-0.271588049805777 -4.8474847812405 -4.42661866040876 1.36794113357966
8.69659988595974 4.8822842395869 -0.33511364751557 -0.70730992905484
0.0172505869278973 -6.77074039839895 3.49814667952508 -0.153401851716508
-0.428062732962684 -2.68408497838993 -5.32076518339547 -0.431231162139005
1.17387274643595 -5.97899942801116 2.60728235999422 0.409894571141291
1.37065244707909 -5.99788865996901 1.44321089156843 0.152840940053232
-1.51101654482435 -3.30193072112077 -0.376025549281067 0.598982517305846
-8.22211317402904 7.05932021575239 1.38797824170223 -0.501609390626905
-8.75856520211298 5.23045553263181 0.562155216754016 2.22182789736991
-8.79950938578221 4.05455874830584 0.934591242827319 -1.11339946695755
7.25365693023551 6.4112930504757 -1.33885395483747 0.60840639401012
-1.65566814941621 -4.41644959641972 -4.44568767521374 -0.195411962651448
-0.315542177931186 -4.74420910875198 -2.32532480037682 -0.425805299991893
-8.46974391391486 4.08995314457658 1.68038207066598 0.565349082382532
-2.74729155236406 -3.67238381089332 -4.10656418510664 -0.05812752324412
0.325532905811261 -5.28192992476153 -2.28638311607928 1.53623242184036
-0.507567644843338 -2.90928162552029 -4.02557988023614 1.78064232660078
7.6440852390843 6.39350383352666 0.448823275391619 0.127045638675806
8.16230358247986 5.75291066109172 -0.172388920998138 -0.00803404213030161
-0.279943597149839 -4.08311795110765 -4.599771048886 0.321981970820819
-8.56755376502075 4.85307226131722 0.147274259511921 1.48295046145927
-10.0651677989345 5.85990875597165 -1.20753019489846 0.386386097462926
-0.660994061896048 -2.37336331730034 -2.85667426776212 -1.6389796432903
1.79197373115465 -6.50644609099621 2.72031967984693 1.03333427728968
8.87451737500801 4.73915059992381 -0.797304067407222 -1.37796660376436
-1.54082997266781 -6.09500931720784 -2.6206074176623 0.991712932848823
0.675004186320948 -5.04940012207648 2.24100352228277 0.116897511749631
0.27989758383529 -7.84671632155932 1.38531471567317 0.149722700253843
8.38618645435712 4.93429961463286 0.39495901152391 -0.650861330847756
-8.97081516497838 6.47717947081021 -0.33652740419722 0.64915862302152
8.31883497887319 5.69725524884401 -2.7397309419243 0.0235149830664879
0.130321056805164 -3.99825958930503 2.00930957706573 0.949931395567802
-7.90170754003959 4.61893238084958 -1.90422906376412 0.470857441378972
8.83902685987227 6.04919715202009 -0.458492191478654 0.849955693503803
-1.94289565833004 -3.9530673928625 -4.61126044307961 0.531257488263895
0.305955379935002 -4.56230906986099 3.5869038443559 0.546083924884309
9.43157899803064 4.19324249203925 -0.513744222761711 -0.0633140260001602
-1.67001322324402 -5.07750260425667 1.85820062367678 -0.560915217845229
8.19062456039864 5.72000240512297 1.05786960394029 0.547887289923408
-7.88638371912689 4.53344958851218 0.70326106149661 0.0243202888132947
1.10638351264267 -7.55714851262736 1.98577211862449 0.462153725645845
8.14251659227936 5.19742372259037 -1.95975131472045 -1.25081436225392
8.40031243684182 6.75765880971768 -0.459099253619466 0.871037543201477
8.62797275649326 5.51538993041911 0.398602701932713 0.538738605642562
-9.19980657433835 4.48653324834252 0.391802519775311 0.00514475150199777
0.708798825622911 -5.63979785672124 1.400129140033 1.44273148062246
-9.89294776458302 5.3872056145624 0.00770573543905473 -1.60895889660709
-7.91391373352945 3.73112892474386 0.488344337485016 1.14666061415481
-8.27052859900346 4.28703292109275 1.10597516500512 1.06907967088828
2.82181789267314 -6.55573322908124 2.00593069014535 -0.258914498852185
0.0522929660084361 -4.72499743025577 1.89341710967027 -0.651133896364399
-2.33656566898889 -4.2081797463492 -4.53537244176592 -0.603586874218339
0.312849177567693 -7.48368985328347 2.25972175713305 0.273184103138826
-0.962784967827699 -6.4074066047187 1.98889063731272 -0.667484848720953
6.87104408872626 3.58211194145887 0.846101583511443 -1.11004862341394
-8.46251846970854 4.64119323936478 0.886618887212751 -0.860836584097872
7.01839998110611 4.74957624054456 0.159824376788824 -0.266729772532864
-11.0753853853911 4.96505103127156 -0.0826081948742785 1.15874614858997
3.0519805536821 -5.31456514644242 1.85677599341222 -1.37473429652627
9.20621521099834 4.17394745332379 1.56814475337521 -1.87500700225645
1.32208123214673 -5.51696577602902 2.73860066268026 0.756924429005233
0.737704950101558 -6.84716840884673 2.42844027274439 -0.962878559041144
-1.34018740407138 -4.35140312866252 -3.84234522529139 0.310785116217299
-8.45954813639229 5.28812666012508 3.0668858415909 -0.964497692394916
-0.0173752657037341 -5.10569647135605 -0.972752757005122 0.743827152886127
-9.6065042473727 3.46529599909087 1.55751849514183 -0.831518954105707
-10.7271259596074 4.00240976118083 0.57610201523613 0.420209042847762
-10.0289579973494 6.21889678544274 1.11698244449483 -2.36049348603413
0.451239153379445 -7.16724893062199 2.09223987043291 0.0676310747314329
2.07117514048626 -2.94794777210998 4.79934450119231 1.94390261442079
1.78875743939012 -5.03125698223241 3.29326814411739 0.370324799655587
8.94946178602965 6.96450776694355 1.2365436418913 0.727436163732472
1.65629104671808 -6.60093791842395 2.72315457881522 -1.47063838006031
0.29221442493227 -4.76669264177797 -3.13536297569409 -0.90741242891482
0.537886536901448 -5.64975801173939 3.8748086631962 -0.332496134968267
-8.98994576406499 3.39556590650425 0.207325627773538 0.172050281846586
7.73091769128444 3.23775370841677 0.46085923401609 -0.255413944318965
-7.74214437687115 3.52725980430777 -0.228313092544623 -2.79026194404384
-8.47060352465634 4.80321710829241 2.59998452547895 -0.0853492025535648
-0.122112920034235 -5.46762739594274 2.10607059026629 -1.30052868772123
-10.0261238771029 5.05818421278645 -1.21924191209412 -0.0612829640883576
8.49766345333098 3.4732786706411 -1.4959944304007 0.904162363797681
0.328549962457571 -7.60909398007351 2.62660619095913 -2.21720470093576
0.494685138183579 -3.7548175296492 -3.97389407606324 2.69410519361843
8.4762016999151 4.53480577377718 -0.145746631936778 0.138284082524223
-6.90961400232153 5.13748361675166 0.257456878398782 -0.643001108960729
-0.336053967952207 -3.33068513151278 -6.19174376227034 1.68784488230096
9.23189793023989 4.40562927629698 -0.930506594116268 1.44789012802898
-10.6049721037467 3.50739079249576 1.04779294572213 -0.656719631777348
8.51165664157073 4.95500441467625 0.423869732926572 -0.601801738146165
-8.32431200965381 3.39472995303898 0.966226214522165 0.475325007029168
-0.237862102913989 -6.20535146435902 3.49873875649038 -0.449951851420691
-0.0257923372586039 -3.16836216498921 -4.54167517306918 -2.58505749464088
1.82386544226677 -6.32785253634517 1.86044137745222 -1.40853559830784
-1.8261509057225 -3.88702278816566 -3.50129891369151 0.301180552520259
7.55234758127009 4.60229919311477 0.548563616830974 -0.127212985991923
-8.48506903229818 5.75309206357819 0.828472588610883 1.0748887498843
-9.32617530303987 5.63850161583059 -0.0127066597372689 0.27954943675369
-8.96813014037498 6.1507095063825 -0.359538524155138 0.607728585090478
-8.95689285705322 3.41092440474202 0.162242879980235 0.573773914057839
6.20736429549622 4.16825016251189 0.143245019545782 2.70299723475675
-0.275655396247549 -3.96896103905707 -6.69114983502048 -1.89192652057779
-2.15009383480045 -6.13676368651719 -4.39124271008906 0.8292576534536
7.53121574373125 5.56431402310535 -0.289908845290281 -0.354630804967131
7.7072478599703 5.98494769521784 -0.83276779398581 -0.604287904059322
-2.31458890846348 -1.76435166249366 -5.32825043663051 -2.05201872544184
-9.21347403509366 6.73150201664571 1.18842735148221 -0.658907678600677
-8.66941605074601 5.38380192121803 -2.04996120716259 -1.08073108532802
-8.30142262660205 5.45763482197529 -0.370512651696131 0.308351477981161
-0.309579601709935 -6.44492497514488 2.56623071533096 -0.736231155635302
0.9215175814201 -5.61409792518984 3.55577249030964 -0.133334664966993
8.70921294890228 3.71020690671591 -2.74851737035507 0.871009080868249
-7.14942657692687 4.23066639754601 0.513650932563232 -0.553114676717449
2.08264280005258 -8.28600394928061 2.49811603368679 0.407848055795661
-0.053637994796892 -5.39665800600692 2.71656648869209 1.43750703786821
1.56434052629548 -5.92721809923118 2.32473251114515 -0.563492746313403
0.802930490211849 -6.57991317489562 1.49360037523584 0.37926122440426
0.935501717027662 -6.96231603938577 2.74064384321392 0.0154199673154541
-3.30136925836599 -4.17818400607231 -5.70151704687502 -1.75672744659453
-0.953063961419516 -6.37984264310993 -3.79788570050625 0.434127836611933
-1.90162288002361 -3.22400371069224 -2.94667361390621 0.460434567791662
8.04534524465934 5.07026751328406 0.692173852940551 -0.0839007045652388
9.45615386372577 5.33945880114639 0.650508159853193 0.819051284637794
8.92252459807499 3.55429804391664 0.495654693971731 -0.482408198055782
1.39068318204354 -8.25217907511106 3.22847960408489 0.2274109092975
8.11016372637217 5.10390386093423 -1.16604568821992 -0.307180942396433
0.993681017179301 -5.77164132880948 3.65272763930188 -0.836141015563584
8.15664766423203 4.29430114839493 0.0670666986549757 -1.02854904711839
-8.77063112032834 5.8450130117904 0.59136638056845 -0.34831197631677
-2.21192703982162 -3.90042828246393 -4.98673603286173 -2.52090063763668
0.183601196921318 -7.26155432963358 1.49483623223336 -1.13690308475268
-0.362440645243796 -7.05858604809139 1.65958679964076 0.0616271127189481
7.57550974580536 6.36033102350485 0.0160536206896537 1.42344800345637
1.63609802460773 -8.31813909841106 2.84953716513512 0.546176176331254
0.874984177858618 -5.55253914605838 3.78272251971769 -0.208833038703277
