6.06118341435455e-52 3.88654514412234e-44 1.84965606003872e-12 4.21113436189491e-15 0.999999999998146
6.84476616836036e-55 1 1.56031458553872e-30 1.13983836690461e-33 1.55197642182202e-32
1 7.87454140874069e-58 9.07562825446281e-38 7.02843661430183e-39 5.96014714260824e-42
4.06515035862692e-48 1.06872053419648e-36 2.03696341980073e-08 7.61466348967861e-11 0.999999979554219
1.6565389530557e-65 1 1.28328414026777e-39 5.93608459427396e-42 5.16850814744353e-40
2.70379218252627e-65 1 1.59623219882134e-47 2.55855424812207e-50 5.82915610373716e-51
1 7.58687998640849e-75 4.16470338610647e-43 7.45637332859071e-43 4.00823698416613e-53
9.68251338543155e-52 7.03034513683176e-43 7.54269258505244e-12 5.45958560589449e-15 0.999999999992452
1 5.25836692170825e-62 2.87467477152223e-35 2.93223421543083e-34 8.08728290860753e-44
1.1088416802011e-34 1.92428538301406e-41 0.824383132368398 0.175616867507191 1.24410408769201e-10
3.53216248411899e-42 2.75826862537606e-49 0.019152921671684 0.980847078328159 1.56809485269794e-13
1.85861532189647e-51 3.82987020458999e-45 1.23294162877624e-06 6.19551344832486e-09 0.999998760862858
1.68783950601205e-44 9.65675983300329e-38 6.84362955926863e-08 1.6542987423869e-09 0.999999929909406
3.14065382390386e-53 3.99956235108754e-40 3.17886196031371e-13 1.57289372641038e-14 0.999999999999666
1.65967022001539e-43 2.60754956614514e-47 0.000110030198182029 9.5881314056958e-08 0.999889873920504
2.0182079797042e-50 7.03717549247098e-36 5.06263149843424e-09 5.38167278661301e-10 0.999999994399201
1 1.12306447625046e-67 8.17054722813408e-41 2.29540231255981e-40 4.02960745661278e-51
5.14900974494467e-51 1 4.26916926373551e-42 5.03541012268591e-45 2.92310581008315e-41
1 8.55744492483118e-59 7.03114714418988e-43 2.85947071882196e-43 4.53083623404966e-54
3.64954179117571e-62 1 1.56343624585908e-42 6.00435491731742e-46 1.81490012054399e-46
1 4.79575505870991e-67 7.38323997437327e-45 7.00586269849107e-46 9.60094639218743e-54
7.24559619528116e-46 4.41710377354461e-38 2.86460939136532e-06 4.10110816640853e-09 0.999997131289501
1.61753563497519e-59 1 6.15362587328143e-45 3.49614760395608e-47 7.51485226479237e-46
1 3.29230501113965e-78 6.57952759977652e-44 2.10230384633544e-44 1.83924463289763e-58
4.63116223790723e-48 4.66630827691445e-39 0.0273651630467012 0.97263483686966 8.36387942295099e-11
3.54290012089317e-42 2.1912731307125e-35 0.976231760819828 0.0237682391052474 7.49250845471958e-11
4.33136184903196e-40 8.13561499051314e-53 0.911995244945306 0.0880047550311576 2.35361314833461e-11
2.92465176329086e-60 1 9.93027165283067e-42 5.6771287607479e-43 2.11287606255709e-45
3.73094288671723e-57 1 1.26020577085216e-35 1.81488313851595e-40 1.10831288896998e-36
1.31768709812574e-43 5.90826374961784e-37 5.15675140064429e-07 1.5416644266989e-10 0.999999484170694
3.32280876818131e-25 2.3074530159221e-38 0.0052690334578569 0.994730966542143 1.14288820963266e-18
9.31716423957185e-32 1.88771947971447e-46 0.435566781426677 0.564328609287828 0.000104609285494712
5.65277538552759e-40 4.30748878570779e-35 0.977923153605311 0.022076846393522 1.16681862927798e-12
6.01343704434524e-45 2.65078857505452e-33 0.946790665611923 0.05320933396551 4.22567157719007e-10
1 1.58342411082275e-55 5.34666217219893e-38 2.32877195800811e-38 1.9469819526124e-46
1 8.4714719273849e-60 5.22370119715846e-35 7.70024667280845e-36 4.76779699768487e-42
5.88132211802687e-37 4.28131009542936e-35 5.48169644328217e-08 1.67991912613662e-09 0.999999943503116
1.36764496189762e-54 1 4.71350765459328e-32 3.74118380313654e-33 5.82466064077544e-37
1 9.04840166596265e-65 1.61213895095401e-47 8.82968512087216e-47 4.37748436774916e-58
1 9.66976355175704e-71 7.28596779256862e-49 2.09739571056472e-46 4.63545830630901e-59
3.30831849568593e-52 1.4307933186546e-28 9.34502680635644e-11 4.87093969729039e-12 0.999999999901679
4.03027852800864e-59 1 2.54675844645134e-43 1.12594896407476e-46 5.96791493180201e-46
1 1.20014717533882e-62 2.73416136036711e-42 1.94390067052349e-42 4.1097260446666e-57
2.39699278611035e-36 1.34441427667191e-43 0.104832896697197 0.895167103301784 1.01881460372257e-12
2.44763090029898e-43 1.44179301685443e-41 0.00871772106907054 0.991282278930929 6.20789541447569e-19
1.29815274712627e-56 2.98180435523799e-41 1.25906296621354e-14 8.70148640657227e-16 0.999999999999986
8.97886346180173e-48 1.88006729105254e-41 4.32911256847155e-14 5.41693809371514e-17 0.999999999999957
1 2.05329757338264e-65 5.57940622224441e-41 7.25517067204716e-41 2.48972647487105e-54
1 2.53019991635076e-66 6.49814378136245e-42 4.18602085437587e-41 4.29791869374204e-57
1.20108705932027e-26 1.36594589471863e-37 0.888423839675229 0.111576158922849 1.40192206028543e-09
1.01435834985843e-29 5.8152805147955e-31 0.451669332247052 0.548330667747424 5.52438651599079e-12
1 1.07334182281164e-58 3.57439881973806e-33 2.61143057602781e-34 1.1793066746024e-41
1 1.44292602299783e-69 9.74195650464283e-43 9.06836835700224e-41 1.93720084523724e-55
2.27668654619044e-65 1 2.99152244790371e-39 2.50406624430459e-42 4.07840174524817e-38
4.40172876616485e-44 6.41703786110635e-45 3.02249751009889e-13 1.96599159559696e-15 0.999999999999696
1.89564188874861e-52 4.24853895004063e-49 3.44314555075597e-13 1.2379098266289e-13 0.999999999999532
9.84713637971418e-47 1.24343962146073e-32 8.72886748303013e-13 6.51726462660015e-16 0.999999999999126
3.99895534225447e-46 1.80877645879947e-38 1.39675495403494e-13 3.2645876648635e-16 0.99999999999986
1.25511404840511e-60 1 5.21808070676762e-39 1.57171467234997e-41 2.93082945799715e-42
4.00284134541064e-25 2.51858001096375e-41 0.995943250259167 0.00405674973769582 3.13661843366284e-12
7.8669345791805e-37 1.07115738811203e-33 0.00694500199602285 0.993054998003794 1.83333579975893e-13
2.63850872328163e-53 1 2.08253843647742e-35 5.92345190810005e-37 7.49825403186045e-33
2.50036047020731e-33 4.45998574833606e-46 0.00330346469251221 0.996696535307487 6.47424046176305e-16
1.25808193933978e-63 1 1.25989165320273e-38 4.57986445926054e-39 4.19217160978925e-44
1 6.2078528308091e-60 6.72896878963733e-43 1.42868206367514e-42 1.4318762294204e-46
1.03807130302955e-27 1.45834716215902e-44 0.503203526107336 0.496796473892057 6.07394978386988e-13
3.60116432092635e-56 1 3.13093452087896e-44 7.16632329449756e-44 6.09975098133622e-41
1.27967286131129e-43 1.1725047174666e-40 0.604469369853172 0.39552853653766 2.09360916814966e-06
2.42948410630024e-52 4.61417900093662e-49 4.82792042071965e-09 2.05691398824016e-11 0.99999999515151
3.03408935170405e-34 8.6651994442721e-34 0.282572352253108 0.71742764774689 1.62525276629246e-15
3.59931173354479e-39 3.68596910628e-23 1.19506718998966e-14 1.39445049100104e-19 0.999999999999988
1 7.18981976326533e-50 3.10167208927824e-29 7.16397881405347e-29 3.76968985475069e-38
1.53874480473955e-48 5.34375217617779e-45 2.56710543348161e-12 1.13564503420864e-13 0.999999999997319
1 1.27114868359192e-67 1.20146502141226e-40 2.92172637048671e-41 3.42393109948211e-50
3.86369150056173e-48 1.8943387577647e-38 2.75040485803836e-11 3.06130805291699e-14 0.999999999972465
3.83242660235781e-68 1 1.17691081073498e-53 4.26046681505554e-57 7.50198377418844e-53
1.03183685312992e-40 1.5489787697948e-39 0.557477899961324 0.442522100038668 7.29581352422131e-15
2.50535969733716e-65 1 4.68809464774299e-48 8.39414063186802e-50 1.56844613258536e-50
1.52684930956441e-59 1 1.79441181689466e-39 9.26409829889251e-42 3.74261507953311e-35
1.77297163319894e-68 1 1.2072150436603e-38 1.09433353343058e-40 6.15936417949234e-36
5.82961492785491e-40 7.0261072806896e-40 2.05814240426509e-08 1.6846068536786e-11 0.99999997940173
3.15743960673095e-51 1 4.22372370232105e-33 2.38854814745451e-35 1.96541951860033e-34
1.13557563268654e-65 1 1.12243276544412e-42 1.94207331410669e-44 1.46623197881003e-41
3.94090907441188e-54 1 1.57879530068971e-33 1.84260344305583e-35 3.40429853664813e-39
3.55649317021247e-44 1.08437769998859e-34 7.31658359358291e-14 3.64637442866062e-16 0.999999999999927
9.65799419776489e-33 3.13116975588433e-33 0.99110733138293 0.00889266861421145 2.85896017171857e-12
7.2827546535483e-35 4.87404851599584e-56 0.00649012806864219 0.993509871931349 8.4388290918266e-15
1 1.71662286284161e-55 3.36970116374419e-29 2.28965809181884e-30 5.35655830261437e-39
5.14254194434764e-47 1 1.61278227237945e-31 2.17666350469462e-34 1.68774649031701e-27
2.85220026320626e-68 1 3.74549143118566e-49 2.72654110536402e-49 4.52470499465438e-52
1 1.74293919281777e-61 9.95067342203095e-38 1.01092280109236e-39 1.32989214619416e-49
1 6.82534567564167e-41 4.09225668087554e-29 2.48131979984355e-27 6.0406385984949e-37
1 1.69415001140022e-59 8.62795279208243e-40 9.03593426501552e-41 1.01283847036826e-50
4.94066566325898e-75 1 2.40248931040094e-43 2.00215995745367e-44 1.56793427952112e-43
1 1.22461614940464e-58 1.83496791277833e-30 4.40073811461315e-31 1.04827188850055e-38
1 3.06103495585047e-75 2.12522242095051e-39 1.24519580324635e-38 1.24653180289618e-48
2.43112992788792e-50 7.08388740988467e-44 8.61944566451337e-12 2.19703824752832e-13 0.999999999991161
2.51919472232539e-59 1 3.58201347262049e-38 1.17407663517821e-40 4.25099494374896e-37
8.97334014157533e-43 3.4335423617294e-53 7.08462637782733e-10 7.33881264293589e-12 0.999999999284199
1 3.52044646511428e-58 8.20927779648707e-34 5.51558141771506e-35 1.25361292346075e-42
5.03211211606447e-67 1 3.73023706949731e-46 6.59968826359095e-47 1.28441437450673e-41
1 5.95421243731813e-48 1.60450822295105e-31 5.57540911197639e-31 1.12681911948082e-41
1.5668225255522e-30 7.32618937858742e-41 0.818605226246077 0.181394773559117 1.9480566691825e-10
1.29449883549076e-58 1 1.33492807173909e-37 9.86174089873428e-40 1.0209753230987e-36
1 3.22278166704196e-51 9.02691352452282e-31 7.90045068935832e-32 9.6120898471896e-39
1 2.88785705468197e-70 5.54504546137449e-39 3.69579020780057e-38 1.94579000270954e-55
7.59621697000176e-55 1 1.39584016934759e-35 2.16614969451843e-37 3.54051109166314e-36
1 2.37828481114978e-54 1.40718561927929e-31 4.00125617058726e-31 1.04626572866647e-39
1.84932936794216e-32 4.59805532961637e-36 0.229828291819596 0.770171631165941 7.70144633534815e-08
3.11293170993128e-53 1 1.29129672210406e-38 1.43440814071733e-40 4.60264793710807e-36
3.90355967052249e-57 1 2.03994126768518e-40 1.38490231262576e-42 1.28712144156778e-46
1 2.08279677010325e-68 2.42211416492811e-37 6.95296764969945e-37 2.63083244841612e-47
2.19042708518906e-40 1.71541121804536e-35 0.478548156656539 0.521451298344904 5.44998557715122e-07
1 3.93805530767547e-40 1.42630973970315e-22 5.73745341147132e-24 7.88628032070433e-32
8.58916475222706e-40 4.19849726209245e-33 0.999253350236233 0.000746649722172029 4.15950732736117e-11
4.24578516085595e-63 1 1.35930338116849e-37 6.3566632736958e-40 1.60350821924314e-36
1 3.45471405099245e-52 2.18614644970969e-31 1.38422757444062e-31 2.3046902976867e-44
2.2540487276319e-63 1 2.29829608943321e-43 1.97394109014751e-45 5.32081724945057e-45
4.70074158436043e-42 4.47050747004912e-37 1.13229104275338e-09 2.62759158520318e-12 0.999999998865081
1.64596963932394e-49 2.68308716270616e-47 1.47250977158523e-08 3.70291965004529e-10 0.99999998490461
5.98697465373556e-65 1 2.86302562472876e-47 5.42535212584355e-50 2.06526624156223e-45
2.62153212691237e-67 1 1.88642232846333e-41 5.47398059188898e-43 2.41948451961409e-42
7.95209897999958e-41 1.42053439050781e-46 6.05247249751505e-09 1.97899204867527e-10 0.999999993749628
1.89123772649817e-67 1.17016547808308e-40 3.12797783000063e-15 2.17016960470596e-18 0.999999999999997
1 3.8854202278063e-60 2.10233391815937e-34 1.45936122555256e-32 5.31987479470235e-52
4.54471040427984e-43 2.90358334517231e-40 0.997987811922906 0.00201218807708967 4.24078822826964e-15
4.20508642035465e-40 1.811843983303e-37 2.19932154592518e-06 1.30562022718136e-07 0.999997670116431
7.90988881765202e-48 7.09780398438106e-47 9.07398317201383e-14 2.610590996253e-16 0.999999999999909
8.9168455658663e-60 1 1.14417729660296e-32 9.11584399441544e-35 1.03813140403435e-30
8.84346013436596e-37 1.0938623077707e-27 2.71403001325613e-11 3.13513783460231e-12 0.999999999969725
9.92730281713961e-39 1.79896555989193e-47 0.981625322478595 0.0183716464524944 3.03106891043156e-06
5.07646177369207e-51 1 2.74815599256809e-31 2.93785685404502e-35 4.40938708505479e-31
7.00370801043443e-69 1 2.83066160617409e-53 1.88180408456702e-56 6.88916084673449e-52
1.88582964689621e-31 3.7159650413442e-42 5.91037869307518e-07 2.54526363624489e-08 0.999999383509494
2.02503336479524e-43 1.26817313529325e-41 3.26245635028682e-10 3.54653166277427e-13 0.9999999996734
1.75947980791895e-23 2.98628293109138e-32 0.960865843380288 0.015916315102146 0.0232178415175658
1.74400222180658e-53 1 3.98492769529262e-43 6.25626280440414e-45 8.64598184632783e-40
9.71503133284025e-39 1.47560594057839e-37 0.804511133332359 0.195488866664038 3.60266704095348e-12
3.2672633745671e-57 1 2.12365589497922e-29 4.57696263586815e-32 4.93392493318897e-28
1.17870564790321e-46 7.24483725878063e-36 3.24028195263632e-11 1.58611443585564e-14 0.999999999967581
8.88991182712409e-46 2.33754767576475e-45 2.24661221554251e-12 3.03009495621505e-16 0.999999999997753
8.68009257688664e-47 1.93631860237959e-44 0.992348510780176 0.00765148772284886 1.49697535970301e-09
4.69207231327389e-38 1.32751515619615e-46 6.30664609487768e-13 6.87819055988579e-16 0.999999999999369
1 3.47069306435802e-66 7.03441431514654e-40 4.46387115535523e-38 8.04914969813957e-54
7.04805348511367e-63 1 4.528069373383e-36 4.62401271766046e-38 9.63875096660678e-37
8.96331979146659e-43 9.15245227951708e-42 1.39889805506093e-11 1.80083687079525e-13 0.999999999985831
6.98805724706656e-66 1 6.7015825342893e-33 1.13130806057552e-35 2.42264472355106e-36
1.48817804237413e-67 1 2.73872928435734e-47 2.83850085581238e-48 2.47517217663537e-45
8.17351686139166e-55 1 4.31514441004148e-35 7.58216870998511e-36 1.75852790483337e-33
2.90225330180233e-35 2.87963913974893e-47 0.973539283113855 0.0264607168861286 1.6189000507261e-14
7.04193677594856e-44 7.59321417710775e-36 0.434341749505497 0.565658250494471 3.14168822075631e-14
6.94666230660733e-68 1 8.13342072226893e-42 1.74506313486192e-45 1.13696500021948e-47
1.10727890247384e-47 3.30608577826936e-40 5.6330684751383e-11 1.7874210590126e-14 0.999999999943652
5.83926173435328e-45 3.50303536478608e-40 2.76781988337795e-14 9.27944273468545e-17 0.999999999999972
1 5.77481434033755e-60 9.99770564982753e-37 1.56450476226622e-36 2.77314629280177e-49
9.02612820025839e-68 1 1.21826386776506e-32 4.61635139220399e-35 1.74635810566202e-39
1 6.84855002147972e-56 3.89354352232017e-32 4.97872672733099e-32 1.3029546745751e-41
3.33253585203089e-67 1 6.79556301408572e-42 2.19993053517453e-43 1.3839156253453e-42
1 1.84612859629787e-70 4.10104330439109e-42 1.16063250222355e-41 2.05202671681812e-59
1 7.884247409101e-55 3.35211902990093e-35 1.55603219806432e-37 1.6701669569904e-43
3.57260686629246e-63 1 4.85159180274088e-39 1.36745386893723e-40 1.0159573278206e-42
7.33007610757409e-64 1 2.11685078096871e-40 7.23000010295519e-41 4.8342560252064e-37
4.67341360446067e-51 1.04340336730012e-40 7.89499126700654e-12 7.75994335496031e-15 0.999999999992097
3.0688777517757e-56 4.58448791427598e-45 6.78682596381578e-14 4.29343561831288e-18 0.999999999999932
1 4.9654410497489e-60 4.28636807364749e-35 2.51668257051768e-36 2.47540664754951e-47
5.79939182593832e-53 4.93555887535834e-39 1.31846655914961e-16 1.42589544963945e-19 1
2.93861306449711e-63 1 4.02622003344669e-45 4.73541107972261e-48 1.23808921916209e-43
1.63553561980825e-53 6.37971161882948e-52 8.18929559609887e-10 6.02716354406585e-10 0.999999998578354
2.10162033164189e-68 1 2.43531293293686e-46 3.1870637734422e-49 7.10909307193651e-49
3.44990087721821e-71 1 3.51364892122001e-40 1.14667578610447e-43 1.36047630662672e-42
3.83530108939125e-46 1.6228309789308e-47 1.02393584335195e-08 6.19891010563586e-11 0.999999989698653
1.21326807323967e-42 1.38846114085576e-40 0.303488622816399 0.696511374119806 3.06379409237788e-09
6.65374401376753e-32 1.96574218089898e-52 0.00820154041804604 0.991798459581954 2.79506557002468e-18
5.771914613074e-53 3.35945711184116e-44 2.05286857579931e-08 3.82420198631438e-11 0.999999979433072
5.76659968803314e-32 8.46460458681299e-33 0.877681003927263 0.122318996070881 1.8566482800099e-12
3.90105793210528e-45 5.41623241785788e-46 9.54250691130907e-14 7.36761512439619e-16 0.999999999999904
1.28063961050072e-46 1.15712590998008e-38 6.17220852038607e-10 2.81031587633685e-13 0.999999999382498
1.23237162610362e-70 1 1.22804866498728e-44 3.19574791636246e-45 9.80184130971889e-50
1 1.00853041772099e-50 3.12830339754944e-34 3.30005329499531e-35 1.48489851857553e-44
2.29509101681029e-66 1 1.49713552772254e-35 3.75859172754942e-38 2.58151687141517e-37
1.85267685129585e-48 1.51730245862205e-38 1.72168812047008e-13 7.3834074769356e-17 0.999999999999828
1 4.55165625580564e-54 5.243549841933e-28 2.80621917878445e-25 8.05640267029834e-38
5.20082601630197e-38 1.1243032940691e-46 0.829821372821935 0.170178627175451 2.61311046645402e-12
1 3.95987496929803e-65 2.33457852804759e-31 1.14842458232243e-31 6.46209049540487e-43
1 1.29208095077574e-68 8.2479973945702e-42 6.43885666123524e-42 1.66757617391382e-51
7.20555178853704e-49 1 6.3546409370818e-29 1.79683190422333e-33 7.23918223172178e-31
1.10868343006255e-33 5.16358871802193e-39 0.953566090885788 0.0464339091142119 1.55880495317297e-16
2.36084720087618e-41 4.33717165474101e-35 2.63351991562226e-09 9.42140931725443e-12 0.999999997357059
2.40609464292644e-70 1 1.54972798434372e-44 1.52598537660175e-45 1.0849203863641e-38
1 1.44033020894962e-57 1.08668692973347e-45 2.82327279238126e-45 2.27023415309112e-55
7.86406946712615e-37 4.9364040224996e-39 0.985021585114242 0.0149783767920104 3.80937473052593e-08
3.5012546005678e-44 2.49981827891884e-45 5.23070011361173e-11 1.11734291153766e-12 0.999999999946576
1 3.75354215462265e-66 3.64479432651209e-46 1.81750421167304e-43 1.47014827692219e-57
1 6.93189402852613e-58 4.89182484678359e-36 5.17112369813444e-36 1.6836423422264e-49
8.85875839939654e-41 1.32074853527296e-35 6.50342789432431e-08 7.41297270308827e-11 0.999999934891591
1.83474699730479e-53 1 9.53683449342085e-32 5.43430458100436e-33 2.76992633270314e-29
1.62501586820079e-55 1 3.75381122630137e-35 2.69580570153743e-38 1.88937948566811e-37
2.93182226571368e-57 1.73690140959899e-35 1.44005434840052e-11 5.35481571051747e-14 0.999999999985546
3.56990326777428e-43 3.73752358910274e-42 2.51774398252527e-08 4.44481025792581e-11 0.999999974778112
1.6263672400951e-72 1 2.30606560191557e-41 1.44388168977093e-43 1.01875208659964e-41
5.98437588066373e-40 1.69857948931567e-39 2.53559580496541e-09 2.68257594074089e-10 0.999999997196147
7.15183458885341e-33 4.59954902709388e-34 0.997832586573661 0.00179004790707588 0.000377365519262957
1 6.55317445423744e-65 1.02187761875626e-39 1.75514564823358e-38 4.00584791102229e-48
3.53879860468839e-32 5.42594042893248e-46 0.226001372732856 0.773998627266971 1.73039041642818e-13
1 2.00625224753265e-62 3.23479154494889e-34 1.12234359953936e-36 1.49294410206303e-42
2.18603612148324e-50 5.81074196507952e-46 1.57086576977822e-10 5.41271509093895e-13 0.999999999842372
5.82470978250069e-27 5.37081055223606e-45 0.194844443712896 0.805155556286716 3.8729560320883e-13
3.5814423317416e-48 1.08190559096252e-41 2.77369801038498e-09 3.46438909874535e-11 0.999999997191658
1 2.49413755670939e-59 4.09393084389579e-35 6.31959701288448e-34 4.63790791976229e-45
1 4.91924094821881e-63 3.67080955260561e-31 1.43742408292843e-31 4.66725428139906e-42
3.71499145345721e-30 1.88623542989102e-43 0.828362291830908 0.171637708127262 4.18302180599107e-11
4.76216706836113e-39 8.77211286373069e-38 0.964273920973803 0.0357260790261969 1.35334085938706e-17
1.1974061325565e-27 1.1269648875977e-34 0.922617733539068 0.0773822652007205 1.2602113723515e-09
1 3.00785330800161e-55 4.18707031899036e-33 3.24098089037131e-33 1.64395083571794e-42
1 3.31298931152302e-60 3.04881115202347e-36 9.01044861142962e-37 2.38195836446924e-45
4.21288159002817e-42 1.69456216246597e-35 6.24828822983532e-10 4.01235246027517e-12 0.999999999371159
1.42044677697848e-38 2.76297048589962e-35 4.38113130113548e-12 3.24540004247831e-15 0.999999999995616
1 5.7114962192689e-61 6.810900996114e-37 2.76286191906687e-37 4.39722020039992e-46
1 1.10649800093416e-54 2.10455620970832e-28 3.10558119990271e-28 4.42395238509465e-45
2.18893130409061e-61 1.13949031431079e-48 3.81657841356566e-14 1.65454531290629e-17 0.999999999999962
5.60967122087314e-37 6.15741785490489e-35 0.84217474883664 0.00688141903893607 0.150943832124424
1 3.81653983096006e-65 1.61356748709001e-42 3.89419587158365e-41 1.66169304602156e-55
1.44629485471902e-48 2.3227280451979e-41 1.50313327808226e-08 3.67412231800161e-11 0.999999984931926
8.64607899081818e-59 1 3.86343244188876e-40 9.12232485084373e-42 3.14683170484995e-42
1 4.90465963179798e-60 4.46966427443019e-36 4.52440853727369e-36 2.88269127388708e-47
1.37731974156943e-32 1.71917353048454e-43 0.785582674971385 0.214417325028468 1.47450038754836e-13
8.27636440349924e-63 9.519281367928e-47 1.53483690841469e-13 9.69671007472209e-17 0.999999999999846
4.8189659073647e-65 1 1.67366234363683e-45 4.51945293359911e-49 2.40264291122534e-45
1 1.16515194880156e-62 5.70238679570235e-41 4.28800624573069e-41 1.4497277200786e-55
3.10994977703758e-36 6.93299155555073e-37 0.870834861901673 0.129165137563841 5.34485732112209e-10
4.20478909583115e-63 1 3.09307183126235e-38 1.73082721930564e-39 1.33756602837477e-37
6.91103444389325e-34 2.08852665300322e-31 4.33303471546659e-07 4.03083304711279e-10 0.999999566293445
9.02648748162367e-39 2.39813524593155e-35 1.28421502063908e-09 7.70768453009055e-11 0.999999998638708
2.14409030452616e-54 1 2.90009227396734e-35 2.32958822048809e-36 4.63712367138283e-36
2.31268072637795e-60 1.60760204766899e-49 4.53998417911149e-15 3.42847506248946e-18 0.999999999999996
1.42748294746676e-53 4.86866120053816e-38 1.04503697466595e-11 7.61302373947723e-13 0.999999999988788
2.64621245700457e-60 1 6.63648677237727e-38 5.70834067162743e-38 2.481055902785e-42
8.010160867115e-43 8.92476641893334e-42 0.745389135020911 0.254609009908362 1.85507072780501e-06
7.56606869875832e-49 5.26683181001848e-30 1.71154058275623e-12 8.87496734895866e-16 0.999999999998288
1.33020513419129e-68 1 1.65138035045335e-41 2.84774793773431e-42 6.36038709184312e-43
3.93934654050749e-66 1 1.23667596203925e-39 4.38324680609686e-41 3.80376547834977e-41
9.80564457396093e-61 1 1.02430833246161e-39 1.03645617004506e-43 7.8389045120594e-40
5.34925279504955e-42 2.6504981136902e-33 0.928901972145575 0.0710980275581151 2.96309790436006e-10
1.89404894894241e-51 4.11018567413093e-48 4.61285041131335e-11 9.13546501722917e-14 0.99999999995378
1 5.91687777747449e-60 8.35963515289593e-40 3.22837500837723e-40 1.06773144524944e-44
3.84976477151114e-42 1 1.57381294255335e-31 4.51626455310787e-33 2.61813169136186e-32
9.18814904046473e-65 1 4.36944307157516e-42 8.90299789144311e-44 4.25839628461892e-41
1 9.85667144929202e-65 6.92113483870883e-37 1.03623514724466e-36 5.41910761428631e-48
2.89932340804919e-47 3.9989465356212e-39 2.59510761925511e-14 2.538886849126e-16 0.999999999999974
1.20381803500281e-36 2.21037045329735e-36 0.77956065615062 0.22040869940247 3.06444469097153e-05
3.64759878522184e-65 1 1.51916528496485e-39 5.57055316633412e-41 6.16664032453752e-48
1 1.83751275407055e-68 2.60059651196573e-31 2.59995611040431e-31 1.21936403503304e-37
9.88363984778769e-34 3.57290811931836e-36 0.273138815574361 0.726861184425585 5.39592588081796e-14
2.8542273473115e-40 2.79047041183768e-34 0.22777117162333 0.772228710237942 1.1813872808393e-07
2.47754984625061e-30 7.0545433152838e-51 0.998101234119376 0.00189876588014533 4.78592777873634e-13
1 4.03476157989316e-58 3.11502432239366e-30 1.07255016946088e-28 9.73271969262455e-44
4.47277109142869e-56 1 6.91646373155901e-36 3.43353855348221e-37 2.68220488722597e-40
2.54332635290478e-40 4.52420273230422e-35 1.66941497761612e-08 5.42128588835686e-11 0.999999983251637
6.2235922186497e-52 2.3539832452324e-37 9.0453595312712e-11 6.54415997818064e-12 0.999999999903002
1 1.79445182973456e-59 3.23336273157249e-36 1.90610107907438e-35 2.96657942727441e-45
1.58137451274979e-72 1 1.21810892555917e-47 6.33690335724404e-51 3.6344771295694e-46
1 1.06693438966412e-61 7.98489059385312e-37 9.58421738601521e-37 1.97365593677119e-46
1 1.68735081440079e-61 2.96092476962314e-41 9.00454139666841e-41 1.64528507075371e-52
1 1.55827707067879e-69 3.4230562780344e-44 2.85836529454288e-43 6.18482839182334e-59
2.36506290041758e-49 8.5393772513509e-39 1.12574856224538e-10 3.63757981114929e-13 0.999999999887061
2.44398698346122e-40 1.52005415390346e-39 8.00961192605335e-10 1.43519881626175e-13 0.999999999198895
7.27582528335889e-63 1 1.4081004928874e-40 3.04589103738343e-43 6.7079791619915e-41
1.41934318375675e-67 1 2.50279422626542e-43 7.29608325074131e-46 7.64250689685308e-43
1.42758726422663e-41 1.00950663733071e-36 0.997130147278523 0.00280956454841747 6.02881730590689e-05
1.16918398000235e-44 1 1.51111118429528e-28 4.10901869071819e-28 4.19958405229453e-32
2.68453978985406e-53 3.34621082798037e-39 3.35875959189338e-12 6.72609898761744e-16 0.99999999999664
2.33203562370857e-48 1.62288322576344e-41 1.14600383402951e-09 4.40074173398379e-13 0.999999998853556
1 5.92074751459474e-76 1.8768478754884e-40 1.55842655863408e-40 6.83672180190359e-52
2.69350110850144e-67 1 1.20173959935939e-51 4.34129053044079e-54 7.99299391263341e-52
1 6.82894885855553e-76 2.13676346493038e-39 2.59290340949371e-40 4.64293499956694e-50
1 1.97547889565464e-51 3.4094531320054e-29 1.11519105547733e-30 3.55959335551682e-39
8.99882036188342e-42 1.14422705616533e-40 0.980650734651755 0.0193492653274766 2.07681181728484e-11
1 7.09843713206173e-70 3.82745891497677e-38 3.01475015630791e-38 1.50649579732581e-51
1.88845050601171e-69 1 1.47883522490721e-49 1.9446117101431e-50 2.17672069333168e-48
1.7533684302194e-68 1 5.78263828343965e-41 1.0503011298908e-45 4.28695090996065e-41
1 9.54263406599604e-64 5.45124619678117e-36 6.01544569543334e-36 4.3321136064768e-44
1.76101052069187e-38 9.22734532744016e-38 0.0283996064365922 0.971600393563041 3.66788906377103e-13
1.02194459427966e-69 1 2.88302613132207e-44 1.97182199195381e-46 1.64910258865023e-43
8.78809001008457e-62 1 6.9421521125483e-29 3.83391958779589e-32 2.62938805465753e-32
2.63844531891755e-49 1.08517819941518e-36 3.71371701064457e-11 3.66882104461112e-13 0.999999999962496
5.25670922572945e-35 6.49977415625272e-44 0.493140995694825 0.506859004303205 1.97075423880924e-12
1 2.75017169522896e-63 1.85004271994904e-31 1.71226973142317e-31 4.44631380176108e-42
1 4.14506742682047e-68 8.29303060534944e-37 3.72247374663707e-36 7.1698819461036e-44
1 1.35750931668564e-66 2.81466145606578e-33 7.95757197154656e-34 1.98825438696589e-38
3.20628420929858e-62 1 1.35832709543429e-41 7.60644142194726e-44 2.1756506970457e-40
6.45910386696305e-44 4.13393220705699e-48 0.906263922066968 0.0937360635608746 1.43721577766215e-08
1 3.81302413721204e-66 5.62183269880432e-35 9.34824369165189e-34 3.53719438144569e-46
8.52830694177005e-35 3.18331594909567e-41 0.389210305247608 0.610786042233524 3.65251886742537e-06
8.03341835204316e-46 1.48245137894214e-38 3.86921385492032e-14 9.50630553816826e-17 0.999999999999961
7.15366216156503e-55 1.06464685214003e-45 7.36046169129795e-11 8.68952207991277e-14 0.999999999926309
2.88969933671381e-49 1.21296608916641e-46 2.58236173806115e-09 1.93325517119909e-10 0.999999997224313
1.53081936365421e-27 2.26077850025987e-29 0.101483425717416 0.898516571366384 2.91619965414503e-09
5.30938359766999e-56 1.77640923349192e-41 2.42741100278698e-12 4.96831221795923e-16 0.999999999997572
9.40456813205432e-49 8.18748539700123e-40 8.69938818058134e-10 2.33573986684516e-12 0.999999999127726
1.38089357531954e-66 1 6.81333645650253e-45 1.03064822824437e-47 1.06348145147369e-44
