"LD1" "LD2" "LD3" "LD4"
-1.00323292063337 6.00698005348602 -3.98142588714178 0.822519669193062
0.43496547751195 2.88953702387776 5.47234771215947 -1.85721572103087
0.814072027420323 4.4868025858818 4.68192742358636 1.02572526998007
-0.923361520054956 3.52746472937079 3.83858177952985 -2.32249291015503
8.92608658822268 -2.62203864115694 -0.225597298496269 -0.660142720595612
-1.44879616124059 7.34358194854545 -2.72217832854014 2.31919080215922
-2.83667553296381 6.14540872137241 -2.16799154798439 1.5865449801831
-0.365041080137062 6.26007877410285 -3.40704192649398 0.598663891707187
-1.53122467688737 7.17481631211009 -2.35128735146954 -0.425780229534569
10.0725039839907 -5.15677500883549 0.669093383054979 -0.514715545252091
9.9941978358631 -3.66559152562376 -1.10911853753644 -0.790199475194326
-0.405344704923341 3.85266651997189 4.51117767335389 -0.233926858458856
-0.517136131671898 4.16725675454804 5.45753341672961 -2.62258814806214
-6.5441306950345 -5.07772925806027 -0.954514874315616 1.6872976742238
2.22119372556402 4.05642940963656 5.54152325362328 1.69584555339346
-2.16737359728084 6.63281355218163 -2.31966083555505 1.09760141934815
8.37403317066837 -2.36113238243568 0.732765528465151 2.49219945040902
-7.7760133635305 -5.06428190490966 -0.0750855861740411 0.243557601499057
-0.942026668704185 3.48486699962998 4.53551243228061 -1.29505018819682
-8.41406412375785 -6.04837040689278 -0.655209369010078 -0.962559486249861
1.42996413266158 3.61850954995153 0.607130541179611 -0.457700740942959
-0.100815300417592 4.17965184055348 1.58636353714541 -2.08407225249497
8.80331385776435 -3.08719348366686 -1.1610689036171 -0.67869908126961
-2.43869875727293 6.88271315197045 -3.66624027617377 -0.687749194234985
-1.90763084711215 6.63107125465922 -2.57117521288132 -0.609388071993739
-1.18161241558927 6.6380427751444 -1.62102831855115 -1.41643980760002
-0.606028073130148 2.85890922188838 4.34697874126217 2.86993217555211
-7.76482337430568 -6.38003728670741 1.47592885247251 -1.94115116965647
-0.687339626001399 3.55827825277748 6.52515505956437 1.81228746578708
8.45220268945632 -4.53557871015992 -1.337716851942 -0.104320923527955
-0.404595780501974 4.67054722090599 2.50105913078832 0.0175748005108377
-1.33505070387954 6.93110520896243 -2.26441315482184 0.390513163083406
-0.52529663165589 5.48092955331955 -2.03949293979606 -1.02648225679424
7.75626909589857 -4.65145021172379 -0.562346030600597 -1.09552125190146
-1.5206042476619 7.0008306500467 -2.45143312880852 -0.183044497051205
-7.74650591843442 -6.58597898593815 -0.365863258729174 1.39682499565978
9.67966726448134 -3.38321298170053 -0.196241767693103 -0.0753219385234955
-0.176740269918534 3.12726054519796 6.09423367227218 -1.49108285566983
9.58532484838282 -3.17773364421636 -0.857340389474387 0.243945903336027
9.37911841422183 -1.32218248677665 -1.63715199736277 0.228969810994166
1.36500453596972 3.99521742421042 4.25361900592996 0.858241978381925
0.295862019307553 2.56168525033046 2.63031219587014 -0.669369130484643
-1.51279261146538 7.32392689268827 -0.451157368008471 -0.241419150919847
9.83919353683027 -4.94726849671917 -0.072533074146715 1.4029152636914
-5.84303482048744 -5.5800782663023 1.49384170629061 -0.353689017254427
-7.37210970207149 -5.84493204206107 -0.860934594490318 -0.0895646121827564
11.2726926949955 -2.6190732382115 -0.200661006154246 -0.602097969000137
8.4681896605665 -3.66296219245627 -2.82690982698139 -0.502595725098525
-0.795780968343416 7.51249854029538 -0.919124652495875 0.325925413139913
-7.54051045437337 -4.86863650808315 -0.396601332499863 -0.828729996895478
-7.78674536718657 -5.50047198813237 0.304675672330238 1.1352153193449
-7.57438478805837 -5.08650397093256 -0.196455234374753 0.82787941636565
9.86028809010266 -5.00377421967851 0.69906920421625 0.0117242968769379
-1.41062436811841 4.79905621004488 -2.39156863116847 0.0626507725324058
-0.658026003496735 4.92600324302074 -2.09947190714376 1.02955376157274
-7.97106365038632 -6.85034261887489 0.340359919078691 -1.10159701227779
-7.39586318677171 -6.42743616288359 2.66270500423133 -0.112268861294405
-1.95453526891113 5.11529773516688 -2.97167291133158 -0.449752047184452
-2.31145207644884 8.09445144442752 -3.07545205023471 -0.38218769947426
-8.04365563343375 -4.52578645853187 2.67038555530515 -0.984706178028381
-1.59741306277396 6.40426347944282 -1.46762767493908 -0.356131299625595
0.312143863925635 2.4432553095587 3.11667055649736 1.18638960912339
8.07333321375018 -3.2852675512198 -0.921946711734444 0.839922350666864
-8.00997061394555 -5.61281343493157 -0.207679592113048 0.195848151618379
-8.15177453741346 -6.52880774186988 1.85093434505605 1.05479171346468
-0.85885888189638 5.81539451929356 -3.57968864101064 0.294252691149592
-1.00052825184 4.31879962663921 3.29625435737143 1.52528211849947
0.802644957913205 5.19128379895432 2.80162158721325 0.897212024159126
-1.09402340696881 5.31855848515 -2.14985072964714 -0.606648323057279
10.7971943906435 -4.97976934350392 -0.975578573083648 2.5967924272896
-1.76046681339946 6.52062904026563 -2.35537245494487 -0.510718665850567
-1.45442792425538 5.49180158324866 -3.67929772273711 0.152395920647356
-6.75353561165575 -5.4515375174905 -0.632581612304073 -2.83913121764308
-7.58299952808637 -7.56803992954017 0.00476751370828571 0.273197325046522
8.97841196898221 -3.77857400398444 -2.48846135229285 0.0942009681124005
-6.69443415292999 -7.02246384788986 -0.536269920676784 -0.311979540425182
9.5239306673021 -4.77158380642211 -0.0135945966216671 -0.527172748514196
8.78743171099969 -3.95796615026877 -1.3346043031125 -0.0532420875325716
-0.311294574240115 7.08001050743753 -1.60626432983235 0.261080301534638
-0.620795291854054 4.70746867453103 -1.77782697120259 0.510289992404679
10.1378678616527 -4.48734635369726 -0.150798993976444 1.83014832829597
-0.808666407934259 5.38402360597735 -0.943427628574283 0.706856157633967
7.52305069904651 -3.42717701582467 -0.441861566304666 0.533222327916528
-1.91143604650105 5.37879022387753 -2.66222690406369 -0.818375764717262
-2.90414760680819 6.69218166469801 -1.45582741836522 0.105662302679935
-0.210808243445735 2.42164183924935 3.90751469465237 -0.460054747446188
0.699838584500561 4.34602164908708 3.93376033107629 -0.43473507457086
-6.12716550969456 -6.30267548520026 -1.39515815568693 2.70945803662527
-0.606701940325555 5.08077875867565 3.95319096400626 1.10429727829722
8.57232293963417 -2.54821541418567 -1.03101595293046 -0.186125055434399
-0.378809144114859 4.73112366805584 4.51056286834476 -1.4782394162923
-2.42956187950173 5.99672212801576 -4.18522691236199 0.119257441708033
-1.42101583443247 6.36527963116169 -1.7649356596874 0.803835461181849
8.85802117362077 -3.70920482475087 -0.835813327611608 0.9182610035057
-2.00620407421893 5.83981066376866 -1.34749998929539 -0.188040754794381
-0.26538361817645 6.74769926013661 -2.89506489524734 -1.52114230365999
-1.99852592157373 8.54981254590927 -2.25220497943632 -0.825105753909281
9.03960663190273 -5.96901840095443 -1.15992930566928 0.277358453512715
0.899510518108591 4.398937957592 4.55700009144971 -0.0859756924268254
-6.47038982977802 -4.31151225507215 -1.04255503817469 0.996469334847298
-7.4452939435511 -5.45596102859545 -0.214990639250809 0.221614460073961
-8.12706206430807 -5.53251218580823 0.742216909205612 1.15511943937889
-7.44202494836503 -6.54687814408624 -1.35004973448632 -0.512024695000062
10.3955689581512 -4.27299806968755 -1.35008990832007 -1.27293974861029
-0.620654621228633 4.99995769504427 1.00025823268433 -0.713846701898439
-7.44053812640849 -6.1042238347171 -0.43733519945951 -0.363532933223992
8.54555712361533 -4.29673235199887 -0.695728654925248 0.124253938381858
-0.292053819356261 5.54344743135766 -2.01552597717961 1.62604540975167
10.0919019846287 -5.17644816956519 -0.307679385198452 2.41096783279565
-5.28880985287155 -4.51916295927949 -0.0488254139307308 -2.85700769019009
9.00081014040667 -2.69975547771291 -0.531462364185362 0.382478585698158
-8.18721091195954 -5.04608516211713 1.01523865853728 -1.56764016538358
-5.74800382566494 -5.31243216136009 -0.352626336770065 0.0749621260837146
9.42183493050118 -3.72427792038918 -1.20132492321814 1.20322628749191
-1.22065429314875 4.89691755643052 2.02207336149756 -1.25214205290348
-0.658524790514615 6.83522439796737 -3.32693088002368 0.164919452578184
9.10066226188873 -3.58815657972885 -0.996522342284013 -0.280825443688617
1.16907533549396 3.8265549108455 4.45705157752568 -0.366415609491242
-6.73925312762747 -5.14464958146291 -0.552910049945553 -0.491582949087209
-6.78973008740912 -7.16486160449583 -0.360868315705087 -1.32379199547974
-1.35170005029227 5.79490963434966 -3.54162081509112 1.15538789037641
-0.601938584761843 5.38495956064994 -2.60776298634903 -1.63019595930453
-0.84191334768585 8.3871461254284 -0.916925987452037 2.04599254217821
-4.63615369693367 -5.71521971582135 -0.90442602434344 0.523463165637944
1.59344019630424 1.66430668750659 5.27214459318585 1.75129327728474
-4.23354923556917 7.66684269775847 -2.54522515969329 -0.290744859297355
8.78528789583311 -4.55465279414775 0.406337922107125 -0.281035728456971
8.410348028416 -3.44121470542454 -1.92700076217524 -0.495021270243582
9.0011942890508 -4.86569299055679 -0.921793913850324 -0.815594713748633
1.28224678469219 3.85762642132905 3.41719036982893 -0.281415140290456
9.42155450471302 -5.33422277578815 -0.62122792806565 -0.336303828809452
9.55752763311728 -2.89957106450247 0.0731680556796508 0.765970824973192
8.50129139260737 -3.47312115999568 -0.426279037396114 -0.162984353648871
-7.40936564160257 -4.86619945214949 -0.538002467139471 0.20807314087027
-1.13144240997766 6.87546962204324 -2.19194627117413 0.300740536671527
-0.707461701524571 4.67535498578629 -3.31200697749773 -0.894985594252965
-7.17869782998458 -6.34824739639018 0.230847467090269 -0.324880231371023
7.71228359664249 -4.43630996237926 0.281364275348565 -0.250610056465625
-1.51259034580652 3.60764350210007 5.33186315864291 0.466442939733854
-4.42560103234912 -4.79236116962999 1.08169784885778 2.25708057701451
9.67510398196397 -4.43130951087434 0.561505578950624 1.17994711330511
-5.82998659551217 -4.69878786053827 -0.849328311659903 -1.9016179077301
-2.82467803076741 6.67309441780262 -2.66190641126921 -1.0484274602913
-3.78635351145626 4.82642296752958 -1.99329492541137 1.4895652303034
-1.46756961602532 5.05902627310775 -3.40933960112819 0.269552879143573
-0.200370175912046 3.77918748510162 4.75541573781223 1.88321540552823
-1.25241384753329 4.35031247495724 2.91681759422958 0.983964599302842
0.69763990331708 7.3612096862095 -2.29162258958318 0.447728183563983
10.4711002170781 -3.9847482501227 1.27418711429499 0.20295861428928
-7.4223613575838 -6.08817165614362 -0.585272295900149 1.52472038607884
10.2456511366938 -3.59361489838223 -0.486345334154336 0.0754684339236689
-0.159444020533956 3.93497698768353 3.78582970394007 -0.515847744579334
-1.83283962372439 5.71731536057412 -3.00640519565963 -0.465764165240774
-2.02573117928567 7.44823161456947 -1.70272816580795 -1.00729009752669
-0.509371217883822 6.21846321762869 -1.58299316791372 -0.676256069842855
0.4271558956773 4.7361485708226 4.3491974763912 -0.607198475624246
-2.42884338417039 2.6627904000641 -4.99123872872197 -1.72858523605775
-1.56932370524513 3.45562446900634 -3.01605692682593 1.50850417353046
-0.75624252735589 5.54690804710259 3.0176255727761 0.427481787332697
-0.41702434312001 3.86327814186583 5.48513843390605 0.023504884258477
9.92112756865159 -3.98827176193282 -1.28855744754094 -0.136699743378313
-7.09804174275595 -5.86298879554132 -0.902939841495602 -1.52327429807978
-1.65653408104513 5.71742515630667 -2.35279692986614 -0.767322277418653
-7.10002717755002 -6.796427256008 0.480374767241319 -1.72038200306448
-7.20291574578399 -6.54167440124447 -1.26333434311081 -0.0201137238657032
9.63005801410475 -5.07673632466141 0.51119160844788 -0.674542301501272
-1.19410742695136 5.78901810487292 -1.24791694414967 0.768782877261258
-6.64901452526138 -4.90564714252039 -1.7200250041694 0.582172667325775
-0.461248855571019 6.75769535377059 -0.667583572557544 -1.24599351748955
8.5346197895754 -3.79391754103945 -0.54826791487109 1.10153922127525
9.25690462713215 -2.92630048643958 -0.611918482212759 0.827549968278123
-1.72077064524869 5.75196010608967 -3.914235696934 0.0830608928708416
-7.35061634501519 -7.56470142322998 -0.720460562356403 0.079837119817866
-8.4237834099934 -4.82748403373299 0.667944677930478 -0.187995679815765
-7.78389597375017 -5.47955196411927 0.528437709583007 0.149899880813163
9.86287578790261 -1.38424389748354 -1.83882064266391 -0.0134794613986759
10.533233251858 -2.8417788532877 -1.10444211652252 -1.11581570354469
-5.69915826152562 -4.66107934653221 -0.955190180380251 0.743084755598474
-7.79817631579013 -5.80434626833967 -1.67144418549201 2.30133443010014
-0.937271755197767 5.71228158745421 -2.7550728576053 -0.235120473838397
2.09899219670711 4.35371681327858 3.47962817908028 -2.25708519170707
-7.39596819033402 -6.45976973007171 -0.665091247234093 -1.51962197700076
7.88312615939809 -3.10774503601697 -0.673556953334025 -1.12444570343017
8.5144039024821 -3.89224446536371 -1.35049231970989 -2.13333840417424
-0.00115475228609447 6.20604423649654 3.74582273937062 -0.330230368427085
-6.62991769497575 -6.49768655699652 0.924602336095685 0.350231253812754
7.52586824035745 -3.56489020811944 -0.547410079096969 -1.52994429558709
-1.35038506983976 6.76291427627224 -2.42215656126423 1.38761910851252
-1.5404825493063 7.50641566520459 -0.669541050329036 -0.933477202143882
7.65927801727267 -3.57731073940684 -1.25309970504745 -0.519033134435298
-1.09687312109763 4.94970556069325 -1.88590634324149 -0.428030597415708
-7.37270584238929 -4.97710852905596 0.43579086020763 -0.562957547270682
9.56947178218001 -5.81492049321906 -1.1843093025367 0.361092461054926
1.90898343277954 5.88432844282772 2.22154792731383 0.870944779970437
-7.55548573434312 -5.54252843386931 -0.177336385406798 -0.183893071412841
-6.7671052319836 -5.22522510506556 -0.616170592706978 0.0344381012563394
-7.08150247025783 -3.92344035329501 -0.593662493788201 0.37519291697639
7.49762942491364 -4.25133452015873 -0.0671482605697306 0.495116008214278
-1.79168664918653 5.74515041672598 -3.41920803879285 -0.518721271705438
0.940186684573076 2.9714727923257 2.68046288655481 -0.514121160686567
8.69703554221922 -3.162710035752 1.20339853205826 1.05353185996501
-3.01595727574633 6.5023679589183 -3.23715721337532 2.06578763407922
10.5456861699326 -4.86320264859474 0.537189516276513 0.294763112208107
-6.21855788181258 -5.26791679778274 1.34578881375621 0.617170950809601
0.146031747484265 3.75420386127181 2.8037696127774 1.14741747093509
-1.85167645187754 3.57133845306658 3.8034443407886 -0.523275386118963
1.07498505996378 5.16236497128656 -1.91402007919294 0.924758510778457
9.27379255023685 -4.20567127473427 -0.433074127046793 -2.35035918195167
-7.77591836800292 -4.46051219621139 0.82267257438946 -0.566094492014747
-1.79621833226486 5.83174041409655 -2.58266820409978 -0.29180900935955
-7.19992309574408 -5.83680687369764 0.954300870513397 0.608715432779501
-5.97893591760431 -6.80568579720667 1.45659496291293 -0.712959906066369
0.379525379510135 5.41863911705567 5.0789647310318 1.63277036721472
-3.16355732150223 7.83036650820306 -2.69452707939149 -0.0799158283180056
-0.978359373786491 5.08693448007879 -1.8178089196076 -0.537225437910836
0.995735165982093 6.33132125630347 2.97216648454282 -1.20307132705127
6.51564984363393 -4.2892158647769 -0.449202059436802 2.12151451886324
2.29841360289843 3.90806000018835 4.29566195375279 -0.0265784219850688
-7.46076486107877 -5.52633659200337 -0.295224595872994 0.308183062736706
2.01459800450461 3.52939709224223 3.9114384324204 0.687597269386378
-1.78931287965495 6.23452147550238 -1.86744105424311 -0.354299933517317
2.42314022521071 5.55808457973186 4.98970225924371 1.89726634892103
-2.04900765665169 5.8666001849471 -2.12176758801279 0.505713458810293
8.66319912590251 -4.15514652937365 -0.346587356525328 -1.43726766094318
-5.92365028912628 -5.15289369131471 0.0731089631305091 0.991759065705807
5.72539443938134 -3.73936370370818 -0.644196138494608 -0.935414227507293
-8.42991462279925 -4.50928278667275 -0.798388231248365 0.601290921312771
11.2631431041239 -3.90370310076823 0.0523789186192584 -1.19421870415603
-6.10626061444592 -5.77745982894123 1.05565541406765 0.696635390104642
10.9549862068171 -2.2251844578662 -0.742613330414861 0.45414481756959
-1.69264425360222 5.80655577089708 -0.943537600586913 -0.74116910111091
-6.33203165628402 -5.9757356918757 0.41381531351863 0.29468549421892
-5.83648004885455 -5.58313940770244 -1.51634508908958 0.543638109051776
-0.498405880651709 6.36803069639761 -2.58964282073271 0.903595052180664
-7.0654371689514 -6.06896855774095 1.20343449982221 1.86631666734638
-8.29317628552396 -5.8177957678187 0.124722736116697 0.416149178983395
-7.48779784277211 -6.13656677939965 1.55179819115047 1.61365820424136
-1.09363277506228 5.27245987012078 -1.98460933874666 -0.222412732055254
-1.73228674120167 6.23925632700327 -1.75233946992727 -0.410843440110719
2.09748216183296 3.21434803406903 3.51418008728842 -2.48850538843805
9.26052872337414 -3.06650625523599 -1.34016484742777 0.367617288955655
-8.2450442989422 -5.56534806966486 -0.718753400450161 -2.00840009553309
-5.37391197684387 -4.53125841763474 -2.17132654798777 -0.361856556086481
9.19081241825094 -4.30997198587869 2.40701878914701 0.583486586272542
8.88077780726574 -3.05598461616378 -1.62365525863331 -2.36439290991095
-7.31913099704209 -4.79684420416997 -0.740121622593142 1.93318121383956
-7.53297626958644 -7.53549311537173 -1.29894882718455 -0.496245368095547
-7.35666426175893 -3.81161301347369 1.17541322631671 -1.19781646541685
-7.77483904965204 -7.4198682962968 0.704249753998469 1.83632944342407
-1.11049093654355 7.18062399077991 -1.3209761514169 0.870429075949369
-1.64241419246301 5.30635176019051 -1.56515854641335 -1.43792082282923
-7.30879314504051 -5.71129215629971 -0.257921221610374 -0.641085542007927
-9.11849470618124 -5.32158869477592 0.407825256678275 1.36798541483534
-5.48215169145484 -6.84589841500842 -1.52880325644044 -0.852217727484352
7.8303855141674 -4.15081772327951 1.54276559901205 -0.252455818408752
-1.34886502847373 5.2481126751375 4.81759211839657 2.16100335802301
1.30677580217763 4.43788757759438 4.87977593474885 -1.59150720921073
0.401955634018476 6.55655133373454 -1.85507478474516 0.906737844268769
-2.87547497149593 4.74686289192851 -2.9888631425865 -0.532681232322653
-7.49172140393723 -7.83571568763785 -1.2945231685048 -0.857436375773063
-6.68726838816038 -5.88663170650114 0.636674220709868 -0.455572821858856
1.13070624777693 6.05397615615282 4.35912754903404 -0.845723205798863
8.64042026704255 -4.5194557962341 -3.22001215522074 0.972429562748595
-6.12821265568014 -5.18996614322992 -0.00967820219108603 -0.123952005162316
-8.66281060909812 -5.2289579660358 -2.07071916501734 2.381854990664
-0.048829821222014 2.47002370406325 5.16204403990681 0.739490232439188
-0.0835847771607443 4.5030150386131 3.12111634803219 -1.43925256706448
9.53645912084896 -2.22887539728687 0.26708602448541 -0.746954929691799
-6.87540220345643 -3.59898065937752 -0.497906974674323 -0.341517639918239
9.85627901961339 -2.30833368995187 -1.23002979648296 0.375417871309337
-0.355762737998161 1.93990488058155 3.58924737158748 0.36157780323272
-6.46521518612276 -4.56271398260811 0.256220215058794 -1.33979315961381
-6.28187657102273 -5.52606066576358 -0.00402098043882245 -1.00592432111441
-0.700378069834314 5.9777222263494 4.34268606965014 -1.94298771315876
9.35039765772499 -3.49117396459496 -0.620478459932647 0.00370161545866469
0.697382042969529 5.872932983532 -4.00368670708533 0.0610769043783572
-6.99918555545953 -7.24652001110968 0.51015847880257 -0.80719278231042
10.3780579286836 -4.94642547084756 1.06125265127999 -0.187273056679423
-1.4727447670025 5.60265061049649 -3.35129381490953 -0.0870235209639055
0.0451831093370207 2.82917927443421 4.56489595978868 0.764787881742757
-2.81476789174555 5.83348165193291 -2.13447968587862 1.71961895191817
-0.717598252980766 5.65208807655076 3.19575900572648 0.906066801199252
-2.44160589489449 5.97876770869753 -1.06599054457203 1.1562932601296
1.11960312771928 3.84600829189657 3.47695677762722 -0.346697975605631
1.4635478330303 3.92915965220677 5.12066390859392 2.21391287057469
8.39916522915497 -3.51382851253105 -1.16189068642095 -1.18657712758829
-0.306716333382902 4.15366364334969 -1.79650864368604 -0.919999633928678
-1.42633170046994 3.81163578143342 3.88119585956683 -0.735130941708383
-1.05698646389031 5.44615685084209 -3.3007589776732 1.01408091943306
9.82397084851991 -3.73113157035654 -0.00303073824150195 -0.6558888201083
-1.08327659020578 7.86629153719838 -1.10947559556218 -0.375228986063361
-0.171197565307561 2.59462525140548 3.74246203241787 -1.54876353784911
9.09122950184204 -4.28164610245003 0.0819545932103597 0.129252255558651
-1.62573402871417 4.26057216457988 4.28016990085369 -0.367837366412764
-7.65431967808653 -4.14797877531035 1.4701207194539 -0.823854878114558
9.25984827687888 -4.95770022885519 -0.711841930460919 0.673888512601261
8.2011762638774 -3.39680742805693 -0.462551164097695 -0.130476444771477
-2.29882091419712 6.48095205351781 -2.41687706983859 -1.29297452118214
10.8873128169549 -3.45575420278532 -1.28050930100494 0.569773360345768
-5.54302252042602 -6.19534491672333 -1.73389455127622 0.491243368254993
