"LD1" "LD2" "LD3" "LD4"
-10.6912256234064 2.72989461133694 -0.564853713483252 -1.17661436109653
3.23702772212005 -7.13384057366076 -2.60661540254144 -0.59034495696176
8.61806277989487 7.15571415545587 -0.329107227193085 -2.06297608813739
2.53050939257468 -5.89398586676906 -1.4994143804575 -1.09354921669821
8.89615084454581 6.36588247681215 0.0751891642064093 0.366466315141702
-9.44398892169186 3.07672310539732 -0.680068775260272 2.06365839352117
2.79135989960644 -7.26374172877207 -4.05801864276865 0.960814369192554
7.21376079420756 5.81502294013941 -0.116002299540921 2.25372955957313
-2.20169741743567 -4.56211433836998 4.69147969455171 -0.654669572562737
-1.3563102058851 -4.32065514935381 3.99600142173615 0.561912832270395
2.40968013932925 -6.2506159122541 -2.29349808072792 1.04415031420567
-11.3098433230932 3.28542294117964 -0.801325497546999 0.0690936322698377
5.72378482067361 5.57038983151593 0.880065152937689 -1.78724253978033
-11.3874625647532 3.41826754487838 -1.57856340677195 -1.11548416931984
3.11916360601787 -6.9406307697133 -2.36083894757488 0.358165623945781
1.99365744351921 -5.45265172427977 -1.97232967265025 0.904667513471076
-0.593169222107913 -2.3621421950129 4.43776744175697 2.21806902455389
1.32787661998161 -6.75002645938568 -2.41881316837863 -0.443586331893041
5.78503613762623 5.46517929602991 -1.27704381389037 -1.16467160929224
7.65493222550851 6.38938370939356 -0.258637676020028 2.23556904517816
3.13572370037309 -7.72252858751364 -3.13642739622652 1.25715563990869
-0.109396956978345 -3.82416294261701 4.81828920267894 0.174390299176744
2.2616785650156 -6.16067490282974 -1.54265865256656 0.00122354979375894
2.67701108041214 -5.60796168677397 -2.63475968980846 -0.555430270721393
4.46592076758713 -8.58314268707818 -2.44358051735934 -0.258988888636011
3.29410268655566 -6.45177688586741 -1.74814904492265 -0.612067403465323
8.58509941090292 6.23717797933369 0.658229680399826 -0.817250716232429
2.73291434773289 -7.51907256061486 -1.51962207510475 0.622832790495631
8.17061336721118 6.00613099848452 0.553572026677569 0.150570227393346
9.35905405256279 5.43191780110765 -0.161528458841297 -0.919424504276133
-10.1962181869893 5.06560498046584 -0.23855952433116 1.4294933671566
1.85700609880103 -6.11124244184842 -3.16643746149802 0.830171823175871
8.30559711130548 6.83346058820331 0.0511195513218967 -0.213446608322184
9.09772014098553 7.00890134322258 1.77279876662261 -1.33656622023124
-2.07226459125988 -2.47736634027284 6.19208808673649 1.83524222543049
1.36840348068281 -6.24683952807941 -2.92078459184995 0.0084932717623642
3.96782569740054 -8.84033750490178 -2.85149887607766 -0.702791233492127
9.37952383450984 6.33626240674165 -1.41996099896247 -1.11071519887739
10.1488403009671 5.80253786622017 0.784890609355376 -0.440740438239027
0.479573600556793 -4.25254887935472 4.45303064994035 0.555902114751424
-0.427789214379877 -2.97037057532023 5.07273567593401 -2.1889784615828
3.00367969489483 -6.70120951405238 -2.0347099005392 -0.45324220964376
7.34023206652839 7.51634786410166 1.10202278484394 0.399148339104225
2.26519873065064 -5.10313884998889 -2.51380816461613 -0.846636869954852
7.13360043532337 5.81461187609309 -0.138571950602276 0.0964466190490535
0.367672752975472 -3.83200425057066 4.63252289247927 0.527168591248442
2.3146149655587 -6.83645286525063 -1.28900347865264 -0.415611171888254
8.78715979726644 5.69471467950921 -0.787699877131829 -0.158199805671355
-10.427093776665 4.31071310351456 -3.18803442601173 -0.311205173184775
-1.29927082030653 -3.50215036460376 2.59276593204609 2.59703646574424
9.14613134679769 8.35776340231808 -1.47468998167381 1.2962473265458
-10.1878073293161 2.73083829325627 -0.887113474647074 1.29496225001237
8.72712324768936 6.56615318583793 0.12921265688981 0.821599653271905
-11.3707347762085 4.4785767682289 -2.32042332850174 1.2146491895706
8.95116542609885 6.65593029105528 -0.0205188018277879 -1.1017270481015
2.36507315025264 -5.9506340907288 -2.87256648414725 -1.0755242842225
8.74874233331489 6.93309278687492 -0.72043312698508 0.636871613096232
2.40278791195399 -6.3994838809324 -0.932115880781179 0.273624698211781
-2.17327789092018 -5.83703940388293 2.0954670853512 -1.15777350588881
-10.7316881946042 5.4548194977625 0.0396886357610823 0.891849155003417
2.93358232986606 -4.39906492658569 -3.66209652750033 -2.57371071546065
-8.92863994465005 2.83542687302154 -1.51541438696475 -0.887174826351114
0.395352192411351 -7.77393173078925 -2.30008810894199 0.137221981934687
0.533887001567574 -7.59260357512302 -0.942411392496732 -1.12509338848149
0.194203660503185 -3.85558590511109 4.66022110607992 0.588298115311101
8.78986301423675 5.63646961630207 -0.78278619016625 -1.35262850577639
2.90374237220487 -5.9881212400337 -3.28462271608189 0.81928509080955
-11.7885452753624 4.15586762650226 0.831503863710174 0.0742011099695982
2.94682797181884 -7.16147187881333 -0.851586949746992 1.42502002864073
-10.4044651918098 3.47240245623253 -0.804492532929741 0.316798971684051
2.18693482279889 -5.53605057362896 -2.32565478342836 0.267368930533457
8.16270569278166 6.64432924941526 -0.730920151846368 -0.76715206146067
8.56532148782538 6.84987164009021 1.59645969485048 1.33313124704384
7.92979983204832 7.18670497452504 0.582555364144295 0.849662353351866
5.71225001684085 6.81624862089261 1.97083553449647 0.497734923822765
1.1604353460938 -5.22009451755505 4.80235835411199 -2.33612894364558
0.415500035423357 -5.40065520540694 3.60991917753884 0.503052854542641
1.42879341517348 -4.81382811937377 -2.47617352217577 -0.36749272076086
7.27279720964869 6.0908520323513 -0.155263090072714 1.25846084333171
-1.56213313113067 -2.62994181647028 3.50431602474394 0.798721338804294
2.08907681998472 -6.72282393007073 -2.07445416088211 1.46169672161485
-0.510709087738079 -5.41917234453853 5.06406299360898 -1.51875255198304
-10.7470273142019 3.6272282263581 -2.78383097984489 0.0914590348478092
0.985387367904473 -4.29447858845239 3.49122887030952 -1.28716147956297
-12.2688402182442 3.16493843401914 -1.64490701830345 -0.014370364615989
1.92253501701101 -6.24737691941038 -3.38122148548683 1.00642351431112
-2.36048636858862 -4.30376976487573 3.68728809359558 -1.41190209211944
3.62263511242909 -6.03721136167455 -2.31191343853362 -0.427462245526054
2.84987415838147 -6.01619850509496 -2.78722458651586 -1.29749042824393
2.45168439830919 -6.72134691580549 -3.79874205961072 -0.428715396910381
2.22030935060315 -6.23250532005941 -1.6118697494096 -0.161174021220222
-11.2230070289918 4.67236420229212 -0.356067101900798 2.49237528264259
-1.14250540481645 -3.53058405499659 7.24160469194459 -1.74943264576243
3.36233202292014 -7.13730217157665 -2.52321321233619 -0.647257642054657
-2.83827731554783 -3.86826381815278 4.29936781024521 0.439373387252672
-12.4326011643669 2.22710397781779 -1.46363819301421 1.1196315395957
-10.226073586442 3.54576268576254 -1.40495588670365 0.100734806804545
7.42166830773887 6.06171135539722 1.16921171199121 -0.359381846676858
-0.464841692119085 -4.04482393424912 4.68196098716886 -2.50169722729586
7.78059047761276 6.49093627165822 0.757789330358029 0.249385494366983
3.58315689534563 -8.10537644379908 -2.76540597489958 1.18315088199445
3.01627129719969 -6.63488701476489 -2.32871463323287 -0.0798879457347989
-1.87753736844788 -5.98459117442904 3.29990479338435 1.25733336296217
7.87262383571319 7.1306457358085 -1.57856772276344 -1.30461498226494
-1.49312596058936 -4.28806275996637 3.30933124706644 -2.25080215734315
-1.25440532646442 -3.47917091926984 2.75407611227775 -0.330596276533158
-11.0469940713405 3.67514390971573 -1.04695432858023 -0.20058514947319
8.3070014006604 5.09511174835871 0.392944593161546 -0.558785299565169
8.67003523392028 7.25019893224198 -0.869273330296243 1.45580499926132
-0.41806150628343 -3.54438491049589 4.37782533531161 -1.96292265316012
-10.1126888569556 2.87970812727902 -2.1453998074797 0.642969052595751
-11.0127493103623 4.54653218787529 -1.15436918282694 -0.64824079452685
-1.89184011117268 -4.66482202075518 4.68352597068874 -1.6677420863788
-9.04299132142257 2.50066221806687 -0.250226123353691 -2.56985907904355
-1.0184974344717 -2.17425995066921 3.20336745389009 -1.29713024118002
-10.1404681911513 3.30364498638838 -0.995193871096021 -1.48664685565055
-10.955148340403 3.5025454384885 -0.459003718360651 1.0007714433615
9.10583269565159 5.78571439572793 -0.138385501640655 2.16315283450687
8.30832602454134 7.39617900508966 -0.73517829214149 -0.44376230818947
2.73111019322053 -7.77729093076571 -1.56796511820794 -0.458954727715923
8.6544490339953 8.2252521152226 0.332395215004118 0.480736519724435
8.21066473927933 5.01282699916834 -0.262961472574329 -0.860598866399155
7.71934162112747 4.32827238524713 -0.199406064318264 0.0257220746501927
-1.73540328063942 -2.06880848105995 5.13540151170575 1.29293030745769
1.48003559054978 -7.84095493482031 -0.987309002644141 0.00996535046135967
8.31288907312392 6.04975500939659 -1.93025937722043 -0.125222074109032
-3.68315186974347 -5.77463787597616 5.00931535658166 -2.57216597261772
2.73531378281797 -6.57437401323317 -2.22345314374501 -0.5183032104746
6.80080949356185 6.23182146253716 -0.108086605248614 -0.0534523989644687
-11.2388185637936 2.97135800864214 -1.25888050813805 -0.176144981993521
8.67388377713717 6.25128164575001 1.09403761722926 0.0293645988217773
6.9824547405458 5.94930450531523 0.358177398692961 0.794833217426597
-0.424905456234593 -2.99646957791491 4.82666135402792 -2.61469648192938
-11.2728024633312 3.22805113544225 -1.14551725437872 2.96028836172636
-0.587881369509255 -3.60908294234422 6.35275650085328 2.39378041882822
0.0284220481623515 -5.37776069424044 4.07565933626776 -1.45446746085693
2.43075087365179 -8.0017070799509 -1.39394865717089 0.99120436811544
6.41197383979686 4.34141571395828 -1.11999295272254 0.117291340751521
2.35593480504356 -4.94799933586152 -3.31993381392695 0.148653605912747
-12.290658286968 5.17877000901356 0.5708424937317 0.196582072248164
4.04214054670407 -5.15297137817397 -3.03183547151857 0.0595035250991105
2.56428163511888 -7.22923356568627 -2.86898928233703 -1.20662733759853
8.41132193779954 7.59093024702542 0.646404327111002 -2.60399150397262
3.87477644038846 -5.3012572670869 -1.51686914919875 -1.13629046647095
2.06902778506174 -6.85000226641302 -3.76492005152385 -0.11956489729543
2.04054400394316 -8.34026133757068 -1.02051213129768 -0.668662100874579
-3.3890940893304 -3.84197863321737 5.34428204842099 0.211072071206474
0.525347389937375 -4.94953392628592 1.39496957492339 0.879865247225498
9.53995265727352 4.90347058340421 -0.235722914345902 -0.404459617812962
-0.441385603363085 -3.98761139886589 3.90765127538998 0.138665734668278
-9.14955615753111 3.61449056636262 -1.10991004333484 0.644701319521446
8.82542826008397 4.29507203403478 1.43451996302516 1.00498703311863
-10.1448076045281 4.05131971908151 -1.57522008555175 1.79722931786547
2.78572768894005 -6.39656589411463 -4.13525161890916 -1.42932852056938
0.158828340086631 -3.29317247538547 4.45587124256057 2.63027581927514
0.118922873150493 -5.86410291061804 -2.34091317553561 -0.828849250280974
5.8539868947632 4.99894654466806 -1.66981345171844 0.984053936826351
-10.2842076812224 4.41361159454947 -0.35352696553774 0.831537686692321
-10.1055685460418 3.9625070535132 -0.607033849343145 0.999350236225691
6.70935218147236 7.24345151716352 -1.61250869706278 0.159565410867269
-11.4358107534702 5.16712529888042 -1.14850733401647 -1.71068563105577
7.53333163903702 7.80118794679565 0.23220848032238 1.42743812088649
9.3543367336908 6.59977490080857 -0.428245903089095 0.336014542803653
3.06383980559635 -6.11526694922431 -1.4020409022472 -0.179083609100989
0.606901560843378 -3.44525755056591 5.42694049997368 1.63730882821685
1.69953116151108 -8.1193282795707 -2.55213041080617 -1.46797463096523
-1.18248744309927 -4.99598966908859 4.61597543323483 0.912800227661028
4.09260722403334 -3.13975321889408 -5.02571937044238 1.8546054026263
8.58972735893446 7.66467514720342 -1.09852510633964 -0.623264189556333
-8.29412632935807 3.52603315515687 -0.0285055697485998 1.41655455206126
-2.17964212835272 -1.95730724410065 5.05519932538958 -2.78044106864357
-9.59975879516563 4.46726833777679 -0.198125020785681 -0.147715905028607
1.23137265982134 -5.98327952391386 -2.10550681273423 0.199623685425115
-9.44672337852947 4.0086896604952 0.0181209639896003 -0.116480788608485
4.50855375402396 -7.24889531884962 -1.69138479114809 1.57874179827136
7.22956641243342 5.13496000448664 -0.571916525515204 -2.08887618585982
-12.015728751462 2.52613954863215 -1.3325426321762 0.566386890453306
3.69578224652186 -6.42419499685847 -1.7360817480466 -1.05896101840858
-0.955482795237489 -4.35559826073979 3.62655109210461 1.32351617188141
2.82939228151719 -6.55993037261403 -1.75118678424089 2.69660192699317
-12.5565651756744 3.5495350308503 -0.684022348446458 0.649348343662246
4.20214163057637 -6.36557047809446 -1.71328788728837 -0.643097893741158
-10.0292699321479 3.19293512248199 -0.62723767086157 1.10540232997014
-11.1090993812573 3.84835799960145 -1.67974064713355 0.515632034287277
-0.0126243311718214 -4.74391397163941 3.54994201190021 -1.33742191434356
3.41831176249228 -8.36097775345778 -2.94836184260599 -1.10153239329846
-1.38128089729046 -5.84692373950221 4.78612514394498 0.929110960063612
-1.99671630143939 -3.10901778552985 4.23679347824227 2.38233981875295
6.61180543063001 6.86978884574542 2.79275106820498 -0.442205950544742
8.38521120887554 5.4107401732615 -1.69403185304811 -0.463511750330019
-2.39761074968266 -3.16835245778132 1.12562364528224 1.33631382498256
-9.94837102040046 2.94043018458823 -1.67907503087477 0.281920188047979
-0.716677409606662 -5.41861179582253 5.1622906320219 2.09233728419601
8.03632621746649 6.96294481348766 0.433718380954787 -0.497626294243656
7.17499748337482 5.81760973932564 -0.172216058216614 0.714359096540886
-2.75845006747001 -4.80331536089983 5.08265847902919 -2.33738796846444
-1.7226604977635 -4.3956091066886 5.00688396451964 1.7474384080758
0.489183666138257 -3.89861344226523 5.79376798855621 -0.912520593731409
-12.4365282953079 2.83338119322699 -0.900020817173775 0.458381664584065
2.63274788420038 -6.33174093715682 -2.4932247727535 0.95203561695623
-8.46520140424157 4.59205669435061 -0.425242723280688 -1.27318949561052
2.24675655539804 -6.12274983546452 -2.29001996199428 0.657672963198977
-11.24055928461 1.99390262670653 -0.295899019035214 -0.245234786590942
2.21159766206056 -5.76448397690102 -3.59093281426874 0.181992229313097
7.38526147187397 6.71996780710186 -2.23664809191613 -0.984425901132708
-0.805343861813334 -1.92193230554823 4.28116456909877 0.516943955529872
3.45501721685541 -5.95594631517102 -3.76635808824917 -0.171127324298748
8.39226710094428 6.26967305937778 1.24692670427117 -0.541008267836369
-2.84421826625108 -2.81963549246387 3.81115667115966 2.68301772091107
-2.26844423960297 -4.32600602236664 4.73710783024766 -2.82162681266652
3.74002043215584 -6.26177801728274 -1.31608521376855 0.357060671096345
3.1557146735958 -8.00609857647557 -0.957971962510199 -0.490467265007377
1.18134874448782 -6.48518449338997 -4.35856869640448 0.619804163906936
-10.2777742663072 4.79645811535063 -1.27260967439741 0.713537023724792
-0.167578469167236 -4.71297608786279 2.55743760452832 0.0157143808414677
-11.4683259438023 2.52678744510173 -1.60141623551576 0.121815984128756
-11.6437230414626 4.5072752481715 0.280119846252816 -0.410636287267289
0.504457948831736 -4.82614233665652 2.88143829533074 2.21821303204312
0.492090838847335 -6.09598773638802 3.0842463391445 -1.12352285637173
8.07245758813343 4.58696447477045 -1.13227716184918 -0.01606062739979
-9.75923415377633 2.97910420724953 0.352789082310236 -1.31324757063134
2.39606518383356 -4.98847297608252 -2.67660356178704 0.554396335766641
1.82632267346329 -6.26986197992649 -1.70851309989534 0.739892284031971
6.42933910517982 4.86734511932811 -0.375020892504144 2.07133691661084
1.98226098302175 -7.59996572335074 -2.02357176031363 0.0738662542175688
-12.4702534856064 4.23189921887426 0.447628821533188 -1.30888592692645
-8.25442133660624 3.02022648363073 -1.1838292864327 -1.49596357547223
-10.8333202021236 3.30079896929831 -1.92331654120623 -0.696630116958297
8.77730362650786 5.0801897157526 1.79715481535926 1.66099600298845
-11.209565405868 2.81619568163445 -1.13872078617945 -0.309420713103557
8.20830971601688 6.96891355039709 -1.10814498172159 -0.175674882316873
2.00980241094404 -5.00160204067886 -3.70003691100749 0.218816164609765
7.47307389837233 6.34065153897854 0.113202629628071 -1.37126822280415
-9.6463074668658 3.77040204724874 1.44475423364315 0.126316486011304
-11.8068891056073 3.4588285627905 -0.773239452845205 -1.19153735946656
-11.4243703308401 4.53886044041084 -2.24761242955153 -2.39960216614627
8.16977463836351 6.40112691922329 -0.0483347181169568 0.545520030599819
8.19622658439066 6.16644527358259 1.17693876477091 -2.07599903306292
1.97608123460224 -6.24979981547777 -3.54451000254216 -0.62019768736195
7.1977028926729 4.34906912544439 0.376768556629798 1.06711205685529
-0.45589437358864 -3.66202551373259 5.9434219378041 0.495474257257369
8.36473930976224 7.68130052546692 0.264415333510496 -0.684291649216594
-10.7815788910605 5.13713707353166 -1.49094531899667 -0.441488711020475
-11.3411867894366 3.88530566345006 -0.780594513465352 1.08387712819464
-11.0310938293245 5.4478153132277 -1.84212793465209 -1.09131321585158
-0.444488448295741 -5.91721259670571 4.49636805145248 0.511983902623184
-11.7588087976728 2.45014886445291 -0.0581778259930107 0.417006163038729
8.95974908899261 5.71470671059448 -0.268186155932597 1.6636346683742
8.67222419150746 5.32360656170275 1.31489423728868 0.808411084044841
2.60988261596288 -5.28992536141517 -2.22814068724127 1.48294182816411
-10.4104996907624 4.14509278462814 -0.441779670362943 0.321623309035423
9.24278756378323 6.80227710143612 -0.437953000466755 0.476817369752139
-11.9938573283964 4.73881844743303 -0.0821318528666028 0.511154096555574
-11.1325978656387 3.00380203044035 -1.14077161340594 -0.139066601522788
-10.1506085683485 3.17907295461865 -1.21591185101454 0.894063120671677
7.20992090651316 5.64685319043129 -1.00839980967919 0.415670973948176
-10.7495221807478 5.79994798389895 -1.8900274980173 -0.845091368498422
1.80294730582855 -7.45572788335522 -1.91318983135267 0.48531628874739
-10.3696794154977 4.28289660009838 -0.242427762514353 0.0274376731678231
6.87788309224174 5.59657987752743 -0.0548408343472454 -0.957418891587607
8.70806887463871 5.19269268085227 3.01859217107192 0.526217880868167
-1.25794486052818 -3.59426179228483 3.45946982200066 -0.920419212275764
-10.6651129982193 4.04454418240466 1.28994903358506 -2.25767223000786
-2.38699566283341 -4.33046129724907 4.68860484266015 -1.13847036716409
1.67653923979816 -5.7426362494055 -2.29096900238081 -0.773406958272728
8.66222522488728 5.87529905437492 -0.467530155749004 -0.288488613435558
8.095609534175 5.85102044524179 1.45421318097011 0.445761130181736
-11.0837001903168 3.50571052847663 -2.59333444987149 0.808543972739779
3.27719121738707 -6.45470221940106 -2.38289533106633 1.62415276843546
-3.04286862827284 -4.46337711160578 4.3161027291096 2.79472373054339
-10.4761512261842 4.59597411827481 -1.20321781284419 -0.0759264965996286
3.00362954703177 -6.579364848555 -2.36640353581582 0.104719996219141
1.96781604724003 -5.71936863125854 -2.11416408826549 1.50442927753406
8.62053908993986 6.5764442125813 2.22124939429715 -1.1855466868818
-1.51165974338912 -2.81254407999556 6.8779792069741 1.31100861463614
-11.5146039458055 4.55526097982402 -0.591198100267201 -1.67806515544355
-1.4634019402204 -4.62088554226112 3.16575021585403 0.327522505396994
-10.4553628513386 2.24186839305607 -0.735917842473791 0.924531978049562
8.36252269858729 5.5037573399035 -0.557314063722457 -1.67068422429382
1.82434067434625 -4.88216197049302 -2.01796304767586 0.108909433503849
-11.4816441554882 3.71182053509401 -1.27914802349135 -0.144904048990198
3.51792735666797 -5.85990581713092 -3.67662169469117 1.00088844489423
-11.9504600980936 3.81857525339619 -0.730733867042508 -2.3630975476972
3.58490360932186 -7.32823696676559 -2.89823634983937 -1.56127664556949
-9.666353567367 3.30316462270958 -0.979297602121803 -0.209325113841014
9.08971718669945 5.98324177646417 0.244936953100112 -0.0190895307420981
7.87696093547027 4.59865586062687 0.0200297304136617 0.220283619892538
-10.6533663071022 1.37743486372088 -2.3971876633 0.136321844062538
-11.4411026173313 4.9163371445966 -0.402124063833136 -0.0646627972807907
0.964587969809186 -7.01453220858561 -2.19245956040917 -0.968295013050487
6.71138902880049 5.69506103779895 1.51959343819359 -0.237590101931312
7.96246252787744 6.07337494176431 1.12101873836904 -1.20363885500039
-11.9251248726523 0.762842068258353 -1.50953928340831 -0.647342562945507
1.01142964655055 -7.1864687410235 -3.20184516800461 0.358506382132435
-10.7842019293083 4.96330861877871 -0.631200946786385 -0.665172486268649
8.20775716100887 5.92666455073384 -0.574819313044607 0.112311568156658
3.01206866722975 -7.25785282921285 -2.12413263109914 -1.62194331813454
0.334856694648831 -4.48968773936127 4.71336056046566 1.01635895311008
9.27308303316588 6.13865545381493 1.35939439554279 2.05003681182404
8.39067404844727 8.17105416186912 -1.01254066458014 0.315564025760826
