"LD1" "LD2" "LD3" "LD4"
-0.279897583835317 -7.84671632155933 -1.38531471567317 -0.149722700253817
-8.41090090642332 6.7009539284414 0.298198005800516 0.282190133047985
0.011105336755879 -5.83079568901966 -2.91223668426185 0.60594651414345
-7.72319904107437 4.42209219782393 -1.69729990268639 0.324365588217098
8.56268747600375 4.88031251001131 -0.336953730112717 -0.129850717853318
8.32431200965384 3.39472995303894 -0.966226214522171 -0.47532500702915
-0.312849177567742 -7.48368985328346 -2.25972175713306 -0.273184103138847
0.953063961419494 -6.37984264310994 3.79788570050624 -0.434127836611962
0.233905436061265 -6.40485396977322 -3.60372663037034 0.571764816639901
-8.69659988595974 4.88228423958694 0.335113647515579 0.707309929054827
8.48506903229821 5.75309206357817 -0.828472588610906 -1.07488874988429
-0.494685138183578 -3.75481752964921 3.97389407606322 -2.69410519361844
-8.14251659227934 5.1974237225904 1.95975131472047 1.25081436225388
-8.54163197124861 4.61258779212976 0.674935233341796 0.647886598173626
-0.70879882562295 -5.63979785672123 -1.40012914003302 -1.44273148062248
-0.0420725489772362 -5.79466531775361 3.1760987700502 0.694185457551583
-0.0491315964241271 -8.31135580668525 -1.23406578761803 2.1578927537111
1.61635109686736 -5.06494518691607 4.58348765717115 -0.530350206603622
-7.94522806813889 3.01816195534942 1.40421626562123 -1.44152962641543
-6.0200614916649 4.01016097337163 -2.013305780924 -0.428603304650569
-6.83680719242781 5.12733274347903 -1.47000753715353 0.429760868471326
2.21192703982161 -3.90042828246393 4.98673603286176 2.52090063763663
-6.85694840261917 5.11488463566277 1.47487509568102 -0.371966823416831
-0.852176071185464 -6.0788403623256 -0.856146083992688 -0.829098553505247
-0.993681017179329 -5.77164132880948 -3.65272763930187 0.836141015563644
8.75856520211302 5.23045553263177 -0.562155216754041 -2.2218278973699
0.491523515888994 -4.18870450406409 1.417092058463 -1.6943622608163
9.19761766769525 4.66469833912693 -1.24507096669885 1.33793827546557
-8.31883497887318 5.69725524884405 2.73973094192431 -0.0235149830665118
2.15009383480043 -6.1367636865172 4.39124271008905 -0.829257653453637
-8.94946178602964 6.96450776694358 -1.23654364189131 -0.727436163732439
9.44692099134425 5.34267538938461 0.542803436612841 1.34924408575932
0.962784967827663 -6.40740660471871 -1.98889063731272 0.667484848720997
0.617384117620723 -2.40950849227454 3.94879167898845 0.433058856005534
-0.728043808980978 -5.13506946712886 -2.38410801859501 0.204346582143777
8.30142262660209 5.45763482197526 0.370512651696125 -0.308351477981155
-6.84812378163436 4.40042087519194 -1.18279498224812 0.828985343872235
-7.70099940120622 5.21386976125706 1.5187597291698 1.70074297675738
-1.07356399214972 -6.82396969967893 -2.60497882482231 -0.565608344835028
9.3649826305441 2.62065712534556 -2.10186713144786 -0.185618488547146
-0.183601196921356 -7.26155432963358 -1.49483623223335 1.13690308475269
-8.874517375008 4.73915059992384 0.797304067407243 1.37796660376433
-1.65629104671812 -6.60093791842395 -2.72315457881521 1.47063838006035
-0.802930490211893 -6.57991317489561 -1.49360037523585 -0.379261224404254
-3.56191814184372 -7.91642816898841 -2.80970809061935 -0.0794395866149243
-1.32208123214676 -5.51696577602903 -2.73860066268026 -0.756924429005213
-1.23326720839601 -5.84753851090976 -3.4818001544255 -0.599573912302161
0.237862102913969 -6.20535146435904 -3.49873875649038 0.449951851420731
0.738384779392944 -7.03991887677044 -0.458421578988266 -1.34288572945222
-1.79197373115468 -6.50644609099621 -2.72031967984694 -1.03333427728965
-7.34512622893419 4.67723541637276 -0.354571276335546 -2.81458860250035
3.23393610508318 -4.61641349081118 3.98756961532802 -2.7747490810581
1.94289565833003 -3.95306739286251 4.6112604430796 -0.531257488263936
0.0257923372585941 -3.16836216498921 4.5416751730692 2.58505749464084
-8.48218263797603 4.26547198842574 -0.430768664188758 -0.738232234028873
1.28914484721925 -5.78946260666402 -3.91530834674291 -0.434960454538118
8.45954813639232 5.28812666012506 -3.06688584159089 0.964497692394906
1.67001322324399 -5.07750260425668 -1.85820062367678 0.560915217845257
-8.16230358247985 5.75291066109175 0.172388920998143 0.00803404213029379
9.42124853924192 6.33455214688234 -0.524327769156409 2.52860782321445
7.97446742181194 4.2478582527486 -0.58106901905074 0.176537342363631
1.41056895757878 -5.56819045976786 5.01579213366553 1.934912484813
-8.51165664157073 4.95500441467629 -0.423869732926565 0.601801738146175
-1.63609802460779 -8.31813909841106 -2.84953716513514 -0.546176176331178
8.33545640170315 4.03521941370319 -1.16011397926331 -1.00847282490759
9.60650424737273 3.46529599909084 -1.55751849514182 0.83151895410572
0.501818625327542 -4.06135150945805 3.73770640351368 -0.339949610758406
2.33656566898888 -4.20817974634921 4.53537244176592 0.603586874218283
2.31458890846347 -1.76435166249366 5.32825043663052 2.05201872544176
-0.507096327101576 -5.32335190168858 -2.36223780127209 -0.287482302432112
7.14942657692688 4.230666397546 -0.513650932563238 0.553114676717456
9.4785603233513 5.98447827879859 0.625844114971098 0.232975190013604
8.96813014037502 6.15070950638247 0.359538524155126 -0.607728585090462
-7.73091769128444 3.2377537084168 -0.460859234016083 0.255413944318968
-0.626155251241282 -4.10635008320324 5.60310607958309 0.300915380827098
-2.07117514048628 -2.94794777210997 -4.79934450119233 -1.94390261442077
-0.292214424932291 -4.76669264177796 3.1353629756941 0.907412428914767
2.23687277378469 -4.0566102776191 3.6782744175212 -0.43210984436745
-7.97542276457656 6.06788562677178 0.637431235502842 -1.59172181170139
-0.708927739058106 -6.54461354434185 -1.68203129306567 0.402457627798577
-8.70921294890228 3.71020690671595 2.74851737035507 -0.871009080868273
-1.37065244707913 -5.997888659969 -1.44321089156844 -0.152840940053218
-8.7318527325026 5.05443992465692 -1.45941422225061 1.98170346819423
-0.305955379935034 -4.56230906986099 -3.5869038443559 -0.54608392488428
-0.874984177858662 -5.55253914605837 -3.78272251971769 0.208833038703301
5.92689948528659 5.06618723137663 -0.607493818519344 2.2005692396175
2.64264436521949 -3.08324442655696 3.43693257776703 -2.28577319585853
2.74729155236405 -3.67238381089334 4.10656418510664 0.0581275232441095
-0.935501717027688 -6.96231603938578 -2.74064384321392 -0.0154199673154125
9.0247721987621 3.96963569832976 -1.27959362037569 0.166128076252526
-6.20736429549621 4.16825016251191 -0.143245019545803 -2.70299723475673
-8.92252459807499 3.55429804391668 -0.495654693971719 0.482408198055759
8.76832925124498 4.61506616473229 -0.864693425738362 0.0832210493690259
7.90170754003963 4.61893238084956 1.90422906376411 -0.470857441379019
-9.06022405364629 4.95581820403791 -0.210702374352947 0.200363190665917
-1.01839665074006 -7.37220868137096 -1.16291151375156 -0.510817834504609
-9.23189793023987 4.405629276297 0.930506594116264 -1.44789012802897
1.6556681494162 -4.41644959641973 4.44568767521375 0.195411962651408
0.122112920034206 -5.46762739594275 -2.10607059026629 1.30052868772128
7.36434198034436 4.24583894655872 -0.481836316351072 -1.43425352492388
-1.9664253325559 -6.50691429880841 -2.10117398847588 1.51285907002759
1.36948749019216 -2.97109858379288 3.0078566980431 -0.598904594622606
9.32617530303991 5.63850161583057 0.0127066597372647 -0.279549436753716
8.27052859900348 4.28703292109273 -1.10597516500513 -1.06907967088829
0.275655396247544 -3.96896103905707 6.69114983502051 1.89192652057771
0.0433223452908748 -6.13475407162128 -1.79983443513222 -0.599081849872979
0.428062732962666 -2.68408497838993 5.32076518339546 0.43123116213897
0.350800308990524 -3.88932686588642 4.68955426780568 1.88942445429027
9.3961394649378 3.88246550696577 -0.0641312209758736 1.01357048114931
-1.79534947542896 -6.13348575565025 -1.27810893825942 1.40325105130869
-1.98194043992896 -6.98032046599972 -2.99712916350217 1.77482049850388
-9.01561572091106 6.0527316116765 -0.506445195789688 1.55395208529633
10.5633472063106 4.50103768962681 -1.14039041328417 0.0807637458591931
7.31335974139171 4.31279215616963 -1.13914795585198 -0.796535968150894
8.45621981255444 4.53587599734745 -0.463881420674204 1.18975739656287
9.2134740350937 6.7315020166457 -1.18842735148221 0.658907678600655
8.4697439139149 4.08995314457656 -1.68038207066598 -0.565349082382555
10.0289579973495 6.2188967854427 -1.11698244449482 2.36049348603418
-0.527025464033676 -5.00000895351849 -2.01633128362989 -0.249903317737303
0.681700256583942 -4.62289254829445 3.06612797663893 -1.18116712969578
7.74931417485872 4.10009962898101 -0.901991854857265 0.675718800600342
0.171338913825296 -5.52124673063283 -2.10503889368943 -0.924828229389906
-0.76915763888362 -4.18387450322035 4.17462879198496 -0.56547189337483
-0.432900443106317 -4.50480956653113 3.29121147724255 1.38581138348307
9.71133884325029 4.91488378663131 -1.2083284024961 -0.178790615179028
-7.53121574373126 5.56431402310538 0.289908845290281 0.35463080496715
9.89294776458305 5.38720561456239 -0.00770573543904852 1.60895889660707
1.22274305551511 -3.08538746517927 5.51566053678344 -1.52281363045632
-1.27332141421828 -6.5026276575066 -2.62192052869078 -0.412516675719814
-8.15664766423202 4.29430114839496 -0.0670666986549595 1.02854904711836
0.660994061896041 -2.37336331730034 2.85667426776213 1.63897964329027
-1.56434052629552 -5.92721809923118 -2.32473251114515 0.563492746313435
9.19980657433838 4.48653324834248 -0.391802519775315 -0.00514475150197453
-0.73770495010159 -6.84716840884673 -2.42844027274438 0.962878559041187
1.23711460279781 -4.99109953401873 2.48971814518835 1.04037088928362
-9.76906028273631 4.31587609549306 0.680544043770615 1.24164535117948
0.279943597149832 -4.08311795110766 4.59977104888599 -0.321981970820855
2.90960701061289 -3.60565993628995 4.06128193402969 0.696035273562285
-0.0172505869279275 -6.77074039839896 -3.49814667952508 0.153401851716551
-0.921517581420137 -5.61409792518984 -3.55577249030964 0.133334664967019
-8.42286144438378 5.96061299093857 -1.16905141552744 -0.279859771261184
0.563755901632743 -2.781598670852 4.20366897768342 -0.594552423598715
-0.750335464298069 -6.08983284611361 -3.67972028072515 -0.111164598095037
-8.83902685987228 6.04919715202014 0.458492191478645 -0.849955693503832
-0.325532905811265 -5.28192992476153 2.28638311607928 -1.53623242184039
-7.64408523908429 6.3935038335267 -0.448823275391618 -0.127045638675819
10.7271259596075 4.00240976118079 -0.576102015236142 -0.420209042847723
8.46251846970857 4.64119323936476 -0.88661888721275 0.860836584097883
-8.19062456039862 5.72000240512301 -1.05786960394028 -0.547887289923428
-1.10638351264271 -7.55714851262736 -1.98577211862449 -0.462153725645846
-3.05198055368213 -5.31456514644241 -1.8567759934122 1.37473429652626
-7.57550974580534 6.36033102350489 -0.0160536206896602 -1.4234480034564
-8.49766345333097 3.47327867064112 1.4959944304007 -0.904162363797671
8.55543237722897 4.60748199292498 -1.07749183403166 -0.464689379358241
-6.9504654890968 4.73452074096762 0.00842721931018187 0.961336493537695
8.66150883915285 4.6689326142876 -1.07405828197081 -0.341057288972817
-8.89845729411777 4.55739616140767 -0.214107587833622 -2.50611426698916
-1.17387274643598 -5.97899942801116 -2.60728235999422 -0.409894571141265
1.82615090572252 -3.88702278816569 3.50129891369152 -0.301180552520287
-9.20621521099831 4.17394745332383 -1.56814475337518 1.87500700225644
-8.77010729487231 5.63442941335914 -0.741730272229794 1.50243606881375
8.40022493681583 6.53854663575442 -0.862027141942475 -0.48548808914893
-0.121869199616458 -7.40660649463328 -1.27058234576885 0.57583978017739
-1.39068318204358 -8.25217907511107 -3.22847960408489 -0.227410909297477
1.9016228800236 -3.22400371069224 2.94667361390621 -0.460434567791728
9.92669168817171 4.49994153249258 0.185286972372909 -0.571244721687288
-6.51961010610344 4.69292616252407 -0.0819054291968013 -0.287713116569602
0.118379833936636 -5.26495621449963 3.95962464316521 0.987494266109547
-6.92673363537722 4.60795708925501 1.50713102784272 0.53930175273768
8.79950938578225 4.0545587483058 -0.934591242827311 1.11339946695758
0.271588049805763 -4.84748478124051 4.42661866040875 -1.36794113357968
-0.923095973223549 -5.93803254557199 -2.26537902946839 -0.954939834055939
-0.139721061901109 -5.45461292252428 -1.02995706131533 0.772465160533337
-7.70724785997029 5.98494769521787 0.832767793985821 0.604287904059322
7.74214437687117 3.52725980430774 0.228313092544639 2.79026194404389
-9.45615386372577 5.33945880114642 -0.650508159853201 -0.819051284637789
-7.77353162188783 5.32243868990675 0.705328607163548 -0.650264489674246
-0.813949117332238 -5.36647088454466 4.61111670521647 2.20333268859277
1.34018740407138 -4.35140312866253 3.84234522529139 -0.310785116217319
-8.7099645032341 6.97524637192416 -0.632828400910703 -0.160652219124855
-0.283984977500514 -4.82755371079914 -2.33612991403255 1.12449326292611
-0.451239153379472 -7.167248930622 -2.09223987043291 -0.0676310747314127
-6.87536064875171 5.977154571346 -1.97646165920054 0.679094451501736
10.7024775398811 3.68730748000108 -0.878920147720077 -1.18887801254146
-8.11552316825319 4.05212893187769 0.348366594580776 0.144583804559261
-6.51246608319648 6.40056226710228 -1.48543620931035 -0.724685950216222
8.56755376502078 4.8530722613172 -0.14727425951194 -1.4829504614593
-0.675004186320978 -5.04940012207647 -2.24100352228278 -0.11689751174963
2.09676058137581 -4.511135875119 4.96128135313637 -1.66937372817019
-7.22799104459792 5.89104110145852 -1.50371740985156 2.88126861600092
9.91107369747152 6.0402852308808 0.353930619777105 0.35912100532765
0.0665232140106836 -6.44708147213938 -3.32809808103795 -1.32685272162903
10.0651677989346 5.85990875597162 1.20753019489845 -0.386386097462943
0.314858559841167 -4.12795869217061 5.58784941098141 -0.0612531516507833
-8.42022866115184 5.83434558131624 -0.655016299354047 -1.30653946517816
0.0173752657037157 -5.10569647135606 0.972752757005116 -0.743827152886129
-5.28308775794848 5.174737430971 -0.65088572163076 0.395859876579171
-0.0860790673685319 -5.95100658789936 -2.5272609633002 -0.608874283342459
2.3413293561594 -5.51249289484311 1.83655731186478 1.00515849968581
0.070354670424457 -6.06669007327771 4.12997309324701 -1.60178307838487
0.878594889602126 -3.88958895071506 2.81639848273205 1.27527444445676
0.218477410547713 -5.83641525365463 3.12623094584868 0.37477701114245
0.336053967952205 -3.33068513151279 6.19174376227033 -1.687844882301
9.63447310240856 2.12292212425994 -1.51691915065209 0.219721381374004
0.0536379947968653 -5.39665800600692 -2.7165664886921 -1.4375070378682
1.43061290557012 -4.45076474266653 4.52135390038952 1.17763023562388
-0.723812873772218 -5.81350407183934 -1.36076274020354 0.56701953303984
-8.62797275649326 5.51538993041914 -0.398602701932717 -0.538738605642536
-8.04534524465934 5.0702675132841 -0.69217385294054 0.0839007045652108
-0.344434210046349 -6.76338524574408 -2.71070735900041 1.22931076763717
-1.85489387455447 -7.04172462251068 -2.58833052227556 -1.01512550254146
1.57899550744546 -7.30529374383091 -2.2896218667473 0.194280045327731
10.6049721037468 3.50739079249572 -1.04779294572212 0.656719631777378
-2.4309728997855 -4.95418514410597 -3.06398422219028 -0.509818061180558
-0.0522929660084522 -4.72499743025577 -1.89341710967026 0.651133896364412
-8.4762016999151 4.53480577377722 0.145746631936772 -0.138284082524207
0.315542177931176 -4.74420910875198 2.32532480037683 0.425805299991866
7.91571793032189 5.44526530518321 -1.37411052495152 -0.163902440133331
1.51101654482435 -3.30193072112079 0.37602554928106 -0.598982517305801
8.83228701333975 3.84108629604138 -1.49125095857926 -2.36937165751874
-0.512683611018419 -5.14092205788929 -1.83666039042068 -0.771478390371132
-7.37984266742952 2.8820579839775 -0.32326687558884 -0.409646577444733
-0.771505934628945 -6.47108085247764 -2.058565057922 -1.07802279808186
7.28178657126527 5.4757431155179 -0.635360511998749 -0.926089290733866
-7.13291387030975 5.23448208593257 1.16210832967432 0.410981029996452
8.16706998961738 4.52144329938913 -2.79359415539356 -0.52970878365663
-6.87104408872624 3.5821119414589 -0.846101583511419 1.11004862341391
8.97081516497841 6.47717947081018 0.336527404197201 -0.649158623021461
-8.16874363057848 4.12008313927618 -0.332709478980365 -0.0172532700456799
-0.221250733328433 -3.8232164603791 4.70055361392686 -1.37788879174481
-7.83711596636751 5.05123494012172 -0.540812069520381 -1.82244683778569
-0.537886536901482 -5.6497580117394 -3.8748086631962 0.332496134968326
-8.38618645435711 4.93429961463289 -0.394959011523894 0.650861330847756
-8.79683061780822 6.66050782802686 0.821310161872834 1.88870861946539
-9.09906412734447 5.75453037927417 1.88886291354503 1.22474837738078
11.0753853853912 4.96505103127153 0.0826081948742628 -1.15874614858998
-7.2536569302355 6.41129305047573 1.33885395483747 -0.608406394010107
9.57059139209612 4.76843634475637 -1.25710928834765 -0.666933060027385
10.026123877103 5.05818421278641 1.21924191209411 0.061282964088368
0.309579601709903 -6.44492497514488 -2.56623071533095 0.73623115563532
8.47060352465637 4.80321710829238 -2.59998452547895 0.0853492025535926
7.51638731255039 5.04109338639897 0.501669461848201 -0.433255750499394
0.0826962414509695 -4.3649832982261 5.49586060497169 -2.71465126365913
-8.28918081058223 4.27341494762371 -0.874927601128734 2.10353317828084
-0.87258424657883 -6.14759363111621 -2.61005244010036 -1.0165585186228
-7.01957420786926 3.87545845950829 0.404702445250851 -1.2295023335492
-2.08264280005263 -8.28600394928059 -2.4981160336868 -0.407848055795654
8.77063112032837 5.84501301179038 -0.591366380568452 0.348311976316781
-8.40031243684181 6.75765880971771 0.459099253619451 -0.871037543201453
-8.11679162549917 5.01548968241638 -0.1753416292936 -0.481591889481781
-8.73411486397736 5.61274616409159 1.62690563623575 -1.9912214838761
-8.11016372637217 5.10390386093427 1.16604568821993 0.307180942396429
8.66941605074603 5.38380192121801 2.04996120716259 1.08073108532801
-0.130321056805193 -3.99825958930503 -2.00930957706575 -0.949931395567757
-5.58269987182925 4.60917941930879 0.899639483896457 2.12224504304454
-1.81785478456246 -6.14598409510996 -4.28254315021246 0.156258987410719
-7.09560975499441 4.87344793194754 0.224028297815837 -1.24193377337556
8.22211317402908 7.05932021575236 -1.38797824170223 0.501609390626927
1.54082997266779 -6.09500931720786 2.62060741766229 -0.991712932848809
9.5942018375736 4.87999074459033 -0.861435871046785 0.328701864701923
-1.82386544226679 -6.32785253634516 -1.8604413774522 1.40853559830783
-1.16845458241914 -4.95671919187457 -3.73984679673236 0.524171727284316
-0.506179007662658 -4.34842597001714 4.29796847363632 -1.1520431441247
7.80489575382741 4.94742443139635 -1.54548825746142 -2.14055967092719
-2.82181789267318 -6.55573322908125 -2.00593069014536 0.258914498852264
-8.58176896695701 3.75796384057565 0.859252320515881 -0.550187437213261
-1.17487607927414 -4.50483242797332 4.3094160461678 -0.661895984244237
-1.28277766875548 -6.2026874840267 -2.21947481623109 -0.00063164841398076
-7.03769550318821 4.29205034070101 -0.638600176740362 1.54369689556721
8.33562884185008 4.1129781325602 1.02200024392364 1.18492286688609
5.81670446248522 4.01315007558344 -0.238022069146246 -1.15964608177876
-7.0183999811061 4.74957624054458 -0.159824376788816 0.266729772532865
8.98994576406503 3.39556590650422 -0.20732562777354 -0.172050281846591
7.88638371912692 4.53344958851215 -0.703261061496613 -0.0243202888132629
-1.06798994172395 -3.60224330382533 -3.05373578157007 1.66138251490064
-7.55234758127008 4.6022991931148 -0.548563616830972 0.127212985991919
-7.65334723267491 4.63776417426173 -0.654881417143209 -0.201334300712068
0.362440645243766 -7.0585860480914 -1.65958679964076 -0.0616271127189102
-1.4228866853972 -7.36027583287377 -3.24035588551635 -1.41191141525305
0.507567644843346 -2.90928162552029 4.02557988023613 -1.78064232660082
3.30136925836599 -4.17818400607232 5.70151704687504 1.75672744659446
6.90961400232156 5.13748361675164 -0.257456878398776 0.643001108960743
0.801099228830301 -3.13544083605029 4.81359934421112 0.569415142200311
8.57294906966063 5.22649044885268 0.0711089834509192 -0.0703280407500286
-9.43157899803063 4.19324249203927 0.513744222761717 0.0633140260001702
9.68477404659011 3.97754734430533 -0.730422204441437 0.348560341764856
-1.05270047570925 -6.32539653252536 -1.93947502127908 -0.190415877388072
9.25013483594124 3.30068794752896 0.0440790077496257 -0.564345496241702
8.95689285705326 3.41092440474199 -0.162242879980238 -0.573773914057856
7.9139137335295 3.73112892474383 -0.488344337485022 -1.14666061415483
-1.78875743939016 -5.03125698223241 -3.29326814411739 -0.370324799655532
-0.328549962457604 -7.60909398007351 -2.62660619095911 2.21720470093576
-8.76705426013113 5.0184776779742 -0.26890172070549 -0.221232714378049
-6.52370325566759 4.13867043308507 -0.72629913543356 -1.88179978917271
9.29398345666394 5.9202205083403 0.00175436694853992 1.04403471687486
9.48640132257583 5.68049542095508 -1.81212644000073 -0.989269823257737
3.33871083904654 -5.41145271219185 4.80698836067927 2.19304306700582
-8.8419792058402 7.21667572361916 -1.17593752219472 -1.05526789458441
-8.7089879733592 4.80457579311902 0.426540533327406 0.638682317400369
-0.660754071253893 -7.47389090449126 -0.526870158302509 -0.2833656847859
