"LD1" "LD2" "LD3" "LD4"
1.05698646389026 -5.4461568508421 3.3007589776732 -1.01408091943307
-1.28224678469223 -3.85762642132906 -3.41719036982892 0.281415140290475
-9.92112756865155 3.98827176193289 1.28855744754094 0.13669974337831
-0.802644957913257 -5.19128379895432 -2.80162158721325 -0.897212024159104
-1.30677580217767 -4.43788757759438 -4.87977593474884 1.59150720921076
8.12706206430811 5.53251218580818 -0.742216909205624 -1.15511943937888
3.78635351145622 -4.82642296752961 1.99329492541137 -1.48956523030341
-0.697382042969578 -5.872932983532 4.00368670708534 -0.0610769043783699
5.2888098528716 4.51916295927946 0.0488254139307344 2.85700769019009
-0.434965477511981 -2.88953702387778 -5.47234771215946 1.8572157210309
-8.41034802841597 3.4412147054246 1.92700076217525 0.495021270243572
1.7604668133994 -6.52062904026564 2.35537245494487 0.510718665850557
-8.66319912590247 4.15514652937372 0.346587356525334 1.43726766094319
1.51279261146532 -7.32392689268827 0.451157368008471 0.241419150919845
1.47274476700244 -5.60265061049649 3.35129381490952 0.0870235209638821
-9.99419783586306 3.66559152562384 1.10911853753644 0.790199475194321
-0.940186684573106 -2.9714727923257 -2.6804628865548 0.514121160686582
-10.9549862068171 2.22518445786628 0.742613330414865 -0.454144817569597
-10.7971943906435 4.979769343504 0.975578573083639 -2.59679242728961
-0.699838584500602 -4.34602164908708 -3.93376033107629 0.434735074570874
0.658026003496688 -4.92600324302075 2.09947190714375 -1.02955376157275
0.311294574240057 -7.08001050743753 1.60626432983235 -0.261080301534633
-10.5456861699325 4.86320264859482 -0.537189516276514 -0.2947631122081
-2.42314022521077 -5.55808457973184 -4.98970225924371 -1.89726634892101
2.04900765665164 -5.86660018494711 2.12176758801279 -0.505713458810295
-8.45220268945628 4.53557871015999 1.33771685194201 0.104320923527954
-0.0451831093370431 -2.82917927443421 -4.56489595978868 -0.764787881742736
-7.75626909589853 4.65145021172384 0.562346030600604 1.09552125190145
6.33203165628408 5.97573569187566 -0.413815313518638 -0.294685494218913
0.707461701524525 -4.67535498578629 3.31200697749774 0.89498559425294
-9.27379255023682 4.20567127473434 0.433074127046806 2.35035918195168
8.0436556334338 4.52578645853182 -2.67038555530516 0.984706178028391
0.417024343119977 -3.86327814186584 -5.48513843390605 -0.0235048842584507
5.69915826152566 4.66107934653216 0.955190180380242 -0.743084755598481
6.6299176949758 6.49768655699647 -0.924602336095694 -0.350231253812757
-8.85802117362073 3.70920482475094 0.835813327611606 -0.918261003505705
0.404595780501927 -4.67054722090599 -2.50105913078832 -0.0175748005108296
2.83667553296375 -6.14540872137243 2.16799154798439 -1.58654498018311
0.923361520054932 -3.5274647293708 -3.83858177952984 2.32249291015504
7.35666426175898 3.81161301347364 -1.17541322631671 1.19781646541686
8.41406412375791 6.04837040689272 0.65520936901008 0.962559486249854
-0.146031747484302 -3.75420386127182 -2.8037696127774 -1.14741747093508
-11.2631431041238 3.90370310076831 -0.052378918619249 1.19421870415603
-6.51564984363388 4.28921586477696 0.449202059436796 -2.12151451886324
-11.2726926949955 2.61907323821158 0.200661006154251 0.602097969000143
6.21855788181263 5.2679167977827 -1.34578881375622 -0.61717095080959
-9.8628757879026 1.38424389748361 1.83882064266391 0.0134794613986692
-10.5332332518579 2.84177885328777 1.10444211652253 1.11581570354468
7.78674536718662 5.50047198813231 -0.304675672330245 -1.1352153193449
6.12821265568018 5.18996614322989 0.00967820219108203 0.123952005162304
-1.59344019630426 -1.66430668750658 -5.27214459318585 -1.75129327728471
1.00323292063331 -6.00698005348603 3.98142588714178 -0.822519669193083
7.44053812640855 6.10422383471706 0.437335199459504 0.363532933223994
5.92365028912633 5.15289369131467 -0.0731089631305175 -0.991759065705803
-8.64042026704251 4.51945579623417 3.22001215522074 -0.972429562748611
-7.71228359664244 4.43630996237933 -0.281364275348563 0.250610056465629
2.00620407421887 -5.83981066376868 1.34749998929539 0.188040754794381
5.54302252042607 6.1953449167233 1.73389455127621 -0.491243368254992
6.73925312762752 5.14464958146286 0.552910049945553 0.491582949087191
0.795780968343343 -7.51249854029539 0.919124652495875 -0.325925413139911
-7.88312615939807 3.10774503601703 0.673556953334033 1.12444570343016
0.517136131671863 -4.16725675454806 -5.4575334167296 2.62258814806218
1.41062436811837 -4.79905621004489 2.39156863116847 -0.0626507725324138
1.25241384753325 -4.35031247495725 -2.91681759422958 -0.983964599302826
1.51259034580649 -3.60764350210008 -5.33186315864291 -0.466442939733824
1.79621833226481 -5.83174041409657 2.58266820409978 0.291809009359534
0.620654621228588 -4.99995769504429 -1.00025823268433 0.713846701898445
-9.25984827687883 4.95770022885526 0.71184193046092 -0.673888512601261
-9.53645912084894 2.22887539728694 -0.267086024485403 0.746954929691799
0.00115475228603987 -6.20604423649655 -3.74582273937061 0.330230368427113
-10.2456511366937 3.59361489838231 0.486345334154338 -0.0754684339236701
0.937271755197718 -5.71228158745424 2.75507285760531 0.235120473838389
1.44879616124053 -7.34358194854546 2.72217832854013 -2.31919080215923
-0.312143863925663 -2.4432553095587 -3.11667055649736 -1.18638960912338
1.00052825183997 -4.31879962663923 -3.29625435737144 -1.52528211849944
0.658524790514552 -6.83522439796738 3.32693088002368 -0.164919452578206
7.4917214039373 7.8357156876378 1.29452316850479 0.857436375773054
-7.52305069904648 3.42717701582473 0.441861566304663 -0.533222327916525
1.5693237052451 -3.45562446900635 3.01605692682592 -1.50850417353048
6.64901452526142 4.90564714252035 1.7200250041694 -0.582172667325781
-9.37911841422182 1.32218248677671 1.63715199736278 -0.228969810994186
5.97893591760437 6.80568579720664 -1.45659496291294 0.71295990606638
1.83283962372434 -5.71731536057414 3.00640519565963 0.465764165240764
7.44529394355115 5.45596102859541 0.214990639250799 -0.221614460073966
7.31913099704213 4.79684420416993 0.740121622593126 -1.93318121383956
2.87547497149589 -4.74686289192853 2.9888631425865 0.532681232322642
-10.4711002170781 3.98474825012277 -1.27418711429499 -0.202958614289269
1.08327659020571 -7.86629153719839 1.10947559556218 0.37522898606336
0.80866640793421 -5.38402360597735 0.943427628574281 -0.706856157633972
5.37391197684391 4.5312584176347 2.17132654798777 0.361856556086467
2.8147678917455 -5.83348165193293 2.13447968587862 -1.71961895191818
-0.697639903317143 -7.3612096862095 2.29162258958318 -0.447728183563995
7.10002717755009 6.79642725600795 -0.48037476724132 1.72038200306447
1.79168664918648 -5.74515041672599 3.41920803879285 0.518721271705414
5.8364800488546 5.5831394077024 1.51634508908957 -0.543638109051778
0.0488298212219947 -2.47002370406324 -5.16204403990682 -0.739490232439147
0.620795291854011 -4.70746867453104 1.77782697120259 -0.510289992404691
8.15177453741352 6.52880774186983 -1.85093434505606 -1.05479171346469
4.2335492355691 -7.6668426977585 2.54522515969329 0.290744859297338
-8.69703554221919 3.16271003575207 -1.20339853205827 -1.05353185996502
7.78389597375022 5.47955196411923 -0.528437709583016 -0.149899880813163
1.35170005029222 -5.79490963434967 3.54162081509112 -1.15538789037642
6.69443415293005 7.02246384788981 0.536269920676783 0.311979540425164
-9.10066226188869 3.58815657972891 0.996522342284017 0.280825443688617
-9.42183493050115 3.72427792038925 1.20132492321813 -1.20322628749191
7.20291574578405 6.54167440124442 1.2633343431108 0.020113723865702
1.72077064524863 -5.75196010608968 3.91423569693399 -0.0830608928708573
-9.26052872337411 3.06650625523605 1.34016484742777 -0.367617288955653
0.405344704923306 -3.8526665199719 -4.51117767335389 0.233926858458885
-7.4976294249136 4.25133452015879 0.0671482605697319 -0.495116008214281
-2.29841360289847 -3.90806000018833 -4.29566195375279 0.0265784219850985
0.978359373786451 -5.0869344800788 1.81780891960761 0.537225437910827
1.09687312109758 -4.94970556069326 1.88590634324149 0.428030597415696
1.54048254930623 -7.5064156652046 0.669541050329045 0.933477202143871
2.16737359728078 -6.63281355218165 2.31966083555504 -1.09760141934817
-2.09748216183299 -3.21434803406903 -3.5141800872884 2.48850538843807
1.69264425360217 -5.80655577089709 0.943537600586919 0.741169101110899
-1.11960312771931 -3.84600829189658 -3.47695677762722 0.346697975605643
2.31145207644876 -8.09445144442756 3.07545205023472 0.382187699474241
1.95453526891109 -5.11529773516689 2.97167291133158 0.449752047184444
-1.169075335494 -3.8265549108455 -4.45705157752567 0.366415609491267
-9.86028809010262 5.00377421967858 -0.699069204216249 -0.0117242968769321
6.7535356116558 5.45153751749045 0.632581612304079 2.83913121764307
-2.22119372556405 -4.05642940963654 -5.54152325362329 -1.69584555339344
1.73228674120161 -6.23925632700328 1.75233946992727 0.410843440110709
-8.57232293963415 2.54821541418572 1.03101595293047 0.1861250554344
7.08150247025787 3.92344035329495 0.593662493788193 -0.375192916976393
-0.401955634018531 -6.55655133373454 1.85507478474516 -0.906737844268773
-9.58532484838279 3.17773364421642 0.857340389474394 -0.243945903336039
1.09402340696876 -5.31855848515001 2.14985072964715 0.606648323057262
7.79817631579019 5.80434626833961 1.67144418549199 -2.30133443010015
0.159444020533917 -3.93497698768353 -3.78582970394007 0.515847744579353
7.17869782998464 6.34824739639014 -0.230847467090275 0.324880231371016
-9.03960663190267 5.9690184009545 1.15992930566928 -0.27735845351273
-10.8873128169549 3.4557542027854 1.28050930100495 -0.569773360345768
-8.39916522915493 3.51382851253112 1.16189068642096 1.18657712758828
8.29317628552401 5.81779576781865 -0.124722736116706 -0.416149178983404
1.42633170046991 -3.81163578143344 -3.88119585956683 0.735130941708404
7.53297626958651 7.53549311537168 1.29894882718454 0.496245368095542
5.84303482048749 5.58007826630226 -1.49384170629061 0.353689017254435
-0.295862019307583 -2.56168525033046 -2.63031219587013 0.669369130484664
-9.55752763311726 2.89957106450254 -0.0731680556796499 -0.765970824973195
-9.67966726448131 3.38321298170061 0.196241767693103 0.0753219385234933
6.10626061444597 5.77745982894118 -1.05565541406766 -0.696635390104636
0.858858881896326 -5.81539451929357 3.57968864101064 -0.294252691149608
0.176740269918508 -3.12726054519797 -6.09423367227218 1.49108285566987
6.28187657102279 5.52606066576353 0.00402098043882604 1.0059243211144
4.63615369693373 5.71521971582133 0.90442602434343 -0.523463165637946
7.74650591843448 6.58597898593811 0.36586325872916 -1.39682499565977
1.911436046501 -5.37879022387754 2.6622269040637 0.818375764717253
-8.78528789583308 4.55465279414782 -0.406337922107122 0.281035728456973
2.42956187950167 -5.99672212801578 4.18522691236199 -0.119257441708059
7.54051045437342 4.8686365080831 0.396601332499859 0.828729996895479
0.210808243445713 -2.42164183924936 -3.90751469465236 0.460054747446201
4.42560103234917 4.79236116962996 -1.08169784885779 -2.2570805770145
1.78931287965489 -6.23452147550239 1.86744105424311 0.354299933517293
2.43869875727288 -6.88271315197047 3.66624027617378 0.687749194234974
1.62573402871413 -4.26057216457991 -4.28016990085368 0.367837366412797
1.09363277506223 -5.27245987012078 1.98460933874666 0.222412732055232
-10.0919019846286 5.17644816956527 0.307679385198445 -2.41096783279566
0.700378069834259 -5.97772222634941 -4.34268606965013 1.94298771315878
5.4821516914549 6.84589841500838 1.52880325644044 0.852217727484335
0.171197565307539 -2.59462525140549 -3.74246203241786 1.54876353784914
1.5312246768873 -7.17481631211009 2.35128735146955 0.425780229534552
-9.67510398196393 4.4313095108744 -0.561505578950625 -1.17994711330512
-7.83038551416735 4.15081772327957 -1.54276559901205 0.252455818408757
-9.82397084851988 3.73113157035661 0.00303073824150526 0.655888820108305
7.77591836800297 4.46051219621133 -0.822672574389461 0.566094492014747
1.34886502847368 -5.2481126751375 -4.81759211839658 -2.16100335802299
-8.20117626387737 3.396807428057 0.462551164097696 0.130476444771467
0.687339626001361 -3.55827825277749 -6.52515505956437 -1.81228746578705
6.12716550969461 6.30267548520022 1.39515815568691 -2.70945803662528
1.99852592157365 -8.54981254590929 2.25220497943633 0.825105753909266
0.509371217883765 -6.2184632176287 1.58299316791372 0.676256069842845
0.606028073130123 -2.85890922188839 -4.34697874126218 -2.86993217555209
-0.814072027420369 -4.48680258588179 -4.68192742358637 -1.02572526998004
0.717598252980715 -5.65208807655077 -3.19575900572648 -0.906066801199238
-8.46818966056647 3.66296219245633 2.8269098269814 0.502595725098505
6.4652151861228 4.56271398260807 -0.256220215058792 1.33979315961381
0.841913347685773 -8.3871461254284 0.916925987452034 -2.04599254217822
0.601938584761791 -5.38495956064995 2.60776298634904 1.63019595930451
-9.00081014040665 2.69975547771297 0.531462364185368 -0.382478585698152
-10.1378678616527 4.48734635369734 0.150798993976444 -1.83014832829596
8.0099706139456 5.61281343493152 0.207679592113038 -0.195848151618375
-10.3955689581512 4.27299806968763 1.35008990832007 1.27293974861028
-10.3780579286836 4.94642547084764 -1.06125265127999 0.187273056679436
7.40936564160262 4.86619945214944 0.538002467139465 -0.208073140870272
7.44202494836508 6.54687814408618 1.35004973448632 0.51202469500005
-8.54555712361529 4.29673235199893 0.695728654925254 -0.124253938381866
-8.53461978957537 3.79391754103951 0.548267914871088 -1.10153922127525
6.76710523198365 5.22522510506551 0.616170592706973 -0.0344381012563434
-10.0725039839907 5.15677500883557 -0.669093383054976 0.5147155452521
3.01595727574627 -6.50236795891832 3.23715721337531 -2.06578763407923
-1.07498505996383 -5.16236497128655 1.91402007919294 -0.924758510778467
0.498405880651652 -6.36803069639762 2.58964282073271 -0.903595052180673
1.19410742695131 -5.78901810487293 1.24791694414967 -0.768782877261264
1.33505070387948 -6.93110520896244 2.26441315482184 -0.390513163083407
7.42236135758385 6.08817165614357 0.585272295900137 -1.52472038607884
0.306716333382866 -4.15366364334969 1.79650864368604 0.919999633928668
7.19992309574414 5.8368068736976 -0.954300870513403 -0.608715432779495
-8.37403317066834 2.36113238243575 -0.732765528465161 -2.49219945040902
-0.427155895677344 -4.7361485708226 -4.34919747639119 0.607198475624263
2.44160589489444 -5.97876770869754 1.06599054457202 -1.1562932601296
1.22065429314871 -4.89691755643054 -2.02207336149755 1.25214205290349
7.35061634501526 7.56470142322994 0.720460562356396 -0.0798371198178688
-9.52393066730206 4.77158380642217 0.0135945966216751 0.527172748514187
-5.72539443938131 3.73936370370822 0.644196138494614 0.935414227507283
2.0257311792856 -7.44823161456948 1.70272816580795 1.00729009752668
7.57438478805841 5.0865039709325 0.196455234374744 -0.827879416365649
-9.42155450471297 5.33422277578823 0.621227928065647 0.336303828809456
1.85167645187751 -3.5713384530666 -3.80344434078859 0.523275386118981
1.90763084711209 -6.63107125465925 2.57117521288133 0.609388071993725
6.68726838816044 5.8866317065011 -0.636674220709871 0.455572821858865
2.42884338417037 -2.66279040006412 4.99123872872198 1.72858523605772
8.24504429894226 5.5653480696648 0.718753400450165 2.00840009553308
7.97106365038638 6.85034261887484 -0.340359919078698 1.10159701227778
-9.091229501842 4.2816461024501 -0.081954593210358 -0.129252255558645
2.82467803076735 -6.67309441780265 2.66190641126922 1.04842746029128
-2.01459800450464 -3.52939709224222 -3.91143843242041 -0.687597269386355
-8.51440390248206 3.89224446536377 1.3504923197099 2.13333840417423
-1.42996413266161 -3.61850954995154 -0.607130541179605 0.457700740942958
-8.07333321375015 3.28526755121985 0.921946711734449 -0.83992235066686
3.16355732150216 -7.83036650820309 2.69452707939149 0.0799158283179991
6.54413069503455 5.07772925806023 0.954514874315604 -1.68729767422379
0.942026668704158 -3.48486699962999 -4.53551243228061 1.29505018819684
-9.56947178217996 5.81492049321914 1.1843093025367 -0.361092461054937
0.200370175912007 -3.77918748510161 -4.75541573781224 -1.8832154055282
1.46756961602527 -5.05902627310777 3.40933960112819 -0.269552879143604
-2.09899219670714 -4.35371681327858 -3.47962817908026 2.2570851917071
-1.36500453596976 -3.99521742421043 -4.25361900592996 -0.858241978381899
1.42101583443242 -6.36527963116169 1.7649356596874 -0.803835461181856
7.55548573434317 5.54252843386926 0.177336385406793 0.183893071412848
7.76482337430574 6.38003728670735 -1.4759288524725 1.94115116965647
1.13144240997759 -6.87546962204324 2.19194627117413 -0.300740536671548
-1.46354783303034 -3.92915965220676 -5.12066390859393 -2.21391287057466
1.65653408104508 -5.71742515630668 2.35279692986615 0.767322277418641
7.58299952808644 7.56803992954011 -0.00476751370828982 -0.273197325046527
0.46124885557096 -6.75769535377059 0.667583572557549 1.24599351748954
0.378809144114819 -4.73112366805584 -4.51056286834475 1.47823941629232
-8.50129139260734 3.47312115999574 0.426279037396119 0.162984353648878
7.37210970207154 5.84493204206103 0.860934594490309 0.0895646121827447
0.365041080137007 -6.26007877410286 3.40704192649398 -0.598663891707198
2.90414760680813 -6.69218166469803 1.45582741836522 -0.105662302679942
7.06543716895146 6.0689685577409 -1.20343449982222 -1.86631666734638
1.64241419246297 -5.30635176019052 1.56515854641335 1.43792082282922
7.46076486107882 5.52633659200332 0.295224595872986 -0.308183062736715
-8.88077780726571 3.05598461616383 1.62365525863333 2.36439290991095
6.99918555545959 7.24652001110964 -0.510158478802572 0.807192782310423
7.65431967808657 4.1479787753103 -1.4701207194539 0.823854878114566
0.265383618176388 -6.7476992601366 2.89506489524734 1.52114230365997
7.48779784277217 6.13656677939959 -1.55179819115048 -1.61365820424135
8.66281060909817 5.22895796603573 2.07071916501733 -2.38185499066401
9.11849470618129 5.32158869477586 -0.407825256678287 -1.36798541483534
6.87540220345647 3.59898065937747 0.497906974674324 0.341517639918233
0.100815300417548 -4.17965184055349 -1.5863635371454 2.08407225249498
5.748003825665 5.31243216136005 0.35262633677006 -0.0749621260837126
-9.25690462713212 2.92630048643965 0.611918482212758 -0.827549968278134
0.525296631655838 -5.48092955331956 2.03949293979606 1.02648225679424
-7.65927801727264 3.57731073940689 1.25309970504745 0.519033134435294
-1.13070624777698 -6.05397615615283 -4.35912754903402 0.845723205798887
0.756242527355838 -5.5469080471026 -3.01762557277611 -0.427481787332682
8.4299146227993 4.50928278667268 0.798388231248359 -0.601290921312782
-8.80331385776431 3.08719348366692 1.16106890361711 0.678699081269615
6.47038982977806 4.31151225507211 1.04255503817468 -0.99646933484731
7.77483904965211 7.41986829629675 -0.704249753998483 -1.83632944342408
1.11049093654348 -7.18062399077991 1.32097615141689 -0.870429075949388
1.45442792425533 -5.49180158324866 3.67929772273711 -0.152395920647375
-8.97841196898217 3.77857400398451 2.48846135229285 -0.0942009681124062
1.18161241558921 -6.6380427751444 1.62102831855116 1.41643980760002
7.30879314504056 5.71129215629967 0.257921221610369 0.641085542007922
8.18721091195959 5.04608516211707 -1.01523865853727 1.56764016538359
-9.83919353683022 4.94726849671925 0.0725330741467134 -1.40291526369139
0.292053819356214 -5.54344743135766 2.01552597717961 -1.62604540975167
-9.00119428905075 4.86569299055686 0.92179391385033 0.815594713748639
-8.78743171099965 3.95796615026884 1.3346043031125 0.0532420875325702
7.39596819033408 6.45976973007166 0.665091247234091 1.51962197700076
-0.379525379510189 -5.41863911705567 -5.07896473103181 -1.63277036721469
1.52060424766183 -7.00083065004672 2.45143312880852 0.183044497051191
-0.899510518108634 -4.398937957592 -4.55700009144971 0.0859756924268453
0.355762737998142 -1.93990488058157 -3.58924737158748 -0.3615778032327
7.39586318677177 6.42743616288354 -2.66270500423134 0.112268861294417
7.37270584238934 4.97710852905593 -0.435790860207637 0.562957547270683
5.82998659551222 4.69878786053824 0.849328311659902 1.90161790773009
-9.1908124182509 4.30997198587877 -2.40701878914701 -0.583486586272533
0.606701940325512 -5.08077875867565 -3.95319096400626 -1.1042972782972
6.78973008740919 7.16486160449579 0.360868315705089 1.32379199547974
1.3503850698397 -6.76291427627224 2.42215656126423 -1.38761910851252
-1.90898343277959 -5.88432844282771 -2.22154792731383 -0.870944779970426
1.5974130627739 -6.40426347944283 1.46762767493908 0.356131299625596
2.29882091419706 -6.48095205351783 2.4168770698386 1.29297452118213
8.42378340999344 4.82748403373293 -0.667944677930483 0.18799567981576
-0.995735165982153 -6.33132125630346 -2.97216648454281 1.20307132705129
-9.85627901961337 2.30833368995195 1.23002979648296 -0.375417871309347
0.0835847771607024 -4.50301503861311 -3.12111634803218 1.43925256706449
-7.52586824035741 3.56489020811949 0.547410079096979 1.52994429558708
7.77601336353055 5.06428190490961 0.0750855861740365 -0.243557601499065
7.09804174275601 5.86298879554126 0.902939841495603 1.52327429807978
-9.6300580141047 5.07673632466148 -0.511191608447876 0.67454230150128
-8.92608658822266 2.62203864115701 0.225597298496276 0.660142720595607
-9.35039765772495 3.49117396459502 0.620478459932652 -0.00370161545866896
