6.38366946368728e-55 0.999999999999999 1.96429474024856e-36 5.90457559884453e-17 1.21532861035388e-15
8.0360881777096e-31 1.26636981601485e-21 1.16816217041383e-42 0.998332434906862 0.00166756509313823
5.57371950888633e-80 6.98500343059081e-42 1 1.18538901654218e-48 7.74654697638298e-46
1 2.58635833054918e-68 6.37586335866519e-84 1.20022944672792e-51 2.83189361819413e-48
1.69581167947849e-48 1.42411990697303e-15 4.54004605113236e-52 0.00104119584141741 0.998958804158581
1.05619015484607e-61 0.999999999992537 9.87920657353574e-45 2.95304129509427e-12 4.50976583487976e-12
1.17006816387173e-77 2.09074805009592e-45 1 4.17127945663113e-47 3.75852944632604e-44
4.60563069176729e-85 5.94407203223827e-50 1 4.55842204659824e-58 2.54480836934015e-53
2.66670069396102e-55 0.999999999989666 2.59099548072685e-40 1.53975170901784e-14 1.03181538222962e-11
1 1.06751128440917e-64 4.3723713800112e-77 3.31036823588101e-36 1.5310665259245e-37
3.00064871831039e-55 4.03183799504985e-12 2.1402825568685e-43 0.99697881237333 0.00302118762263852
1.366909448678e-31 3.08326016056465e-17 3.3247657479634e-51 0.0772678398454505 0.92273216015455
3.57696435593476e-43 0.0115705993045301 1.14124563142485e-37 0.0144508552791889 0.973978545416281
1.12042352694828e-41 5.44577142231022e-07 4.30277529827499e-41 0.182258867282452 0.817740588140406
3.36352222429649e-52 0.99999999998243 1.62879965437333e-43 1.28860103946574e-12 1.6281678811922e-11
1 3.60594136707711e-58 3.54580547321616e-75 1.20968176096494e-40 7.72946023498645e-39
1 6.71458868333849e-58 1.11090567673118e-84 1.01836280770006e-36 1.08861405162752e-35
3.77873687540858e-68 0.999999999999997 2.80506364144755e-46 2.51901487750398e-15 1.20552946325431e-16
9.9798440582622e-45 1.37182249905559e-18 6.160553868234e-44 0.0659281230212389 0.934071876978761
2.91959865216092e-65 0.999999999999999 7.8229577560748e-43 1.09368317256916e-16 1.05954923796916e-15
1 1.61670400131033e-72 3.28742047269505e-83 2.20960006222853e-49 1.01843705318559e-49
7.95834111683596e-77 1.87099781970612e-51 1 5.91546878130758e-54 2.72373584162936e-49
1.0046442353618e-84 3.83262289575668e-41 1 9.18894934245181e-44 3.01150741779994e-39
1 2.06464976860089e-75 5.24249675608128e-92 4.08083210588284e-47 3.14849086705652e-47
3.07184193635405e-80 1.88696157213984e-43 1 9.15369259263541e-47 5.66531811716091e-44
6.69122022320834e-49 9.96479876148357e-15 8.00398970104621e-51 0.975055440381439 0.0249445596185509
1 4.02044314943639e-54 3.17951399844049e-71 1.37838628482715e-31 9.11102354202579e-32
6.74298229994563e-90 1.54557657610717e-56 1 5.21398925569406e-66 3.00884204848561e-61
2.50821971951373e-48 3.86116751898364e-13 1.75217007624529e-42 0.0149761601709183 0.985023839828696
1 4.88271577526337e-63 2.84369495556579e-74 5.13352056491182e-42 3.07031807249075e-39
4.35858953121402e-76 1.94490161425887e-43 1 1.45344643646666e-49 4.96548536084186e-44
2.36655493661169e-64 1 2.97016021469197e-44 2.97171924049739e-20 4.51835713105494e-21
3.94751291478166e-71 3.41094904420344e-35 1 1.66085545982644e-39 1.22775418726543e-39
9.76918635045348e-90 1.10419740060682e-47 1 1.17133880069679e-51 1.89468770626971e-46
1 5.56752526377241e-63 5.60447801676223e-84 1.62884403562394e-45 3.5256371160347e-40
4.377949012297e-87 2.77267051507968e-48 1 5.93286569146529e-53 1.36882151310932e-51
4.06412716992515e-78 1.24787478420169e-46 1 1.29865239151792e-53 2.2684286926831e-52
1.81616779945981e-33 1.46510586802072e-17 2.07990595824493e-45 0.000204215832107027 0.999795784167893
3.95494322362444e-31 4.95494390905908e-13 1.72797286559958e-34 0.846786556999098 0.153213443000407
7.48502861984459e-44 8.33310218728131e-15 2.87111206016752e-38 8.95560357200776e-05 0.999910443964272
1 8.40061865209893e-70 1.0697883314496e-88 2.01569329306225e-45 7.94745123319782e-47
1.98250886042121e-85 1.46803411723064e-48 1 4.84336711469433e-56 2.18409518108834e-52
2.26760091111745e-59 8.74282276483317e-33 1 2.68626969358478e-37 3.2587569333784e-36
1 5.82939221708342e-71 6.85355994070801e-80 1.01129001755628e-50 3.63919762381507e-50
3.5262310694956e-68 1 6.07575005610707e-49 1.09658339435819e-22 1.35880378044874e-20
8.12250467149422e-85 3.65291719588619e-50 1 4.35575629410556e-51 9.79762834236418e-47
1.18517137746534e-64 0.999999999999998 1.25039569089991e-54 1.77863374902026e-15 9.66181755530021e-17
2.68937058737276e-45 1.07239632742468e-13 6.11388897112383e-40 0.0417456911319521 0.958254308867941
1 7.37540685070548e-71 3.15114435839566e-77 4.72228408449712e-51 4.04442116475115e-50
4.00157867746727e-61 0.999999999892869 6.14954358848255e-52 2.44151949524167e-11 8.27157770564245e-11
2.28096466839696e-69 6.76864484310574e-47 1 8.03650051463589e-40 6.92265320669968e-38
1.96025247261971e-74 1.24647753268519e-42 1 1.7006352450737e-42 2.03175606101066e-40
1 1.24276487377968e-70 2.80082251142972e-84 2.47164996813989e-46 9.31427539696504e-47
2.53378055533879e-82 4.81597039930941e-50 1 1.31719041420767e-55 2.81097105119709e-53
3.19535553243762e-69 1 1.39011064048742e-45 8.92093489699197e-18 1.00580562773326e-17
1 8.0521880208565e-60 4.83879792556342e-74 9.94286011382429e-44 1.10941106199631e-39
6.59582179076076e-45 3.49140207182011e-24 4.8826748835902e-49 0.984554514283306 0.015445485716694
1.35111158430714e-71 1 1.19497173962362e-49 3.67316095951673e-21 8.26756437333435e-19
1 1.19681149832826e-56 1.06206526041672e-67 1.63060930714349e-35 5.41617255097064e-34
1.12066055506906e-46 8.25903469563352e-08 1.38385998465647e-40 0.000364573670772467 0.999635343738881
4.17765365533244e-62 0.999999999999991 1.68751091808971e-42 6.95610963773601e-17 8.60257202180635e-15
1 2.26261966780677e-68 4.88152007756325e-78 2.81486859931614e-48 5.92072822261666e-47
1.41689289211143e-32 2.34546983184167e-20 7.12238313546285e-41 0.00400600979280958 0.99599399020719
1.83190649134165e-24 1.44383912991659e-08 4.63352268858966e-41 0.00273280813071988 0.997267177430889
3.24704781595051e-85 2.09499043702789e-47 1 7.96692272167675e-53 4.74761021688785e-49
9.01244762747133e-85 6.57655290211293e-50 1 9.33677181738424e-54 1.55144143636784e-53
7.45161993580211e-41 6.47577405984069e-11 2.55941513576686e-55 0.0115741459472782 0.988425853987964
6.42372388624714e-72 2.25962652407658e-39 1 5.99376516346092e-45 1.68474945981457e-39
1.58211475581535e-71 0.999999999999789 8.46352858773682e-49 1.13393495265973e-13 9.75182656396165e-14
4.01458579967167e-40 2.82034979289085e-12 3.78523107688445e-45 0.00552377257230555 0.994476227424874
1.07418540942189e-54 0.99999999999998 1.61569429201645e-45 2.31439792834655e-15 1.78183529291392e-14
2.58642734408183e-37 9.97812190559726e-17 6.97774645460301e-37 0.000236670268926032 0.999763329731074
3.72564333230542e-49 2.07983609928226e-16 5.97608328712613e-41 0.807655478126753 0.192344521873247
5.484424721521e-49 1.41498762176831e-08 6.22750297038835e-44 0.0702373302501057 0.929762655600018
3.6884138265553e-68 0.999999999999991 1.23817371691651e-39 7.13282693336086e-15 2.3103688710127e-15
1 1.30280675981512e-55 4.02833758492399e-92 7.72762200148487e-38 1.97426380269559e-37
6.31244779142215e-76 1 2.84112971872461e-52 7.13220930291052e-20 1.30718347853995e-20
6.86719302989843e-81 4.43702380992741e-45 1 9.7620250007396e-45 8.50457653480763e-45
7.27100645920932e-46 2.39545531102832e-13 4.47778982931662e-39 0.0482224156071256 0.951777584392635
3.83186878697568e-35 9.2866001481963e-24 3.41718609411464e-46 0.00115252288015541 0.998847477119845
2.09903417676808e-66 0.999999999999999 2.64691195256484e-38 1.42257450818994e-16 3.62208567543438e-16
4.32475094220534e-58 1 3.60727345065251e-24 2.6347320521873e-24 2.22075384775682e-20
2.07754036759821e-73 1.72929915066698e-42 1 2.6895184779031e-51 1.12239295263719e-49
6.34591895055358e-66 1 5.31598388019906e-48 4.05293615468399e-17 7.17796871990172e-18
6.93883594083682e-81 4.77925684838346e-47 1 3.55099051347632e-54 1.52676550009324e-51
1.09147594975085e-83 8.32626251389413e-43 1 1.01695205902528e-49 2.07042192769142e-47
1 4.47026277165585e-54 2.78041305007048e-75 5.54415863953309e-40 1.59823811289582e-37
8.19156270498196e-59 0.999999999999839 4.72590293739033e-42 3.01600467005695e-15 1.57355147285613e-13
6.4550361193774e-66 1 4.63292106808683e-39 2.25299523334005e-21 4.93783923391382e-19
1 4.70025465356018e-64 6.91537678278271e-91 7.84538036259302e-45 1.18612718048583e-42
8.1525762305621e-71 0.999999999999998 4.47878445632437e-38 7.30490740080832e-16 8.4903805298652e-16
2.62917219498851e-66 0.999999999999997 1.62172793097254e-41 3.34893728958006e-18 2.96107353150178e-15
1 1.56785041652097e-66 1.13971344746741e-83 8.18452252963942e-46 8.43826200996874e-43
2.6993782363223e-41 1.72385534905531e-17 6.85343611226446e-40 0.992109582468806 0.00789041753119446
2.41447556649196e-84 1.84289797988151e-41 1 6.20900956257197e-49 5.54571321810566e-48
1 2.93832985506116e-60 1.26115474008451e-80 6.03984354618004e-43 3.57084464577624e-42
1.89489399279579e-89 2.49696486342658e-49 1 9.35559632047125e-57 2.52589343278767e-53
6.34548201130286e-48 2.9639502625092e-16 1.99379347843839e-38 0.00193786191376714 0.998062138086233
1 5.99610767819391e-69 2.94542556253679e-84 3.54071306652006e-49 2.13656068197754e-50
4.80681505331648e-45 5.5523538588897e-10 8.36649036611402e-43 0.93215582919372 0.0678441702510451
1.48506737351989e-65 0.999999999999999 4.56638099216285e-43 1.6499666779809e-16 9.10136626241997e-16
2.03189337197656e-74 2.56285110818619e-32 1 1.10808951188796e-38 3.02220339929969e-36
1 5.59415711363023e-56 1.27412538300727e-73 1.47246809117306e-37 1.4202652649944e-34
3.04749008530543e-85 1.77153729433073e-49 1 5.5198385302377e-47 6.48286815235531e-46
2.67244054179927e-96 2.54230425020485e-47 1 8.1792672326821e-53 9.6663917955709e-51
1 8.13900875794545e-63 8.65671632063805e-81 4.65614954973078e-42 3.26635542153136e-39
2.1718883683253e-45 0.999999999814884 8.98897300144903e-46 1.15050970181938e-10 7.00651858834187e-11
1.69175963678394e-86 1.37651047365996e-56 1 1.98642222107167e-59 7.14502427763686e-56
2.53551879094039e-80 1.46257851345901e-45 1 2.31045045225917e-51 1.48244296179172e-49
2.5212770101141e-60 0.999999999999901 2.26516405092725e-42 6.2406955392086e-16 9.83195769270586e-14
1 2.01936718407669e-59 1.50692296592249e-68 3.20186988294479e-38 1.15009612692539e-36
7.54224245870232e-85 1.36610300450266e-46 1 9.15265984825064e-49 4.11032110090564e-46
1 1.88892436917876e-47 2.24320782707374e-65 3.11619488067e-32 1.00781551318778e-31
1 2.56797793597963e-67 2.00793079474535e-80 2.84825766135763e-46 2.50515396565832e-45
2.03680467167902e-60 0.999999999999351 1.66700783477637e-45 1.50478942872404e-15 6.47381950802276e-13
7.49562224746006e-79 6.08313620182835e-44 1 3.77004190082545e-44 4.04583874953924e-43
4.92864983042022e-66 1 7.85099059267479e-40 9.61860641392402e-21 6.68435666674515e-20
1.50501279156061e-41 1.09204538608727e-14 5.59697224088351e-41 0.98579921526059 0.0142007847393989
2.41271690235869e-37 1.0461080183597e-12 8.04357356092339e-47 0.994728286129622 0.00527171386933167
1.5023536663476e-54 0.999999999999842 1.2530633507791e-36 8.19676953544231e-14 7.56086384338453e-14
6.5990119041017e-70 1 3.27029757417757e-45 1.09755569678845e-17 1.0437160423371e-17
7.73298890850846e-80 2.17332111546123e-43 1 2.75971720647721e-44 3.29384400785729e-41
4.98334117298382e-86 7.68766925999872e-43 1 2.86696188634116e-51 1.66668724896901e-46
1 6.3248182087895e-72 3.27232261329494e-83 4.65785220697745e-48 2.15929689586252e-46
3.42299990953568e-77 1.40249692413243e-33 1 5.47519365882538e-43 1.73255332018125e-40
7.89822964383512e-54 0.99999999999875 2.55473949147831e-41 6.75455374992594e-13 5.74234920035127e-13
1 3.6149406475161e-62 9.7201405812398e-83 2.1426481365201e-47 1.21047163278637e-44
2.27111700451673e-64 5.37310037303126e-32 1 6.98831553579852e-38 8.26396271417258e-33
2.10556849474103e-80 2.93202070907427e-38 1 1.08059584678897e-48 1.35921522684045e-46
4.73916129112112e-56 1 2.20009365884766e-32 2.77594852661278e-16 2.63788618027768e-18
2.00958213248949e-89 1.61548231132266e-52 1 1.41562203036453e-51 1.38187411513439e-50
1 1.37419211999531e-44 1.60937525711134e-59 8.28488703459899e-29 4.81428263786814e-29
5.33995397182271e-69 1.06832535356342e-40 1 1.91428000290606e-43 6.92030295500277e-41
1 1.72748469484756e-65 8.4100406028977e-73 4.33805018832124e-44 1.82002820077795e-40
1.19352617902207e-56 0.999999999974039 3.05982423748601e-43 4.61125546494177e-13 2.55002365234945e-11
2.65681373870776e-40 1.26653934708302e-17 4.60044222479146e-51 0.00219164599568782 0.997808354004312
1.22340417068536e-63 1 1.75142813832473e-46 8.40623851545189e-20 1.97411800830324e-19
4.11481614859227e-36 2.30843935572038e-17 2.29365114442042e-52 0.90969550502129 0.0903044949787104
2.35573728792514e-87 1.01610170205054e-43 1 2.64721196976078e-52 6.73380509210829e-47
5.24724091899813e-34 1.45478883881717e-14 1.94609410385387e-50 0.949396014147091 0.0506039858528946
5.66120005537312e-62 1 4.50281075097886e-48 1.8575576537774e-19 9.93537298480242e-19
1.13351541503458e-45 1.8831217542422e-14 2.67253715635601e-55 0.0346355352309009 0.96536446476908
4.09166967724163e-59 0.999999999999998 1.92316241437175e-41 1.11296297406751e-15 4.28749405461307e-16
1.39841058583006e-65 0.999999999999994 3.83610000892706e-43 2.13659076901872e-15 3.67950528475029e-15
2.68428521529114e-43 1.39457567155394e-14 1.87984879444734e-50 0.0266045586912655 0.97339544130872
7.47583117349739e-46 5.61791037369177e-21 6.4677196488824e-46 0.000290782548865625 0.999709217451134
4.79935162101449e-60 0.999999999736402 9.87422076423296e-42 1.94658286979911e-11 2.44131757477126e-10
1 1.39537305039321e-61 5.10498031521335e-84 2.26778990745606e-42 4.77225640313004e-41
3.65112210853546e-81 1 1.71082888993199e-53 3.22726919060319e-21 1.68392358543718e-21
2.15868200515923e-65 1 3.27822377296841e-33 6.89929567048473e-19 1.13669080605001e-17
2.03298788112926e-55 0.999999999999018 1.37933067490124e-55 1.47179056250907e-13 8.34758400088113e-13
3.29228064531639e-58 1 1.07194852323757e-44 2.32046272238897e-18 3.76100197826399e-16
1 4.32661053229216e-64 3.40119576622793e-74 2.39148445635131e-45 1.33610019571289e-42
2.61873181058687e-75 2.27842714595733e-50 1 1.77908548578808e-49 3.13417071944966e-46
1 9.98284016566469e-64 1.33789770777656e-81 1.71931316129397e-43 4.14741647438239e-42
6.32116776353422e-84 1.02865304725352e-41 1 1.02035033947868e-44 3.20323863829407e-41
9.06484436126801e-64 0.999999999997363 1.72110657751964e-42 1.54752781068956e-16 2.63652059106935e-12
2.82208676530209e-31 1.69236314798062e-14 1.88416069845515e-39 0.0151035954736358 0.984896404526347
6.4472857441902e-90 8.27492975760058e-40 1 2.87700472402868e-48 3.17909037625635e-46
9.7257031190535e-34 3.13975504586284e-16 1.2472936786933e-34 0.0287732716498556 0.971226728350144
9.23728836654275e-39 1.24063563095633e-13 7.19086060833198e-47 0.0532617798669076 0.946738220132968
5.79052683025385e-84 7.23729373482981e-53 1 1.16149924021678e-52 3.8005554234737e-53
1.62630750083314e-66 0.999999999965921 1.52640927926443e-44 1.1487988029607e-13 3.39639857920427e-11
2.6372947103244e-33 1.69553644902846e-10 3.39897831346459e-40 0.320130929806513 0.679869070023933
1.38878563943364e-71 3.06249415682024e-39 1 9.46011210685689e-44 2.96022030885397e-40
4.00161685962695e-80 2.85497645552894e-48 1 2.5933389190726e-50 3.30121270814054e-48
1 3.91660221876313e-68 8.1749936097312e-94 1.38494668791399e-46 1.50896423740984e-44
1 4.70266141980414e-65 1.12347759107854e-94 2.84116318241475e-46 1.93883541828863e-43
2.40277563963891e-37 5.81456125229292e-11 5.26603123393935e-47 0.0975735973774589 0.902426402564396
1 3.86121126538269e-72 6.23177494583706e-94 3.25322449635616e-49 7.44410233212297e-47
8.47902663279985e-85 6.36588959953833e-43 1 7.75592859994115e-41 7.71552205181458e-38
1 1.056610171523e-53 1.1260273379753e-73 3.76526299257492e-38 3.61277870819149e-36
2.24609550209567e-70 4.45748919745728e-40 1 1.21066971528273e-42 4.49849165159518e-39
1 3.48405055358308e-68 6.97018331635614e-78 1.5684235686102e-45 1.40399981449755e-44
6.73896562354358e-62 0.99999999999973 4.78759743427514e-50 1.38361024273698e-14 2.56242949475942e-13
1 1.31561390215183e-69 1.12100359856767e-81 3.99081730593386e-48 3.07607040267672e-43
1 4.51773273522606e-63 2.50133847620066e-88 1.97636811897909e-40 1.55793834675016e-38
1.24137147208684e-58 1 9.46926896228523e-45 1.07108010401791e-17 1.53444059925903e-17
4.30929854505156e-76 2.02339120938651e-34 1 2.87295263874563e-40 1.476832511115e-37
1 8.34148370902103e-61 6.77378260412898e-84 2.47832059356745e-41 3.30125485809143e-40
4.05332289149034e-84 1.51393916017823e-36 1 1.40441820503814e-40 5.59696475677192e-37
1 8.24852448644101e-48 8.13068112070037e-59 2.91728168267508e-30 8.23820848634793e-27
1 2.12960659342719e-64 5.2905663055179e-76 9.89855081160326e-45 4.99631966151906e-43
2.94434728250995e-71 3.6510514007294e-39 1 4.82937403905896e-43 2.45218928913863e-40
1.1855267397199e-89 4.89739147227001e-46 1 7.73963872279159e-56 2.06116094793863e-54
6.76255691979786e-60 1.4922710982215e-35 1 5.44976195457442e-33 7.67084322400412e-33
3.44553129866242e-44 1.38307750880931e-15 2.06268311204783e-44 0.997606488320884 0.00239351167911417
1 2.17413919264711e-50 1.96988240278324e-81 2.94621356498599e-37 1.18197518936458e-35
1 7.07597440631905e-57 1.462260087885e-74 2.68581919808145e-37 1.43565568161194e-37
9.23263541213805e-85 8.36067102819757e-52 1 1.70899827044831e-58 2.56269878039675e-56
4.37600824936945e-57 0.999999999999998 7.17534047552337e-44 2.35436973235557e-17 2.28273466783046e-15
2.08645475869985e-53 1 5.72326152415525e-38 1.21109633772013e-17 3.10722974399854e-16
3.0228071089756e-36 6.95575582274373e-08 1.78861467578662e-53 0.916673055647672 0.0833268747947697
1 2.21585522943293e-71 2.36042202592833e-86 3.82429643334677e-44 1.64396643379502e-42
1 2.99103915266591e-66 3.25438774219846e-85 5.0202091693641e-46 1.44153416155622e-44
1.20593078308663e-63 0.999999999999967 1.57788074632148e-50 5.05804704220811e-15 2.77740028609141e-14
2.38131566125556e-63 2.90921301296063e-28 1 2.34503034148869e-35 8.70202326057621e-33
1 3.66563157416145e-54 3.52900178929024e-78 3.56544363495739e-36 1.46226331908687e-33
2.82435967421865e-55 0.999999999998113 6.4001384344051e-50 1.45752288767927e-12 4.29402322006948e-13
1.33106444113925e-87 3.41246971870583e-45 1 9.13978967527535e-51 3.91020659446881e-48
1.24563910353406e-82 3.47354892100916e-46 1 5.19544021781742e-47 4.20255193396642e-45
6.55203272630209e-55 0.999999999999886 7.24618486692256e-36 1.86421509510278e-15 1.1191576030716e-13
3.63581358893072e-41 3.66186144337939e-12 1.81429826929147e-41 0.136616891593274 0.863383108403065
1 9.7616870793267e-72 5.06907654048512e-85 1.17253660432143e-45 1.51716796739961e-44
1.04016923308607e-39 1.2947787006218e-16 2.82815135579227e-52 0.98055608101346 0.0194439189865402
2.11662770717089e-80 2.39300866150068e-41 1 5.22800978615367e-52 2.2457429076111e-49
1.13144573620643e-62 1 8.19162540828728e-41 3.1518875312333e-19 3.45246389867159e-17
1 1.59777345419449e-62 1.24377301126045e-75 1.95129906032406e-41 2.41567608942544e-39
1 4.84158780391348e-52 5.53182094035079e-69 1.5340370147399e-35 2.50347138164507e-31
1.23720043714403e-75 1 2.77096162124556e-50 4.44424936979919e-21 6.9708896353338e-19
3.75180804028516e-62 1 1.50531648344047e-40 4.37625685174717e-16 8.87995563129007e-17
2.37812344089425e-47 3.32019636641898e-12 3.55727905084877e-40 0.0487278387516629 0.951272161245017
1 7.69536767758845e-60 2.09237326165799e-73 2.04480351938966e-40 1.83288119778994e-37
1.06284837548031e-48 6.10586183837349e-11 1.3837805128803e-46 0.962694383267133 0.037305616671808
3.01741755586602e-59 0.999999999999995 1.48816586324112e-38 1.57300861400024e-15 3.06353314672792e-15
1.32830464671102e-61 1.49011557644522e-43 1 2.88151272499824e-38 4.0387092799487e-35
1.3484091636586e-66 0.999999999996101 2.23657249918817e-53 2.74800342272104e-12 1.15137935277082e-12
4.14954297028318e-28 4.19427021576907e-18 7.52446068325258e-47 7.76244860955141e-05 0.999922375513904
6.5370544385243e-34 4.12003675743421e-18 7.72088745695076e-56 0.00010515762532887 0.999894842374671
8.42669770516883e-81 5.95082692650675e-40 1 5.73308251694376e-46 1.79257282625705e-45
1 1.93577348421033e-52 3.57317192265629e-66 4.41560685319745e-36 1.48655914343253e-33
3.62637980075598e-34 2.10852301359033e-11 1.59822358155935e-41 8.82083282177933e-05 0.999911791650697
1.72669546470433e-76 1 3.42394984545529e-42 8.0283589441166e-19 4.79457246607769e-16
3.79627928248337e-90 1.71411765728216e-48 1 3.73329188235333e-56 6.30820691368436e-53
6.32960556864338e-84 7.81561821100831e-46 1 1.56564361433077e-48 6.26990432832396e-47
1 3.84145980451212e-68 2.12928196224337e-92 2.17150764887079e-48 7.58750061291251e-47
1.06900245423623e-50 0.999999999943233 6.16896946864126e-36 3.69809906282137e-12 5.30692741236217e-11
1 1.81488784288218e-47 3.91097462143161e-66 2.33069671903906e-27 3.94258855157613e-29
1.97991666801689e-31 4.5570623177057e-21 4.44211696351142e-55 0.168525189084388 0.831474810915612
6.62859900621258e-40 3.01395199096532e-24 1.93362496825956e-46 0.00631221364212746 0.993687786357873
3.75889971538786e-79 3.36563437862669e-37 1 3.42341990262186e-43 9.18821478999656e-42
1 3.27041442794313e-64 6.94104070477313e-85 1.43216350942743e-44 2.31779796436599e-44
2.76918604444517e-72 1 3.93836368362355e-46 1.21973258016954e-18 8.16815505999532e-20
2.00762007774256e-67 0.999999999999727 3.47033720892112e-38 1.29281859501396e-14 2.60286662058637e-13
2.3437548446515e-56 0.999999999999845 7.68362881674499e-48 5.96975681869079e-14 9.54164334242094e-14
1.84628761703424e-68 0.999999999999973 3.24062174836092e-49 1.28795581506906e-14 1.39310205073495e-14
5.74154575842746e-66 0.999999999999974 9.19505326555795e-41 1.21431316573039e-14 1.39303419523387e-14
5.79893053616053e-38 1.56343246729086e-19 1.34802339235903e-57 0.997693238091769 0.00230676190823104
1.61076940705498e-54 0.999999985420985 8.78744686080269e-53 1.30088228188447e-08 1.57019217449097e-09
1.02915560643097e-83 3.32957966510098e-54 1 1.5057048805031e-60 4.01269970941434e-57
1.27557781364168e-50 2.39942931597639e-06 6.57611316402212e-46 0.909324074929396 0.090673525641288
1.62779218057116e-83 7.86574741781645e-53 1 4.67159578578287e-55 4.59692271718307e-53
1.06988786787293e-58 0.999999999994288 5.54534660535337e-42 1.12313926466149e-12 4.58862070896334e-12
1.32116450358173e-67 0.999999999999593 5.45398727207989e-51 6.04548493167315e-15 4.00626801286323e-13
2.08424192540107e-48 0.999999999991303 5.31909777517018e-37 1.81536509651408e-12 6.88106379465009e-12
6.41657179862668e-63 0.999999999998464 4.33499332576017e-39 2.95680141637261e-13 1.24031506878691e-12
4.43449782744981e-64 0.999999999999684 8.74860897014391e-33 2.31918007575698e-13 8.41981225717712e-14
5.63021942139234e-57 0.999999999999999 7.48198464486293e-52 8.30126870808971e-17 1.33553935915242e-15
1 2.8972935291736e-53 3.15853075244798e-59 1.49774308920093e-33 2.39243807181077e-33
1 1.21673687266715e-78 1.8184103805169e-89 1.71680991601548e-50 1.46406257881962e-48
4.73197782140875e-49 6.5317943401545e-12 3.25647602923182e-51 0.0981961705394763 0.901803829453992
6.10194607136123e-38 1.45867566138748e-18 3.38962894391526e-53 0.999276910106398 0.000723089893601834
2.91953795700031e-59 6.00529424941707e-30 1 8.10264422263546e-38 4.89104485339496e-34
1.93067313370725e-37 5.18790899594297e-20 1.02142898202077e-65 0.999207875938379 0.000792124061620974
7.03320281969243e-58 1 1.44095054460959e-41 2.39979795643926e-18 4.32621563880644e-17
2.04624512280512e-70 8.42861791320724e-32 1 2.10457336673374e-36 1.0544154271363e-32
1 1.10394692002173e-63 4.55963717126023e-84 6.93751809432905e-43 3.04672247753248e-41
1 3.44986809314486e-61 4.58889038861043e-83 8.612278839119e-42 2.02062041291785e-40
2.16062437673757e-35 1.46404959316889e-12 3.89850891227488e-42 0.755462569397644 0.244537430600892
1 3.86653575630078e-54 1.11350465308015e-70 3.13162697495671e-36 7.31844413790967e-35
4.85491356167714e-89 2.28413465461018e-42 1 2.02717568752579e-49 5.7157283055356e-48
1.22246505653926e-82 1 1.91160925464706e-50 7.01651521689219e-21 1.42380761058903e-20
3.56596758530475e-54 0.999999999976208 1.25936830182771e-38 1.9100765903918e-13 2.36010333502554e-11
1.03487688814108e-74 3.7462113988153e-43 1 3.39335733293407e-45 2.75097612363213e-44
1.58797150474852e-67 1 1.53375794552785e-44 2.14708371732941e-17 3.92541352339879e-16
1 3.12146695176479e-56 7.06960477681801e-75 3.20210394060174e-39 1.80798654315687e-36
1 4.9836269836076e-63 4.59469793111834e-75 4.66060749560488e-41 2.47545741845737e-39
1 1.23347981844597e-60 6.21891552491641e-80 2.69150526497047e-46 2.06380410356612e-44
2.23957243665907e-68 2.73933640500712e-39 1 1.92967809669723e-37 2.58867033533269e-35
1.42282714435583e-58 0.99999999998949 2.0539282500261e-41 1.36997987133838e-12 9.14055389457233e-12
1.10066434456452e-72 5.3898126270598e-41 1 9.29313893533486e-46 1.56966064837787e-41
1.57415724650285e-47 1.20729545634278e-08 1.15192252167037e-36 0.902810478428568 0.0971895094984773
1 1.70802400232248e-70 1.21250718485956e-76 1.22094243469461e-46 1.09479068485752e-43
1.48568096294409e-79 2.10978109015849e-49 1 1.21572059124543e-51 8.28160192414451e-48
1 1.51822104780714e-61 9.51752971755652e-77 6.05455507517925e-48 1.96012355503531e-46
1.36542029508068e-63 0.999999999999994 2.72685795169946e-43 2.31347060057613e-15 3.45555136238805e-15
1 1.95862779716454e-64 3.43958753149871e-82 2.34716291076134e-46 5.38057848227695e-44
2.64036167800053e-80 1.36620022785373e-38 1 6.14461488232782e-43 3.70253788512195e-41
1 1.5148178228882e-74 8.62768816101782e-88 1.81842397922702e-49 3.87198631352281e-47
4.35847245823886e-44 1.73620975789861e-14 4.11358093636527e-41 0.132551932044194 0.867448067955789
6.45823966699992e-59 0.999999999988914 2.99874690765063e-39 8.52530543688145e-12 2.56027714525917e-12
1 8.34091203171653e-58 1.66664829099085e-79 7.18372446666876e-37 7.00546146674708e-37
1 2.85107496465709e-59 1.83926390247147e-76 6.44802308681317e-40 6.7404581176601e-38
2.22130065825048e-84 9.16828265007082e-42 1 4.24949111899105e-50 1.27527713540858e-47
2.67795545599152e-67 0.999999999999864 9.63455842660091e-48 4.76601778178601e-15 1.31715867747626e-13
2.32797889435991e-86 1.18917224688624e-46 1 2.4038745007031e-52 3.63317284816777e-49
5.03198698698281e-82 8.6809811773224e-48 1 9.90064549219632e-52 3.03307537027285e-49
2.47779322904383e-71 1.75903489723018e-37 1 1.81810164633636e-44 2.59218853697301e-41
1.95821416651473e-37 1.37245345112279e-16 2.0130716178805e-52 0.721592465697983 0.278407534302017
6.82427601287134e-56 0.999999999999547 5.30827681232296e-39 2.14346235356963e-14 4.31177976596293e-13
1.28661101312669e-55 1 7.7713524998473e-49 4.96806784187795e-20 2.64992007093414e-18
2.10397397963468e-80 5.69567091420922e-45 1 5.46096065724652e-50 1.34767836440151e-46
3.45164587823357e-57 0.999999999998551 1.55918379015682e-36 1.85488570620468e-15 1.44725218876357e-12
1 1.02677406861813e-60 1.60470875075021e-86 8.15490956519451e-43 3.6899311602459e-41
1 1.09512724788548e-57 5.47997629636742e-69 2.0372022287315e-32 9.87059581534357e-31
1 1.11655773084866e-54 1.5825745789737e-75 2.27089530117905e-37 3.38513742985989e-34
1 2.38991015915009e-67 6.23622738283148e-88 1.47413629627885e-44 1.62833669720039e-44
1.04658331782613e-68 2.01940068161202e-44 1 1.12641358758077e-50 1.34053773876612e-47
5.73431354380551e-69 1.90505169454602e-37 1 4.39526201131485e-40 9.17906209135823e-39
3.77944083823113e-41 4.74007499499547e-17 7.48815982051054e-40 0.997640547747975 0.00235945225202529
