"LD1" "LD2" "LD3" "LD4"
0.978359373786488 5.08693448007879 -1.81780891960761 -0.537225437910829
0.048829821222024 2.47002370406323 5.16204403990681 0.739490232439157
0.306716333382896 4.15366364334969 -1.79650864368604 -0.919999633928667
-8.64042026704255 -4.51945579623411 -3.22001215522074 0.972429562748611
2.44160589489449 5.97876770869752 -1.06599054457202 1.1562932601296
-2.42314022521072 5.55808457973185 4.98970225924372 1.89726634892101
-0.697382042969533 5.872932983532 -4.00368670708533 0.0610769043783709
0.405344704923344 3.85266651997189 4.51117767335389 -0.233926858458881
1.91143604650104 5.37879022387753 -2.6622269040637 -0.818375764717245
7.79817631579014 -5.80434626833966 -1.67144418549199 2.30133443010015
-1.30677580217763 4.43788757759438 4.87977593474884 -1.59150720921076
0.00115475228609559 6.20604423649654 3.74582273937061 -0.330230368427105
0.0835847771607456 4.5030150386131 3.12111634803217 -1.43925256706449
0.100815300417592 4.17965184055349 1.58636353714539 -2.08407225249497
6.33203165628402 -5.9757356918757 0.413815313518639 0.294685494218917
1.08327659020578 7.86629153719838 -1.10947559556218 -0.375228986063353
1.79621833226485 5.83174041409656 -2.58266820409978 -0.291809009359535
7.08150247025784 -3.923440353295 -0.5936624937882 0.375192916976395
7.76482337430569 -6.38003728670741 1.47592885247249 -1.94115116965647
1.11049093654353 7.18062399077991 -1.32097615141689 0.870429075949385
0.687339626001399 3.55827825277748 6.52515505956438 1.81228746578704
6.47038982977802 -4.31151225507215 -1.04255503817468 0.996469334847298
6.28187657102274 -5.52606066576358 -0.00402098043883016 -1.00592432111441
7.06543716895141 -6.06896855774095 1.20343449982222 1.86631666734637
1.53122467688736 7.17481631211009 -2.35128735146955 -0.425780229534558
1.0940234069688 5.31855848515 -2.14985072964715 -0.606648323057265
7.3727058423893 -4.97710852905597 0.435790860207634 -0.562957547270681
1.59741306277396 6.40426347944282 -1.46762767493908 -0.356131299625587
1.76046681339945 6.52062904026563 -2.35537245494487 -0.51071866585055
-8.39916522915497 -3.51382851253105 -1.16189068642096 -1.18657712758829
2.8366755329638 6.14540872137241 -2.16799154798438 1.58654498018311
0.717598252980763 5.65208807655076 3.19575900572648 0.906066801199233
-2.0989921967071 4.35371681327859 3.47962817908026 -2.2570851917071
-0.0451831093370164 2.82917927443421 4.56489595978868 0.764787881742728
5.69915826152562 -4.6610793465322 -0.955190180380244 0.743084755598481
1.73228674120166 6.23925632700327 -1.75233946992727 -0.410843440110707
-8.410348028416 -3.44121470542454 -1.92700076217525 -0.495021270243574
1.51279261146538 7.32392689268827 -0.451157368008469 -0.241419150919848
6.75353561165576 -5.45153751749049 -0.63258161230409 -2.83913121764307
8.4237834099934 -4.82748403373299 0.667944677930479 -0.18799567981576
2.81476789174555 5.83348165193291 -2.13447968587862 1.71961895191818
2.00620407421892 5.83981066376866 -1.34749998929539 -0.188040754794372
-1.28224678469219 3.85762642132906 3.41719036982892 -0.281415140290474
4.42560103234912 -4.79236116962999 1.0816978488578 2.2570805770145
-2.01459800450461 3.52939709224223 3.91143843242041 0.687597269386351
5.97893591760431 -6.80568579720667 1.45659496291294 -0.712959906066379
-8.54555712361533 -4.29673235199887 -0.695728654925254 0.124253938381858
7.77483904965205 -7.4198682962968 0.704249753998482 1.83632944342407
0.795780968343406 7.51249854029539 -0.919124652495868 0.325925413139917
7.40936564160258 -4.86619945214949 -0.53800246713947 0.208073140870274
-0.37952537951014 5.41863911705566 5.07896473103182 1.63277036721469
5.92365028912629 -5.1528936913147 0.0731089631305182 0.991759065705806
-9.56947178218001 -5.81492049321907 -1.1843093025367 0.361092461054932
-10.0725039839907 -5.1567750088355 0.669093383054984 -0.514715545252098
5.83648004885456 -5.58313940770244 -1.51634508908957 0.543638109051779
7.39586318677172 -6.42743616288359 2.66270500423134 -0.11226886129442
-9.86028809010266 -5.00377421967852 0.699069204216252 0.0117242968769328
7.4452939435511 -5.45596102859545 -0.214990639250802 0.221614460073965
7.44202494836504 -6.54687814408623 -1.35004973448633 -0.512024695000056
0.365041080137055 6.26007877410285 -3.40704192649397 0.5986638917072
-10.0919019846287 -5.1764481695652 -0.307679385198439 2.41096783279565
-8.4681896605665 -3.66296219245627 -2.8269098269814 -0.502595725098509
-10.1378678616527 -4.48734635369727 -0.150798993976434 1.83014832829596
-9.26052872337414 -3.06650625523599 -1.34016484742777 0.367617288955662
1.19410742695135 5.78901810487293 -1.24791694414966 0.768782877261261
0.658026003496725 4.92600324302075 -2.09947190714375 1.02955376157275
1.65653408104512 5.71742515630667 -2.35279692986615 -0.767322277418642
0.417024343120016 3.86327814186583 5.48513843390605 0.0235048842584467
-10.4711002170781 -3.98474825012271 1.27418711429499 0.202958614289269
6.87540220345644 -3.59898065937752 -0.497906974674328 -0.341517639918233
1.69264425360222 5.80655577089708 -0.943537600586921 -0.741169101110903
-10.7971943906435 -4.97976934350393 -0.975578573083633 2.5967924272896
2.87547497149593 4.74686289192851 -2.9888631425865 -0.532681232322634
-1.11960312771928 3.84600829189658 3.47695677762722 -0.346697975605652
-1.07498505996379 5.16236497128656 -1.91402007919294 0.924758510778461
-9.55752763311729 -2.89957106450248 0.073168055679656 0.76597082497319
-6.51564984363393 -4.28921586477691 -0.449202059436791 2.12151451886324
-2.22119372556402 4.05642940963655 5.5415232536233 1.69584555339343
0.700378069834315 5.97772222634941 4.34268606965013 -1.94298771315877
-0.69983858450056 4.34602164908708 3.93376033107629 -0.434735074570878
3.78635351145625 4.82642296752958 -1.99329492541136 1.48956523030341
0.858858881896369 5.81539451929356 -3.57968864101064 0.294252691149615
7.65431967808653 -4.14797877531035 1.4701207194539 -0.823854878114565
6.76710523198361 -5.22522510506555 -0.616170592706979 0.0344381012563443
-10.533233251858 -2.8417788532877 -1.10444211652253 -1.11581570354469
7.97106365038633 -6.85034261887489 0.340359919078688 -1.10159701227779
7.4223613575838 -6.08817165614362 -0.585272295900137 1.52472038607884
-8.45220268945632 -4.53557871015993 -1.33771685194201 -0.104320923527947
0.937271755197765 5.71228158745423 -2.75507285760531 -0.235120473838384
-9.27379255023684 -4.20567127473427 -0.433074127046807 -2.35035918195166
6.78973008740913 -7.16486160449583 -0.360868315705097 -1.32379199547974
-9.9941978358631 -3.66559152562376 -1.10911853753644 -0.790199475194318
7.19992309574409 -5.83680687369765 0.954300870513403 0.608715432779493
6.46521518612277 -4.56271398260811 0.256220215058789 -1.33979315961381
-9.86287578790261 -1.38424389748354 -1.83882064266391 -0.0134794613986651
-8.78743171099969 -3.95796615026878 -1.33460430311251 -0.0532420875325657
8.00997061394555 -5.61281343493157 -0.207679592113044 0.195848151618383
1.62573402871418 4.26057216457988 4.28016990085368 -0.367837366412787
7.58299952808639 -7.56803992954016 0.00476751370828564 0.27319732504652
-8.5346197895754 -3.79391754103946 -0.548267914871085 1.10153922127525
1.79168664918652 5.74515041672598 -3.41920803879285 -0.518721271705419
-7.75626909589857 -4.65145021172379 -0.562346030600609 -1.09552125190145
-10.3955689581512 -4.27299806968755 -1.35008990832007 -1.27293974861028
0.942026668704189 3.48486699962998 4.53551243228061 -1.29505018819684
8.41406412375786 -6.04837040689277 -0.655209369010084 -0.962559486249854
1.45442792425537 5.49180158324866 -3.67929772273711 0.152395920647375
3.16355732150223 7.83036650820307 -2.69452707939149 -0.0799158283179926
-7.52305069904651 -3.42717701582468 -0.441861566304661 0.533222327916528
-8.69703554221923 -3.16271003575201 1.20339853205827 1.05353185996501
0.808666407934251 5.38402360597735 -0.943427628574279 0.706856157633972
6.10626061444593 -5.77745982894123 1.05565541406766 0.696635390104637
2.02573117928566 7.44823161456947 -1.70272816580795 -1.00729009752667
1.95453526891112 5.11529773516688 -2.97167291133157 -0.449752047184432
-10.5456861699326 -4.86320264859475 0.537189516276517 0.294763112208101
0.509371217883812 6.2184632176287 -1.58299316791372 -0.676256069842845
-9.58532484838282 -3.17773364421635 -0.857340389474389 0.243945903336029
5.48215169145485 -6.84589841500841 -1.52880325644045 -0.852217727484342
8.66281060909813 -5.22895796603579 -2.07071916501733 2.38185499066401
-8.50129139260737 -3.47312115999568 -0.426279037396115 -0.162984353648867
1.09363277506226 5.27245987012078 -1.98460933874666 -0.222412732055238
1.54048254930628 7.5064156652046 -0.669541050329042 -0.933477202143873
-0.427155895677299 4.7361485708226 4.34919747639119 -0.607198475624273
1.05698646389031 5.44615685084209 -3.3007589776732 1.01408091943307
0.378809144114859 4.73112366805584 4.51056286834475 -1.47823941629232
-9.53645912084897 -2.22887539728687 0.26708602448541 -0.7469549296918
-1.4635478330303 3.92915965220676 5.12066390859394 2.21391287057466
7.4405381264085 -6.10422383471711 -0.43733519945951 -0.36353293322399
-5.72539443938134 -3.73936370370818 -0.644196138494618 -0.93541422750729
-8.80331385776435 -3.08719348366686 -1.16106890361711 -0.678699081269605
7.78674536718658 -5.50047198813236 0.304675672330244 1.1352153193449
1.64241419246301 5.30635176019051 -1.56515854641336 -1.43792082282922
1.56932370524513 3.45562446900635 -3.01605692682592 1.50850417353048
-0.814072027420329 4.48680258588179 4.68192742358637 1.02572526998005
3.01595727574632 6.5023679589183 -3.23715721337531 2.06578763407923
-0.29586201930755 2.56168525033046 2.63031219587013 -0.66936913048466
6.12821265568014 -5.18996614322992 -0.00967820219108224 -0.123952005162314
-9.03960663190273 -5.96901840095444 -1.15992930566928 0.277358453512724
6.73925312762747 -5.1446495814629 -0.55291004994556 -0.491582949087198
1.34886502847373 5.24811267513749 4.81759211839658 2.16100335802299
6.69443415292999 -7.02246384788984 -0.536269920676787 -0.311979540425179
8.24504429894221 -5.56534806966486 -0.718753400450172 -2.00840009553309
-8.78528789583311 -4.55465279414776 0.406337922107124 -0.281035728456976
1.85167645187755 3.57133845306658 3.80344434078859 -0.523275386118983
-10.8873128169549 -3.45575420278532 -1.28050930100495 0.569773360345768
9.11849470618126 -5.32158869477592 0.407825256678283 1.36798541483534
1.00323292063336 6.00698005348603 -3.98142588714178 0.822519669193079
-1.16907533549396 3.8265549108455 4.45705157752567 -0.366415609491262
2.82467803076741 6.67309441780263 -2.66190641126922 -1.04842746029128
1.72077064524868 5.75196010608967 -3.914235696934 0.0830608928708603
7.35666426175895 -3.81161301347369 1.17541322631671 -1.19781646541686
2.04900765665169 5.8666001849471 -2.12176758801278 0.505713458810305
6.54413069503451 -5.07772925806027 -0.954514874315606 1.6872976742238
-0.995735165982098 6.33132125630347 2.97216648454282 -1.20307132705128
8.12706206430808 -5.53251218580824 0.74221690920562 1.15511943937889
-9.10066226188873 -3.58815657972885 -0.996522342284016 -0.280825443688612
-9.67966726448134 -3.38321298170054 -0.196241767693101 -0.0753219385234955
-8.07333321375018 -3.2852675512198 -0.921946711734441 0.839922350666866
2.43869875727293 6.88271315197046 -3.66624027617378 -0.687749194234972
2.31145207644883 8.09445144442754 -3.07545205023472 -0.382187699474241
7.31913099704209 -4.79684420416997 -0.740121622593128 1.93318121383957
1.42101583443247 6.36527963116168 -1.7649356596874 0.803835461181853
-9.5239306673021 -4.77158380642211 -0.0135945966216741 -0.527172748514195
7.57438478805837 -5.08650397093255 -0.196455234374749 0.827879416365651
1.25241384753329 4.35031247495724 2.91681759422958 0.983964599302827
-9.25984827687888 -4.9577002288552 -0.711841930460917 0.67388851260126
7.55548573434313 -5.54252843386931 -0.177336385406796 -0.183893071412837
1.35038506983975 6.76291427627223 -2.42215656126422 1.38761910851253
-9.42183493050118 -3.72427792038919 -1.20132492321813 1.20322628749192
6.68726838816039 -5.88663170650115 0.636674220709869 -0.455572821858861
0.17674026991854 3.12726054519795 6.09423367227218 -1.49108285566986
5.84303482048745 -5.5800782663023 1.49384170629061 -0.353689017254436
-2.09748216183296 3.21434803406904 3.51418008728841 -2.48850538843807
-8.5144039024821 -3.89224446536371 -1.3504923197099 -2.13333840417423
7.48779784277212 -6.13656677939964 1.55179819115048 1.61365820424135
1.51259034580652 3.60764350210007 5.33186315864291 0.466442939733821
0.517136131671904 4.16725675454804 5.4575334167296 -2.62258814806217
0.498405880651699 6.36803069639762 -2.58964282073271 0.90359505218068
1.41062436811841 4.79905621004488 -2.39156863116847 0.0626507725324144
0.841913347685836 8.3871461254284 -0.916925987452025 2.04599254217822
-2.29841360289843 3.90806000018834 4.29566195375279 -0.026578421985091
0.658524790514605 6.83522439796737 -3.32693088002368 0.164919452578207
-7.52586824035745 -3.56489020811944 -0.54741007909698 -1.52994429558709
8.04365563343376 -4.52578645853187 2.67038555530515 -0.984706178028394
0.311294574240109 7.08001050743753 -1.60626432983234 0.261080301534641
1.09687312109762 4.94970556069326 -1.88590634324149 -0.428030597415694
1.35170005029226 5.79490963434966 -3.54162081509111 1.15538789037642
7.77591836800293 -4.46051219621138 0.822672574389458 -0.566094492014748
4.23354923556916 7.66684269775847 -2.54522515969329 -0.290744859297334
7.39596819033403 -6.45976973007171 -0.665091247234098 -1.51962197700075
1.42633170046995 3.81163578143342 3.88119585956682 -0.735130941708407
7.78389597375018 -5.47955196411927 0.52843770958301 0.149899880813168
-9.00081014040667 -2.69975547771291 -0.531462364185363 0.382478585698155
1.90763084711215 6.63107125465923 -2.57117521288132 -0.609388071993722
1.00052825184001 4.31879962663922 3.29625435737144 1.52528211849945
7.46076486107878 -5.52633659200337 -0.29522459587299 0.308183062736712
2.42956187950171 5.99672212801577 -4.18522691236199 0.119257441708057
7.74650591843443 -6.58597898593816 -0.365863258729162 1.39682499565978
1.44879616124058 7.34358194854545 -2.72217832854013 2.31919080215923
1.33505070387954 6.93110520896243 -2.26441315482184 0.390513163083416
-0.312143863925637 2.4432553095587 3.11667055649737 1.18638960912338
8.42991462279926 -4.50928278667274 -0.798388231248363 0.601290921312774
7.53297626958645 -7.53549311537173 -1.29894882718455 -0.496245368095538
0.620654621228632 4.99995769504428 1.00025823268433 -0.713846701898442
1.47274476700249 5.60265061049649 -3.35129381490952 -0.0870235209638834
7.37210970207149 -5.84493204206107 -0.860934594490316 -0.089564612182747
-8.57232293963418 -2.54821541418567 -1.03101595293047 -0.186125055434398
-9.82397084851991 -3.73113157035655 -0.00303073824150436 -0.655888820108307
0.461248855571013 6.7576953537706 -0.667583572557549 -1.24599351748955
0.159444020533956 3.93497698768353 3.78582970394007 -0.515847744579353
0.265383618176439 6.74769926013661 -2.89506489524734 -1.52114230365997
-0.899510518108593 4.398937957592 4.55700009144972 -0.0859756924268447
1.4675696160253 5.05902627310776 -3.40933960112819 0.269552879143598
0.606701940325553 5.08077875867564 3.95319096400626 1.1042972782972
1.99852592157371 8.54981254590927 -2.25220497943632 -0.82510575390926
0.707461701524559 4.67535498578629 -3.31200697749773 -0.894985594252946
-8.88077780726574 -3.05598461616377 -1.62365525863333 -2.36439290991094
-8.85802117362077 -3.70920482475088 -0.835813327611604 0.918261003505707
5.82998659551218 -4.69878786053827 -0.849328311659908 -1.9016179077301
-9.92112756865159 -3.98827176193282 -1.28855744754094 -0.136699743378311
5.54302252042602 -6.19534491672333 -1.73389455127621 0.491243368255003
0.756242527355888 5.54690804710259 3.01762557277611 0.427481787332678
-0.69763990331709 7.36120968620951 -2.29162258958318 0.447728183563994
6.12716550969456 -6.30267548520026 -1.39515815568692 2.70945803662528
-0.940186684573074 2.9714727923257 2.6804628865548 -0.514121160686583
0.60602807313015 2.85890922188838 4.34697874126218 2.86993217555209
7.77601336353051 -5.06428190490966 -0.0750855861740418 0.243557601499057
0.292053819356257 5.54344743135765 -2.0155259771796 1.62604540975168
-8.2011762638774 -3.39680742805694 -0.462551164097697 -0.130476444771474
7.54051045437338 -4.86863650808315 -0.396601332499864 -0.828729996895475
7.09804174275597 -5.86298879554131 -0.902939841495613 -1.52327429807978
0.171197565307569 2.59462525140548 3.74246203241786 -1.54876353784913
-8.6631991259025 -4.15514652937366 -0.346587356525334 -1.43726766094319
-7.71228359664248 -4.43630996237927 0.281364275348562 -0.250610056465629
-0.146031747484268 3.75420386127182 2.80376961277741 1.14741747093508
-11.2631431041239 -3.90370310076823 0.0523789186192536 -1.19421870415604
0.200370175912045 3.7791874851016 4.75541573781224 1.8832154055282
-1.90898343277955 5.88432844282772 2.22154792731384 0.870944779970429
1.78931287965494 6.23452147550239 -1.86744105424311 -0.354299933517304
-8.92608658822268 -2.62203864115695 -0.225597298496275 -0.660142720595613
1.22065429314876 4.89691755643052 2.02207336149755 -1.25214205290349
1.52060424766189 7.00083065004671 -2.45143312880852 -0.183044497051186
2.16737359728083 6.63281355218164 -2.31966083555504 1.09760141934817
2.42884338417039 2.66279040006411 -4.99123872872199 -1.72858523605772
7.17869782998459 -6.34824739639018 0.230847467090269 -0.32488023137102
8.18721091195955 -5.04608516211712 1.01523865853727 -1.56764016538359
-0.401955634018486 6.55655133373454 -1.85507478474516 0.906737844268777
1.13144240997765 6.87546962204324 -2.19194627117413 0.300740536671547
-9.67510398196397 -4.43130951087434 0.561505578950626 1.17994711330511
-9.42155450471301 -5.33422277578816 -0.621227928065647 -0.33630382880945
5.74800382566495 -5.31243216136009 -0.352626336770065 0.0749621260837128
-7.65927801727267 -3.57731073940684 -1.25309970504745 -0.519033134435292
-10.3780579286836 -4.94642547084758 1.06125265127999 -0.18727305667943
6.21855788181259 -5.26791679778275 1.34578881375621 0.617170950809593
7.3506163450152 -7.56470142322999 -0.7204605623564 0.0798371198178686
6.62991769497575 -6.49768655699651 0.924602336095689 0.35023125381275
-9.37911841422184 -1.32218248677665 -1.63715199736278 0.228969810994178
-9.19081241825094 -4.3099719858787 2.40701878914702 0.583486586272531
-8.97841196898221 -3.77857400398444 -2.48846135229285 0.0942009681124139
0.923361520054964 3.52746472937079 3.83858177952984 -2.32249291015505
-0.802644957913211 5.19128379895432 2.80162158721326 0.897212024159113
-10.9549862068171 -2.2251844578662 -0.742613330414858 0.454144817569592
4.63615369693368 -5.71521971582135 -0.904426024343435 0.523463165637945
-9.0011942890508 -4.86569299055679 -0.92179391385033 -0.81559471374863
0.601938584761834 5.38495956064995 -2.60776298634904 -1.63019595930451
-9.83919353683026 -4.94726849671918 -0.0725330741467099 1.40291526369139
0.21080824344574 2.42164183924936 3.90751469465236 -0.460054747446208
6.99918555545954 -7.24652001110968 0.510158478802568 -0.807192782310421
6.64901452526138 -4.90564714252039 -1.7200250041694 0.582172667325782
0.620795291854048 4.70746867453104 -1.77782697120259 0.510289992404689
8.15177453741347 -6.52880774186988 1.85093434505606 1.05479171346467
5.37391197684387 -4.53125841763474 -2.17132654798777 -0.36185655608647
-1.59344019630424 1.66430668750659 5.27214459318586 1.75129327728471
-8.37403317066837 -2.3611323824357 0.732765528465168 2.49219945040902
-9.85627901961339 -2.30833368995188 -1.23002979648296 0.375417871309346
1.83283962372439 5.71731536057413 -3.00640519565964 -0.465764165240761
-7.88312615939809 -3.10774503601697 -0.673556953334033 -1.12444570343017
8.29317628552397 -5.8177957678187 0.124722736116702 0.416149178983392
5.28880985287156 -4.51916295927949 -0.0488254139307424 -2.85700769019009
7.202915745784 -6.54167440124447 -1.2633343431108 -0.0201137238656983
-9.35039765772499 -3.49117396459496 -0.620478459932648 0.00370161545866843
7.49172140393724 -7.83571568763784 -1.2945231685048 -0.857436375773059
-1.42996413266158 3.61850954995154 0.607130541179605 -0.457700740942957
-7.49762942491364 -4.25133452015873 -0.067148260569725 0.495116008214279
1.18161241558926 6.6380427751444 -1.62102831855115 -1.41643980760001
-1.36500453596972 3.99521742421042 4.25361900592997 0.858241978381897
-0.434965477511948 2.88953702387777 5.47234771215946 -1.8572157210309
0.525296631655885 5.48092955331955 -2.03949293979607 -1.02648225679423
0.404595780501973 4.67054722090599 2.50105913078832 0.0175748005108283
7.10002717755003 -6.796427256008 0.48037476724131 -1.72038200306448
0.35576273799817 1.93990488058156 3.58924737158747 0.361577803232701
-9.63005801410475 -5.07673632466142 0.511191608447876 -0.674542301501274
2.29882091419711 6.48095205351782 -2.41687706983859 -1.29297452118213
2.90414760680818 6.69218166469801 -1.45582741836522 0.105662302679953
-9.09122950184203 -4.28164610245004 0.0819545932103606 0.129252255558646
-1.13070624777693 6.05397615615283 4.35912754903403 -0.845723205798886
-9.25690462713215 -2.92630048643958 -0.611918482212755 0.827549968278128
-7.83038551416739 -4.15081772327952 1.54276559901205 -0.252455818408767
-10.2456511366938 -3.59361489838224 -0.486345334154337 0.0754684339236761
7.30879314504052 -5.71129215629971 -0.257921221610376 -0.641085542007923
-11.2726926949955 -2.61907323821151 -0.200661006154246 -0.602097969000134
