5.35655830262107e-39 3.36970116374548e-29 1.71662286284437e-55 1 2.28965809182001e-30
6.16664032453375e-48 1.5191652849655e-39 1 3.64759878522588e-65 5.57055316633317e-41
0.999999999999828 1.72168812047054e-13 1.51730245862105e-38 1.85267685129727e-48 7.38340747693597e-17
4.6354583063094e-59 7.28596779256904e-49 9.66976355175979e-71 1 2.0973957105643e-46
1.43187622942193e-46 6.72896878963944e-43 6.20785283081509e-60 1 1.42868206367579e-42
0.99999999999986 1.39675495403529e-13 1.80877645879773e-38 3.99895534225714e-46 3.2645876648639e-16
0.999999999998146 1.84965606003906e-12 3.88654514412152e-44 6.06118341435886e-52 4.21113436189464e-15
1.0187520865984e-41 2.30606560191534e-41 1 1.6263672400964e-72 1.44388168976974e-43
5.31987479470363e-52 2.10233391815961e-34 3.88542022780707e-60 1 1.45936122555266e-32
7.10909307193429e-49 2.43531293293839e-46 1 2.10162033164434e-68 3.1870637734427e-49
0.99999999515151 4.82792042072015e-09 4.614179000934e-49 2.42948410630144e-52 2.05691398824004e-11
7.16988194610951e-44 8.29303060535132e-37 4.14506742682448e-68 1 3.72247374663797e-36
2.17565069704412e-40 1.35832709543408e-41 1 3.20628420929977e-62 7.60644142194294e-44
4.29791869374644e-57 6.49814378136485e-42 2.53019991635429e-66 1 4.18602085437759e-41
1.0849203863629e-38 1.54972798434268e-44 1 2.4060946429261e-70 1.5259853766e-45
0.999999979554219 2.03696341980166e-08 1.06872053419516e-36 4.06515035863056e-48 7.61466348968107e-11
4.19958405229012e-32 1.51111118429564e-28 1 1.16918398000361e-44 4.10901869071583e-28
4.63712367137862e-36 2.90009227396788e-35 1 2.14409030452808e-54 2.32958822048687e-36
1.12681911948111e-41 1.60450822295116e-31 5.95421243732312e-48 1 5.57540911197575e-31
0.999999998578354 8.18929559609983e-10 6.37971161882549e-52 1.63553561980929e-53 6.02716354406536e-10
1.06348145147262e-44 6.81333645650466e-45 1 1.38089357532115e-66 1.03064822824381e-47
0.999999999382498 6.17220852038647e-10 1.15712590997933e-38 1.28063961050125e-46 2.8103158763367e-13
4.64293499957439e-50 2.13676346493162e-39 6.82894885856543e-76 1 2.59290340949592e-40
2.88269127389089e-47 4.46966427443222e-36 4.90465963180439e-60 1 4.52440853727665e-36
1.01881460372257e-12 0.104832896697204 1.34441427667131e-43 2.39699278611115e-36 0.895167103301778
2.4897264748741e-54 5.57940622224663e-41 2.0532975733855e-65 1 7.25517067205128e-41
2.79506557002554e-18 0.00820154041804381 1.96574218089784e-52 6.6537440137649e-32 0.991798459581956
0.999999999969725 2.71403001325663e-11 1.09386230776929e-27 8.84346013436998e-37 3.13513783460285e-12
0.999999994399201 5.06263149843485e-09 7.03717549246638e-36 2.01820797970521e-50 5.38167278661277e-10
1.38391562534441e-42 6.79556301408785e-42 1 3.33253585203392e-67 2.199930535174e-43
1 1.31846655914978e-16 4.93555887535525e-39 5.79939182594186e-53 1.42589544963939e-19
2.48105590278419e-42 6.63648677237962e-38 1 2.64621245700667e-60 5.70834067162695e-38
6.47424046176374e-16 0.00330346469251187 4.45998574833397e-46 2.50036047020728e-33 0.996696535307487
1.23808921916082e-43 4.02622003344475e-45 1 2.93861306449711e-63 4.73541107971803e-48
0.999999999284199 7.0846263778273e-10 3.43354236172643e-53 8.97334014157801e-43 7.33881264293536e-12
0.999997670116431 2.1993215459255e-06 1.81184398330125e-37 4.20508642035657e-40 1.30562022718144e-07
1.85664828001075e-12 0.877681003927254 8.46460458681759e-33 5.76659968803341e-32 0.12231899607089
7.70144633534967e-08 0.229828291819584 4.59805532961553e-36 1.84932936794243e-32 0.770171631165953
3.14683170484798e-42 3.86343244189151e-40 1 8.64607899083145e-59 9.12232485084334e-42
1.64910258864831e-43 2.88302613132186e-44 1 1.02194459428035e-69 1.97182199195221e-46
1.04827188850111e-38 1.83496791277854e-30 1.22461614940579e-58 1 4.40073811461315e-31
0.999998760862858 1.23294162877655e-06 3.82987020458536e-45 1.85861532189766e-51 6.19551344832565e-09
1.68774649031593e-27 1.61278227237935e-31 1 5.14254194434998e-47 2.17666350469347e-34
1.68364234222714e-49 4.89182484678435e-36 6.93189402853145e-58 1 5.17112369813466e-36
1.32989214619484e-49 9.9506734220325e-38 1.74293919281965e-61 1 1.01092280109241e-39
5.82466064076998e-37 4.71350765459208e-32 1 1.36764496189797e-54 3.74118380313356e-33
4.33211360647927e-44 5.45124619678217e-36 9.54263406600146e-64 1 6.01544569543428e-36
0.999999999887061 1.12574856224573e-10 8.53937725134605e-39 2.36506290041952e-49 3.6375798111496e-13
4.44631380176487e-42 1.85004271994951e-31 2.75017169523169e-63 1 1.71226973142368e-31
0.999999999999932 6.78682596381604e-14 4.58448791427168e-45 3.06887775177683e-56 4.2934356183127e-18
0.999999989698653 1.02393584335229e-08 1.62283097892953e-47 3.83530108939425e-46 6.19891010563634e-11
6.20789541447738e-19 0.0087177210690691 1.44179301685429e-41 2.44763090029881e-43 0.991282278930931
1.97365593677186e-46 7.98489059385369e-37 1.06693438966539e-61 1 9.58421738601371e-37
0.999999999999961 3.8692138549217e-14 1.48245137894009e-38 8.03341835204933e-46 9.50630553817055e-17
0.999999997224313 2.58236173806104e-09 1.21296608916514e-46 2.88969933671459e-49 1.93325517119905e-10
3.13661843366368e-12 0.995943250259168 2.51858001096504e-41 4.00284134541112e-25 0.00405674973769566
7.88628032071318e-32 1.42630973970362e-22 3.93805530768051e-40 1 5.73745341147409e-24
2.38195836446944e-45 3.0488111520236e-36 3.31298931152377e-60 1 9.01044861142808e-37
0.999999999999972 2.76781988337929e-14 3.50303536478399e-40 5.83926173435925e-45 9.27944273468677e-17
1.1369650002182e-47 8.13342072226801e-42 1 6.94666230661148e-68 1.74506313486053e-45
0.999999979433072 2.05286857580004e-08 3.35945711184011e-44 5.7719146130795e-53 3.82420198631455e-11
0.999999999997319 2.56710543348152e-12 5.34375217617096e-45 1.53874480473986e-48 1.13564503420868e-13
1.96541951859852e-34 4.22372370232045e-33 1 3.15743960673229e-51 2.38854814745277e-35
0.999999999999957 4.32911256847102e-14 1.88006729104995e-41 8.97886346180236e-48 5.41693809371499e-17
4.60264793710434e-36 1.29129672210432e-38 1 3.11293170993385e-53 1.4344081407166e-40
2.42264472354807e-36 6.70158253428758e-33 1 6.98805724706993e-66 1.13130806057439e-35
0.999999999997753 2.24661221554381e-12 2.33754767576309e-45 8.88991182713432e-46 3.03009495621559e-16
0.999999999999962 3.81657841356962e-14 1.13949031430961e-48 2.18893130409478e-61 1.65454531290726e-17
0.999999974778112 2.51774398252601e-08 3.73752358910057e-42 3.56990326777702e-43 4.44481025792611e-11
1.28712144156624e-46 2.03994126768521e-40 1 3.90355967052537e-57 1.38490231262464e-42
1.83924463289956e-58 6.57952759977904e-44 3.29230501114302e-78 1 2.10230384633645e-44
6.04063859849584e-37 4.09225668087554e-29 6.82534567564575e-41 1 2.48131979984304e-27
1.33756602837384e-37 3.09307183126191e-38 1 4.20478909583282e-63 1.73082721930473e-39
5.96014714261273e-42 9.07562825446487e-38 7.87454140874785e-58 1 7.02843661430343e-39
1.9469819526132e-46 5.34666217219961e-38 1.58342411082412e-55 1 2.32877195800808e-38
7.5019837741781e-53 1.17691081073471e-53 1 3.83242660235966e-68 4.26046681505081e-57
4.40938708505379e-31 2.74815599256988e-31 1 5.07646177369828e-51 2.93785685404552e-35
2.63083244841975e-47 2.42211416492924e-37 2.0827967701055e-68 1 6.95296764970458e-37
2.09360916814979e-06 0.604469369853225 1.17250471746682e-40 1.27967286131191e-43 0.395528536537607
1.35334085938689e-17 0.964273920973809 8.77211286373199e-38 4.76216706836271e-39 0.0357260790261907
7.64250689684266e-43 2.50279422626521e-43 1 1.41934318375788e-67 7.29608325073446e-46
2.07681181728465e-11 0.980650734651758 1.14422705616496e-40 8.99882036188626e-42 0.0193492653274742
0.999999999127726 8.69938818058378e-10 8.18748539699262e-40 9.40456813206101e-49 2.33573986684557e-12
0.999999999999904 9.54250691130371e-14 5.41623241785079e-46 3.90105793210311e-45 7.36761512439394e-16
1.62525276629211e-15 0.282572352253136 8.66519944426437e-34 3.03408935170522e-34 0.717427647746862
5.16850814744111e-40 1.2832841402689e-39 1 1.65653895305862e-65 5.93608459427489e-42
1.17930667460245e-41 3.57439881973796e-33 1.073341822812e-58 1 2.61143057602715e-34
4.18302180599288e-11 0.828362291830885 1.88623542989107e-43 3.71499145345721e-30 0.171637708127284
0.999999999842372 1.57086576977834e-10 5.81074196507547e-46 2.18603612148417e-50 5.4127150909387e-13
0.999999998865081 1.13229104275352e-09 4.4705074700455e-37 4.70074158436263e-42 2.62759158520323e-12
4.15950732736034e-11 0.999253350236233 4.19849726209305e-33 8.58916475223072e-40 0.000746649722171809
6.02881730590852e-05 0.997130147278523 1.00950663733088e-36 1.427587264227e-41 0.0028095645484174
1.64528507075462e-52 2.96092476962386e-41 1.68735081440208e-61 1 9.00454139666969e-41
4.0784017452429e-38 2.99152244790269e-39 1 2.27668654619128e-65 2.50406624430195e-42
8.43882909182738e-15 0.00649012806864139 4.87404851599279e-56 7.2827546535483e-35 0.99350987193135
0.999889873920504 0.000110030198182002 2.60754956614128e-47 1.6596702200151e-43 9.58813140569519e-08
4.93392493318512e-28 2.12365589497891e-29 1 3.26726337456868e-57 4.57696263586535e-32
1.85507072780512e-06 0.745389135020901 8.92476641892637e-42 8.01016086711683e-43 0.254609009908372
0.99999999999664 3.35875959189436e-12 3.3462108279789e-39 2.68453978985616e-53 6.72609898761759e-16
1.83333579975895e-13 0.00694500199602305 1.07115738811166e-33 7.86693457918251e-37 0.993054998003794
4.63790791976697e-45 4.09393084389724e-35 2.49413755671109e-59 1 6.3195970128879e-34
0.999999383509494 5.91037869307605e-07 3.71596504134088e-42 1.88582964689713e-31 2.54526363624489e-08
1.56844613258378e-50 4.68809464774066e-48 1 2.50535969733709e-65 8.39414063186003e-50
1.02097532309815e-36 1.33492807173947e-37 1 1.29449883549187e-58 9.86174089873204e-40
1.49294410206475e-42 3.23479154495004e-34 2.00625224753573e-62 1 1.12234359953989e-36
0.999999999998288 1.71154058275693e-12 5.26683181001429e-30 7.56606869876531e-49 8.87496734896037e-16
4.7677969976909e-42 5.22370119716061e-35 8.47147192739453e-60 1 7.70024667281326e-36
7.99299391262546e-52 1.20173959935985e-51 1 2.69350110850458e-67 4.34129053043881e-54
1.6189000507265e-14 0.973539283113856 2.87963913974958e-47 2.90225330180278e-35 0.0264607168861282
1.1813872808392e-07 0.227771171623358 2.79047041183651e-34 2.85422734731294e-40 0.772228710237914
0.150943832124414 0.842174748836651 6.15741785490261e-35 5.60967122087529e-37 0.00688141903893528
0.99999998490461 1.47250977158573e-08 2.68308716270406e-47 1.64596963932534e-49 3.70291965004585e-10
4.24078822826898e-15 0.997987811922907 2.90358334517227e-40 4.54471040428139e-43 0.00201218807708932
2.17672069333004e-48 1.47883522490813e-49 1 1.88845050601451e-69 1.94461171014282e-50
1.64395083571812e-42 4.18707031899024e-33 3.007853308004e-55 1 3.24098089037039e-33
0.999999999972465 2.75040485803889e-11 1.89433875776351e-38 3.86369150056409e-48 3.061308052917e-14
4.10972604466403e-57 2.7341613603666e-42 1.20014717533865e-62 1 1.94390067052216e-42
0.999999999946576 5.23070011361197e-11 2.49981827891657e-45 3.5012546005691e-44 1.11734291153764e-12
0.999999999999126 8.72886748303603e-13 1.24343962146031e-32 9.84713637972747e-47 6.51726462660186e-16
1.47450038754869e-13 0.785582674971381 1.71917353048466e-43 1.37731974156962e-32 0.214417325028472
2.30469029768847e-44 2.18614644971028e-31 3.4547140509951e-52 1 1.38422757444105e-31
4.83425602520296e-37 2.11685078096956e-40 1 7.33007610758305e-64 7.23000010295334e-41
0.999999984931926 1.50313327808263e-08 2.32272804519536e-41 1.44629485471996e-48 3.67412231800223e-11
1.43721577766226e-08 0.906263922066969 4.13393220705541e-48 6.45910386696516e-44 0.0937360635608737
7.51485226478863e-46 6.15362587328335e-45 1 1.61753563497657e-59 3.49614760395539e-47
0.999999999967581 3.24028195263667e-11 7.24483725877734e-36 1.1787056479038e-46 1.58611443585553e-14
6.07394978386876e-13 0.503203526107372 1.45834716215795e-44 1.03807130302991e-27 0.49679647389202
1.94579000271051e-55 5.54504546137528e-39 2.88785705468427e-70 1 3.69579020780067e-38
1.47014827692294e-57 3.64479432651271e-46 3.75354215462639e-66 1 1.8175042116731e-43
1.48489851857631e-44 3.12830339754984e-34 1.00853041772208e-50 1 3.30005329499545e-35
2.85896017171944e-12 0.99110733138293 3.13116975588562e-33 9.65799419776613e-33 0.00889266861421127
3.60266704095363e-12 0.804511133332367 1.47560594057813e-37 9.71503133284256e-39 0.19548886666403
1.60350821924248e-36 1.35930338116936e-37 1 4.24578516086162e-63 6.35666327369607e-40
2.77314629280311e-49 9.99770564982895e-37 5.77481434034411e-60 1 1.56450476226615e-36
8.08728290861144e-44 2.87467477152252e-35 5.25836692171318e-62 1 2.93223421543075e-34
1.66169304602194e-55 1.61356748709013e-42 3.81653983096104e-65 1 3.89419587158349e-41
7.29581352422279e-15 0.557477899961343 1.54897876979527e-39 1.03183685313019e-40 0.44252210003865
9.73271969262787e-44 3.11502432239393e-30 4.03476157989476e-58 1 1.07255016946088e-28
3.54051109166002e-36 1.39584016934745e-35 1 7.59621697000564e-55 2.16614969451701e-37
0.999999997196147 2.53559580496667e-09 1.69857948931434e-39 5.98437588066985e-40 2.68257594074139e-10
1.01595732781993e-42 4.85159180274322e-39 1 3.57260686629673e-63 1.367453868937e-40
5.41910761428801e-48 6.92113483870922e-37 9.85667144929818e-65 1 1.03623514724455e-36
8.04914969814941e-54 7.03441431514933e-40 3.47069306436344e-66 1 4.46387115535751e-38
0.999999993749628 6.05247249751757e-09 1.42053439050658e-46 7.9520989800067e-41 1.97899204867561e-10
7.23918223171499e-31 6.35464093708207e-29 1 7.20555178854237e-49 1.79683190422221e-33
3.6344771295663e-46 1.21810892555952e-47 1 1.5813745127515e-72 6.33690335724152e-51
3.06379409237771e-09 0.303488622816423 1.38846114085504e-40 1.21326807324014e-42 0.696511374119783
0.999999999999974 2.59510761925653e-14 3.99894653561904e-39 2.89932340805265e-47 2.53888684912642e-16
4.37748436775401e-58 1.61213895095469e-47 9.04840166597062e-65 1 8.82968512087755e-47
3.65251886742538e-06 0.389210305247669 3.18331594909644e-41 8.52830694177514e-35 0.610786042233464
1.81490012054273e-46 1.56343624585928e-42 1 3.64954179117809e-62 6.00435491731503e-46
1.4969753597031e-09 0.992348510780177 1.93631860237981e-44 8.68009257688911e-47 0.00765148772284808
2.06526624156044e-45 2.86302562473002e-47 1 5.98697465374338e-65 5.42535212584154e-50
0.999997131289501 2.86460939136538e-06 4.41710377354053e-38 7.24559619528332e-46 4.10110816640844e-09
0.999999999992452 7.54269258505447e-12 7.03034513682117e-43 9.68251338543802e-52 5.45958560589585e-15
1.06773144524977e-44 8.35963515289652e-40 5.91687777747751e-60 1 3.22837500837705e-40
3.74261507953051e-35 1.79441181689573e-39 1 1.52684930956662e-59 9.26409829889053e-42
1.26021137235245e-09 0.922617733539042 1.12696488759792e-34 1.19740613255625e-27 0.0773822652007461
1.10831288896921e-36 1.26020577085198e-35 1 3.73094288671807e-57 1.81488313851492e-40
0.999999997357059 2.63351991562245e-09 4.3371716547362e-35 2.36084720087699e-41 9.42140931725487e-12
2.4194845196122e-42 1.88642232846221e-41 1 2.62153212691162e-67 5.47398059188424e-43
0.999999998853556 1.1460038340302e-09 1.62288322576214e-41 2.33203562371128e-48 4.40074173398512e-13
6.18482839182668e-59 3.42305627803527e-44 1.55827707068047e-69 1 2.85836529454312e-43
1.50649579732821e-51 3.82745891497895e-38 7.09843713207303e-70 1 3.01475015631048e-38
3.14168822075678e-14 0.434341749505481 7.59321417710484e-36 7.04193677594917e-44 0.565658250494488
3.40429853664542e-39 1.57879530069027e-33 1 3.9409090744162e-54 1.84260344305522e-35
3.42393109948337e-50 1.20146502141248e-40 1.27114868359195e-67 1 2.92172637048717e-41
3.66788906377077e-13 0.0283996064365953 9.22734532743528e-38 1.76101052069264e-38 0.971600393563038
1.74635810566063e-39 1.21826386776515e-32 1 9.02612820026506e-68 4.61635139220176e-35
0.999999999926309 7.36046169129798e-11 1.06464685213899e-45 7.15366216156727e-55 8.68952207991295e-14
5.82915610373269e-51 1.59623219882261e-47 1 2.70379218253081e-65 2.55855424812189e-50
0.999999999988788 1.0450369746659e-11 4.8686612005347e-38 1.42748294746723e-53 7.6130237394766e-13
9.60094639218729e-54 7.38323997437337e-45 4.79575505871332e-67 1 7.00586269848868e-46
2.47540664755208e-47 4.28636807364926e-35 4.96544104975271e-60 1 2.51668257051911e-36
3.8729560320886e-13 0.194844443712863 5.37081055223017e-45 5.8247097824996e-27 0.805155556286749
3.06444469097219e-05 0.77956065615062 2.2103704532971e-36 1.203818035003e-36 0.22040869940247
3.03106891043084e-06 0.9816253224786 1.79896555989145e-47 9.92730281714431e-39 0.0183716464524901
3.80376547834556e-41 1.23667596203897e-39 1 3.93934654050928e-66 4.38324680609319e-41
2.68220488722223e-40 6.91646373155616e-36 1 4.47277109143015e-56 3.43353855347821e-37
4.53083623404722e-54 7.03114714418858e-43 8.55744492483093e-59 1 2.85947071882018e-43
7.49825403185043e-33 2.08253843647701e-35 1 2.63850872328335e-53 5.92345190809399e-37
1.24410408769219e-10 0.824383132368411 1.92428538301403e-41 1.10884168020136e-34 0.175616867507178
4.39722020040342e-46 6.81090099611574e-37 5.71149621927182e-61 1 2.76286191906785e-37
4.78592777873936e-13 0.998101234119376 7.0545433152859e-51 2.47754984625047e-30 0.0018987658801457
2.5815168714125e-37 1.49713552772245e-35 1 2.29509101681179e-66 3.75859172754669e-38
2.93082945799431e-42 5.21808070676895e-39 1 1.25511404840639e-60 1.57171467234915e-41
0.999999566293445 4.33303471546936e-07 2.08852665300171e-31 6.9110344439013e-34 4.03083304711398e-10
5.32081724944595e-45 2.29829608943328e-43 1 2.25404872763338e-63 1.97394109014638e-45
7.83890451205049e-40 1.02430833246114e-39 1 9.80564457396148e-61 1.03645617004401e-43
4.52470499465168e-52 3.74549143118725e-49 1 2.85220026320918e-68 2.72654110536359e-49
5.96791493179692e-46 2.54675844645066e-43 1 4.03027852800921e-59 1.12594896407393e-46
0.999999999901679 9.34502680635717e-11 1.43079331865348e-28 3.30831849568729e-52 4.87093969729049e-12
0.999999929909406 6.84362955927104e-08 9.65675983299986e-38 1.68783950601349e-44 1.65429874238696e-09
0.999999999198895 8.00961192605386e-10 1.52005415390206e-39 2.44398698346205e-40 1.43519881626175e-13
0.999999999999696 3.02249751009911e-13 6.41703786110334e-45 4.40172876616685e-44 1.96599159559669e-15
1.55880495317373e-16 0.953566090885782 5.1635887180249e-39 1.10868343006256e-33 0.046433909114218
2.62938805465604e-32 6.94215211255077e-29 1 8.78809001009331e-62 3.83391958779507e-32
1.75852790483322e-33 4.31514441004388e-35 1 8.17351686139956e-55 7.58216870998673e-36
1.94805666918351e-10 0.818605226246082 7.32618937859464e-41 1.56682252555244e-30 0.181394773559112
9.80184130971081e-50 1.22804866498735e-44 1 1.23237162610449e-70 3.19574791636082e-45
1.03813140403361e-30 1.14417729660309e-32 1 8.9168455658734e-60 9.11584399441155e-35
1.66757617391555e-51 8.24799739457325e-42 1.29208095077721e-68 1 6.43885666123807e-42
4.25839628461438e-41 4.36944307157373e-42 1 9.18814904046786e-65 8.90299789143489e-44
0.999999484170694 5.15675140064411e-07 5.9082637496097e-37 1.31768709812596e-43 1.541664426699e-10
1.93720084523889e-55 9.74195650464629e-43 1.44292602299857e-69 1 9.06836835700623e-41
1.46623197880922e-41 1.12243276544482e-42 1 1.13557563268809e-65 1.94207331410664e-44
0.999999999999996 4.53998417911159e-15 1.60760204766782e-49 2.31268072637906e-60 3.42847506248926e-18
0.000104609285494688 0.435566781426738 1.88771947971335e-46 9.31716423957761e-32 0.564328609287768
6.88916084672685e-52 2.83066160617501e-53 1 7.00370801044279e-69 1.88180408456596e-56
1.55197642182153e-32 1.5603145855393e-30 1 6.8447661683661e-55 1.13983836690458e-33
0.999999999371159 6.248288229838e-10 1.69456216246438e-35 4.212881590032e-42 4.01235246027601e-12
0.999999999943652 5.63306847513786e-11 3.30608577826612e-40 1.10727890247403e-47 1.78742105901245e-14
1.97075423880955e-12 0.493140995694815 6.49977415625118e-44 5.25670922573e-35 0.506859004303214
4.250994943744e-37 3.58201347261902e-38 1 2.51919472232604e-59 1.17407663517699e-40
8.64598184632132e-40 3.984927695295e-43 1 1.74400222180903e-53 6.25626280440289e-45
0.99999999995378 4.6128504113126e-11 4.11018567412311e-48 1.89404894894225e-51 9.13546501722979e-14
4.42395238509999e-45 2.10455620970918e-28 1.10649800093539e-54 1 3.1055811999046e-28
1.56793427951973e-43 2.40248931040053e-43 1 4.94066566326095e-75 2.00215995745225e-44
0.999999934891591 6.50342789432609e-08 1.32074853527242e-35 8.8587583994027e-41 7.41297270308827e-11
1.40192206028609e-09 0.888423839675203 1.36594589471809e-37 1.20108705932013e-26 0.111576158922875
2.27023415309157e-55 1.08668692973355e-45 1.44033020895044e-57 1 2.82327279238094e-45
2.61311046645577e-12 0.8298213728219 1.12430329406942e-46 5.20082601630123e-38 0.170178627175487
9.63875096660418e-37 4.5280693733837e-36 1 7.04805348511708e-63 4.62401271765987e-38
4.19217160978484e-44 1.25989165320214e-38 1 1.25808193933978e-63 4.57986445925624e-39
2.92310581008149e-41 4.26916926373673e-42 1 5.14900974494906e-51 5.03541012268462e-45
2.11287606255495e-45 9.93027165283011e-42 1 2.9246517632926e-60 5.6771287607437e-43
9.61208984719261e-39 9.02691352452359e-31 3.22278166704361e-51 1 7.9004506893581e-32
1.56809485269833e-13 0.0191529216716811 2.75826862537501e-49 3.53216248411875e-42 0.980847078328162
0.999999999999988 1.19506718998983e-14 3.6859691062779e-23 3.59931173354663e-39 1.394450491001e-19
0.999999999985831 1.39889805506033e-11 9.15245227950849e-42 8.96331979146366e-43 1.80083687079473e-13
0.9999999996734 3.26245635028644e-10 1.26817313529244e-41 2.02503336479553e-43 3.54653166277368e-13
0.999999999999847 1.53483690841491e-13 9.5192813679142e-47 8.27636440350324e-63 9.6967100747232e-17
1.24653180289705e-48 2.12522242095093e-39 3.06103495585386e-75 1 1.24519580324649e-38
8.05640267029628e-38 5.24354984193241e-28 4.55165625580525e-54 1 2.80621917878331e-25
4.00823698416858e-53 4.16470338610735e-43 7.58687998641409e-75 1 7.45637332859166e-43
4.00584791102559e-48 1.02187761875654e-39 6.55317445424229e-65 1 1.7551456482342e-38
0.999999999999909 9.07398317201525e-14 7.09780398437601e-47 7.90988881765652e-48 2.6105909962529e-16
2.91619965414528e-09 0.101483425717423 2.26077850025963e-29 1.5308193636547e-27 0.898516571366378
2.96657942727555e-45 3.23336273157286e-36 1.79445182973537e-59 1 1.90610107907446e-35
5.52438651599431e-12 0.451669332246979 5.81528051479818e-31 1.01435834985811e-29 0.548330667747497
4.66725428140503e-42 3.67080955260728e-31 4.9192409482258e-63 1 1.43742408292926e-31
1.14288820963283e-18 0.00526903345785571 2.30745301592082e-38 3.32280876818025e-25 0.994730966542144
3.53719438144851e-46 5.62183269880584e-35 3.81302413721432e-66 1 9.34824369165521e-34
4.28695090995693e-41 5.78263828343915e-41 1 1.75336843022035e-68 1.05030112989012e-45
3.80937473052689e-08 0.985021585114242 4.9364040224996e-39 7.86406946712749e-37 0.0149783767920107
0.0232178415175572 0.960865843380303 2.98628293109152e-32 1.75947980791995e-23 0.0159163151021396
0.999999997191658 2.7736980103862e-09 1.08190559096116e-41 3.58144233174491e-48 3.46438909874624e-11
3.76968985475133e-38 3.10167208927855e-29 7.18981976326462e-50 1 7.16397881405357e-29
2.96309790436169e-10 0.92890197214556 2.65049811369061e-33 5.34925279504946e-42 0.0710980275581299
2.47517217663188e-45 2.73872928435703e-47 1 1.48817804237527e-67 2.83850085580948e-48
0.999999999962496 3.71371701064631e-11 1.08517819941446e-36 2.6384453189201e-49 3.6688210446119e-13
0.999999999999997 3.12797783000154e-15 1.1701654780828e-40 1.89123772649989e-67 2.17016960470596e-18
3.55959335551991e-39 3.40945313200632e-29 1.97547889565649e-51 1 1.11519105547769e-30
4.22567157718897e-10 0.946790665611939 2.65078857505521e-33 6.01343704434825e-45 0.0532093339654937
1.21936403503449e-37 2.60059651196669e-31 1.83751275407154e-68 1 2.59995611040594e-31
6.36038709183715e-43 1.65138035045298e-41 1 1.33020513419174e-68 2.84774793773224e-42
5.34485732112257e-10 0.870834861901677 6.93299155554908e-37 3.1099497770383e-36 0.129165137563837
0.999999999903002 9.04535953126902e-11 2.35398324523086e-37 6.22359221864988e-52 6.5441599781792e-12
0.999999999992097 7.89499126701103e-12 1.04340336729918e-40 4.67341360446611e-51 7.75994335496257e-15
6.83672180190543e-52 1.87684787548862e-40 5.92074751459828e-76 1 1.55842655863397e-40
1.67016695699023e-43 3.35211902990069e-35 7.88424740910402e-55 1 1.55603219806376e-37
1.98825438696547e-38 2.81466145606546e-33 1.35750931668552e-66 1 7.95757197154317e-34
6.70797916198845e-41 1.40810049288802e-40 1 7.27582528336634e-63 3.04589103738321e-43
8.36387942294969e-11 0.0273651630467074 4.66630827691204e-39 4.63116223791055e-48 0.972634836869654
0.999999999985546 1.44005434840189e-11 1.73690140959887e-35 2.93182226571901e-57 5.35481571051925e-14
7.49250845472104e-11 0.976231760819827 2.19127313071197e-35 3.54290012089382e-42 0.0237682391052484
1.30295467457609e-41 3.89354352232144e-32 6.84855002148254e-56 1 4.9787267273329e-32
0.999999999995616 4.38113130113665e-12 2.76297048589738e-35 1.42044677697947e-38 3.2454000424787e-15
0.999999999999986 1.25906296621347e-14 2.98180435523435e-41 1.29815274712664e-56 8.70148640657202e-16
0.999999999991161 8.61944566451702e-12 7.08388740987944e-44 2.43112992789034e-50 2.19703824752859e-13
0.999999999999532 3.44314555075504e-13 4.2485389500355e-49 1.89564188874847e-52 1.23790982662868e-13
1.16681862927804e-12 0.977923153605312 4.30748878570663e-35 5.6527753855288e-40 0.0220768463935211
1.36047630662486e-42 3.51364892121916e-40 1 3.44990087722027e-71 1.14667578610328e-43
1.25361292346182e-42 8.20927779648941e-34 3.52044646511628e-58 1 5.51558141771726e-35
0.999999999997572 2.42741100278623e-12 1.77640923349122e-41 5.30938359766961e-56 4.96831221795757e-16
4.02960745661376e-51 8.1705472281349e-41 1.1230644762511e-67 1 2.29540231255958e-40
0.999999999999369 6.3066460948789e-13 1.32751515619508e-46 4.69207231327649e-38 6.87819055988564e-16
1.04626572866697e-39 1.40718561927951e-31 2.37828481115136e-54 1 4.00125617058754e-31
2.40264291122357e-45 1.67366234363731e-45 1 4.81896590736908e-65 4.51945293359783e-49
2.35361314833531e-11 0.911995244945301 8.13561499051183e-53 4.33136184903255e-40 0.0880047550311625
1.28441437450565e-41 3.73023706949779e-46 1 5.03211211606861e-67 6.59968826358738e-47
1.88937948566677e-37 3.75381122630185e-35 1 1.62501586820199e-55 2.69580570153621e-38
0.999999983251637 1.66941497761649e-08 4.52420273229978e-35 2.54332635290622e-40 5.42128588835751e-11
1.44972772007913e-55 5.70238679570333e-41 1.16515194880268e-62 1 4.28800624573063e-41
1.73039041642857e-13 0.226001372732826 5.42594042892976e-46 3.53879860468803e-32 0.773998627267002
6.15936417948972e-36 1.2072150436606e-38 1 1.7729716332004e-68 1.09433353343041e-40
0.99999997940173 2.05814240426534e-08 7.02610728068171e-40 5.82961492785732e-40 1.68460685367873e-11
0.000377365519263034 0.997832586573661 4.59954902709531e-34 7.15183458885534e-33 0.00179004790707578
5.44998557715212e-07 0.478548156656509 1.71541121804431e-35 2.19042708518925e-40 0.521451298344934
1.01283847036853e-50 8.62795279208378e-40 1.69415001140061e-59 1 9.03593426501591e-41
0.999999998638708 1.28421502063951e-09 2.39813524593005e-35 9.02648748163098e-39 7.70768453009131e-11
0.999999999999666 3.17886196031468e-13 3.9995623510852e-40 3.14065382390645e-53 1.57289372641048e-14
6.46209049540734e-43 2.33457852804792e-31 3.95987496929939e-65 1 1.14842458232253e-31
2.76992633270169e-29 9.53683449341827e-32 1 1.83474699730495e-53 5.43430458100127e-33
2.61813169136108e-32 1.57381294255385e-31 1 3.84976477151382e-42 4.51626455310755e-33
6.0997509813298e-41 3.13093452087834e-44 1 3.60116432092798e-56 7.16632329449125e-44
0.999999943503116 5.48169644328209e-08 4.28131009542699e-35 5.88132211802854e-37 1.67991912613643e-09
2.05202671681964e-59 4.1010433043926e-42 1.84612859629881e-70 1 1.16063250222403e-41
5.39592588081831e-14 0.273138815574347 3.57290811931579e-36 9.88363984778816e-34 0.726861184425599
0.999999999999926 7.31658359358561e-14 1.08437769998803e-34 3.55649317021581e-44 3.64637442866093e-16
