"LD1" "LD2" "LD3" "LD4"
1.35038506983974 -6.76291427627224 -2.42215656126422 -1.38761910851253
7.48779784277213 6.13656677939963 1.55179819115048 -1.61365820424135
1.35170005029225 -5.79490963434967 -3.54162081509112 -1.15538789037642
6.87540220345645 3.5989806593775 -0.497906974674326 0.341517639918234
7.77591836800294 4.46051219621137 0.822672574389459 0.566094492014745
-8.78743171099967 3.9579661502688 -1.3346043031125 0.0532420875325688
7.78389597375019 5.47955196411926 0.528437709583009 -0.149899880813169
-0.427155895677321 -4.73614857082261 4.34919747639119 0.607198475624268
-8.53461978957539 3.79391754103948 -0.548267914871085 -1.10153922127525
-0.295862019307564 -2.56168525033046 2.63031219587013 0.669369130484657
-10.9549862068171 2.22518445786623 -0.742613330414861 -0.454144817569594
0.306716333382887 -4.15366364334969 -1.79650864368604 0.919999633928671
-9.00119428905078 4.86569299055682 -0.921793913850326 0.815594713748634
1.90763084711213 -6.63107125465924 -2.57117521288132 0.609388071993723
-9.67510398196396 4.43130951087436 0.561505578950626 -1.17994711330511
0.620654621228613 -4.99995769504428 1.00025823268433 0.713846701898443
7.42236135758382 6.0881716561436 -0.585272295900137 -1.52472038607884
0.405344704923326 -3.85266651997189 4.51117767335388 0.233926858458883
0.700378069834286 -5.97772222634941 4.34268606965012 1.94298771315878
5.37391197684389 4.53125841763472 -2.17132654798777 0.361856556086468
-0.814072027420343 -4.4868025858818 4.68192742358636 -1.02572526998005
7.06543716895142 6.06896855774094 1.20343449982222 -1.86631666734638
-9.00081014040666 2.69975547771294 -0.531462364185361 -0.382478585698151
1.53122467688734 -7.1748163121101 -2.35128735146954 0.425780229534554
6.62991769497577 6.4976865569965 0.924602336095687 -0.350231253812752
3.01595727574631 -6.50236795891831 -3.23715721337531 -2.06578763407923
-8.88077780726573 3.0559846161638 -1.62365525863333 2.36439290991095
8.29317628552399 5.81779576781869 0.124722736116701 -0.416149178983401
-0.697382042969544 -5.872932983532 -4.00368670708533 -0.0610769043783734
-1.36500453596974 -3.99521742421043 4.25361900592996 -0.858241978381897
8.12706206430809 5.53251218580821 0.742216909205617 -1.15511943937889
-9.99419783586308 3.66559152562379 -1.10911853753644 0.79019947519432
6.6872683881604 5.88663170650113 0.636674220709867 0.45557282185886
-8.54555712361532 4.2967323519989 -0.69572865492525 -0.124253938381856
-10.3780579286836 4.9464254708476 1.06125265127999 0.187273056679437
1.18161241558924 -6.63804277514441 -1.62102831855116 1.41643980760001
0.601938584761821 -5.38495956064995 -2.60776298634904 1.63019595930451
0.417024343119996 -3.86327814186584 5.48513843390605 -0.023504884258448
-0.0451831093370303 -2.82917927443421 4.56489595978868 -0.76478788174273
-7.75626909589856 4.65145021172381 -0.562346030600605 1.09552125190146
6.6490145252614 4.90564714252038 -1.7200250041694 -0.582172667325784
6.76710523198362 5.22522510506554 -0.616170592706977 -0.0344381012563436
7.53297626958647 7.53549311537172 -1.29894882718455 0.496245368095542
0.265383618176428 -6.74769926013661 -2.89506489524734 1.52114230365997
-10.7971943906435 4.97976934350396 -0.975578573083634 -2.5967924272896
-8.97841196898219 3.77857400398447 -2.48846135229285 -0.0942009681124094
7.44053812640852 6.10422383471709 -0.43733519945951 0.363532933223989
-9.27379255023683 4.2056712747343 -0.433074127046806 2.35035918195167
-9.42155450471299 5.33422277578819 -0.621227928065648 0.336303828809455
1.64241419246299 -5.30635176019052 -1.56515854641335 1.43792082282922
0.509371217883797 -6.2184632176287 -1.58299316791372 0.676256069842843
-8.41034802841599 3.44121470542456 -1.92700076217524 0.495021270243577
7.20291574578402 6.54167440124446 -1.2633343431108 0.0201137238656977
6.33203165628404 5.97573569187569 0.413815313518635 -0.29468549421892
-1.4299641326616 -3.61850954995154 0.607130541179607 0.457700740942963
-0.802644957913225 -5.19128379895433 2.80162158721325 -0.897212024159113
6.69443415293001 7.02246384788984 -0.536269920676783 0.311979540425173
-0.995735165982118 -6.33132125630348 2.97216648454281 1.20307132705129
-8.37403317066836 2.36113238243572 0.732765528465164 -2.49219945040902
6.78973008740915 7.16486160449582 -0.360868315705094 1.32379199547974
-8.39916522915495 3.51382851253108 -1.16189068642096 1.18657712758829
-5.72539443938133 3.7393637037082 -0.644196138494613 0.935414227507291
1.34886502847371 -5.2481126751375 4.81759211839657 -2.16100335802299
0.176740269918522 -3.12726054519796 6.09423367227217 1.49108285566986
2.90414760680816 -6.69218166469803 -1.45582741836522 -0.105662302679946
-9.26052872337413 3.06650625523602 -1.34016484742777 -0.367617288955654
8.24504429894223 5.56534806966484 -0.718753400450166 2.00840009553308
-8.69703554221921 3.16271003575203 1.20339853205827 -1.053531859965
2.83667553296378 -6.14540872137242 -2.16799154798438 -1.58654498018312
7.35666426175895 3.81161301347368 1.17541322631671 1.19781646541686
0.171197565307553 -2.59462525140548 3.74246203241786 1.54876353784914
1.13144240997764 -6.87546962204325 -2.19194627117413 -0.30074053667155
0.942026668704169 -3.48486699962998 4.5355124322806 1.29505018819684
1.79621833226484 -5.83174041409656 -2.58266820409978 0.291809009359534
-7.49762942491362 4.25133452015875 -0.0671482605697278 -0.495116008214279
5.48215169145487 6.84589841500841 -1.52880325644044 0.852217727484339
1.6926442536022 -5.80655577089709 -0.943537600586917 0.741169101110904
-0.312143863925645 -2.44325530955871 3.11667055649736 -1.18638960912338
1.83283962372437 -5.71731536057413 -3.00640519565963 0.465764165240765
0.048829821222008 -2.47002370406324 5.16204403990681 -0.739490232439153
-7.83038551416738 4.15081772327954 1.54276559901205 0.252455818408765
7.74650591843445 6.58597898593814 -0.365863258729163 -1.39682499565978
1.73228674120165 -6.23925632700327 -1.75233946992727 0.410843440110704
0.978359373786474 -5.0869344800788 -1.8178089196076 0.537225437910827
7.97106365038634 6.85034261887487 0.340359919078692 1.10159701227779
1.47274476700247 -5.60265061049649 -3.35129381490952 0.0870235209638812
-1.16907533549398 -3.8265549108455 4.45705157752567 0.366415609491269
1.85167645187753 -3.57133845306659 3.80344434078859 0.523275386118983
0.365041080137042 -6.26007877410286 -3.40704192649397 -0.598663891707204
-0.401955634018499 -6.55655133373454 -1.85507478474516 -0.906737844268775
-1.46354783303032 -3.92915965220677 5.12066390859393 -2.21391287057466
2.00620407421891 -5.83981066376867 -1.34749998929539 0.188040754794375
5.84303482048746 5.58007826630229 1.49384170629061 0.353689017254433
-1.59344019630425 -1.66430668750659 5.27214459318585 -1.75129327728471
-0.379525379510159 -5.41863911705567 5.07896473103181 -1.63277036721469
7.77601336353052 5.06428190490964 -0.0750855861740375 -0.24355760149906
8.42991462279927 4.50928278667272 -0.798388231248363 -0.601290921312777
7.44529394355112 5.45596102859544 -0.214990639250803 -0.221614460073967
2.81476789174553 -5.83348165193292 -2.13447968587862 -1.71961895191818
8.18721091195956 5.0460851621171 1.01523865853727 1.56764016538359
-10.4711002170781 3.98474825012273 1.27418711429499 -0.202958614289268
6.54413069503452 5.07772925806026 -0.954514874315603 -1.6872976742238
8.15177453741349 6.52880774186986 1.85093434505606 -1.05479171346468
8.42378340999341 4.82748403373297 0.667944677930478 0.187995679815759
-1.90898343277956 -5.88432844282772 2.22154792731383 -0.870944779970427
-9.83919353683025 4.94726849671921 -0.0725330741467067 -1.40291526369139
0.658026003496718 -4.92600324302075 -2.09947190714375 -1.02955376157275
-9.8628757879026 1.38424389748357 -1.83882064266391 0.0134794613986713
0.200370175912032 -3.77918748510161 4.75541573781223 -1.8832154055282
7.5405104543734 4.86863650808313 -0.396601332499866 0.828729996895474
7.65431967808654 4.14797877531033 1.4701207194539 0.823854878114565
7.09804174275598 5.8629887955413 -0.902939841495608 1.52327429807978
0.937271755197747 -5.71228158745423 -2.75507285760531 0.235120473838387
5.69915826152563 4.66107934653219 -0.955190180380246 -0.743084755598482
2.82467803076738 -6.67309441780264 -2.66190641126921 1.04842746029128
-10.3955689581512 4.27299806968758 -1.35008990832007 1.27293974861028
-9.55752763311728 2.8995710645025 0.0731680556796531 -0.765970824973191
-9.52393066730209 4.77158380642214 -0.0135945966216728 0.527172748514197
1.62573402871416 -4.26057216457989 4.28016990085368 0.367837366412788
-11.2631431041239 3.90370310076826 0.0523789186192521 1.19421870415603
0.498405880651679 -6.36803069639762 -2.58964282073271 -0.903595052180676
-8.85802117362075 3.7092048247509 -0.835813327611602 -0.9182610035057
-2.01459800450462 -3.52939709224223 3.9114384324204 -0.687597269386354
1.08327659020575 -7.86629153719839 -1.10947559556218 0.375228986063355
-8.07333321375017 3.28526755121982 -0.921946711734441 -0.839922350666861
2.43869875727291 -6.88271315197047 -3.66624027617377 0.687749194234974
8.66281060909814 5.22895796603577 -2.07071916501733 -2.38185499066401
-1.11960312771929 -3.84600829189658 3.47695677762721 0.346697975605647
8.41406412375788 6.04837040689275 -0.65520936901008 0.962559486249853
0.620795291854035 -4.70746867453104 -1.77782697120259 -0.510289992404689
1.56932370524512 -3.45562446900635 -3.01605692682591 -1.50850417353048
-0.69763990331711 -7.36120968620951 -2.29162258958318 -0.447728183563992
1.76046681339944 -6.52062904026563 -2.35537245494487 0.510718665850549
-2.09748216183297 -3.21434803406904 3.5141800872884 2.48850538843807
1.42101583443245 -6.36527963116169 -1.7649356596874 -0.803835461181856
-7.65927801727266 3.57731073940686 -1.25309970504745 0.519033134435295
4.23354923556914 -7.66684269775849 -2.54522515969329 0.290744859297334
6.12716550969458 6.30267548520024 -1.39515815568692 -2.70945803662528
6.73925312762749 5.14464958146289 -0.552910049945557 0.4915829490872
7.30879314504053 5.7112921562997 -0.257921221610373 0.641085542007921
7.08150247025785 3.92344035329499 -0.593662493788196 -0.375192916976392
-1.0749850599638 -5.16236497128656 -1.91402007919294 -0.924758510778462
5.54302252042604 6.19534491672332 -1.73389455127622 -0.491243368255004
7.5829995280864 7.56803992954015 0.00476751370828681 -0.273197325046525
1.25241384753328 -4.35031247495724 2.91681759422958 -0.983964599302826
7.37270584238931 4.97710852905595 0.435790860207631 0.562957547270678
1.78931287965492 -6.2345214755024 -1.86744105424311 0.354299933517299
7.1999230957441 5.83680687369763 0.954300870513404 -0.608715432779496
7.17869782998461 6.34824739639017 0.23084746709027 0.324880231371017
1.33505070387951 -6.93110520896244 -2.26441315482184 -0.390513163083411
-1.30677580217765 -4.43788757759439 4.87977593474884 1.59150720921076
6.99918555545956 7.24652001110967 0.51015847880257 0.807192782310422
2.29882091419709 -6.48095205351783 -2.41687706983859 1.29297452118213
7.78674536718659 5.50047198813235 0.304675672330243 -1.1352153193449
6.47038982977803 4.31151225507214 -1.04255503817469 -0.996469334847307
-7.88312615939808 3.10774503601699 -0.673556953334033 1.12444570343017
0.808666407934236 -5.38402360597736 -0.943427628574278 -0.706856157633972
1.05698646389029 -5.4461568508421 -3.3007589776732 -1.01408091943307
0.100815300417575 -4.17965184055349 1.58636353714539 2.08407225249497
-9.63005801410473 5.07673632466144 0.511191608447875 0.674542301501279
1.22065429314874 -4.89691755643053 2.02207336149755 1.25214205290349
2.31145207644881 -8.09445144442755 -3.07545205023472 0.382187699474238
-11.2726926949955 2.61907323821153 -0.200661006154248 0.602097969000137
0.795780968343389 -7.51249854029539 -0.919124652495873 -0.325925413139921
1.4675696160253 -5.05902627310777 -3.40933960112819 -0.269552879143598
-10.5456861699326 4.86320264859477 0.537189516276514 -0.294763112208097
7.79817631579016 5.80434626833965 -1.67144418549199 -2.30133443010015
-8.20117626387739 3.39680742805697 -0.462551164097695 0.130476444771476
-10.5332332518579 2.84177885328773 -1.10444211652253 1.11581570354469
0.707461701524555 -4.6753549857863 -3.31200697749773 0.894985594252941
3.78635351145624 -4.82642296752959 -1.99329492541136 -1.48956523030341
7.39596819033405 6.45976973007169 -0.665091247234097 1.51962197700075
1.65653408104511 -5.71742515630668 -2.35279692986614 0.767322277418642
7.49172140393726 7.83571568763783 -1.2945231685048 0.857436375773057
-7.5230506990465 3.4271770158247 -0.441861566304662 -0.533222327916526
1.51279261146536 -7.32392689268827 -0.451157368008472 0.241419150919844
0.923361520054949 -3.5274647293708 3.83858177952984 2.32249291015505
7.10002717755005 6.79642725600799 0.480374767241312 1.72038200306448
2.16737359728081 -6.63281355218165 -2.31966083555504 -1.09760141934817
1.45442792425536 -5.49180158324866 -3.67929772273711 -0.152395920647381
9.11849470618126 5.3215886947759 0.407825256678282 -1.36798541483534
7.46076486107879 5.52633659200335 -0.295224595872992 -0.308183062736714
1.91143604650103 -5.37879022387754 -2.6622269040637 0.818375764717245
0.461248855570994 -6.7576953537706 -0.66758357255755 1.24599351748955
1.09363277506226 -5.27245987012078 -1.98460933874666 0.222412732055237
-7.71228359664247 4.43630996237929 0.281364275348565 0.250610056465631
5.74800382566496 5.31243216136007 -0.352626336770063 -0.0749621260837136
1.11049093654351 -7.18062399077992 -1.32097615141689 -0.870429075949383
1.51259034580651 -3.60764350210007 5.33186315864291 -0.466442939733821
5.28880985287157 4.51916295927948 -0.0488254139307414 2.85700769019009
0.75624252735587 -5.5469080471026 3.0176255727761 -0.427481787332678
-9.0396066319027 5.96901840095446 -1.15992930566928 -0.277358453512721
5.83648004885458 5.58313940770243 -1.51634508908957 -0.543638109051784
1.59741306277394 -6.40426347944283 -1.46762767493908 0.356131299625586
7.3721097020715 5.84493204206105 -0.860934594490314 0.0895646121827435
6.28187657102276 5.52606066576356 -0.00402098043882653 1.0059243211144
0.858858881896358 -5.81539451929357 -3.57968864101063 -0.294252691149613
0.00115475228607122 -6.20604423649655 3.74582273937061 0.330230368427106
1.54048254930627 -7.5064156652046 -0.669541050329044 0.933477202143871
1.00052825183999 -4.31879962663922 3.29625435737144 -1.52528211849944
4.6361536969337 5.71521971582134 -0.904426024343433 -0.523463165637946
1.00323292063334 -6.00698005348603 -3.98142588714177 -0.822519669193082
-8.4522026894563 4.53557871015995 -1.337716851942 0.104320923527952
6.10626061444594 5.77745982894122 1.05565541406766 -0.696635390104634
-7.52586824035743 3.56489020811946 -0.547410079096976 1.52994429558709
0.606701940325531 -5.08077875867565 3.95319096400626 -1.10429727829719
1.79168664918651 -5.74515041672599 -3.41920803879285 0.518721271705417
-9.25984827687886 4.95770022885522 -0.711841930460913 -0.673888512601255
-2.29841360289845 -3.90806000018834 4.29566195375279 0.0265784219850919
-0.434965477511967 -2.88953702387777 5.47234771215946 1.8572157210309
-2.42314022521074 -5.55808457973186 4.98970225924371 -1.89726634892101
5.9236502891263 5.15289369131469 0.0731089631305166 -0.991759065705806
-9.19081241825092 4.30997198587873 2.40701878914701 -0.583486586272531
1.42633170046993 -3.81163578143343 3.88119585956682 0.73513094170841
3.1635573215022 -7.83036650820308 -2.69452707939149 0.0799158283179952
0.525296631655871 -5.48092955331956 -2.03949293979607 1.02648225679424
-9.85627901961338 2.3083336899519 -1.23002979648296 -0.375417871309346
-8.80331385776433 3.08719348366689 -1.16106890361711 0.678699081269613
-1.13070624777695 -6.05397615615283 4.35912754903402 0.845723205798887
-9.86028809010264 5.00377421967854 0.69906920421625 -0.0117242968769361
0.292053819356246 -5.54344743135766 -2.0155259771796 -1.62604540975168
-9.10066226188871 3.58815657972888 -0.996522342284014 0.280825443688618
-6.51564984363391 4.28921586477693 -0.449202059436792 -2.12151451886324
0.404595780501955 -4.67054722090599 2.50105913078832 -0.0175748005108305
1.72077064524866 -5.75196010608968 -3.91423569693399 -0.0830608928708599
7.7648233743057 6.38003728670739 1.4759288524725 1.94115116965647
-8.92608658822267 2.62203864115697 -0.225597298496271 0.660142720595614
2.4295618795017 -5.99672212801577 -4.18522691236199 -0.11925744170806
7.39586318677173 6.42743616288357 2.66270500423133 0.112268861294417
-9.37911841422183 1.32218248677667 -1.63715199736277 -0.228969810994174
-8.57232293963416 2.54821541418569 -1.03101595293046 0.1861250554344
0.15944402053394 -3.93497698768353 3.78582970394006 0.515847744579353
-9.42183493050117 3.72427792038921 -1.20132492321813 -1.20322628749191
-8.64042026704253 4.51945579623413 -3.22001215522074 -0.97242956274861
-9.53645912084895 2.22887539728689 0.267086024485408 0.746954929691801
-9.58532484838281 3.17773364421638 -0.857340389474389 -0.243945903336029
7.77483904965207 7.41986829629679 0.70424975399848 -1.83632944342407
-1.28224678469221 -3.85762642132906 3.41719036982892 0.281415140290475
-9.25690462713214 2.92630048643961 -0.611918482212756 -0.827549968278125
4.42560103234914 4.79236116962998 1.08169784885779 -2.2570805770145
-8.50129139260736 3.4731211599957 -0.426279037396116 0.162984353648872
7.57438478805838 5.08650397093253 -0.196455234374751 -0.827879416365654
8.00997061394557 5.61281343493155 -0.207679592113044 -0.195848151618381
-9.09122950184202 4.28164610245006 0.0819545932103598 -0.129252255558644
-8.66319912590249 4.15514652937369 -0.346587356525332 1.43726766094319
1.44879616124057 -7.34358194854546 -2.72217832854013 -2.31919080215923
-10.0919019846286 5.17644816956523 -0.307679385198441 -2.41096783279565
-0.699838584500577 -4.34602164908708 3.93376033107629 0.43473507457088
-9.92112756865157 3.98827176193285 -1.28855744754094 0.13669974337831
1.09402340696879 -5.31855848515 -2.14985072964715 0.60664832305726
-9.56947178217999 5.8149204932191 -1.1843093025367 -0.361092461054933
-10.8873128169549 3.45575420278535 -1.28050930100494 -0.569773360345764
6.2185578818126 5.26791679778273 1.34578881375621 -0.617170950809594
2.02573117928564 -7.44823161456948 -1.70272816580795 1.00729009752667
-10.0725039839907 5.15677500883553 0.66909338305498 0.514715545252099
6.75353561165577 5.45153751749048 -0.632581612304084 2.83913121764307
0.841913347685822 -8.38714612542841 -0.916925987452031 -2.04599254217822
2.04900765665167 -5.86660018494711 -2.12176758801278 -0.505713458810305
1.19410742695134 -5.78901810487293 -1.24791694414966 -0.768782877261265
0.517136131671879 -4.16725675454805 5.4575334167296 2.62258814806218
1.4106243681184 -4.79905621004489 -2.39156863116847 -0.0626507725324155
0.687339626001378 -3.55827825277748 6.52515505956437 -1.81228746578705
2.42884338417038 -2.66279040006412 -4.99123872872198 1.72858523605772
0.311294574240092 -7.08001050743753 -1.60626432983235 -0.261080301534641
-8.7852878958331 4.55465279414778 0.406337922107125 0.281035728456979
-8.51440390248209 3.89224446536373 -1.3504923197099 2.13333840417423
1.09687312109761 -4.94970556069326 -1.88590634324149 0.428030597415695
5.82998659551219 4.69878786053826 -0.849328311659905 1.90161790773009
0.210808243445726 -2.42164183924936 3.90751469465236 0.460054747446208
-8.46818966056649 3.66296219245629 -2.8269098269814 0.50259572509851
0.717598252980743 -5.65208807655077 3.19575900572648 -0.906066801199233
0.378809144114842 -4.73112366805584 4.51056286834475 1.47823941629232
-0.940186684573091 -2.9714727923257 2.6804628865548 0.514121160686583
8.04365563343377 4.52578645853185 2.67038555530515 0.98470617802839
1.95453526891112 -5.11529773516689 -2.97167291133158 0.449752047184432
-9.8239708485199 3.73113157035657 -0.00303073824150729 0.655888820108305
7.31913099704211 4.79684420416995 -0.740121622593128 -1.93318121383957
2.87547497149592 -4.74686289192852 -2.9888631425865 0.532681232322634
1.52060424766187 -7.00083065004672 -2.45143312880852 0.183044497051189
5.97893591760433 6.80568579720666 1.45659496291293 0.712959906066374
2.44160589489447 -5.97876770869753 -1.06599054457202 -1.1562932601296
0.606028073130135 -2.85890922188839 4.34697874126218 -2.86993217555209
6.12821265568016 5.18996614322991 -0.00967820219108635 0.123952005162307
7.55548573434314 5.54252843386929 -0.177336385406798 0.18389307141284
0.355762737998149 -1.93990488058156 3.58924737158748 -0.361577803232697
7.44202494836505 6.54687814408622 -1.35004973448632 0.512024695000053
-10.2456511366938 3.59361489838226 -0.486345334154336 -0.0754684339236672
7.35061634501522 7.56470142322997 -0.720460562356396 -0.0798371198178678
-9.35039765772497 3.49117396459498 -0.620478459932649 -0.00370161545866546
-9.67966726448133 3.38321298170057 -0.196241767693103 0.0753219385234969
-0.14603174748428 -3.75420386127182 2.80376961277741 -1.14741747093508
7.40936564160259 4.86619945214948 -0.538002467139466 -0.208073140870274
0.0835847771607249 -4.50301503861311 3.12111634803218 1.43925256706449
0.658524790514586 -6.83522439796738 -3.32693088002368 -0.164919452578202
-10.1378678616527 4.48734635369729 -0.150798993976434 -1.83014832829596
-0.899510518108614 -4.398937957592 4.55700009144971 0.0859756924268465
1.99852592157369 -8.54981254590929 -2.25220497943632 0.825105753909262
6.46521518612278 4.56271398260809 0.25622021505879 1.33979315961381
-2.22119372556404 -4.05642940963656 5.54152325362329 -1.69584555339343
-2.09899219670712 -4.35371681327859 3.47962817908026 2.2570851917071
