"LD1" "LD2" "LD3" "LD4"
-9.52393066730211 -4.77158380642211 0.0135945966216735 -0.527172748514193
-7.8303855141674 -4.15081772327952 -1.54276559901205 -0.252455818408756
-6.51564984363393 -4.28921586477691 0.449202059436797 2.12151451886324
5.37391197684387 -4.53125841763473 2.17132654798777 -0.361856556086468
0.62079529185405 4.70746867453104 1.77782697120259 0.510289992404687
7.53297626958645 -7.53549311537173 1.29894882718455 -0.496245368095541
-10.2456511366938 -3.59361489838224 0.486345334154338 0.0754684339236645
-1.28224678469219 3.85762642132906 -3.41719036982893 -0.281415140290474
-9.25984827687888 -4.9577002288552 0.711841930460917 0.673888512601263
7.58299952808639 -7.56803992954016 -0.00476751370828753 0.273197325046525
-8.4681896605665 -3.66296219245627 2.8269098269814 -0.502595725098506
7.48779784277212 -6.13656677939964 -1.55179819115048 1.61365820424135
1.35170005029226 5.79490963434966 3.54162081509112 1.15538789037642
7.3727058423893 -4.97710852905596 -0.435790860207631 -0.562957547270685
7.4405381264085 -6.1042238347171 0.437335199459507 -0.363532933223992
-8.97841196898221 -3.77857400398445 2.48846135229285 0.0942009681124096
-0.814072027420329 4.48680258588179 -4.68192742358637 1.02572526998005
7.37210970207149 -5.84493204206107 0.860934594490313 -0.0895646121827481
6.69443415293 -7.02246384788985 0.536269920676786 -0.31197954042517
7.39596819033403 -6.45976973007171 0.665091247234095 -1.51962197700075
-8.39916522915497 -3.51382851253106 1.16189068642096 -1.18657712758828
-8.410348028416 -3.44121470542454 1.92700076217525 -0.495021270243573
-8.57232293963418 -2.54821541418567 1.03101595293047 -0.186125055434393
-9.86287578790262 -1.38424389748354 1.83882064266391 -0.0134794613986685
6.76710523198361 -5.22522510506556 0.616170592706976 0.0344381012563406
0.795780968343412 7.51249854029538 0.919124652495874 0.325925413139917
1.11049093654354 7.18062399077991 1.3209761514169 0.870429075949377
-1.11960312771928 3.84600829189658 -3.47695677762722 -0.346697975605644
7.97106365038632 -6.85034261887488 -0.340359919078691 -1.10159701227779
1.18161241558927 6.6380427751444 1.62102831855116 -1.41643980760001
6.73925312762747 -5.14464958146289 0.552910049945556 -0.4915829490872
0.498405880651701 6.36803069639761 2.58964282073271 0.903595052180673
5.69915826152562 -4.6610793465322 0.955190180380245 0.743084755598478
0.658026003496733 4.92600324302074 2.09947190714375 1.02955376157275
8.00997061394555 -5.61281343493156 0.207679592113042 0.195848151618375
-1.4635478330303 3.92915965220676 -5.12066390859394 2.21391287057466
-9.92112756865159 -3.98827176193282 1.28855744754094 -0.136699743378309
1.64241419246301 5.30635176019051 1.56515854641336 -1.43792082282922
7.57438478805838 -5.08650397093255 0.196455234374748 0.827879416365644
7.09804174275596 -5.86298879554131 0.902939841495604 -1.52327429807978
-9.86028809010266 -5.00377421967852 -0.699069204216249 0.0117242968769334
-9.53645912084897 -2.22887539728687 -0.267086024485407 -0.746954929691797
-10.0919019846287 -5.1764481695652 0.307679385198445 2.41096783279565
8.04365563343376 -4.52578645853187 -2.67038555530515 -0.984706178028391
0.841913347685846 8.38714612542839 0.916925987452035 2.04599254217822
9.11849470618125 -5.32158869477592 -0.407825256678284 1.36798541483534
7.40936564160258 -4.86619945214949 0.538002467139467 0.208073140870273
1.05698646389031 5.44615685084209 3.3007589776732 1.01408091943307
8.15177453741347 -6.52880774186988 -1.85093434505606 1.05479171346468
1.51259034580652 3.60764350210007 -5.33186315864291 0.466442939733823
7.3506163450152 -7.56470142322999 0.720460562356397 0.0798371198178735
7.08150247025784 -3.923440353295 0.593662493788195 0.37519291697639
0.461248855571016 6.75769535377059 0.667583572557549 -1.24599351748954
1.72077064524868 5.75196010608967 3.914235696934 0.0830608928708578
1.13144240997766 6.87546962204324 2.19194627117413 0.300740536671541
6.12821265568014 -5.18996614322992 0.00967820219108517 -0.123952005162308
-10.1378678616527 -4.48734635369727 0.150798993976438 1.83014832829597
0.509371217883817 6.21846321762869 1.58299316791372 -0.676256069842844
-7.75626909589858 -4.65145021172378 0.562346030600606 -1.09552125190146
7.46076486107878 -5.52633659200336 0.295224595872991 0.308183062736709
5.48215169145485 -6.84589841500841 1.52880325644045 -0.852217727484336
7.06543716895141 -6.06896855774095 -1.20343449982222 1.86631666734637
-5.72539443938134 -3.73936370370819 0.644196138494614 -0.935414227507285
1.35038506983976 6.76291427627223 2.42215656126423 1.38761910851253
7.65431967808653 -4.14797877531034 -1.4701207194539 -0.823854878114564
-9.25690462713215 -2.92630048643958 0.611918482212759 0.827549968278127
0.200370175912044 3.77918748510161 -4.75541573781224 1.8832154055282
6.47038982977802 -4.31151225507215 1.04255503817469 0.996469334847306
0.658524790514608 6.83522439796737 3.32693088002368 0.164919452578203
6.68726838816039 -5.88663170650114 -0.636674220709871 -0.45557282185886
-8.85802117362078 -3.70920482475088 0.835813327611606 0.918261003505701
-0.995735165982097 6.33132125630347 -2.97216648454282 -1.20307132705129
-0.0451831093370199 2.82917927443421 -4.56489595978869 0.764787881742737
1.79621833226485 5.83174041409655 2.58266820409978 -0.291809009359531
4.63615369693368 -5.71521971582135 0.904426024343432 0.523463165637945
1.52060424766189 7.00083065004671 2.45143312880852 -0.183044497051193
8.29317628552397 -5.8177957678187 -0.124722736116702 0.416149178983401
1.25241384753329 4.35031247495724 -2.91681759422958 0.983964599302825
1.78931287965494 6.23452147550238 1.86744105424311 -0.354299933517297
-8.45220268945632 -4.53557871015993 1.33771685194201 -0.104320923527953
7.10002717755003 -6.796427256008 -0.480374767241316 -1.72038200306448
-0.401955634018482 6.55655133373454 1.85507478474516 0.906737844268775
-8.66319912590251 -4.15514652937366 0.346587356525333 -1.43726766094318
0.620654621228632 4.99995769504428 -1.00025823268433 -0.713846701898443
6.87540220345644 -3.59898065937751 0.497906974674324 -0.341517639918234
-10.7971943906435 -4.97976934350393 0.975578573083638 2.59679242728961
-8.2011762638774 -3.39680742805694 0.462551164097698 -0.130476444771474
-10.533233251858 -2.8417788532877 1.10444211652253 -1.11581570354468
-0.940186684573079 2.9714727923257 -2.68046288655481 -0.514121160686585
8.4237834099934 -4.82748403373298 -0.667944677930479 -0.187995679815764
1.73228674120167 6.23925632700327 1.75233946992727 -0.410843440110707
-1.90898343277954 5.88432844282772 -2.22154792731383 0.870944779970425
-8.92608658822269 -2.62203864115695 0.225597298496275 -0.660142720595606
-10.4711002170781 -3.98474825012271 -1.27418711429499 0.20295861428927
1.42633170046994 3.81163578143343 -3.88119585956683 -0.735130941708403
7.54051045437339 -4.86863650808314 0.396601332499863 -0.828729996895477
1.34886502847373 5.24811267513749 -4.81759211839658 2.16100335802298
3.16355732150223 7.83036650820306 2.69452707939149 -0.079915828317995
2.8366755329638 6.14540872137241 2.16799154798439 1.58654498018311
1.08327659020578 7.86629153719838 1.10947559556218 -0.37522898606336
2.82467803076741 6.67309441780263 2.66190641126922 -1.04842746029128
4.23354923556917 7.66684269775848 2.5452251596933 -0.290744859297341
0.717598252980765 5.65208807655076 -3.19575900572648 0.906066801199238
7.30879314504052 -5.71129215629971 0.257921221610373 -0.641085542007923
1.09402340696881 5.31855848515 2.14985072964715 -0.606648323057266
-9.58532484838283 -3.17773364421636 0.857340389474391 0.243945903336033
-2.42314022521072 5.55808457973186 -4.98970225924372 1.897266348921
2.90414760680818 6.69218166469801 1.45582741836522 0.10566230267994
-9.19081241825094 -4.3099719858787 -2.40701878914701 0.583486586272529
0.37880914411486 4.73112366805584 -4.51056286834475 -1.47823941629232
-8.69703554221923 -3.16271003575201 -1.20339853205827 1.05353185996501
-0.295862019307554 2.56168525033046 -2.63031219587014 -0.669369130484661
0.00115475228609408 6.20604423649654 -3.74582273937062 -0.330230368427109
1.44879616124059 7.34358194854545 2.72217832854013 2.31919080215923
0.210808243445737 2.42164183924936 -3.90751469465237 -0.460054747446204
0.0835847771607434 4.50301503861311 -3.12111634803218 -1.43925256706449
7.77601336353051 -5.06428190490966 0.0750855861740381 0.243557601499063
-9.8562790196134 -2.30833368995188 1.23002979648296 0.375417871309342
1.51279261146538 7.32392689268827 0.451157368008474 -0.241419150919843
2.42956187950172 5.99672212801577 4.185226912362 0.119257441708057
6.64901452526139 -4.90564714252039 1.7200250041694 0.582172667325785
1.56932370524513 3.45562446900634 3.01605692682592 1.50850417353047
2.81476789174555 5.83348165193291 2.13447968587862 1.71961895191819
0.159444020533954 3.93497698768353 -3.78582970394007 -0.515847744579354
7.17869782998459 -6.34824739639018 -0.230847467090272 -0.32488023137102
-8.37403317066838 -2.36113238243569 -0.73276552846516 2.49219945040902
7.74650591843443 -6.58597898593815 0.365863258729163 1.39682499565977
-9.35039765772499 -3.49117396459496 0.62047845993265 0.00370161545866851
-1.30677580217763 4.43788757759438 -4.87977593474885 -1.59150720921076
2.44160589489449 5.97876770869752 1.06599054457202 1.1562932601296
-2.09899219670711 4.35371681327859 -3.47962817908027 -2.25708519170709
-8.51440390248211 -3.89224446536371 1.3504923197099 -2.13333840417423
-0.699838584500563 4.34602164908708 -3.93376033107629 -0.434735074570876
5.92365028912629 -5.1528936913147 -0.0731089631305178 0.991759065705806
-11.2726926949955 -2.61907323821151 0.200661006154248 -0.602097969000139
0.404595780501971 4.67054722090599 -2.50105913078832 0.0175748005108267
7.202915745784 -6.54167440124447 1.2633343431108 -0.0201137238656956
1.53122467688736 7.17481631211008 2.35128735146955 -0.425780229534554
6.75353561165576 -5.45153751749049 0.632581612304082 -2.83913121764307
6.21855788181259 -5.26791679778274 -1.34578881375622 0.617170950809592
0.0488298212220163 2.47002370406324 -5.16204403990682 0.739490232439149
-9.00081014040668 -2.69975547771291 0.531462364185363 0.382478585698159
6.28187657102274 -5.52606066576357 0.00402098043882602 -1.0059243211144
7.39586318677172 -6.42743616288359 -2.66270500423134 -0.112268861294418
8.12706206430808 -5.53251218580823 -0.742216909205622 1.15511943937888
1.99852592157372 8.54981254590927 2.25220497943633 -0.825105753909267
-8.78528789583312 -4.55465279414776 -0.406337922107124 -0.281035728456972
1.69264425360222 5.80655577089708 0.94353760058692 -0.741169101110901
7.76482337430569 -6.3800372867074 -1.4759288524725 -1.94115116965647
2.43869875727293 6.88271315197045 3.66624027617378 -0.687749194234963
0.707461701524569 4.67535498578629 3.31200697749774 -0.894985594252942
6.99918555545954 -7.24652001110968 -0.510158478802571 -0.807192782310422
-0.802644957913209 5.19128379895432 -2.80162158721325 0.897212024159107
-9.83919353683027 -4.94726849671918 0.0725330741467091 1.40291526369139
0.292053819356259 5.54344743135765 2.01552597717961 1.62604540975168
6.78973008740913 -7.16486160449583 0.360868315705092 -1.32379199547974
2.00620407421893 5.83981066376866 1.34749998929539 -0.188040754794378
0.978359373786489 5.08693448007879 1.81780891960761 -0.537225437910822
7.44202494836503 -6.54687814408623 1.35004973448632 -0.51202469500005
0.365041080137058 6.26007877410286 3.40704192649398 0.598663891707202
1.76046681339946 6.52062904026563 2.35537245494487 -0.510718665850558
-2.29841360289843 3.90806000018834 -4.2956619537528 -0.0265784219850971
-10.3780579286836 -4.94642547084758 -1.06125265127999 -0.187273056679436
-9.67510398196398 -4.43130951087434 -0.561505578950626 1.17994711330511
0.176740269918537 3.12726054519796 -6.09423367227219 -1.49108285566986
-0.146031747484266 3.75420386127182 -2.80376961277741 1.14741747093508
0.417024343120012 3.86327814186584 -5.48513843390606 0.02350488425845
0.942026668704183 3.48486699962998 -4.53551243228061 -1.29505018819684
7.78389597375018 -5.47955196411927 -0.528437709583011 0.149899880813157
7.4452939435511 -5.45596102859545 0.214990639250804 0.221614460073965
7.77591836800293 -4.46051219621138 -0.82267257438946 -0.566094492014746
-1.16907533549396 3.8265549108455 -4.45705157752568 -0.366415609491267
3.01595727574632 6.5023679589183 3.23715721337531 2.06578763407923
0.265383618176446 6.74769926013661 2.89506489524735 -1.52114230365997
-10.9549862068171 -2.2251844578662 0.742613330414865 0.454144817569595
-0.312143863925636 2.44325530955871 -3.11667055649736 1.18638960912337
-9.26052872337414 -3.06650625523599 1.34016484742777 0.367617288955652
0.60670194032555 5.08077875867564 -3.95319096400626 1.1042972782972
-8.7874317109997 -3.95796615026878 1.3346043031125 -0.0532420875325717
0.405344704923341 3.85266651997189 -4.51117767335389 -0.233926858458882
-9.67966726448134 -3.38321298170054 0.196241767693104 -0.0753219385234954
1.62573402871417 4.26057216457988 -4.28016990085369 -0.367837366412785
7.77483904965205 -7.4198682962968 -0.704249753998481 1.83632944342407
-8.64042026704256 -4.51945579623411 3.22001215522075 0.972429562748608
-9.09122950184204 -4.28164610245004 -0.0819545932103596 0.129252255558647
0.601938584761838 5.38495956064994 2.60776298634904 -1.63019595930451
-10.8873128169549 -3.45575420278533 1.28050930100495 0.569773360345775
0.937271755197764 5.71228158745422 2.75507285760531 -0.235120473838388
2.31145207644883 8.09445144442753 3.07545205023472 -0.382187699474239
-2.09748216183296 3.21434803406904 -3.51418008728841 -2.48850538843806
6.54413069503451 -5.07772925806027 0.954514874315606 1.6872976742238
1.85167645187754 3.57133845306658 -3.8034443407886 -0.523275386118981
-7.8831261593981 -3.10774503601697 0.673556953334032 -1.12444570343017
-10.0725039839907 -5.1567750088355 -0.669093383054979 -0.514715545252091
-9.42183493050119 -3.72427792038918 1.20132492321813 1.2032262874919
1.46756961602531 5.05902627310776 3.40933960112819 0.269552879143595
0.171197565307564 2.59462525140548 -3.74246203241786 -1.54876353784913
0.525296631655887 5.48092955331955 2.03949293979607 -1.02648225679424
2.87547497149593 4.74686289192851 2.98886314258651 -0.532681232322635
8.42991462279926 -4.50928278667274 0.798388231248361 0.601290921312776
1.33505070387954 6.93110520896243 2.26441315482184 0.39051316308341
7.55548573434313 -5.54252843386931 0.177336385406794 -0.183893071412845
-9.42155450471302 -5.33422277578816 0.621227928065648 -0.336303828809454
-9.0011942890508 -4.8656929905568 0.921793913850328 -0.815594713748632
6.62991769497575 -6.49768655699651 -0.92460233609569 0.35023125381275
-10.3955689581512 -4.27299806968756 1.35008990832008 -1.27293974861028
-7.65927801727267 -3.57731073940684 1.25309970504745 -0.519033134435293
4.42560103234913 -4.79236116962999 -1.08169784885779 2.2570805770145
-9.37911841422184 -1.32218248677665 1.63715199736278 0.228969810994178
0.3067163333829 4.15366364334969 1.79650864368604 -0.919999633928667
-8.50129139260737 -3.47312115999568 0.426279037396117 -0.162984353648875
5.83648004885456 -5.58313940770244 1.51634508908957 0.543638109051782
8.18721091195955 -5.04608516211712 -1.01523865853727 -1.56764016538359
-0.434965477511949 2.88953702387777 -5.47234771215947 -1.8572157210309
1.91143604650104 5.37879022387753 2.6622269040637 -0.81837576471725
-1.42996413266158 3.61850954995154 -0.607130541179607 -0.457700740942959
7.79817631579014 -5.80434626833967 1.671444185492 2.30133443010015
2.02573117928567 7.44823161456947 1.70272816580795 -1.00729009752667
5.82998659551218 -4.69878786053827 0.849328311659907 -1.90161790773009
1.09687312109762 4.94970556069325 1.88590634324149 -0.428030597415694
1.65653408104512 5.71742515630667 2.35279692986615 -0.767322277418636
0.606028073130147 2.85890922188838 -4.34697874126218 2.86993217555209
1.41062436811841 4.79905621004488 2.39156863116847 0.062650772532418
1.90763084711215 6.63107125465923 2.57117521288133 -0.609388071993725
7.35666426175895 -3.81161301347369 -1.17541322631671 -1.19781646541686
-9.82397084851991 -3.73113157035655 0.00303073824150456 -0.655888820108305
6.33203165628403 -5.9757356918757 -0.413815313518636 0.294685494218918
2.29882091419712 6.48095205351782 2.4168770698386 -1.29297452118213
-9.55752763311729 -2.89957106450248 -0.0731680556796515 0.765970824973191
5.74800382566495 -5.31243216136009 0.352626336770061 0.0749621260837148
-8.07333321375018 -3.2852675512198 0.921946711734445 0.839922350666866
1.42101583443247 6.36527963116168 1.7649356596874 0.803835461181859
0.858858881896376 5.81539451929356 3.57968864101064 0.294252691149608
-0.427155895677301 4.7361485708226 -4.3491974763912 -0.607198475624262
1.59741306277396 6.40426347944282 1.46762767493908 -0.356131299625593
-9.10066226188873 -3.58815657972885 0.996522342284017 -0.280825443688616
-2.22119372556402 4.05642940963656 -5.5415232536233 1.69584555339343
1.83283962372439 5.71731536057412 3.00640519565963 -0.46576416524076
8.24504429894221 -5.56534806966486 0.718753400450167 -2.00840009553307
-1.59344019630424 1.66430668750659 -5.27214459318586 1.75129327728471
1.54048254930629 7.50641566520459 0.669541050329047 -0.933477202143872
5.97893591760432 -6.80568579720667 -1.45659496291294 -0.712959906066377
1.79168664918653 5.74515041672598 3.41920803879286 -0.518721271705416
-10.5456861699326 -4.86320264859475 -0.537189516276515 0.294763112208098
-9.9941978358631 -3.66559152562377 1.10911853753644 -0.790199475194318
8.66281060909813 -5.22895796603579 2.07071916501733 2.38185499066401
0.808666407934254 5.38402360597735 0.943427628574281 0.70685615763397
0.700378069834315 5.97772222634941 -4.34268606965013 -1.94298771315878
8.41406412375786 -6.04837040689277 0.655209369010081 -0.962559486249851
1.00323292063336 6.00698005348602 3.98142588714178 0.822519669193085
1.09363277506227 5.27245987012078 1.98460933874666 -0.222412732055238
1.22065429314875 4.89691755643052 -2.02207336149755 -1.25214205290348
-1.07498505996379 5.16236497128656 1.91402007919294 0.924758510778466
-9.03960663190273 -5.96901840095443 1.15992930566928 0.277358453512721
0.923361520054961 3.52746472937079 -3.83858177952985 -2.32249291015503
-1.13070624777693 6.05397615615283 -4.35912754903403 -0.845723205798886
1.95453526891113 5.11529773516688 2.97167291133158 -0.449752047184436
7.78674536718658 -5.50047198813236 -0.304675672330246 1.1352153193449
5.84303482048745 -5.5800782663023 -1.49384170629061 -0.353689017254432
7.4223613575838 -6.08817165614362 0.585272295900138 1.52472038607884
-0.899510518108595 4.398937957592 -4.55700009144972 -0.0859756924268465
1.47274476700249 5.60265061049648 3.35129381490953 -0.0870235209638847
2.04900765665169 5.8666001849471 2.12176758801279 0.505713458810299
2.16737359728084 6.63281355218163 2.31966083555505 1.09760141934816
-7.52586824035745 -3.56489020811944 0.547410079096979 -1.52994429558708
-9.63005801410475 -5.07673632466141 -0.511191608447877 -0.67454230150128
5.28880985287156 -4.51916295927949 0.0488254139307378 -2.85700769019009
5.54302252042602 -6.19534491672333 1.73389455127621 0.491243368254992
7.31913099704209 -4.79684420416997 0.740121622593131 1.93318121383956
6.46521518612277 -4.56271398260811 -0.256220215058792 -1.33979315961381
0.687339626001397 3.55827825277748 -6.52515505956438 1.81228746578705
7.19992309574409 -5.83680687369764 -0.954300870513404 0.6087154327795
0.517136131671901 4.16725675454805 -5.45753341672961 -2.62258814806218
0.100815300417591 4.17965184055348 -1.5863635371454 -2.08407225249498
1.00052825184 4.31879962663922 -3.29625435737144 1.52528211849944
-7.49762942491364 -4.25133452015873 0.0671482605697306 0.495116008214282
6.10626061444593 -5.77745982894123 -1.05565541406766 0.696635390104635
-7.52305069904651 -3.42717701582468 0.441861566304665 0.533222327916524
6.12716550969456 -6.30267548520025 1.39515815568692 2.70945803662528
-11.2631431041239 -3.90370310076823 -0.0523789186192507 -1.19421870415602
-9.56947178218002 -5.81492049321907 1.1843093025367 0.361092461054932
3.78635351145626 4.82642296752958 1.99329492541136 1.48956523030341
-8.53461978957541 -3.79391754103946 0.548267914871088 1.10153922127525
0.756242527355886 5.54690804710259 -3.01762557277611 0.427481787332679
-1.36500453596972 3.99521742421042 -4.25361900592997 0.858241978381903
-8.80331385776435 -3.08719348366687 1.16106890361711 -0.67869908126961
-9.27379255023686 -4.20567127473427 0.433074127046805 -2.35035918195167
-0.69738204296953 5.872932983532 4.00368670708534 0.0610769043783773
-8.54555712361534 -4.29673235199887 0.695728654925252 0.124253938381861
1.45442792425537 5.49180158324865 3.67929772273712 0.152395920647377
0.35576273799816 1.93990488058156 -3.58924737158749 0.361577803232695
2.42884338417039 2.66279040006411 4.99123872872199 -1.72858523605772
-8.88077780726575 -3.05598461616377 1.62365525863333 -2.36439290991095
1.19410742695135 5.78901810487292 1.24791694414967 0.76878287726127
0.311294574240113 7.08001050743752 1.60626432983235 0.261080301534643
-2.01459800450461 3.52939709224223 -3.91143843242041 0.687597269386352
-0.697639903317086 7.3612096862095 2.29162258958318 0.447728183563994
-7.71228359664249 -4.43630996237927 -0.281364275348564 -0.250610056465626
7.49172140393724 -7.83571568763784 1.2945231685048 -0.85743637577305
-0.37952537951014 5.41863911705567 -5.07896473103181 1.63277036721469
