"LD1" "LD2" "LD3" "LD4"
0.461248855571014 6.75769535377058 -0.667583572557552 1.24599351748955
0.700378069834315 5.9777222263494 4.34268606965012 1.94298771315878
0.937271755197759 5.71228158745421 -2.75507285760531 0.235120473838384
0.378809144114863 4.73112366805584 4.51056286834475 1.47823941629232
1.45442792425536 5.49180158324865 -3.67929772273711 -0.152395920647377
-9.99419783586309 -3.66559152562377 -1.10911853753643 0.79019947519432
0.808666407934249 5.38402360597734 -0.943427628574279 -0.706856157633973
0.658026003496727 4.92600324302073 -2.09947190714375 -1.02955376157275
-0.697639903317092 7.36120968620949 -2.29162258958318 -0.447728183563997
2.2988209141971 6.48095205351781 -2.4168770698386 1.29297452118213
7.79817631579014 -5.80434626833966 -1.67144418549199 -2.30133443010015
2.87547497149592 4.7468628919285 -2.9888631425865 0.532681232322635
-1.90898343277954 5.88432844282771 2.22154792731383 -0.870944779970429
7.37210970207149 -5.84493204206106 -0.860934594490315 0.0895646121827458
-7.5230506990465 -3.42717701582468 -0.441861566304657 -0.533222327916523
9.11849470618125 -5.3215886947759 0.407825256678284 -1.36798541483534
1.69264425360221 5.80655577089708 -0.94353760058692 0.741169101110901
1.19410742695135 5.78901810487291 -1.24791694414966 -0.768782877261266
-9.35039765772498 -3.49117396459496 -0.620478459932646 -0.00370161545866769
-8.39916522915496 -3.51382851253106 -1.16189068642096 1.18657712758829
-9.42183493050118 -3.72427792038919 -1.20132492321813 -1.20322628749191
1.13144240997765 6.87546962204323 -2.19194627117413 -0.300740536671547
-10.9549862068171 -2.22518445786621 -0.742613330414857 -0.454144817569595
0.292053819356256 5.54344743135764 -2.0155259771796 -1.62604540975168
-8.9784119689822 -3.77857400398445 -2.48846135229285 -0.0942009681124071
-9.56947178218001 -5.81492049321907 -1.1843093025367 -0.361092461054932
8.12706206430807 -5.53251218580822 0.742216909205618 -1.15511943937888
8.04365563343376 -4.52578645853185 2.67038555530515 0.984706178028391
-7.75626909589857 -4.65145021172379 -0.562346030600603 1.09552125190145
0.858858881896366 5.81539451929355 -3.57968864101063 -0.294252691149614
1.33505070387953 6.93110520896242 -2.26441315482184 -0.39051316308341
7.46076486107877 -5.52633659200335 -0.295224595872989 -0.308183062736712
-0.89951051810859 4.398937957592 4.55700009144971 0.0859756924268459
7.06543716895141 -6.06896855774094 1.20343449982222 -1.86631666734638
6.21855788181258 -5.26791679778273 1.34578881375621 -0.617170950809591
2.81476789174554 5.83348165193291 -2.13447968587862 -1.71961895191819
-1.4635478330303 3.92915965220676 5.12066390859393 -2.21391287057466
-0.379525379510136 5.41863911705567 5.07896473103181 -1.63277036721469
1.11049093654353 7.1806239907799 -1.3209761514169 -0.870429075949386
7.97106365038632 -6.85034261887487 0.340359919078691 1.10159701227779
7.40936564160257 -4.86619945214948 -0.538002467139467 -0.208073140870274
-10.0919019846287 -5.17644816956521 -0.307679385198436 -2.41096783279566
-8.78528789583311 -4.55465279414776 0.406337922107126 0.281035728456978
-8.92608658822268 -2.62203864115695 -0.225597298496271 0.660142720595612
4.63615369693368 -5.71521971582134 -0.904426024343431 -0.523463165637943
-9.85627901961339 -2.30833368995188 -1.23002979648295 -0.375417871309345
7.4405381264085 -6.10422383471709 -0.437335199459508 0.363532933223992
1.78931287965494 6.23452147550238 -1.86744105424311 0.354299933517296
-0.940186684573075 2.9714727923257 2.6804628865548 0.514121160686586
5.69915826152562 -4.66107934653219 -0.955190180380243 -0.743084755598482
-7.65927801727267 -3.57731073940684 -1.25309970504745 0.519033134435293
1.79168664918652 5.74515041672597 -3.41920803879285 0.518721271705414
7.48779784277212 -6.13656677939962 1.55179819115048 -1.61365820424135
1.35170005029226 5.79490963434965 -3.54162081509112 -1.15538789037642
4.42560103234913 -4.79236116962998 1.0816978488578 -2.2570805770145
7.58299952808638 -7.56803992954015 0.0047675137082884 -0.273197325046526
-0.697382042969535 5.87293298353199 -4.00368670708533 -0.0610769043783739
1.91143604650104 5.37879022387752 -2.6622269040637 0.818375764717248
1.00052825184 4.31879962663921 3.29625435737143 -1.52528211849945
0.355762737998165 1.93990488058156 3.58924737158747 -0.361577803232697
5.82998659551218 -4.69878786053827 -0.849328311659908 1.9016179077301
-10.2456511366938 -3.59361489838224 -0.486345334154332 -0.0754684339236671
2.42884338417038 2.6627904000641 -4.99123872872198 1.72858523605772
-9.92112756865158 -3.98827176193283 -1.28855744754093 0.136699743378312
0.923361520054966 3.52746472937079 3.83858177952983 2.32249291015504
5.74800382566495 -5.31243216136007 -0.352626336770061 -0.074962126083714
6.28187657102274 -5.52606066576356 -0.0040209804388281 1.0059243211144
-8.57232293963417 -2.54821541418567 -1.03101595293046 0.186125055434397
7.4223613575838 -6.0881716561436 -0.585272295900137 -1.52472038607884
1.47274476700248 5.60265061049647 -3.35129381490952 0.0870235209638829
2.8366755329638 6.14540872137241 -2.16799154798438 -1.58654498018312
-0.295862019307551 2.56168525033046 2.63031219587012 0.669369130484663
1.85167645187755 3.57133845306659 3.80344434078858 0.523275386118982
1.41062436811841 4.79905621004487 -2.39156863116847 -0.0626507725324151
-10.3955689581512 -4.27299806968756 -1.35008990832007 1.27293974861028
7.78674536718658 -5.50047198813235 0.304675672330244 -1.1352153193449
6.33203165628403 -5.97573569187569 0.413815313518639 -0.294685494218915
1.35038506983975 6.76291427627222 -2.42215656126422 -1.38761910851253
8.66281060909812 -5.22895796603578 -2.07071916501733 -2.38185499066401
1.73228674120166 6.23925632700326 -1.75233946992727 0.410843440110706
7.39586318677172 -6.42743616288358 2.66270500423134 0.112268861294421
-5.72539443938134 -3.73936370370818 -0.644196138494614 0.935414227507287
-8.45220268945631 -4.53557871015993 -1.337716851942 0.104320923527952
-8.37403317066837 -2.3611323824357 0.732765528465171 -2.49219945040902
2.44160589489448 5.97876770869752 -1.06599054457202 -1.1562932601296
7.35666426175894 -3.81161301347368 1.17541322631671 1.19781646541686
7.31913099704209 -4.79684420416996 -0.740121622593125 -1.93318121383957
-9.26052872337413 -3.066506255236 -1.34016484742776 -0.367617288955653
7.17869782998459 -6.34824739639017 0.230847467090271 0.324880231371018
7.49172140393724 -7.83571568763783 -1.2945231685048 0.857436375773055
-9.86287578790261 -1.38424389748355 -1.83882064266391 0.0134794613986676
-1.13070624777693 6.05397615615282 4.35912754903402 0.845723205798885
0.40459578050197 4.67054722090599 2.50105913078832 -0.0175748005108283
6.46521518612276 -4.56271398260809 0.256220215058791 1.33979315961381
5.28880985287156 -4.51916295927948 -0.0488254139307423 2.85700769019009
-8.07333321375018 -3.28526755121981 -0.921946711734436 -0.839922350666863
-8.85802117362077 -3.70920482475089 -0.835813327611599 -0.918261003505702
-8.69703554221921 -3.16271003575201 1.20339853205827 -1.05353185996501
1.18161241558926 6.63804277514439 -1.62102831855116 1.41643980760002
-2.29841360289843 3.90806000018834 4.29566195375279 0.0265784219850983
7.44202494836503 -6.54687814408622 -1.35004973448632 0.51202469500005
-11.2726926949955 -2.61907323821151 -0.200661006154243 0.60209796900014
0.620795291854045 4.70746867453103 -1.77782697120259 -0.51028999240469
-11.2631431041239 -3.90370310076824 0.0523789186192548 1.19421870415603
0.6585247905146 6.83522439796736 -3.32693088002368 -0.164919452578207
7.77483904965205 -7.41986829629678 0.704249753998483 -1.83632944342407
1.72077064524868 5.75196010608966 -3.91423569693399 -0.0830608928708576
7.08150247025784 -3.92344035329499 -0.593662493788197 -0.375192916976393
-9.10066226188872 -3.58815657972886 -0.996522342284011 0.280825443688617
7.4452939435511 -5.45596102859544 -0.214990639250801 -0.221614460073964
0.756242527355891 5.54690804710259 3.0176255727761 -0.427481787332678
1.56932370524512 3.45562446900634 -3.01605692682592 -1.50850417353048
-9.63005801410474 -5.07673632466142 0.511191608447879 0.674542301501281
-9.27379255023684 -4.20567127473428 -0.433074127046805 2.35035918195167
1.25241384753329 4.35031247495724 2.91681759422957 -0.983964599302826
0.687339626001401 3.55827825277749 6.52515505956437 -1.81228746578705
0.417024343120016 3.86327814186584 5.48513843390604 -0.0235048842584493
8.15177453741347 -6.52880774186986 1.85093434505606 -1.05479171346468
0.707461701524561 4.67535498578628 -3.31200697749773 0.894985594252941
2.90414760680817 6.692181664698 -1.45582741836522 -0.105662302679948
-10.4711002170781 -3.98474825012271 1.27418711429499 -0.202958614289268
1.83283962372438 5.71731536057412 -3.00640519565964 0.465764165240761
-9.25984827687888 -4.9577002288552 -0.711841930460911 -0.673888512601258
6.64901452526138 -4.90564714252038 -1.72002500416939 -0.582172667325785
7.77591836800293 -4.46051219621137 0.822672574389459 0.566094492014744
-9.00119428905079 -4.8656929905568 -0.921793913850324 0.815594713748636
0.601938584761834 5.38495956064994 -2.60776298634904 1.63019595930451
-10.533233251858 -2.84177885328771 -1.10444211652253 1.11581570354469
-9.8239708485199 -3.73113157035655 -0.00303073824150403 0.655888820108311
1.00323292063336 6.00698005348602 -3.98142588714177 -0.822519669193085
5.37391197684387 -4.53125841763473 -2.17132654798777 0.361856556086468
2.8246780307674 6.67309441780262 -2.66190641126922 1.04842746029128
-8.50129139260737 -3.47312115999569 -0.426279037396112 0.162984353648876
1.4675696160253 5.05902627310775 -3.40933960112818 -0.269552879143603
0.620654621228631 4.99995769504427 1.00025823268432 0.713846701898442
-0.146031747484265 3.75420386127182 2.8037696127774 -1.14741747093509
6.10626061444593 -5.77745982894121 1.05565541406765 -0.696635390104638
-8.6631991259025 -4.15514652937367 -0.346587356525331 1.43726766094319
0.94202666870419 3.48486699962998 4.5355124322806 1.29505018819684
7.19992309574409 -5.83680687369763 0.954300870513404 -0.608715432779497
7.30879314504051 -5.7112921562997 -0.257921221610372 0.641085542007924
-1.59344019630424 1.66430668750659 5.27214459318585 -1.75129327728471
1.54048254930628 7.50641566520459 -0.669541050329045 0.933477202143869
-0.802644957913208 5.19128379895432 2.80162158721325 -0.89721202415911
-9.67966726448134 -3.38321298170055 -0.1962417676931 0.0753219385234978
1.90763084711214 6.63107125465922 -2.57117521288132 0.60938807199372
-0.995735165982094 6.33132125630346 2.97216648454281 1.20307132705129
-2.42314022521071 5.55808457973185 4.98970225924371 -1.89726634892101
0.517136131671906 4.16725675454805 5.45753341672959 2.62258814806218
5.97893591760432 -6.80568579720666 1.45659496291294 0.71295990606638
0.0835847771607447 4.5030150386131 3.12111634803217 1.43925256706449
6.78973008740913 -7.16486160449581 -0.360868315705093 1.32379199547974
6.69443415292999 -7.02246384788983 -0.536269920676783 0.311979540425168
-10.8873128169549 -3.45575420278533 -1.28050930100494 -0.56977336034577
4.23354923556916 7.66684269775847 -2.5452251596933 0.290744859297334
3.78635351145625 4.82642296752958 -1.99329492541136 -1.48956523030342
0.405344704923344 3.85266651997189 4.51117767335388 0.233926858458884
7.76482337430569 -6.38003728670739 1.4759288524725 1.94115116965647
-1.36500453596972 3.99521742421043 4.25361900592996 -0.858241978381901
1.44879616124058 7.34358194854544 -2.72217832854013 -2.31919080215923
-9.03960663190272 -5.96901840095444 -1.15992930566927 -0.277358453512722
2.00620407421892 5.83981066376866 -1.34749998929539 0.188040754794377
8.42991462279925 -4.50928278667273 -0.798388231248361 -0.60129092131278
-8.20117626387739 -3.39680742805695 -0.462551164097692 0.130476444771475
7.54051045437338 -4.86863650808314 -0.396601332499865 0.828729996895478
-1.42996413266158 3.61850954995153 0.607130541179602 0.457700740942956
-6.51564984363392 -4.28921586477691 -0.449202059436788 -2.12151451886324
8.24504429894221 -5.56534806966484 -0.718753400450169 2.00840009553308
-8.5144039024821 -3.89224446536372 -1.35049231970989 2.13333840417423
-9.86028809010265 -5.00377421967852 0.699069204216253 -0.0117242968769314
-9.37911841422183 -1.32218248677666 -1.63715199736277 -0.228969810994181
5.83648004885455 -5.58313940770243 -1.51634508908957 -0.54363810905178
2.42956187950171 5.99672212801576 -4.18522691236199 -0.119257441708063
0.26538361817644 6.7476992601366 -2.89506489524734 1.52114230365997
-9.25690462713215 -2.92630048643959 -0.611918482212754 -0.827549968278128
-0.814072027420323 4.48680258588179 4.68192742358636 -1.02572526998005
7.53297626958645 -7.53549311537172 -1.29894882718455 0.49624536809554
1.51259034580652 3.60764350210007 5.3318631586429 -0.466442939733821
-8.64042026704255 -4.51945579623411 -3.22001215522074 -0.97242956274861
-7.49762942491364 -4.25133452015874 -0.0671482605697239 -0.49511600821428
1.42633170046994 3.81163578143343 3.88119585956682 0.735130941708407
-0.401955634018484 6.55655133373453 -1.85507478474516 -0.906737844268777
8.4237834099934 -4.82748403373297 0.667944677930478 0.187995679815759
0.21080824344574 2.42164183924936 3.90751469465235 0.460054747446203
1.79621833226485 5.83174041409655 -2.58266820409978 0.291809009359531
-9.53645912084896 -2.22887539728688 0.26708602448541 0.746954929691801
0.978359373786486 5.08693448007878 -1.81780891960761 0.537225437910826
0.498405880651694 6.3680306963976 -2.58964282073271 -0.903595052180677
7.39596819033403 -6.4597697300717 -0.665091247234096 1.51962197700075
8.00997061394555 -5.61281343493155 -0.207679592113042 -0.195848151618377
1.52060424766188 7.0008306500467 -2.45143312880852 0.183044497051187
6.99918555545954 -7.24652001110967 0.51015847880257 0.807192782310422
-9.83919353683026 -4.94726849671919 -0.0725330741467036 -1.40291526369139
-1.16907533549396 3.8265549108455 4.45705157752567 0.366415609491266
-9.52393066730209 -4.77158380642211 -0.0135945966216708 0.527172748514194
-1.07498505996379 5.16236497128655 -1.91402007919294 -0.924758510778465
-9.55752763311728 -2.89957106450248 0.073168055679658 -0.765970824973192
1.0569864638903 5.44615685084208 -3.3007589776732 -1.01408091943307
-8.78743171099969 -3.95796615026879 -1.3346043031125 0.0532420875325704
0.509371217883812 6.21846321762868 -1.58299316791372 0.676256069842842
7.202915745784 -6.54167440124446 -1.2633343431108 0.0201137238656983
6.47038982977802 -4.31151225507214 -1.04255503817468 -0.996469334847305
1.95453526891113 5.11529773516687 -2.97167291133158 0.449752047184435
-8.54555712361532 -4.29673235199887 -0.695728654925248 -0.124253938381862
0.176740269918544 3.12726054519796 6.09423367227217 1.49108285566987
-9.67510398196397 -4.43130951087434 0.561505578950629 -1.17994711330511
-1.11960312771928 3.84600829189658 3.47695677762721 0.346697975605644
-9.58532484838282 -3.17773364421636 -0.857340389474385 -0.243945903336033
5.54302252042602 -6.19534491672332 -1.73389455127621 -0.491243368254995
1.51279261146538 7.32392689268826 -0.451157368008473 0.241419150919845
-7.52586824035744 -3.56489020811944 -0.547410079096976 1.52994429558709
-2.22119372556401 4.05642940963656 5.54152325362329 -1.69584555339343
0.100815300417587 4.17965184055348 1.58636353714539 2.08407225249497
7.09804174275596 -5.8629887955413 -0.90293984149561 1.52327429807978
1.62573402871418 4.26057216457989 4.28016990085367 0.367837366412787
-0.0451831093370159 2.82917927443421 4.56489595978868 -0.764787881742734
0.200370175912048 3.77918748510161 4.75541573781223 -1.8832154055282
0.525296631655883 5.48092955331954 -2.03949293979607 1.02648225679424
-7.88312615939809 -3.10774503601698 -0.673556953334032 1.12444570343017
6.12821265568014 -5.18996614322991 -0.00967820219108353 0.123952005162308
-10.0725039839907 -5.15677500883551 0.669093383054985 0.5147155452521
1.76046681339945 6.52062904026562 -2.35537245494487 0.510718665850552
1.64241419246301 5.30635176019051 -1.56515854641336 1.43792082282922
-0.312143863925637 2.4432553095587 3.11667055649736 -1.18638960912338
-10.5456861699326 -4.86320264859475 0.537189516276519 -0.294763112208096
-9.09122950184203 -4.28164610245004 0.0819545932103627 -0.129252255558643
1.53122467688736 7.17481631211008 -2.35128735146955 0.425780229534554
3.01595727574632 6.50236795891829 -3.23715721337531 -2.06578763407923
1.34886502847373 5.24811267513749 4.81759211839658 -2.16100335802299
-8.80331385776434 -3.08719348366687 -1.1610689036171 0.678699081269612
-7.71228359664248 -4.43630996237927 0.281364275348566 0.250610056465632
2.31145207644882 8.09445144442753 -3.07545205023472 0.382187699474236
6.73925312762747 -5.14464958146289 -0.552910049945557 0.491582949087194
1.99852592157371 8.54981254590926 -2.25220497943632 0.825105753909262
-1.30677580217763 4.43788757759438 4.87977593474883 1.59150720921076
-8.410348028416 -3.44121470542454 -1.92700076217524 0.495021270243578
8.18721091195955 -5.04608516211711 1.01523865853727 1.56764016538359
1.0940234069688 5.31855848514999 -2.14985072964715 0.606648323057263
7.78389597375017 -5.47955196411926 0.528437709583012 -0.149899880813164
7.55548573434312 -5.5425284338693 -0.177336385406795 0.183893071412844
-8.5346197895754 -3.79391754103946 -0.548267914871081 -1.10153922127525
-8.88077780726574 -3.05598461616378 -1.62365525863333 2.36439290991095
-9.19081241825093 -4.3099719858787 2.40701878914702 -0.583486586272528
0.31129457424011 7.08001050743751 -1.60626432983235 -0.261080301534638
0.0488298212220235 2.47002370406324 5.16204403990681 -0.739490232439147
0.841913347685842 8.38714612542839 -0.91692598745203 -2.04599254217822
6.62991769497575 -6.4976865569965 0.92460233609569 -0.350231253812751
7.65431967808653 -4.14797877531033 1.4701207194539 0.823854878114565
-1.28224678469219 3.85762642132906 3.41719036982892 0.281415140290474
1.59741306277395 6.40426347944281 -1.46762767493908 0.356131299625591
6.75353561165576 -5.45153751749048 -0.632581612304085 2.83913121764307
6.68726838816039 -5.88663170650113 0.636674220709869 0.455572821858862
1.09687312109761 4.94970556069324 -1.88590634324149 0.428030597415696
7.10002717755003 -6.79642725600798 0.480374767241312 1.72038200306448
0.00115475228609712 6.20604423649654 3.7458227393706 0.330230368427108
0.365041080137053 6.26007877410284 -3.40704192649397 -0.598663891707202
-0.699838584500559 4.34602164908708 3.93376033107628 0.434735074570877
1.42101583443247 6.36527963116167 -1.7649356596874 -0.803835461181858
2.16737359728083 6.63281355218163 -2.31966083555504 -1.09760141934817
6.5441306950345 -5.07772925806026 -0.954514874315601 -1.6872976742238
-10.1378678616527 -4.48734635369727 -0.150798993976431 -1.83014832829596
-2.09748216183295 3.21434803406904 3.5141800872884 2.48850538843807
6.87540220345643 -3.59898065937751 -0.497906974674326 0.341517639918231
5.48215169145485 -6.8458984150084 -1.52880325644044 0.852217727484336
-9.421554504713 -5.33422277578817 -0.621227928065644 0.336303828809459
-8.4681896605665 -3.66296219245627 -2.82690982698139 0.502595725098508
7.37270584238929 -4.97710852905595 0.435790860207635 0.562957547270683
-7.83038551416738 -4.15081772327952 1.54276559901205 0.252455818408763
7.74650591843443 -6.58597898593814 -0.365863258729159 -1.39682499565978
1.65653408104512 5.71742515630666 -2.35279692986615 0.76732227741864
-9.00081014040667 -2.69975547771292 -0.53146236418536 -0.382478585698154
7.35061634501519 -7.56470142322997 -0.720460562356396 -0.0798371198178683
1.09363277506226 5.27245987012077 -1.98460933874666 0.222412732055236
1.22065429314876 4.89691755643052 2.02207336149754 1.25214205290349
-2.0145980045046 3.52939709224223 3.9114384324204 -0.687597269386351
-10.7971943906435 -4.97976934350393 -0.97557857308363 -2.5967924272896
-2.0989921967071 4.35371681327859 3.47962817908025 2.2570851917071
7.7760133635305 -5.06428190490965 -0.0750855861740384 -0.243557601499063
0.606701940325554 5.08077875867564 3.95319096400626 -1.1042972782972
5.84303482048745 -5.58007826630229 1.49384170629061 0.353689017254434
8.41406412375785 -6.04837040689276 -0.655209369010082 0.962559486249852
6.12716550969455 -6.30267548520024 -1.39515815568691 -2.70945803662528
0.306716333382897 4.15366364334968 -1.79650864368604 0.919999633928669
1.08327659020577 7.86629153719837 -1.10947559556218 0.375228986063359
0.60602807313015 2.85890922188838 4.34697874126218 -2.86993217555209
2.43869875727292 6.88271315197044 -3.66624027617378 0.687749194234969
0.171197565307568 2.59462525140548 3.74246203241785 1.54876353784914
-10.3780579286836 -4.94642547084758 1.06125265128 0.187273056679439
0.795780968343409 7.51249854029537 -0.919124652495873 -0.325925413139916
-0.427155895677299 4.7361485708226 4.34919747639119 0.607198475624266
0.717598252980767 5.65208807655076 3.19575900572647 -0.906066801199238
3.16355732150222 7.83036650820305 -2.69452707939149 0.0799158283179946
0.159444020533958 3.93497698768353 3.78582970394006 0.515847744579355
2.02573117928566 7.44823161456946 -1.70272816580795 1.00729009752667
8.29317628552397 -5.81779576781869 0.124722736116701 -0.416149178983398
7.57438478805837 -5.08650397093254 -0.196455234374747 -0.82787941636565
2.04900765665168 5.86660018494709 -2.12176758801278 -0.505713458810301
6.7671052319836 -5.22522510506555 -0.616170592706975 -0.0344381012563432
-0.434965477511946 2.88953702387778 5.47234771215945 1.8572157210309
5.92365028912629 -5.15289369131469 0.0731089631305187 -0.991759065705806
