"LD1" "LD2" "LD3" "LD4"
9.19761766769545 4.66469833912677 1.24507096669884 -1.33793827546542
-8.83902685987227 6.04919715202038 -0.458492191478636 0.849955693504023
8.9708151649785 6.47717947080988 -0.336527404197009 0.649158623020916
1.82615090572266 -3.88702278816577 -3.50129891369164 0.301180552520293
2.64264436521955 -3.08324442655702 -3.43693257776709 2.28577319585848
2.90960701061278 -3.60565993628986 -4.06128193402965 -0.69603527356213
-6.20736429549616 4.16825016251195 0.143245019545809 2.70299723475658
-0.305955379935231 -4.56230906986095 3.58690384435593 0.546083924884325
2.31458890846347 -1.76435166249356 -5.32825043663054 -2.05201872544153
-7.03769550318822 4.29205034070122 0.638600176740352 -1.54369689556695
-0.723812873772391 -5.81350407183937 1.36076274020357 -0.567019533040049
5.92689948528678 5.06618723137645 0.607493818519366 -2.20056923961757
-0.292214424932374 -4.76669264177785 -3.13536297569413 -0.90741242891458
-1.82386544226689 -6.32785253634507 1.86044137745211 -1.40853559830759
0.428062732962529 -2.68408497838987 -5.32076518339537 -0.43123116213913
-0.279897583835483 -7.84671632155935 1.38531471567314 0.149722700253733
0.218477410547571 -5.83641525365455 -3.12623094584868 -0.374777011142383
1.43061290557002 -4.45076474266653 -4.52135390038947 -1.17763023562404
8.4625184697087 4.64119323936458 0.886618887212808 -0.860836584097922
-8.28918081058222 4.27341494762383 0.874927601128753 -2.1035331782809
0.237862102913829 -6.20535146435908 3.49873875649036 -0.449951851420797
1.90162288002357 -3.22400371069213 -2.94667361390626 0.460434567792059
-0.183601196921567 -7.26155432963349 1.49483623223334 -1.13690308475257
-6.87536064875173 5.97715457134606 1.97646165920062 -0.679094451501937
-5.28308775794843 5.17473743097113 0.650885721630754 -0.395859876578998
-7.37984266742945 2.88205798397762 0.323266875588777 0.409646577444826
10.5633472063107 4.50103768962656 1.14039041328422 -0.0807637458593051
7.74214437687124 3.52725980430752 -0.228313092544522 -2.79026194404421
-6.85694840261915 5.11488463566286 -1.47487509568096 0.371966823416645
-8.58176896695696 3.75796384057576 -0.859252320515902 0.550187437213185
-8.47620169991516 4.53480577377735 -0.145746631936701 0.138284082524047
0.233905436061128 -6.4048539697731 3.60372663037024 -0.571764816639427
-8.38618645435695 4.93429961463298 0.394959011523814 -0.6508613308477
5.81670446248546 4.01315007558337 0.238022069146151 1.1596460817791
7.97446742181209 4.24785825274848 0.581069019050759 -0.176537342363494
7.36434198034458 4.24583894655858 0.481836316351037 1.43425352492404
-8.6965998859597 4.88228423958711 -0.335113647515597 -0.707309929054747
-1.98194043992918 -6.98032046599959 2.99712916350214 -1.77482049850362
-7.13291387030963 5.23448208593259 -1.16210832967433 -0.41098102999666
-9.45615386372574 5.33945880114658 0.650508159853202 0.819051284637785
10.0651677989347 5.85990875597147 -1.20753019489836 0.386386097462961
0.953063961419377 -6.37984264310991 -3.79788570050624 0.434127836611887
8.83228701334 3.84108629604119 1.49125095857919 2.36937165751892
-6.84812378163429 4.40042087519193 1.18279498224813 -0.828985343872496
6.90961400232177 5.13748361675144 0.257456878398799 -0.643001108960842
8.33562884185023 4.11297813256002 -1.02200024392358 -1.18492286688619
-7.64408523908421 6.39350383352687 0.448823275391601 0.127045638675982
-6.51961010610334 4.69292616252414 0.0819054291967726 0.28771311656958
0.315542177931154 -4.74420910875196 -2.32532480037689 -0.425805299991796
-0.451239153379664 -7.16724893062198 2.0922398704329 0.0676310747313918
-0.728043808981216 -5.13506946712881 2.38410801859506 -0.20434658214385
9.32617530304019 5.63850161583041 -0.0127066597373129 0.279549436753965
0.309579601709697 -6.44492497514484 2.56623071533096 -0.736231155635268
-7.53121574373129 5.56431402310548 -0.289908845290187 -0.354630804967374
-0.872584246579012 -6.14759363111612 2.61005244010032 1.01655851862299
9.71133884325051 4.91488378663113 1.20832840249609 0.178790615179169
9.36498263054413 2.62065712534528 2.10186713144798 0.185618488546785
8.56268747600398 4.8803125100112 0.336953730112667 0.129850717853627
1.41056895757874 -5.56819045976781 -5.01579213366557 -1.93491248481289
-0.0172505869281267 -6.77074039839897 3.49814667952508 -0.153401851716617
8.76832925124523 4.615066164732 0.864693425738374 -0.0832210493692218
-8.70996450323406 6.97524637192424 0.632828400910753 0.160652219124667
0.0111053367557701 -5.83079568901957 2.91223668426177 -0.605946514143114
-1.63609802460823 -8.31813909841104 2.8495371651353 0.54617617633075
0.0665232140104271 -6.44708147213944 3.32809808103802 1.32685272162874
9.48640132257601 5.68049542095477 1.81212644000081 0.989269823257414
-6.8710440887261 3.58211194145904 0.846101583511302 -1.1100486234136
8.75856520211324 5.23045553263153 0.562155216754051 2.22182789736981
8.9568928570535 3.41092440474181 0.162242879980179 0.573773914058038
0.118379833936512 -5.2649562144996 -3.95962464316518 -0.987494266109678
8.30142262660229 5.45763482197506 -0.370512651696093 0.308351477981088
0.681700256583929 -4.62289254829443 -3.06612797663899 1.18116712969583
8.33545640170326 4.03521941370296 1.16011397926339 1.00847282490738
-8.19062456039845 5.72000240512315 1.05786960394017 0.547887289923688
7.80489575382755 4.94742443139611 1.54548825746149 2.14055967092694
8.45954813639254 5.28812666012493 3.06688584159084 -0.964497692394575
9.39613946493795 3.88246550696562 0.0641312209759046 -1.01357048114922
-1.85489387455453 -7.04172462251064 2.58833052227543 1.01512550254167
0.962784967827389 -6.40740660471872 1.98889063731281 -0.667484848721217
-0.852176071185646 -6.07884036232551 0.856146083992675 0.829098553505343
7.91391373352978 3.73112892474367 0.488344337484926 1.14666061415507
1.65566814941615 -4.4164495964197 -4.44568767521376 -0.195411962651413
0.801099228830217 -3.1354408360502 -4.8135993442111 -0.569415142200234
-7.83711596636737 5.05123494012182 0.5408120695203 1.82244683778579
7.51638731255059 5.04109338639884 -0.501669461848202 0.433255750499528
2.34132935615922 -5.51249289484317 -1.83655731186468 -1.00515849968617
8.56755376502095 4.85307226131709 0.147274259511945 1.48295046145951
0.336053967952196 -3.33068513151282 -6.19174376227032 1.68784488230077
7.90170754003988 4.61893238084945 -1.90422906376415 0.470857441379276
-6.83680719242777 5.1273327434791 1.47000753715354 -0.429760868471394
-0.675004186321181 -5.04940012207638 2.24100352228278 0.116897511749785
-0.874984177858965 -5.55253914605826 3.78272251971776 -0.208833038703238
-8.92252459807497 3.55429804391689 0.495654693971665 -0.482408198055528
-8.70898797335899 4.80457579311922 -0.42654053332757 -0.638682317399918
-3.05198055368229 -5.31456514644228 1.85677599341216 -1.37473429652607
-1.07356399215005 -6.8239696996788 2.60497882482237 0.565608344835135
0.171338913825084 -5.52124673063276 2.10503889368945 0.924828229389985
-1.23326720839622 -5.84753851090973 3.4818001544255 0.599573912302146
-1.7953494754291 -6.1334857556502 1.27810893825939 -1.40325105130866
0.025792337258541 -3.16836216498915 -4.54167517306919 -2.58505749464085
-0.130321056805443 -3.99825958930503 2.00930957706585 0.949931395567526
-1.10638351264291 -7.55714851262726 1.98577211862446 0.462153725646001
-0.506179007662696 -4.34842597001707 -4.29796847363637 1.15204314412479
8.98994576406521 3.39556590650403 0.207325627773542 0.172050281846623
-0.0420725489772802 -5.79466531775366 -3.17609877005022 -0.694185457551801
-8.94946178602961 6.96450776694366 1.23654364189136 0.72743616373223
-0.221250733328472 -3.82321646037904 -4.70055361392688 1.37788879174481
-0.312849177568022 -7.48368985328328 2.25972175713305 0.273184103139206
-0.537886536901715 -5.64975801173941 3.87480866319625 -0.33249613496851
-6.95046548909678 4.73452074096768 -0.0084272193101449 -0.961336493537874
9.68477404659033 3.97754734430522 0.730422204441398 -0.348560341764531
7.74931417485888 4.10009962898082 0.901991854857288 -0.675718800600374
8.16706998961757 4.52144329938896 2.79359415539355 0.529708783656745
-8.8984572941177 4.55739616140782 0.21410758783356 2.50611426698926
-1.56434052629575 -5.92721809923114 2.32473251114519 -0.563492746313536
8.55543237722908 4.60748199292476 1.07749183403175 0.464689379358045
9.02477219876223 3.96963569832957 1.27959362037573 -0.166128076252524
0.0433223452906724 -6.13475407162129 1.79983443513225 0.599081849872851
8.46974391391512 4.08995314457644 1.68038207066592 0.565349082382887
-7.25365693023541 6.41129305047577 -1.33885395483744 0.608406394009869
7.28178657126552 5.47574311551772 0.635360511998725 0.926089290733912
-8.51165664157073 4.95500441467643 0.4238697329266 -0.601801738146236
3.30136925836598 -4.17818400607226 -5.70151704687507 -1.75672744659427
0.0173752657036067 -5.10569647135605 -0.972752757005125 0.743827152886065
-7.01957420786924 3.87545845950846 -0.40470244525087 1.22950233354935
9.19980657433856 4.48653324834224 0.391802519775364 0.00514475150182182
-7.7309176912844 3.23775370841691 0.460859234016054 -0.255413944318958
-7.70099940120616 5.21386976125725 -1.51875972916982 -1.7007429767572
-1.79197373115485 -6.50644609099621 2.72031967984692 1.03333427728955
1.6700132232438 -5.07750260425669 1.85820062367683 -0.560915217845339
9.47856032335158 5.98447827879838 -0.625844114971111 -0.232975190013518
-3.5619181418439 -7.91642816898838 2.8097080906193 0.0794395866148618
0.350800308990414 -3.88932686588638 -4.68955426780563 -1.88942445429041
-7.70724785997017 5.98494769521796 -0.832767793985838 -0.604287904059363
10.0289579973496 6.21889678544244 1.11698244449493 -2.36049348603442
1.36948749019223 -2.97109858379277 -3.00785669804323 0.598904594623079
8.27052859900364 4.28703292109261 1.10597516500513 1.06907967088849
-8.04534524465923 5.07026751328428 0.692173852940466 -0.0839007045649456
-1.37065244707943 -5.9978886599689 1.44321089156851 0.1528409400532
-0.62615525124132 -4.10635008320314 -5.60310607958311 -0.300915380827007
-1.17487607927417 -4.50483242797337 -4.30941604616781 0.661895984243928
-0.494685138183598 -3.75481752964926 -3.97389407606323 2.69410519361817
-8.40031243684185 6.75765880971782 -0.459099253619341 0.87103754320118
-8.14251659227919 5.19742372259053 -1.95975131472054 -1.25081436225377
-0.328549962457775 -7.60909398007343 2.62660619095905 -2.21720470093553
-7.65334723267478 4.63776417426181 0.654881417143135 0.201334300712081
9.63447310240868 2.12292212425984 1.51691915065208 -0.219721381373742
8.77063112032855 5.84501301179018 0.5913663805685 -0.348311976316831
0.563755901632831 -2.78159867085197 -4.20366897768353 0.594552423598886
-9.23189793023977 4.40562927629706 -0.930506594116291 1.44789012802877
-1.0527004757095 -6.32539653252527 1.93947502127911 0.190415877388097
-8.16874363057851 4.12008313927635 0.332709478980395 0.0172532700456804
-0.769157638883577 -4.18387450322023 -4.17462879198508 0.565471893375164
-6.9267336353771 4.60795708925511 -1.50713102784277 -0.539301752737659
-7.77353162188781 5.32243868990682 -0.705328607163504 0.650264489674039
8.48506903229831 5.753092063578 0.828472588610996 1.07488874988423
-8.15664766423191 4.29430114839513 0.0670666986548709 -1.02854904711811
0.617384117620868 -2.40950849227445 -3.94879167898861 -0.433058856005094
8.66941605074617 5.38380192121786 -2.04996120716249 -1.0807310853281
-2.08264280005294 -8.28600394928046 2.49811603368681 0.407848055795769
0.122112920033957 -5.46762739594276 2.10607059026637 -1.30052868772151
-0.283984977500709 -4.82755371079912 2.33612991403259 -1.1244932629262
7.14942657692695 4.23066639754587 0.513650932563322 -0.553114676717484
-0.507096327101749 -5.32335190168852 2.36223780127209 0.287482302432188
-0.139721061901309 -5.45461292252421 1.02995706131535 -0.772465160533299
-0.527025464033891 -5.00000895351841 2.01633128362992 0.24990331773736
3.33871083904644 -5.41145271219182 -4.80698836067924 -2.19304306700584
8.40022493681593 6.53854663575415 0.862027141942626 0.485488089148522
10.604972103747 3.50739079249543 1.04779294572214 -0.656719631777509
-8.54163197124854 4.61258779212988 -0.674935233341827 -0.647886598173631
-7.22799104459778 5.89104110145859 1.50371740985153 -2.88126861600091
-1.65629104671831 -6.60093791842393 2.72315457881521 -1.47063838006042
-0.921517581420368 -5.61409792518977 3.55577249030966 -0.133334664966969
-0.344434210046558 -6.76338524574397 2.71070735900039 -1.22931076763696
-8.16230358247976 5.75291066109189 -0.172388920998172 -0.00803404213022679
2.74729155236391 -3.67238381089336 -4.10656418510654 -0.0581275232443597
10.7271259596076 4.0024097611805 0.576102015236234 0.420209042847437
-8.73185273250254 5.05443992465703 1.45941422225059 -1.98170346819422
0.507567644843414 -2.9092816255203 -4.02557988023621 1.78064232660087
9.29398345666408 5.92022050834009 -0.00175436694844198 -1.04403471687499
-2.43097289978573 -4.95418514410588 3.0639842221903 0.509818061180575
-6.51246608319642 6.4005622671024 1.48543620931035 0.724685950216304
1.34018740407137 -4.35140312866257 -3.84234522529142 0.310785116217222
-8.11552316825312 4.05212893187792 -0.348366594580858 -0.144583804558891
9.91107369747176 6.04028523088053 -0.353930619777059 -0.359121005327808
1.94289565833 -3.9530673928625 -4.61126044307962 0.531257488263905
-1.17387274643616 -5.97899942801113 2.60728235999421 0.409894571141248
-8.49766345333087 3.47327867064117 -1.49599443040074 0.90416236379748
-8.70921294890222 3.7102069067161 -2.74851737035509 0.871009080868261
-8.31883497887314 5.69725524884421 -2.73973094192428 0.0235149830664842
-7.018399981106 4.74957624054467 0.159824376788783 -0.266729772532839
-1.81785478456263 -6.14598409510992 4.28254315021242 -0.156258987410645
7.91571793032209 5.445265305183 1.37411052495154 0.16390244013329
-0.813949117332388 -5.36647088454464 -4.61111670521641 -2.20333268859305
-1.16845458241931 -4.95671919187456 3.73984679673237 -0.524171727284385
-0.935501717027834 -6.96231603938582 2.74064384321389 0.0154199673152992
-0.325532905811274 -5.28192992476152 -2.28638311607936 1.53623242184044
-1.28277766875568 -6.20268748402667 2.2194748162311 0.000631648413908284
-0.660754071254159 -7.4738909044912 0.526870158302555 0.283365684785834
1.28914484721904 -5.78946260666406 3.91530834674294 0.434960454538012
8.57294906966088 5.22649044885242 -0.0711089834509059 0.0703280407498805
1.57899550744524 -7.30529374383091 2.28962186674731 -0.194280045327773
-8.42022866115179 5.83434558131639 0.655016299354042 1.30653946517821
-9.20621521099815 4.17394745332396 1.56814475337505 -1.8750070022562
-5.58269987182925 4.60917941930879 -0.899639483896363 -2.12224504304493
-8.41090090642312 6.70095392844156 -0.298198005800623 -0.282190133047719
2.33656566898882 -4.20817974634915 -4.53537244176593 -0.60358687421818
-7.94522806813887 3.01816195534954 -1.40421626562123 1.44152962641537
-0.737704950101848 -6.84716840884674 2.42844027274444 -0.962878559041379
0.271588049805683 -4.8474847812405 -4.42661866040874 1.36794113357954
-1.96642533255605 -6.50691429880832 2.10117398847582 -1.51285907002742
1.22274305551521 -3.08538746517924 -5.51566053678354 1.52281363045647
-1.32208123214689 -5.516965776029 2.73860066268023 0.756924429005257
-1.42288668539742 -7.36027583287371 3.24035588551633 1.41191141525315
2.15009383480037 -6.1367636865172 -4.39124271008908 0.829257653453615
-9.09906412734438 5.75453037927433 -1.88886291354505 -1.22474837738074
1.23711460279777 -4.99109953401883 -2.48971814518834 -1.04037088928391
-0.708927739058431 -6.54461354434178 1.68203129306577 -0.402457627798671
0.279943597149793 -4.08311795110764 -4.59977104888601 0.321981970820792
0.36244064524353 -7.05858604809143 1.65958679964082 0.0616271127186966
-1.06798994172416 -3.60224330382519 3.05373578157009 -1.66138251490042
-1.01839665074024 -7.372208681371 1.16291151375156 0.510817834504377
-0.771505934629228 -6.47108085247763 2.05856505792208 1.07802279808163
10.7024775398813 3.68730748000091 0.878920147720026 1.18887801254174
11.0753853853914 4.96505103127132 -0.0826081948742432 1.15874614859007
9.60650424737294 3.46529599909062 1.55751849514181 -0.831518954105674
8.47060352465653 4.80321710829217 2.59998452547899 -0.0853492025536431
-8.42286144438377 5.96061299093866 1.16905141552749 0.279859771261013
9.926691688172 4.49994153249243 -0.185286972372983 0.57124472168762
9.89294776458319 5.38720561456224 0.00770573543911376 -1.60895889660699
0.501818625327504 -4.06135150945802 -3.7377064035137 0.339949610758397
9.57059139209618 4.76843634475622 1.25710928834776 0.666933060027349
-8.11016372637217 5.10390386093441 -1.16604568821988 -0.307180942396522
0.0703546704244247 -6.06669007327772 -4.12997309324706 1.60178307838474
0.314858559841191 -4.12795869217062 -5.58784941098146 0.0612531516507207
-0.121869199616703 -7.40660649463327 1.2705823457689 -0.57583978017754
-9.76906028273619 4.31587609549322 -0.680544043770698 -1.24164535117933
0.878594889602088 -3.889588950715 -2.81639848273209 -1.27527444445665
-0.0491315964243131 -8.31135580668528 1.23406578761803 -2.15789275371126
-0.512683611018576 -5.14092205788931 1.83666039042069 0.771478390371
-0.75033546429829 -6.08983284611348 3.67972028072512 0.111164598095338
2.21192703982157 -3.9004282824639 -4.98673603286175 -2.52090063763661
-8.62797275649323 5.51538993041922 0.398602701932749 0.538738605642336
8.45621981255462 4.53587599734735 0.4638814206742 -1.18975739656262
9.25013483594132 3.30068794752877 -0.0440790077495464 0.564345496241586
8.79950938578247 4.05455874830555 0.934591242827317 -1.11339946695768
-7.97542276457647 6.06788562677194 -0.637431235502878 1.59172181170152
-8.11679162549913 5.01548968241656 0.175341629293585 0.481591889481898
-0.708798825623173 -5.63979785672108 1.40012914003301 1.44273148062273
-1.39068318204378 -8.25217907511101 3.22847960408485 0.227410909297549
1.54082997266768 -6.09500931720794 -2.62060741766226 0.991712932848474
2.09676058137582 -4.51113587511904 -4.96128135313641 1.6693737281701
-0.993681017179567 -5.77164132880951 3.65272763930193 -0.836141015563865
0.491523515889008 -4.1887045040641 -1.41709205846308 1.69436226081634
-7.09560975499436 4.87344793194765 -0.224028297815842 1.24193377337554
-8.76705426013107 5.01847767797424 0.268901720705506 0.221232714377791
-7.3451262289341 4.67723541637292 0.354571276335471 2.81458860250058
-6.02006149166482 4.01016097337172 2.01330578092395 0.428603304650689
-9.01561572091108 6.05273161167664 0.506445195789755 -1.55395208529647
8.22211317402927 7.05932021575216 1.38797824170229 -0.501609390626988
7.31335974139185 4.31279215616947 1.13914795585202 0.796535968150865
1.51101654482429 -3.30193072112092 -0.376025549281018 0.598982517305406
-9.06022405364621 4.955818204038 0.210702374352927 -0.200363190666024
-8.77010729487223 5.63442941335917 0.741730272229812 -1.50243606881403
1.61635109686741 -5.06494518691602 -4.58348765717127 0.530350206603893
-8.48218263797592 4.2654719884258 0.430768664188708 0.738232234028787
-9.43157899803057 4.19324249203938 -0.513744222761736 -0.0633140260003019
-0.432900443106424 -4.5048095665311 -3.29121147724253 -1.38581138348322
8.96813014037525 6.15070950638222 -0.359538524155087 0.607728585090314
7.88638371912714 4.53344958851188 0.703261061496639 0.0243202888130536
-0.923095973223703 -5.93803254557196 2.26537902946836 0.95493983405599
9.59420183757377 4.87999074459006 0.861435871046854 -0.328701864702141
10.0261238771032 5.05818421278615 -1.21924191209406 -0.0612829640885428
-2.82181789267344 -6.5557332290813 2.00593069014544 -0.258914498852761
-1.27332141421859 -6.50262765750655 2.62192052869086 0.412516675719657
-8.84197920584007 7.21667572361921 1.1759375221947 1.05526789458429
-8.79683061780817 6.66050782802705 -0.821310161872818 -1.8887086194653
8.661508839153 4.66893261428748 1.07405828197083 0.341057288972984
9.44692099134455 5.34267538938442 -0.54280343661289 -1.34924408575916
3.23393610508321 -4.6164134908112 -3.9875696153281 2.77474908105824
-7.72319904107441 4.422092197824 1.69729990268645 -0.324365588217307
9.42124853924217 6.3345521468821 0.524327769156442 -2.52860782321453
-8.73411486397726 5.61274616409171 -1.62690563623577 1.99122148387605
-1.78875743939038 -5.03125698223242 3.29326814411746 0.370324799655287
-2.07117514048641 -2.9479477721099 4.79934450119229 1.94390261442096
0.0536379947966853 -5.39665800600687 2.71656648869209 1.43750703786829
2.23687277378468 -4.05661027761906 -3.67827441752125 0.432109844367604
-0.0860790673686671 -5.95100658789933 2.52726096330015 0.608874283342578
9.21347403509392 6.73150201664558 1.18842735148221 -0.658907678600358
0.27565539624757 -3.96896103905698 -6.69114983502057 -1.89192652057755
8.32431200965403 3.39472995303871 0.966226214522176 0.475325007029064
0.660994061896031 -2.37336331730032 -2.85667426776214 -1.63897964329028
0.738384779392727 -7.03991887677032 0.458421578988256 1.34288572945246
-7.57550974580519 6.36033102350504 0.0160536206895873 1.42344800345662
-7.55234758127004 4.60229919311494 0.548563616830951 -0.127212985991833
0.0826962414509266 -4.36498329822612 -5.49586060497169 2.71465126365892
-0.802930490212165 -6.57991317489552 1.49360037523589 0.379261224404282
-6.52370325566762 4.13867043308522 0.726299135433586 1.88179978917277
-8.87451737500787 4.73915059992399 -0.797304067407317 -1.37796660376419
-0.0522929660085502 -4.72499743025576 1.89341710967022 -0.651133896364338
