1.51393916017844e-36 5.59696475677279e-37 1.4044182050384e-40 4.0533228914908e-84 1
4.81597039930934e-50 2.81097105119701e-53 1.31719041420765e-55 2.53378055533864e-82 1
7.68766925999948e-43 1.66668724896909e-46 2.86696188634144e-51 4.98334117298382e-86 1
8.13900875794453e-63 3.26635542153182e-39 4.65614954973204e-42 1 8.65671632063755e-81
2.85107496465693e-59 6.74045811766097e-38 6.44802308681464e-40 1 1.83926390247147e-76
1.36610300450266e-46 4.1103211009057e-46 9.1526598482509e-49 7.54224245870211e-85 1
8.4006186520963e-70 7.94745123319782e-47 2.01569329306243e-45 1 1.06978833144939e-88
1.01610170205059e-43 6.7338050921081e-47 2.64721196976078e-52 2.35573728792507e-87 1
9.16828265007082e-42 1.27527713540851e-47 4.24949111899093e-50 2.22130065825022e-84 1
0.999999999999999 3.62208567543379e-16 1.42257450818967e-16 2.09903417676778e-66 2.64691195256484e-38
3.84145980451179e-68 7.58750061291326e-47 2.17150764887119e-48 1 2.12928196224325e-92
4.8827157752624e-63 3.07031807249093e-39 5.13352056491255e-42 1 2.84369495556579e-74
4.70025465355925e-64 1.18612718048586e-42 7.84538036259402e-45 1 6.91537678278212e-91
1.37419211999508e-44 4.81428263786827e-29 8.28488703460005e-29 1 1.60937525711111e-59
7.69536767758779e-60 1.83288119779017e-37 2.04480351939013e-40 1 2.09237326165787e-73
3.36563437862674e-37 9.18821478999656e-42 3.42341990262186e-43 3.75889971538796e-79 1
1.45867566138712e-18 0.000723089893601826 0.999276910106398 6.10194607136227e-38 3.38962894391512e-53
0.999999999999547 4.31177976596244e-13 2.14346235356934e-14 6.82427601287075e-56 5.30827681232312e-39
1 1.30718347853966e-20 7.13220930290869e-20 6.31244779142071e-76 2.84112971872449e-52
0.999999999974039 2.55002365234913e-11 4.61125546494108e-13 1.19352617902197e-56 3.0598242374861e-43
7.86574741781678e-53 4.5969227171834e-53 4.67159578578333e-55 1.6277921805712e-83 1
1.90505169454607e-37 9.17906209135849e-39 4.3952620113151e-40 5.73431354380567e-69 1
1.77153729433071e-49 6.48286815235568e-46 5.51983853023824e-47 3.04749008530577e-85 1
1.06832535356336e-40 6.92030295500218e-41 1.91428000290598e-43 5.3399539718221e-69 1
3.41246971870602e-45 3.91020659446897e-48 9.13978967527613e-51 1.33106444113929e-87 1
1.26636981601449e-21 0.00166756509313821 0.998332434906862 8.03608817771086e-31 1.16816217041374e-42
0.999999999989666 1.03181538222951e-11 1.53975170901766e-14 2.6667006939606e-55 2.59099548072703e-40
1.30280675981475e-55 1.97426380269548e-37 7.72762200148487e-38 1 4.02833758492341e-92
0.999999999999973 1.39310205073473e-14 1.28795581506882e-14 1.84628761703403e-68 3.24062174836087e-49
5.95082692650666e-40 1.79257282625695e-45 5.73308251694351e-46 8.42669770516883e-81 1
4.12003675743321e-18 0.999894842374671 0.000105157625328872 6.53705443852439e-34 7.72088745694956e-56
0.999999999814884 7.00651858834124e-11 1.15050970181928e-10 2.17188836832515e-45 8.98897300144954e-46
1.72385534905486e-17 0.00789041753119429 0.992109582468806 2.69937823632272e-41 6.85343611226378e-40
1.88312175424192e-14 0.965364464769081 0.0346355352309003 1.13351541503466e-45 2.67253715635621e-55
1 1.9741180083029e-19 8.40623851545022e-20 1.22340417068511e-63 1.75142813832463e-46
1 1.13669080604978e-17 6.89929567048312e-19 2.1586820051588e-65 3.27822377296841e-33
3.32957966510122e-54 4.01269970941457e-57 1.50570488050327e-60 1.02915560643091e-83 1
1.39537305039301e-61 4.77225640313044e-41 2.26778990745645e-42 1 5.10498031521277e-84
0.999999999999991 2.31036887101237e-15 7.13282693335965e-15 3.68841382655488e-68 1.23817371691651e-39
1 2.22075384775625e-20 2.63473205218659e-24 4.32475094220398e-58 3.60727345065233e-24
1.69236314798032e-14 0.984896404526347 0.0151035954736362 2.82208676530221e-31 1.88416069845496e-39
1.94490161425904e-43 4.96548536084215e-44 1.4534464364668e-49 4.35858953121378e-76 1
0.999999999999967 2.77740028609091e-14 5.05804704220718e-15 1.20593078308639e-63 1.57788074632148e-50
1 4.32621563880561e-17 2.39979795643876e-18 7.03320281969084e-58 1.44095054460961e-41
0.999999999999789 9.75182656396068e-14 1.13393495265959e-13 1.58211475581526e-71 8.46352858773718e-49
4.51773273522555e-63 1.55793834675033e-38 1.97636811897948e-40 1 2.50133847620058e-88
9.28660014819372e-24 0.998847477119845 0.00115252288015541 3.83186878697606e-35 3.4171860941142e-46
8.27492975760082e-40 3.17909037625631e-46 2.87700472402868e-48 6.44728574418947e-90 1
1.24647753268521e-42 2.03175606101077e-40 1.70063524507384e-42 1.96025247261982e-74 1
1.51481782288781e-74 3.87198631352303e-47 1.81842397922733e-49 1 8.6276881610161e-88
8.68098117732314e-48 3.03307537027302e-49 9.9006454921973e-52 5.03198698698338e-82 1
0.999999999997363 2.63652059106888e-12 1.54752781068926e-16 9.06484436126569e-64 1.72110657751964e-42
1 9.93537298480031e-19 1.85755765377696e-19 5.66120005537167e-62 4.50281075097886e-48
7.37540685070464e-71 4.04442116475155e-50 4.72228408449806e-51 1 3.15114435839557e-77
1.88892436917852e-47 1.00781551318784e-31 3.1161948806704e-32 1 2.24320782707374e-65
1.61548231132264e-52 1.38187411513441e-50 1.41562203036459e-51 2.00958213248955e-89 1
9.96479876148187e-15 0.0249445596185511 0.975055440381439 6.69122022320938e-49 8.00398970104621e-51
0.999999999943233 5.30692741236159e-11 3.69809906282093e-12 1.06900245423608e-50 6.1689694686417e-36
2.85497645552902e-48 3.30121270814068e-48 2.59333891907286e-50 4.00161685962707e-80 1
6.32481820878878e-72 2.15929689586283e-46 4.65785220697858e-48 1 3.27232261329484e-83
4.45748919745728e-40 4.49849165159518e-39 1.21066971528276e-42 2.24609550209554e-70 1
2.96395026250867e-16 0.998062138086233 0.00193786191376714 6.34548201130331e-48 1.99379347843828e-38
1.0951272478852e-57 9.87059581534385e-31 2.03720222873173e-32 1 5.47997629636618e-69
1.0920453860871e-14 0.014200784739399 0.98579921526059 1.5050127915608e-41 5.59697224088359e-41
5.38981262705973e-41 1.5696606483778e-41 9.2931389353346e-46 1.1006643445644e-72 1
1 8.26756437333241e-19 3.67316095951579e-21 1.35111158430676e-71 1.19497173962357e-49
2.0646497686003e-75 3.14849086705661e-47 4.08083210588336e-47 1 5.24249675608024e-92
0.999999999999901 9.83195769270425e-14 6.24069553920744e-16 2.5212770101136e-60 2.26516405092738e-42
1.02865304725355e-41 3.20323863829403e-41 1.0203503394787e-44 6.32116776353386e-84 1
1.73620975789828e-14 0.867448067955788 0.132551932044195 4.35847245823929e-44 4.11358093636521e-41
5.37310037303126e-32 8.26396271417234e-33 6.98831553579852e-38 2.2711170045166e-64 1
5.4457714223099e-07 0.817740588140407 0.182258867282451 1.12042352694843e-41 4.30277529827542e-41
1.37245345112258e-16 0.278407534302019 0.721592465697981 1.95821416651501e-37 2.01307161788052e-52
3.01395199096446e-24 0.993687786357873 0.00631221364212752 6.62859900621343e-40 1.93362496825934e-46
2.25962652407678e-39 1.68474945981464e-39 5.99376516346134e-45 6.42372388624751e-72 1
1.59777345419431e-62 2.41567608942575e-39 1.95129906032445e-41 1 1.24377301126045e-75
0.999999999999998 9.66181755529877e-17 1.77863374901994e-15 1.18517137746517e-64 1.25039569089991e-54
3.12146695176475e-56 1.80798654315721e-36 3.20210394060261e-39 1 7.06960477681841e-75
1.20729545634267e-08 0.0971895094984785 0.902810478428567 1.57415724650303e-47 1.15192252167043e-36
1.45478883881689e-14 0.0506039858528944 0.949396014147091 5.24724091899888e-34 1.94609410385385e-50
1 4.93783923391276e-19 2.25299523333956e-21 6.45503611937574e-66 4.6329210680867e-39
2.38991015914954e-67 1.62833669720045e-44 1.47413629627908e-44 1 6.23622738283077e-88
2.0233912093866e-34 1.476832511115e-37 2.87295263874567e-40 4.30929854505119e-76 1
1 8.87995563128869e-17 4.37625685174649e-16 3.75180804028463e-62 1.50531648344049e-40
2.9383298550605e-60 3.57084464577618e-42 6.03984354618047e-43 1 1.2611547400843e-80
8.42861791320772e-32 1.05441542713633e-32 2.10457336673386e-36 2.04624512280506e-70 1
4.19427021576826e-18 0.999922375513904 7.76244860955149e-05 4.14954297028336e-28 7.52446068325204e-47
1 6.68435666674382e-20 9.6186064139221e-21 4.92864983041924e-66 7.85099059267457e-40
6.47577405983995e-11 0.988425853987964 0.0115741459472783 7.45161993580253e-41 2.559415135767e-55
4.77925684838367e-47 1.52676550009324e-51 3.55099051347647e-54 6.93883594083622e-81 1
5.82939221708176e-71 3.63919762381512e-50 1.01129001755639e-50 1 6.85355994070684e-80
2.26261966780645e-68 5.92072822261717e-47 2.8148685993167e-48 1 4.88152007756297e-78
1.39457567155372e-14 0.97339544130872 0.0266045586912654 2.68428521529141e-43 1.87984879444731e-50
1 8.16815505999398e-20 1.21973258016931e-18 2.76918604444478e-72 3.9383636836235e-46
8.24852448643949e-48 8.2382084863481e-27 2.91728168267537e-30 1 8.13068112069944e-59
2.09074805009595e-45 3.7585294463262e-44 4.17127945663143e-47 1.17006816387166e-77 1
1.9586277971642e-64 5.38057848227733e-44 2.34716291076171e-46 1 3.43958753149842e-82
2.17413919264707e-50 1.18197518936473e-35 2.94621356498657e-37 1 1.96988240278346e-81
0.999999999999842 7.56086384338348e-14 8.19676953544112e-14 1.50235366634739e-54 1.25306335077912e-36
3.65291719588609e-50 9.79762834236418e-47 4.35575629410569e-51 8.12250467149422e-85 1
1.88696157213984e-43 5.66531811716075e-44 9.15369259263554e-47 3.07184193635405e-80 1
4.7026614198036e-65 1.93883541828888e-43 2.84116318241535e-46 1 1.12347759107844e-94
2.21585522943223e-71 1.64396643379509e-42 3.82429643334726e-44 1 2.36042202592779e-86
5.99610767819305e-69 2.13656068197766e-50 3.54071306652061e-49 1 2.94542556253662e-84
8.33310218727989e-15 0.999910443964271 8.95560357200773e-05 7.48502861984523e-44 2.87111206016752e-38
1 3.10722974399806e-16 1.21109633771992e-17 2.08645475869937e-53 5.72326152415533e-38
4.7400749949946e-17 0.00235945225202532 0.997640547747975 3.77944083823172e-41 7.48815982051065e-40
6.0052942494175e-30 4.8910448533951e-34 8.10264422263592e-38 2.91953795700015e-59 1
0.999999999999684 8.41981225717593e-14 2.31918007575658e-13 4.43449782744931e-64 8.74860897014478e-33
9.76168707932337e-72 1.51716796739955e-44 1.17253660432148e-45 1 5.0690765404844e-85
0.999999999999727 2.602866620586e-13 1.29281859501373e-14 2.00762007774239e-67 3.47033720892117e-38
1 2.63788618027726e-18 2.77594852661233e-16 4.73916129112018e-56 2.20009365884773e-32
2.99103915266557e-66 1.44153416155642e-44 5.02020916936524e-46 1 3.25438774219855e-85
1.24787478420162e-46 2.26842869268288e-52 1.29865239151784e-53 4.06412716992492e-78 1
1.2427648737794e-70 9.31427539696557e-47 2.47164996814028e-46 1 2.80082251142916e-84
2.07983609928179e-16 0.192344521873245 0.807655478126755 3.7256433323058e-49 5.97608328712573e-41
0.999999999998464 1.24031506878674e-12 2.95680141637215e-13 6.41657179862595e-63 4.33499332576035e-39
0.999999999999351 6.47381950802165e-13 1.50478942872375e-15 2.03680467167867e-60 1.66700783477639e-45
0.999999999999974 1.39303419523361e-14 1.21431316573012e-14 5.74154575842648e-66 9.19505326555808e-41
2.12960659342695e-64 4.99631966151962e-43 9.89855081160523e-45 1 5.2905663055176e-76
2.17332111546105e-43 3.29384400785706e-41 2.75971720647705e-44 7.73298890850802e-80 1
0.999999999999839 1.5735514728559e-13 3.01600467005644e-15 8.1915627049808e-59 4.72590293739047e-42
8.32626251389472e-43 2.07042192769145e-47 1.01695205902533e-49 1.09147594975082e-83 1
3.6059413670768e-58 7.72946023498732e-39 1.20968176096518e-40 1 3.54580547321596e-75
0.999999999999018 8.34758400088007e-13 1.47179056250883e-13 2.032987881129e-55 1.37933067490139e-55
1.42411990697281e-15 0.998958804158581 0.00104119584141739 1.69581167947856e-48 4.54004605113236e-52
3.86116751898308e-13 0.985023839828696 0.014976160170918 2.50821971951394e-48 1.75217007624521e-42
7.2372937348295e-53 3.80055542347376e-53 1.16149924021685e-52 5.79052683025451e-84 1
5.61791037369046e-21 0.999709217451134 0.000290782548865624 7.47583117349782e-46 6.46771964888148e-46
1.37651047366e-56 7.14502427763697e-56 1.98642222107178e-59 1.69175963678375e-86 1
0.99999999999875 5.74234920035043e-13 6.75455374992482e-13 7.898229643834e-54 2.55473949147838e-41
6.08313620182844e-44 4.04583874953941e-43 3.77004190082572e-44 7.49562224746048e-79 1
1 3.76100197826335e-16 2.32046272238856e-18 3.29228064531573e-58 1.0719485232376e-44
9.9828401656627e-64 4.14741647438263e-42 1.71931316129419e-43 1 1.33789770777633e-81
6.76864484310594e-47 6.92265320670037e-38 8.03650051463704e-40 2.28096466839709e-69 1
0.99999999998949 9.14055389457142e-12 1.36997987133821e-12 1.42282714435571e-58 2.05392825002618e-41
1.56343246729044e-19 0.00230676190823101 0.997693238091769 5.79893053616128e-38 1.34802339235895e-57
1.19681149832799e-56 5.41617255097064e-34 1.63060930714363e-35 1 1.06206526041654e-67
1.18917224688626e-46 3.63317284816772e-49 2.40387450070317e-52 2.32797889435991e-86 1
2.0949904370281e-47 4.74761021688812e-49 7.96692272167766e-53 3.24704781595042e-85 1
1.46404959316868e-12 0.244537430600894 0.755462569397642 2.16062437673778e-35 3.89850891227515e-42
3.41094904420359e-35 1.22775418726545e-39 1.66085545982651e-39 3.947512914782e-71 1
2.30843935571989e-17 0.0903044949787107 0.909695505021289 4.11481614859268e-36 2.29365114442042e-52
3.61494064751589e-62 1.21047163278652e-44 2.14264813652055e-47 1 9.72014058124007e-83
3.44986809314427e-61 2.02062041291797e-40 8.61227883912022e-42 1 4.58889038861017e-83
1.44383912991647e-08 0.997267177430889 0.0027328081307199 1.83190649134172e-24 4.63352268859019e-41
3.06249415682024e-39 2.96022030885393e-40 9.46011210685702e-44 1.38878563943356e-71 1
1.49227109822141e-35 7.67084322400412e-33 5.4497619545745e-33 6.76255691979786e-60 1
5.81456125229209e-11 0.902426402564395 0.0975735973774592 2.40277563963918e-37 5.26603123393957e-47
5.55235385888887e-10 0.0678441702510457 0.932155829193719 4.80681505331716e-45 8.36649036611389e-43
0.999999999998551 1.44725218876336e-12 1.85488570620439e-15 3.45164587823299e-57 1.55918379015678e-36
4.84158780391279e-52 2.50347138164521e-31 1.53403701474012e-35 1 5.53182094035032e-69
3.65105140072946e-39 2.45218928913866e-40 4.8293740390591e-43 2.94434728250978e-71 1
1.51822104780697e-61 1.96012355503548e-46 6.05455507518037e-48 1 9.51752971755598e-77
1.54557657610722e-56 3.00884204848553e-61 5.21398925569406e-66 6.74298229994505e-90 1
2.58635833054932e-68 2.83189361819477e-48 1.20022944672831e-51 1 6.37586335866556e-84
1.36620022785373e-38 3.70253788512179e-41 6.14461488232765e-43 2.64036167800038e-80 1
0.999999999999995 3.0635331467274e-15 1.57300861399996e-15 3.01741755586533e-59 1.4881658632411e-38
1 1.42380761058871e-20 7.01651521689029e-21 1.22246505653891e-82 1.91160925464698e-50
9.97812190559549e-17 0.999763329731074 0.000236670268926036 2.58642734408183e-37 6.97774645460222e-37
1.04610801835951e-12 0.00527171386933165 0.994728286129622 2.41271690235903e-37 8.04357356092351e-47
2.39300866150082e-41 2.245742907611e-49 5.22800978615367e-52 2.11662770717065e-80 1
4.43702380992734e-45 8.50457653480775e-45 9.76202500074016e-45 6.86719302989882e-81 1
1.38307750880904e-15 0.00239351167911416 0.997606488320884 3.44553129866305e-44 2.06268311204786e-44
0.999999999998113 4.29402322006893e-13 1.45752288767906e-12 2.82435967421825e-55 6.40013843440519e-50
4.03183799504932e-12 0.00302118762263861 0.99697881237333 3.00064871831095e-55 2.14028255686862e-43
3.74621139881562e-43 2.75097612363244e-44 3.39335733293455e-45 1.03487688814114e-74 1
2.39545531102795e-13 0.951777584392635 0.0482224156071255 7.27100645921004e-46 4.47778982931663e-39
1.31561390215164e-69 3.0760704026772e-43 3.99081730593482e-48 1 1.1210035985676e-81
0.999999999999998 4.28749405461228e-16 1.11296297406728e-15 4.09166967724105e-59 1.92316241437189e-41
0.999999999996101 1.15137935277069e-12 2.74800342272068e-12 1.34840916365852e-66 2.23657249918852e-53
4.55706231770457e-21 0.831474810915612 0.168525189084388 1.97991666801703e-31 4.44211696351124e-55
4.32661053229143e-64 1.336100195713e-42 2.39148445635172e-45 1 3.40119576622774e-74
1.10394692002142e-63 3.04672247753248e-41 6.93751809432954e-43 1 4.55963717125946e-84
1.71411765728211e-48 6.30820691368356e-53 3.73329188235306e-56 3.7962792824825e-90 1
3.13975504586225e-16 0.971226728350143 0.0287732716498563 9.72570311905363e-34 1.24729367869328e-34
3.08326016056395e-17 0.922732160154549 0.0772678398454512 1.36690944867814e-31 3.32476574796325e-51
4.95494390905825e-13 0.153213443000406 0.846786556999098 3.95494322362501e-31 1.72797286559963e-34
3.83262289575662e-41 3.0115074177999e-39 9.18894934245194e-44 1.00464423536175e-84 1
0.999999999999886 1.11915760307143e-13 1.8642150951025e-15 6.55203272630106e-55 7.24618486692225e-36
1.37182249905526e-18 0.934071876978761 0.0659281230212391 9.9798440582639e-45 6.16055386823373e-44
1.72748469484731e-65 1.82002820077815e-40 4.3380501883221e-44 1 8.41004060289722e-73
0.999999999999593 4.00626801286263e-13 6.04548493167217e-15 1.32116450358154e-67 5.45398727208036e-51
0.999999999991303 6.88106379464933e-12 1.81536509651387e-12 2.08424192540089e-48 5.31909777517064e-37
1.46510586802049e-17 0.999795784167893 0.000204215832107032 1.81616779945983e-33 2.07990595824484e-45
5.94407203223835e-50 2.54480836934004e-53 4.55842204659824e-58 4.60563069176689e-85 1
0.999999999999845 9.54164334241959e-14 5.96975681868979e-14 2.34375484465117e-56 7.68362881674521e-48
3.49140207181907e-24 0.0154454857166941 0.984554514283306 6.59582179076198e-45 4.88267488358971e-49
2.739336405007e-39 2.58867033533269e-35 1.92967809669725e-37 2.23957243665914e-68 1
1.81488784288179e-47 3.94258855157618e-29 2.33069671903922e-27 1 3.9109746214315e-66
0.999999999976208 2.36010333502523e-11 1.91007659039152e-13 3.56596758530435e-54 1.25936830182776e-38
0.999999999999999 1.21532861035366e-15 5.90457559884327e-17 6.38366946368592e-55 1.96429474024873e-36
1.46257851345892e-45 1.48244296179156e-49 2.31045045225894e-51 2.5355187909401e-80 1
2.34546983184107e-20 0.99599399020719 0.00400600979280961 1.41689289211158e-32 7.12238313546255e-41
3.6618614433788e-12 0.863383108403063 0.136616891593275 3.63581358893097e-41 1.81429826929142e-41
1.72929915066706e-42 1.12239295263722e-49 2.6895184779033e-51 2.07754036759821e-73 1
2.4969648634268e-49 2.52589343278778e-53 9.35559632047205e-57 1.89489399279579e-89 1
1.11655773084848e-54 3.38513742986013e-34 2.27089530117941e-37 1 1.58257457897356e-75
1 1.53444059925871e-17 1.07108010401767e-17 1.24137147208663e-58 9.46926896228577e-45
6.985003430591e-42 7.74654697638276e-46 1.18538901654221e-48 5.5737195088857e-80 1
1.40249692413249e-33 1.7325533201812e-40 5.47519365882546e-43 3.42299990953548e-77 1
1.46803411723084e-48 2.18409518108852e-52 4.84336711469509e-56 1.98250886042132e-85 1
6.10586183837273e-11 0.0373056166718081 0.962694383267133 1.06284837548043e-48 1.38378051288034e-46
1.29477870062153e-16 0.0194439189865403 0.98055608101346 1.04016923308618e-39 2.82815135579203e-52
6.3658895995386e-43 7.71552205181524e-38 7.75592859994203e-41 8.47902663280106e-85 1
0.999999999999991 8.60257202180488e-15 6.95610963773467e-17 4.17765365533149e-62 1.68751091808976e-42
0.999999999999997 1.20552946325413e-16 2.51901487750353e-15 3.77873687540815e-68 2.80506364144759e-46
1.49011557644509e-43 4.03870927994876e-35 2.8815127249984e-38 1.32830464671102e-61 1
6.57655290211331e-50 1.55144143636793e-53 9.33677181738504e-54 9.01244762747185e-85 1
1 4.51835713105398e-21 2.97171924049667e-20 2.36655493661128e-64 2.97016021469192e-44
1.84289797988159e-41 5.54571321810566e-48 6.20900956257223e-49 2.41447556649203e-84 1
0.999999999994288 4.58862070896263e-12 1.1231392646613e-12 1.06988786787278e-58 5.54534660535369e-42
0.999999999999999 1.33553935915216e-15 8.30126870808788e-17 5.6302194213909e-57 7.48198464486314e-52
0.0115705993045299 0.973978545416281 0.0144508552791886 3.57696435593486e-43 1.1412456314249e-37
8.36067102819781e-52 2.56269878039675e-56 1.70899827044836e-58 9.232635412137e-85 1
0.999999999736402 2.44131757477103e-10 1.94658286979887e-11 4.79935162101421e-60 9.87422076423338e-42
1.56785041652079e-66 8.4382620099697e-43 8.18452252964104e-46 1 1.13971344746734e-83
2.5423042502051e-47 9.66639179557131e-51 8.1792672326828e-53 2.67244054179942e-96 1
1.10419740060692e-47 1.89468770626987e-46 1.17133880069693e-51 9.7691863504532e-90 1
0.999999999988914 2.56027714525886e-12 8.52530543688024e-12 6.45823966699956e-59 2.9987469076508e-39
2.77267051507964e-48 1.36882151310928e-51 5.93286569146512e-53 4.37794901229724e-87 1
3.47354892100921e-46 4.20255193396672e-45 5.19544021781794e-47 1.24563910353413e-82 1
1 1.35880378044844e-20 1.09658339435791e-22 3.5262310694947e-68 6.07575005610698e-49
8.34091203171463e-58 7.00546146674728e-37 7.18372446666947e-37 1 1.66664829099066e-79
2.10852301359007e-11 0.999911791650697 8.82083282177943e-05 3.62637980075623e-34 1.59822358155937e-41
5.59415711362975e-56 1.42026526499456e-34 1.47246809117335e-37 1 1.27412538300727e-73
4.47026277165534e-54 1.59823811289596e-37 5.54415863953396e-40 1 2.78041305007032e-75
1.06751128440877e-64 1.53106652592444e-37 3.3103682358812e-36 1 4.37237138000995e-77
3.86653575630035e-54 7.31844413791029e-35 3.13162697495728e-36 1 1.11350465308008e-70
2.56285110818626e-32 3.02220339929952e-36 1.10808951188793e-38 2.03189337197639e-74 1
2.90921301296079e-28 8.70202326057646e-33 2.34503034148882e-35 2.38131566125583e-63 1
0.999999999999864 1.31715867747604e-13 4.76601778178507e-15 2.67795545599106e-67 9.63455842660077e-48
8.74282276483292e-33 3.2587569333783e-36 2.68626969358482e-37 2.26760091111745e-59 1
1.24063563095611e-13 0.946738220132969 0.0532617798669074 9.23728836654367e-39 7.19086060833198e-47
2.9320207090744e-38 1.35921522684043e-46 1.08059584678897e-48 2.10556849474097e-80 1
1 7.1779687199005e-18 4.05293615468318e-17 6.34591895055268e-66 5.31598388019951e-48
5.18790899594157e-20 0.000792124061620982 0.999207875938379 1.93067313370766e-37 1.02142898202077e-65
1.61670400130987e-72 1.01843705318556e-49 2.20960006222869e-49 1 3.28742047269449e-83
3.27041442794267e-64 2.31779796436626e-44 1.43216350942773e-44 1 6.94104070477273e-85
1.87099781970628e-51 2.72373584162959e-49 5.91546878130842e-54 7.95834111683641e-77 1
2.01940068161205e-44 1.34053773876608e-47 1.12641358758078e-50 1.04658331782607e-68 1
1.05661017152294e-53 3.61277870819195e-36 3.76526299257567e-38 1 1.12602733797533e-73
0.99999999999998 1.78183529291363e-14 2.31439792834616e-15 1.07418540942173e-54 1.61569429201652e-45
1.41498762176817e-08 0.929762655600019 0.070237330250105 5.48442472152179e-49 6.22750297038889e-44
1 3.92541352339809e-16 2.14708371732898e-17 1.58797150474825e-67 1.53375794552785e-44
6.95575582274313e-08 0.0833268747947705 0.916673055647671 3.02280710897599e-36 1.78861467578677e-53
2.82034979289047e-12 0.994476227424874 0.00552377257230553 4.0145857996719e-40 3.78523107688445e-45
1.02677406861801e-60 3.68993116024621e-41 8.15490956519579e-43 1 1.60470875075021e-86
5.69567091420946e-45 1.34767836440152e-46 5.46096065724691e-50 2.10397397963468e-80 1
1.23347981844597e-60 2.0638041035665e-44 2.69150526497123e-46 1 6.21891552491676e-80
4.02044314943531e-54 9.11102354202604e-32 1.37838628482731e-31 1 3.17951399844003e-71
1 1.00580562773309e-17 8.92093489699032e-18 3.19535553243717e-69 1.3901106404875e-45
1 4.79457246607677e-16 8.02835894411477e-19 1.72669546470399e-76 3.42394984545524e-42
1.26653934708272e-17 0.997808354004312 0.00219164599568779 2.6568137387081e-40 4.6004422247914e-51
1.93577348421003e-52 1.48655914343263e-33 4.41560685319807e-36 1 3.57317192265598e-66
1 1.68392358543677e-21 3.22726919060225e-21 3.65112210853474e-81 1.71082888993212e-53
4.89739147227029e-46 2.0611609479386e-54 7.7396387227917e-56 1.1855267397199e-89 1
1.75903489723011e-37 2.59218853697279e-41 1.81810164633626e-44 2.47779322904355e-71 1
0.999999999992537 4.5097658348793e-12 2.9530412950939e-12 1.05619015484601e-61 9.8792065735363e-45
2.01936718407646e-59 1.15009612692552e-36 3.20186988294543e-38 1 1.50692296592253e-68
1 6.97088963533202e-19 4.44424936979787e-21 1.23720043714361e-75 2.77096162124568e-50
1.21673687266681e-78 1.46406257881974e-48 1.71680991601579e-50 1 1.8184103805167e-89
3.86121126538181e-72 7.4441023321235e-47 3.25322449635671e-49 1 6.23177494583618e-94
0.999999999999999 1.05954923796895e-15 1.09368317256891e-16 2.91959865216051e-65 7.82295775607546e-43
3.66563157416088e-54 1.46226331908692e-33 3.56544363495779e-36 1 3.52900178929024e-78
2.1097810901584e-49 8.28160192414439e-48 1.21572059124545e-51 1.48568096294392e-79 1
3.48405055358248e-68 1.40399981449769e-44 1.56842356861049e-45 1 6.97018331635555e-78
7.8156182110082e-46 6.26990432832396e-47 1.56564361433081e-48 6.32960556864338e-84 1
2.56797793597934e-67 2.50515396565868e-45 2.84825766135823e-46 1 2.00793079474541e-80
2.89729352917306e-53 2.39243807181087e-33 1.49774308920112e-33 1 3.1585307524478e-59
0.999999985420985 1.57019217449087e-09 1.30088228188432e-08 1.61076940705507e-54 8.78744686080394e-53
8.34148370901937e-61 3.30125485809157e-40 2.47832059356777e-41 1 6.77378260412802e-84
0.999999999999998 8.49038052986405e-16 7.30490740080718e-16 8.15257623056164e-71 4.47878445632475e-38
5.56752526377241e-63 3.52563711603546e-40 1.6288440356244e-45 1 5.60447801676239e-84
2.28413465461031e-42 5.71572830553576e-48 2.02717568752591e-49 4.85491356167728e-89 1
8.05218802085627e-60 1.10941106199647e-39 9.94286011382655e-44 1 4.83879792556355e-74
0.99999999998243 1.62816788119203e-11 1.28860103946561e-12 3.36352222429606e-52 1.62879965437338e-43
1.69553644902816e-10 0.67986907002393 0.320130929806516 2.63729471032457e-33 3.39897831346453e-40
4.98362698360675e-63 2.47545741845758e-39 4.66060749560574e-41 1 4.59469793111795e-75
1 1.04371604233694e-17 1.09755569678823e-17 6.59901190410076e-70 3.27029757417757e-45
8.25903469563293e-08 0.99963534373888 0.00036457367077247 1.12066055506911e-46 1.38385998465645e-40
0.999999999892869 8.27157770564165e-11 2.44151949524138e-11 4.00157867746693e-61 6.14954358848255e-52
0.999999999999997 2.96107353150119e-15 3.3489372895793e-18 2.62917219498784e-66 1.62172793097259e-41
3.32019636641849e-12 0.951272161245017 0.0487278387516631 2.37812344089452e-47 3.55727905084897e-40
0.999999999999994 3.67950528474977e-15 2.13659076901834e-15 1.39841058582994e-65 3.83610000892711e-43
1 2.64992007093358e-18 4.96806784187678e-20 1.28661101312636e-55 7.7713524998473e-49
1 3.45246389867097e-17 3.15188753123267e-19 1.13144573620618e-62 8.1916254082874e-41
2.27842714595743e-50 3.13417071944997e-46 1.77908548578836e-49 2.61873181058702e-75 1
0.99999999999973 2.56242949475905e-13 1.38361024273676e-14 6.73896562354282e-62 4.78759743427535e-50
2.39942931597616e-06 0.0906735256412895 0.909324074929394 1.27557781364185e-50 6.57611316402248e-46
0.999999999999999 9.10136626241874e-16 1.64996667798063e-16 1.48506737351967e-65 4.56638099216298e-43
0.999999999999994 3.45555136238751e-15 2.31347060057572e-15 1.36542029508044e-63 2.72685795169938e-43
1.07239632742452e-13 0.958254308867941 0.0417456911319519 2.68937058737295e-45 6.11388897112392e-40
0.999999999999998 2.2827346678301e-15 2.35436973235518e-17 4.3760082493687e-57 7.17534047552347e-44
3.91660221876213e-68 1.50896423740986e-44 1.38494668791412e-46 1 8.17499360972981e-94
6.71458868333753e-58 1.08861405162762e-35 1.01836280770025e-36 1 1.11090567673112e-84
0.999999999965921 3.39639857920375e-11 1.14879880296049e-13 1.62630750083282e-66 1.52640927926452e-44
7.07597440631784e-57 1.43565568161202e-37 2.68581919808184e-37 1 1.46226008788487e-74
1.70802400232209e-70 1.09479068485761e-43 1.22094243469484e-46 1 1.21250718485942e-76
6.53179434015332e-12 0.901803829453992 0.0981961705394766 4.73197782140882e-49 3.25647602923164e-51
