"LD1" "LD2" "LD3" "LD4"
-0.158828340086612 3.29317247538546 -4.45587124256057 -2.63027581927515
-3.01627129719966 6.6348870147649 2.32871463323286 0.0798879457347983
-2.06902778506171 6.85000226641303 3.76492005152384 0.119564897295431
10.8333202021235 -3.30079896929834 1.92331654120622 0.696630116958299
2.07226459125989 2.47736634027283 -6.19208808673649 -1.8352422254305
2.268444239603 4.32600602236662 -4.73710783024765 2.82162681266651
-3.9678256974005 8.84033750490179 2.85149887607765 0.702791233492126
-3.5831568953456 8.1053764437991 2.76540597489958 -1.18315088199445
11.9938573283964 -4.73881844743307 0.0821318528665985 -0.511154096555572
0.167578469167261 4.71297608786279 -2.55743760452831 -0.0157143808414698
10.7316881946042 -5.45481949776254 -0.0396886357610862 -0.891849155003415
-3.74002043215581 6.26177801728276 1.31608521376854 -0.357060671096344
12.2688402182442 -3.16493843401918 1.64490701830344 0.0143703646159909
-1.01142964655052 7.1864687410235 3.2018451680046 -0.358506382132436
-7.47307389837236 -6.34065153897851 -0.113202629628065 1.37126822280415
10.4761512261842 -4.59597411827484 1.20321781284418 0.0759264965996308
-8.36252269858731 -5.50375733990347 0.557314063722461 1.67068422429382
11.1325978656387 -3.00380203044039 1.14077161340594 0.139066601522789
-0.334856694648806 4.48968773936127 -4.71336056046565 -1.01635895311008
10.226073586442 -3.54576268576257 1.40495588670364 -0.100734806804543
10.1448076045281 -4.05131971908154 1.57522008555174 -1.79722931786546
12.2906582869679 -5.1787700090136 -0.570842493731698 -0.196582072248163
2.8442182662511 2.81963549246385 -3.81115667115966 -2.68301772091107
-8.66222522488731 -5.87529905437489 0.467530155749006 0.28848861343556
-2.63274788420035 6.33174093715683 2.49322477275349 -0.952035616956231
-10.1488403009671 -5.80253786622013 -0.784890609355369 0.440740438239028
-3.0036796948948 6.70120951405239 2.0347099005392 0.453242209643758
10.4104996907624 -4.14509278462817 0.441779670362935 -0.321623309035421
1.8775373684479 5.98459117442902 -3.29990479338434 -1.25733336296217
-1.96781604724001 5.71936863125855 2.11416408826548 -1.50442927753406
9.04299132142256 -2.50066221806689 0.250226123353692 2.56985907904356
-0.985387367904452 4.29447858845239 -3.49122887030952 1.28716147956297
-8.21066473927936 -5.01282699916831 0.262961472574331 0.860598866399156
8.46520140424155 -4.59205669435063 0.42524272328069 1.27318949561052
-2.40968013932922 6.2506159122541 2.29349808072791 -1.04415031420567
-8.30559711130551 -6.83346058820327 -0.0511195513218949 0.213446608322184
-1.42879341517346 4.81382811937377 2.47617352217577 0.367492720760859
0.441385603363103 3.98761139886588 -3.90765127538997 -0.13866573466828
-3.87477644038844 5.30125726708692 1.51686914919875 1.13629046647095
-1.16043534609377 5.22009451755505 -4.80235835411198 2.33612894364558
-2.82939228151717 6.55993037261404 1.75118678424089 -2.69660192699317
9.64630746686579 -3.77040204724877 -1.44475423364315 -0.126316486011301
8.29412632935805 -3.5260331551569 0.0285055697485968 -1.41655455206126
-8.62053908993989 -6.57644421258127 -2.22124939429714 1.1855466868818
10.7495221807478 -5.79994798389899 1.89002749801729 0.845091368498423
-6.87788309224177 -5.59657987752741 0.0548408343472478 0.957418891587607
-9.35433673369083 -6.59977490080854 0.428245903089094 -0.336014542803651
10.6651129982193 -4.0445441824047 -1.28994903358506 2.25767223000786
9.94837102040044 -2.94043018458826 1.67907503087477 -0.281920188047978
1.29927082030655 3.50215036460375 -2.59276593204609 -2.59703646574424
-7.96246252787747 -6.07337494176429 -1.12101873836903 1.20363885500039
10.1404681911513 -3.30364498638841 0.995193871096018 1.48664685565056
0.444488448295768 5.91721259670571 -4.49636805145247 -0.511983902623184
-1.32787661998158 6.75002645938568 2.41881316837863 0.443586331893042
-7.65493222550854 -6.38938370939352 0.258637676020027 -2.23556904517816
11.0127493103622 -4.54653218787533 1.15436918282694 0.648240794526852
-9.08971718669948 -5.98324177646414 -0.244936953100108 0.0190895307420999
10.7470273142019 -3.62722822635814 2.78383097984489 -0.0914590348478072
1.46340194022042 4.6208855422611 -3.16575021585402 -0.327522505396997
-8.70806887463874 -5.19269268085224 -3.01859217107192 -0.526217880868168
1.72266049776353 4.39560910668858 -5.00688396451963 -1.74743840807581
-1.857006098801 6.11124244184842 3.16643746149801 -0.830171823175873
-8.77730362650788 -5.08018971575257 -1.79715481535925 -1.66099600298845
11.4816441554882 -3.71182053509405 1.27914802349134 0.144904048990201
-8.09560953417503 -5.85102044524176 -1.4542131809701 -0.445761130181735
9.14955615753109 -3.61449056636265 1.10991004333484 -0.644701319521445
-7.92979983204836 -7.18670497452502 -0.582555364144293 -0.849662353351865
11.0469940713405 -3.67514390971577 1.04695432858022 0.200585149473192
-2.31461496555867 6.83645286525064 1.28900347865264 0.415611171888252
10.7815788910604 -5.1371370735317 1.49094531899667 0.441488711020476
1.99671630143941 3.10901778552984 -4.23679347824226 -2.38233981875295
11.9251248726523 -0.762842068258391 1.5095392834083 0.647342562945509
9.5997587951656 -4.46726833777682 0.198125020785681 0.147715905028608
12.4326011643669 -2.22710397781783 1.46363819301421 -1.1196315395957
-8.20830971601692 -6.96891355039705 1.10814498172159 0.175674882316874
12.5565651756744 -3.54953503085034 0.684022348446456 -0.649348343662245
-3.58490360932182 7.32823696676559 2.89823634983937 1.56127664556949
-9.35905405256281 -5.43191780110761 0.161528458841301 0.919424504276136
10.1962181869892 -5.06560498046587 0.238559524331155 -1.4294933671566
-9.24278756378326 -6.80227710143608 0.437953000466756 -0.476817369752139
-4.09260722403333 3.13975321889409 5.02571937044237 -1.85460540262631
-7.4216683077389 -6.06171135539719 -1.1692117119912 0.359381846676858
10.6533663071022 -1.37743486372091 2.39718766329999 -0.136321844062538
11.24055928461 -1.99390262670658 0.295899019035209 0.245234786590943
-3.01206866722972 7.25785282921286 2.12413263109914 1.62194331813455
0.424905456234606 2.99646957791491 -4.82666135402791 2.61469648192938
-0.194203660503165 3.85558590511109 -4.66022110607991 -0.588298115311102
10.2842076812224 -4.4136115945495 0.353526965537739 -0.83153768669232
1.35631020588513 4.3206551493538 -3.99600142173615 -0.561912832270398
-8.07245758813345 -4.58696447477042 1.13227716184918 0.0160606273997905
-9.09772014098557 -7.00890134322255 -1.7727987666226 1.33656622023124
-2.00980241094402 5.00160204067886 3.70003691100749 -0.218816164609765
-8.16270569278169 -6.64432924941523 0.730920151846373 0.767152061460669
-1.92253501701098 6.24737691941039 3.38122148548683 -1.00642351431112
-2.73291434773286 7.51907256061487 1.51962207510475 -0.622832790495632
-6.61180543063004 -6.86978884574539 -2.79275106820498 0.442205950544743
-8.30700140066042 -5.09511174835867 -0.392944593161546 0.558785299565171
-2.26167856501557 6.16067490282975 1.54265865256655 -0.00122354979376053
-8.95116542609888 -6.65593029105524 0.0205188018277911 1.1017270481015
-2.73111019322049 7.77729093076571 1.56796511820794 0.458954727715921
-7.20992090651319 -5.64685319043127 1.00839980967919 -0.415670973948176
-2.53050939257465 5.89398586676907 1.4994143804575 1.09354921669821
12.4365282953079 -2.83338119322703 0.900020817173769 -0.458381664584066
-0.525347389937351 4.94953392628592 -1.39496957492339 -0.879865247225499
-7.78059047761279 -6.49093627165818 -0.757789330358026 -0.249385494366983
-3.23702772212001 7.13384057366077 2.60661540254144 0.59034495696176
-7.21376079420759 -5.81502294013938 0.116002299540917 -2.25372955957313
-2.40278791195396 6.39948388093241 0.932115880781176 -0.273624698211781
-9.37952383450987 -6.33626240674162 1.41996099896247 1.11071519887739
2.38699566283343 4.33046129724906 -4.68860484266015 1.13847036716408
-8.5897273589345 -7.66467514720339 1.09852510633964 0.623264189556333
-0.0284220481623249 5.37776069424044 -4.07565933626775 1.45446746085693
1.8918401111727 4.66482202075516 -4.68352597068874 1.6677420863788
11.0310938293245 -5.44781531322773 1.84212793465209 1.09131321585158
-8.56532148782542 -6.84987164009018 -1.59645969485048 -1.33313124704384
-3.41831176249224 8.3609777534578 2.94836184260598 1.10153239329846
-1.36840348068279 6.24683952807941 2.92078459184995 -0.00849327176236465
0.510709087738113 5.41917234453852 -5.06406299360897 1.51875255198304
-2.35593480504354 4.94799933586153 3.31993381392695 -0.148653605912747
-7.7193416211275 -4.3282723852471 0.199406064318263 -0.0257220746501922
-2.18693482279886 5.53605057362896 2.32565478342836 -0.267368930533458
10.3696794154977 -4.28289660009841 0.242427762514352 -0.0274376731678215
-0.606901560843359 3.4452575505659 -5.42694049997367 -1.63730882821685
10.1126888569556 -2.87970812727905 2.14539980747969 -0.64296905259575
-3.62263511242906 6.03721136167456 2.31191343853362 0.427462245526054
0.80534386181334 1.92193230554823 -4.28116456909876 -0.516943955529874
-4.50855375402392 7.24889531884963 1.69138479114809 -1.57874179827137
0.455894373588662 3.66202551373258 -5.94342193780409 -0.495474257257371
-7.17499748337484 -5.81760973932561 0.172216058216614 -0.714359096540887
2.75845006747004 4.80331536089981 -5.08265847902918 2.33738796846443
-8.38521120887557 -5.41074017326147 1.6940318530481 0.463511750330021
-4.46592076758709 8.5831426870782 2.44358051735934 0.258988888636012
-2.60988261596285 5.28992536141518 2.22814068724126 -1.48294182816411
-1.69953116151105 8.11932827957071 2.55213041080617 1.46797463096523
1.25440532646444 3.47917091926983 -2.75407611227775 0.330596276533157
-8.78715979726647 -5.69471467950917 0.787699877131825 0.158199805671357
1.56213313113068 2.62994181647027 -3.50431602474393 -0.798721338804297
-2.22030935060311 6.23250532005942 1.6118697494096 0.16117402122022
0.427789214379893 2.97037057532023 -5.072735675934 2.1889784615828
-6.71138902880052 -5.69506103779893 -1.51959343819358 0.237590101931311
-4.04214054670405 5.15297137817398 3.03183547151857 -0.0595035250991115
1.73540328063943 2.06880848105994 -5.13540151170575 -1.29293030745769
-1.98226098302172 7.59996572335075 2.02357176031363 -0.0738662542175701
-8.89615084454584 -6.36588247681211 -0.075189164206406 -0.366466315141701
-5.72378482067364 -5.57038983151591 -0.880065152937686 1.78724253978033
-9.10583269565162 -5.78571439572789 0.138385501640658 -2.16315283450687
-3.06383980559633 6.11526694922432 1.4020409022472 0.179083609100989
2.83827731554785 3.86826381815276 -4.29936781024521 -0.439373387252673
11.4411026173313 -4.91633714459663 0.402124063833133 0.0646627972807923
0.593169222107925 2.36214219501289 -4.43776744175697 -2.21806902455389
11.7885452753624 -4.1558676265023 -0.831503863710174 -0.0742011099695961
-8.67222419150748 -5.32360656170271 -1.31489423728868 -0.80841108404484
0.0126243311718414 4.74391397163941 -3.5499420119002 1.33742191434356
10.7842019293083 -4.96330861877875 0.631200946786383 0.665172486268651
8.92863994465004 -2.83542687302156 1.51541438696475 0.887174826351118
-7.87696093547029 -4.59865586062684 -0.0200297304136622 -0.220283619892538
1.51165974338913 2.81254407999554 -6.87797920697409 -1.31100861463614
-8.30832602454138 -7.39617900508962 0.735178292141487 0.44376230818947
2.17964212835273 1.95730724410063 -5.05519932538957 2.78044106864357
-4.20214163057634 6.36557047809447 1.71328788728838 0.643097893741156
-7.22956641243345 -5.13496000448661 0.571916525515205 2.08887618585982
-3.69578224652183 6.42419499685848 1.73608174804659 1.05896101840858
-8.1962265843907 -6.16644527358255 -1.1769387647709 2.07599903306292
11.5146039458054 -4.55526097982406 0.591198100267196 1.67806515544355
11.4683259438023 -2.52678744510177 1.60141623551576 -0.121815984128755
-2.90374237220484 5.98812124003371 3.28462271608188 -0.819285090809552
-0.118922873150463 5.86410291061804 2.3409131755356 0.828849250280974
-8.39067404844732 -8.17105416186909 1.01254066458014 -0.315564025760826
11.6437230414625 -4.50727524817154 -0.28011984625282 0.410636287267291
10.4553628513386 -2.24186839305611 0.735917842473787 -0.924531978049562
-2.7913598996064 7.26374172877207 4.05801864276864 -0.960814369192557
-8.6738837771372 -6.25128164574997 -1.09403761722925 -0.0293645988217763
11.2728024633312 -3.22805113544229 1.14551725437871 -2.96028836172636
-9.27308303316591 -6.13865545381489 -1.35939439554279 -2.05003681182404
3.38909408933041 3.84197863321735 -5.34428204842099 -0.211072071206476
-8.82542826008399 -4.29507203403474 -1.43451996302516 -1.00498703311863
-6.80080949356189 -6.23182146253714 0.108086605248617 0.0534523989644684
-6.41197383979688 -4.34141571395826 1.11999295272254 -0.117291340751522
11.3098433230932 -3.28542294117968 0.801325497546998 -0.0690936322698369
-2.24675655539802 6.12274983546453 2.29001996199428 -0.657672963198978
10.1878073293161 -2.73083829325631 0.887113474647071 -1.29496225001237
-8.2077571610089 -5.9266645507338 0.574819313044612 -0.112311568156656
1.1824874430993 4.99598966908858 -4.61597543323482 -0.912800227661032
10.4044651918098 -3.47240245623257 0.804492532929738 -0.316798971684049
3.04286862827287 4.46337711160576 -4.3161027291096 -2.79472373054339
-0.367672752975451 3.83200425057066 -4.63252289247926 -0.527168591248443
-8.16977463836354 -6.40112691922326 0.0483347181169625 -0.545520030599818
10.1055685460418 -3.96250705351324 0.607033849343143 -0.999350236225689
-0.492090838847305 6.09598773638802 -3.08424633914449 1.12352285637173
-3.51792735666794 5.85990581713093 3.67662169469117 -1.00088844489423
12.4702534856064 -4.2318992188743 -0.447628821533191 1.30888592692645
-8.1706133672112 -6.00613099848449 -0.553572026677558 -0.150570227393346
10.1506085683485 -3.17907295461868 1.21591185101453 -0.894063120671674
0.464841692119109 4.04482393424911 -4.68196098716885 2.50169722729585
0.716677409606688 5.41861179582253 -5.16229063202189 -2.09233728419601
9.44398892169186 -3.07672310539735 0.680068775260269 -2.06365839352117
9.66635356736698 -3.30316462270961 0.979297602121798 0.209325113841019
-0.504457948831713 4.82614233665652 -2.88143829533073 -2.21821303204312
-3.45501721685538 5.95594631517103 3.76635808824917 0.171127324298748
-3.15571467359576 8.00609857647558 0.957971962510202 0.490467265007377
-8.03632621746652 -6.96294481348763 -0.433718380954782 0.497626294243655
-7.27279720964872 -6.09085203235127 0.155263090072713 -1.25846084333171
-7.53333163903706 -7.80118794679562 -0.232208480322379 -1.42743812088649
0.109396956978363 3.824162942617 -4.81828920267894 -0.174390299176745
-7.385261471874 -6.71996780710183 2.23664809191613 0.984425901132707
1.49312596058938 4.28806275996636 -3.30933124706644 2.25080215734315
-7.1336004353234 -5.81461187609306 0.138571950602281 -0.0964466190490524
-7.87262383571322 -7.13064573580846 1.57856772276344 1.30461498226494
-2.73531378281794 6.57437401323317 2.22345314374501 0.518303210474599
-2.08907681998468 6.72282393007073 2.07445416088211 -1.46169672161485
-2.43075087365175 8.00170707995091 1.39394865717089 -0.991204368115441
10.6912256234064 -2.72989461133698 0.564853713483248 1.17661436109654
-0.395352192411314 7.77393173078925 2.30008810894198 -0.137221981934688
-3.36233202292012 7.13730217157666 2.52321321233619 0.647257642054658
-2.36507315025261 5.95063409072881 2.87256648414725 1.0755242842225
2.17327789092021 5.83703940388292 -2.0954670853512 1.15777350588881
-3.13572370037305 7.72252858751365 3.13642739622651 -1.25715563990869
11.4358107534702 -5.16712529888046 1.14850733401647 1.71068563105578
-5.78503613762626 -5.46517929602988 1.27704381389037 1.16467160929224
-3.29410268655562 6.45177688586742 1.74814904492265 0.612067403465322
-3.00362954703174 6.57936484855501 2.36640353581582 -0.104719996219143
-8.61806277989491 -7.15571415545584 0.329107227193088 2.06297608813739
-1.67653923979813 5.74263624940551 2.29096900238081 0.773406958272729
2.20169741743569 4.56211433836997 -4.69147969455171 0.654669572562737
-2.93358232986605 4.3990649265857 3.66209652750033 2.57371071546065
11.42437033084 -4.53886044041087 2.24761242955152 2.39960216614627
-1.82434067434623 4.88216197049302 2.01796304767586 -0.10890943350385
-0.479573600556771 4.25254887935471 -4.45303064994034 -0.555902114751425
0.587881369509272 3.60908294234421 -6.35275650085328 -2.39378041882822
1.25794486052819 3.59426179228482 -3.45946982200066 0.920419212275764
-1.80294730582852 7.45572788335522 1.91318983135266 -0.485316288747391
-2.26519873065062 5.1031388499889 2.51380816461613 0.846636869954851
11.3874625647532 -3.41826754487842 1.57856340677195 1.11548416931984
-8.31288907312395 -6.04975500939655 1.93025937722043 0.125222074109032
2.36048636858864 4.30376976487572 -3.68728809359558 1.41190209211944
-0.489183666138239 3.89861344226522 -5.7937679885562 0.912520593731409
-0.533887001567541 7.59260357512301 0.94241139249673 1.12509338848149
-2.84987415838144 6.01619850509496 2.78722458651586 1.29749042824393
-1.48003559054974 7.84095493482031 0.98730900264414 -0.00996535046136007
-5.85398689476323 -4.99894654466803 1.66981345171844 -0.984053936826351
-3.27719121738704 6.45470221940107 2.38289533106632 -1.62415276843546
-6.7093521814724 -7.24345151716349 1.61250869706278 -0.159565410867269
12.015728751462 -2.5261395486322 1.3325426321762 -0.566386890453305
9.44672337852946 -4.00868966049523 -0.0181209639896021 0.116480788608487
-9.53995265727355 -4.90347058340417 0.235722914345902 0.404459617812964
1.38128089729049 5.8469237395022 -4.78612514394498 -0.929110960063614
3.6831518697435 5.77463787597614 -5.00931535658166 2.57216597261772
11.3411867894366 -3.8853056634501 0.780594513465348 -1.08387712819464
-6.42933910517985 -4.86734511932809 0.375020892504144 -2.07133691661085
11.0837001903168 -3.50571052847667 2.59333444987149 -0.808543972739777
-6.98245474054583 -5.9493045053152 -0.358177398692961 -0.794833217426597
-2.56428163511885 7.22923356568628 2.86898928233702 1.20662733759853
-0.415500035423328 5.40065520540694 -3.60991917753883 -0.503052854542642
-1.18134874448779 6.48518449338997 4.35856869640447 -0.619804163906938
11.209565405868 -2.81619568163449 1.13872078617944 0.309420713103561
-1.23137265982132 5.98327952391387 2.10550681273422 -0.199623685425115
-8.72712324768939 -6.56615318583789 -0.12921265688981 -0.821599653271905
8.25442133660622 -3.02022648363075 1.1838292864327 1.49596357547224
-1.99365744351918 5.45265172427977 1.97232967265025 -0.904667513471078
-7.34023206652843 -7.51634786410164 -1.10202278484394 -0.399148339104227
-8.65444903399534 -8.22525211522256 -0.332395215004113 -0.480736519724435
-8.95974908899264 -5.71470671059444 0.268186155932601 -1.6636346683742
-0.964587969809154 7.01453220858561 2.19245956040916 0.968295013050487
11.2388185637936 -2.97135800864218 1.25888050813804 0.176144981993523
-7.19770289267292 -4.34906912544436 -0.376768556629798 -1.06711205685528
-8.36473930976229 -7.68130052546688 -0.264415333510496 0.684291649216596
1.01849743447172 2.1742599506692 -3.20336745389008 1.29713024118001
-2.45168439830916 6.7213469158055 3.79874205961071 0.428715396910381
10.2777742663072 -4.79645811535066 1.2726096743974 -0.713537023724791
11.1090993812573 -3.84835799960149 1.67974064713354 -0.515632034287276
11.7588087976728 -2.45014886445295 0.0581778259930083 -0.417006163038728
-8.67003523392032 -7.25019893224194 0.869273330296241 -1.45580499926132
0.95548279523751 4.35559826073979 -3.62655109210461 -1.32351617188141
-2.04054400394312 8.34026133757068 1.02051213129768 0.668662100874578
10.9551483404029 -3.50254543848854 0.45900371836065 -1.0007714433615
0.418061506283448 3.54438491049589 -4.37782533531161 1.96292265316012
9.75923415377632 -2.97910420724956 -0.352789082310234 1.31324757063134
-2.78572768894003 6.39656589411463 4.13525161890916 1.42932852056938
-1.82632267346326 6.2698619799265 1.70851309989533 -0.739892284031972
-1.97608123460221 6.24979981547777 3.54451000254216 0.620197687361949
-2.21159766206054 5.76448397690103 3.59093281426873 -0.181992229313098
-8.39226710094431 -6.26967305937775 -1.24692670427116 0.54100826783637
11.9504600980936 -3.81857525339624 0.730733867042505 2.3630975476972
10.0292699321479 -3.19293512248203 0.627237670861567 -1.10540232997014
-9.14613134679773 -8.35776340231804 1.47468998167381 -1.2962473265458
2.39761074968268 3.1683524577813 -1.12562364528224 -1.33631382498256
-3.11916360601783 6.94063076971331 2.36083894757488 -0.358165623945782
-8.41132193779958 -7.59093024702539 -0.646404327110996 2.60399150397262
-2.94682797181881 7.16147187881334 0.85158694974699 -1.42502002864073
11.2230070289918 -4.67236420229216 0.356067101900793 -2.49237528264259
11.3707347762085 -4.47857676822894 2.32042332850173 -1.2146491895706
-8.78986301423678 -5.63646961630203 0.782786190166254 1.3526285057764
11.8068891056073 -3.45882856279054 0.773239452845202 1.19153735946657
10.4270937766649 -4.31071310351459 3.18803442601172 0.311205173184777
-8.58509941090295 -6.23717797933365 -0.658229680399824 0.817250716232429
-2.67701108041212 5.60796168677398 2.63475968980846 0.555430270721393
1.14250540481647 3.53058405499658 -7.24160469194458 1.74943264576243
-5.71225001684088 -6.81624862089259 -1.97083553449647 -0.497734923822766
-2.39606518383354 4.98847297608252 2.67660356178704 -0.554396335766641
-8.74874233331493 -6.93309278687488 0.720433126985079 -0.636871613096232
