"LD1" "LD2" "LD3" "LD4"
10.2456511366937 3.5936148983823 0.486345334154335 -0.0754684339236711
10.3780579286836 4.94642547084764 -1.06125265127999 0.187273056679435
-5.8364800488546 5.58313940770241 1.51634508908957 -0.543638109051777
9.091229501842 4.28164610245009 -0.0819545932103585 -0.129252255558643
-5.74800382566498 5.31243216136005 0.352626336770062 -0.0749621260837097
-7.55548573434316 5.54252843386927 0.177336385406793 0.183893071412847
8.41034802841597 3.44121470542459 1.92700076217525 0.495021270243573
-7.08150247025786 3.92344035329496 0.593662493788197 -0.375192916976388
-6.47038982977805 4.31151225507212 1.04255503817468 -0.996469334847301
-0.707461701524531 -4.6753549857863 3.31200697749773 0.894985594252939
8.92608658822266 2.622038641157 0.225597298496273 0.660142720595606
-5.28880985287159 4.51916295927946 0.0488254139307371 2.85700769019009
-7.44529394355114 5.45596102859541 0.2149906392508 -0.221614460073964
-1.79621833226481 -5.83174041409657 2.58266820409978 0.291809009359532
-1.911436046501 -5.37879022387754 2.6622269040637 0.818375764717251
9.52393066730206 4.77158380642217 0.0135945966216736 0.527172748514187
-0.176740269918514 -3.12726054519796 -6.09423367227218 1.49108285566986
-3.16355732150217 -7.83036650820309 2.69452707939149 0.0799158283179965
-2.02573117928561 -7.44823161456949 1.70272816580795 1.00729009752667
-0.620654621228592 -4.99995769504428 -1.00025823268433 0.713846701898443
2.29841360289846 -3.90806000018833 -4.29566195375279 0.0265784219850971
7.75626909589853 4.65145021172383 0.562346030600608 1.09552125190145
9.25984827687883 4.95770022885525 0.711841930460917 -0.673888512601263
-7.5329762695865 7.53549311537169 1.29894882718455 0.496245368095544
-1.85167645187751 -3.57133845306659 -3.80344434078859 0.523275386118982
-6.10626061444597 5.77745982894119 -1.05565541406765 -0.696635390104632
-0.756242527355846 -5.54690804710259 -3.0176255727761 -0.427481787332678
1.46354783303034 -3.92915965220675 -5.12066390859393 -2.21391287057466
-0.311294574240059 -7.08001050743753 1.60626432983234 -0.261080301534638
-7.97106365038637 6.85034261887484 -0.340359919078691 1.10159701227779
-1.18161241558921 -6.63804277514441 1.62102831855115 1.41643980760001
9.1908124182509 4.30997198587876 -2.40701878914701 -0.583486586272536
-1.44879616124053 -7.34358194854546 2.72217832854013 -2.31919080215923
-0.461248855570964 -6.7576953537706 0.667583572557549 1.24599351748955
-8.18721091195958 5.04608516211708 -1.01523865853727 1.56764016538359
-1.83283962372434 -5.71731536057414 3.00640519565963 0.465764165240763
10.1378678616527 4.48734635369733 0.150798993976438 -1.83014832829597
9.56947178217996 5.81492049321912 1.1843093025367 -0.361092461054938
0.379525379510182 -5.41863911705566 -5.07896473103181 -1.63277036721469
-1.99852592157365 -8.54981254590929 2.25220497943632 0.825105753909261
-1.62573402871414 -4.26057216457989 -4.28016990085368 0.367837366412786
-0.210808243445718 -2.42164183924936 -3.90751469465236 0.460054747446204
0.899510518108629 -4.39893795759199 -4.55700009144972 0.0859756924268412
9.6300580141047 5.07673632466147 -0.511191608447876 0.674542301501279
-1.33505070387948 -6.93110520896244 2.26441315482184 -0.390513163083404
9.99419783586306 3.66559152562382 1.10911853753644 0.790199475194311
-0.292053819356216 -5.54344743135766 2.01552597717961 -1.62604540975167
-0.978359373786451 -5.0869344800788 1.81780891960761 0.537225437910827
8.57232293963415 2.54821541418572 1.03101595293047 0.186125055434392
-2.43869875727288 -6.88271315197047 3.66624027617378 0.687749194234971
-7.35061634501525 7.56470142322995 0.720460562356397 -0.0798371198178673
-6.76710523198364 5.22522510506552 0.616170592706974 -0.0344381012563412
-0.841913347685782 -8.3871461254284 0.916925987452031 -2.04599254217822
-1.11049093654348 -7.18062399077992 1.3209761514169 -0.870429075949384
-0.265383618176393 -6.74769926013661 2.89506489524734 1.52114230365997
-8.04365563343379 4.52578645853182 -2.67038555530515 0.984706178028394
1.28224678469222 -3.85762642132905 -3.41719036982892 0.281415140290472
-3.01595727574627 -6.50236795891832 3.23715721337531 -2.06578763407922
-4.42560103234916 4.79236116962997 -1.08169784885779 -2.2570805770145
9.10066226188869 3.58815657972891 0.996522342284016 0.280825443688615
9.26052872337411 3.06650625523605 1.34016484742777 -0.367617288955654
7.52586824035741 3.56489020811949 0.547410079096978 1.52994429558708
-6.33203165628407 5.97573569187567 -0.413815313518638 -0.294685494218916
0.697639903317145 -7.36120968620951 2.29162258958318 -0.447728183563995
-0.601938584761796 -5.38495956064995 2.60776298634903 1.63019595930451
-6.54413069503454 5.07772925806023 0.954514874315605 -1.6872976742238
-7.20291574578405 6.54167440124443 1.2633343431108 0.0201137238656993
9.8628757879026 1.3842438974836 1.83882064266391 0.013479461398665
-3.78635351145622 -4.8264229675296 1.99329492541136 -1.48956523030341
-1.19410742695131 -5.78901810487293 1.24791694414966 -0.768782877261266
-2.16737359728078 -6.63281355218165 2.31966083555504 -1.09760141934817
-0.00115475228604803 -6.20604423649654 -3.74582273937061 0.330230368427108
0.697382042969574 -5.872932983532 4.00368670708534 -0.0610769043783701
-0.355762737998141 -1.93990488058156 -3.58924737158748 -0.361577803232696
9.83919353683022 4.94726849671924 0.0725330741467102 -1.40291526369139
2.09748216183298 -3.21434803406903 -3.51418008728841 2.48850538843806
-1.25241384753326 -4.35031247495724 -2.91681759422957 -0.983964599302824
9.00081014040665 2.69975547771296 0.531462364185366 -0.382478585698157
8.85802117362073 3.70920482475093 0.835813327611606 -0.918261003505705
8.20117626387737 3.396807428057 0.462551164097695 0.130476444771471
8.45220268945628 4.53557871015998 1.33771685194201 0.10432092352795
-7.44202494836508 6.54687814408619 1.35004973448632 0.512024695000052
-1.78931287965489 -6.2345214755024 1.86744105424311 0.354299933517296
8.39916522915493 3.51382851253111 1.16189068642096 1.18657712758828
-7.58299952808644 7.56803992954012 -0.00476751370828752 -0.273197325046522
-7.19992309574413 5.8368068736976 -0.954300870513402 -0.608715432779497
-7.42236135758384 6.08817165614358 0.585272295900137 -1.52472038607884
9.03960663190268 5.96901840095449 1.15992930566928 -0.277358453512725
1.30677580217767 -4.43788757759438 -4.87977593474884 1.59150720921076
-6.69443415293004 7.02246384788981 0.536269920676784 0.311979540425168
-1.42633170046991 -3.81163578143343 -3.88119585956682 0.735130941708411
-5.92365028912632 5.15289369131467 -0.0731089631305181 -0.991759065705806
8.97841196898217 3.7785740039845 2.48846135229285 -0.0942009681124117
1.59344019630426 -1.66430668750658 -5.27214459318585 -1.75129327728471
7.83038551416735 4.15081772327956 -1.54276559901205 0.25245581840876
-0.717598252980721 -5.65208807655076 -3.19575900572647 -0.906066801199234
-0.0488298212219978 -2.47002370406324 -5.16204403990681 -0.739490232439144
5.72539443938131 3.73936370370821 0.644196138494618 0.935414227507286
-0.405344704923312 -3.85266651997189 -4.51117767335389 0.233926858458884
-7.77591836800296 4.46051219621134 -0.82267257438946 0.566094492014747
-7.78389597375021 5.47955196411923 -0.528437709583013 -0.149899880813163
-2.82467803076735 -6.67309441780265 2.66190641126921 1.04842746029128
-8.00997061394559 5.61281343493152 0.207679592113042 -0.195848151618371
8.53461978957537 3.79391754103951 0.548267914871087 -1.10153922127525
-7.39596819033407 6.45976973007167 0.665091247234093 1.51962197700075
8.66319912590247 4.15514652937371 0.346587356525333 1.43726766094318
10.0725039839907 5.15677500883556 -0.66909338305498 0.514715545252092
1.13070624777698 -6.05397615615282 -4.35912754903403 0.845723205798882
-6.99918555545959 7.24652001110965 -0.510158478802571 0.807192782310423
-1.59741306277391 -6.40426347944283 1.46762767493908 0.356131299625593
-8.42991462279929 4.50928278667269 0.798388231248363 -0.601290921312775
0.427155895677338 -4.7361485708226 -4.34919747639119 0.607198475624264
-8.4140641237579 6.04837040689273 0.65520936901008 0.96255948624985
7.71228359664245 4.43630996237932 -0.281364275348563 0.250610056465629
-5.84303482048749 5.58007826630227 -1.49384170629061 0.353689017254434
-2.87547497149589 -4.74686289192853 2.9888631425865 0.532681232322634
-1.35038506983971 -6.76291427627225 2.42215656126423 -1.38761910851252
-0.658026003496694 -4.92600324302075 2.09947190714375 -1.02955376157275
-7.46076486107881 5.52633659200333 0.295224595872989 -0.308183062736707
-8.29317628552401 5.81779576781866 -0.124722736116702 -0.416149178983395
0.814072027420361 -4.48680258588178 -4.68192742358637 -1.02572526998005
-0.0835847771607082 -4.5030150386131 -3.12111634803217 1.43925256706449
1.42996413266161 -3.61850954995153 -0.607130541179603 0.457700740942958
-6.21855788181262 5.26791679778271 -1.34578881375621 -0.617170950809588
-2.8147678917455 -5.83348165193293 2.13447968587862 -1.71961895191818
-7.098041742756 5.86298879554127 0.902939841495606 1.52327429807978
-4.2335492355691 -7.66684269775851 2.54522515969329 0.290744859297339
-8.12706206430811 5.53251218580819 -0.742216909205621 -1.15511943937888
-8.24504429894225 5.56534806966481 0.718753400450169 2.00840009553309
-0.417024343119984 -3.86327814186584 -5.48513843390605 -0.0235048842584459
-5.54302252042607 6.1953449167233 1.73389455127621 -0.491243368254993
-6.7535356116558 5.45153751749045 0.632581612304081 2.83913121764307
-1.00323292063332 -6.00698005348604 3.98142588714177 -0.822519669193085
-1.09402340696876 -5.31855848515001 2.14985072964715 0.606648323057265
0.146031747484296 -3.75420386127182 -2.8037696127774 -1.14741747093509
-1.22065429314872 -4.89691755643053 -2.02207336149755 1.25214205290349
9.25690462713212 2.92630048643964 0.611918482212758 -0.827549968278129
8.6970355422192 3.16271003575206 -1.20339853205826 -1.05353185996501
-7.30879314504055 5.71129215629967 0.257921221610371 0.641085542007925
10.5456861699325 4.86320264859481 -0.537189516276516 -0.2947631122081
-7.48779784277216 6.1365667793996 -1.55179819115048 -1.61365820424135
-1.72077064524863 -5.75196010608968 3.914235696934 -0.0830608928708553
-1.45442792425533 -5.49180158324867 3.67929772273711 -0.152395920647377
-5.4821516914549 6.84589841500839 1.52880325644044 0.852217727484334
-7.74650591843447 6.58597898593811 0.365863258729161 -1.39682499565977
-0.365041080137013 -6.26007877410286 3.40704192649397 -0.598663891707197
9.5853248483828 3.17773364421641 0.857340389474389 -0.24394590333604
-0.159444020533924 -3.93497698768353 -3.78582970394007 0.515847744579355
-7.7748390496521 7.41986829629676 -0.704249753998479 -1.83632944342407
-1.53122467688731 -7.1748163121101 2.35128735146954 0.425780229534552
-7.37210970207153 5.84493204206103 0.860934594490315 0.0895646121827476
-0.658524790514555 -6.83522439796738 3.32693088002368 -0.164919452578207
-2.83667553296375 -6.14540872137244 2.16799154798439 -1.58654498018311
-6.6299176949758 6.49768655699648 -0.92460233609569 -0.350231253812748
0.0451831093370409 -2.8291792744342 -4.56489595978868 -0.764787881742736
7.88312615939807 3.10774503601702 0.673556953334033 1.12444570343017
-1.5693237052451 -3.45562446900635 3.01605692682592 -1.50850417353048
0.434965477511976 -2.88953702387777 -5.47234771215946 1.85721572103089
1.16907533549399 -3.8265549108455 -4.45705157752567 0.366415609491264
9.55752763311726 2.89957106450253 -0.0731680556796523 -0.765970824973198
-0.923361520054936 -3.5274647293708 -3.83858177952984 2.32249291015504
-0.808666407934211 -5.38402360597735 0.943427628574278 -0.706856157633973
-0.200370175912015 -3.77918748510161 -4.75541573781223 -1.8832154055282
-1.65653408104508 -5.71742515630668 2.35279692986615 0.76732227741864
-1.35170005029222 -5.79490963434967 3.54162081509112 -1.15538789037642
-6.68726838816043 5.88663170650111 -0.63667422070987 0.455572821858864
-8.66281060909816 5.22895796603574 2.07071916501733 -2.381854990664
-0.100815300417554 -4.17965184055349 -1.5863635371454 2.08407225249497
-7.17869782998463 6.34824739639014 -0.230847467090272 0.324880231371019
-2.42884338417036 -2.66279040006413 4.99123872872198 1.72858523605772
-0.606028073130125 -2.85890922188838 -4.34697874126218 -2.86993217555209
-2.04900765665164 -5.86660018494711 2.12176758801278 -0.5057134588103
10.8873128169549 3.45575420278539 1.28050930100495 -0.569773360345776
1.90898343277959 -5.88432844282771 -2.22154792731383 -0.870944779970431
-1.9076308471121 -6.63107125465924 2.57117521288132 0.609388071993719
8.51440390248207 3.89224446536376 1.3504923197099 2.13333840417423
-1.00052825183997 -4.31879962663922 -3.29625435737144 -1.52528211849945
9.00119428905075 4.86569299055685 0.921793913850329 0.81559471374863
9.67966726448131 3.3832129817006 0.196241767693104 0.0753219385234958
8.88077780726571 3.05598461616382 1.62365525863333 2.36439290991094
-1.51259034580649 -3.60764350210007 -5.33186315864291 -0.46644293973382
-2.42956187950167 -5.99672212801578 4.18522691236199 -0.119257441708059
-0.795780968343351 -7.51249854029539 0.91912465249587 -0.325925413139921
9.92112756865155 3.98827176193288 1.28855744754094 0.136699743378307
8.78743171099966 3.95796615026882 1.33460430311251 0.0532420875325715
-0.404595780501933 -4.67054722090599 -2.50105913078832 -0.0175748005108285
-0.858858881896329 -5.81539451929357 3.57968864101064 -0.294252691149612
-0.306716333382866 -4.15366364334969 1.79650864368604 0.919999633928666
2.42314022521076 -5.55808457973184 -4.98970225924371 -1.89726634892101
-6.4652151861228 4.56271398260807 -0.256220215058795 1.33979315961381
-8.42378340999344 4.82748403373294 -0.667944677930478 0.187995679815764
-0.517136131671867 -4.16725675454805 -5.4575334167296 2.62258814806218
-1.52060424766183 -7.00083065004672 2.45143312880852 0.18304449705119
1.36500453596975 -3.99521742421042 -4.25361900592996 -0.858241978381906
-0.171197565307545 -2.59462525140548 -3.74246203241786 1.54876353784914
-2.29882091419706 -6.48095205351783 2.41687706983859 1.29297452118212
-7.35666426175897 3.81161301347365 -1.17541322631671 1.19781646541686
10.9549862068171 2.22518445786627 0.742613330414862 -0.454144817569599
2.01459800450464 -3.52939709224222 -3.91143843242041 -0.687597269386353
10.5332332518579 2.84177885328776 1.10444211652253 1.11581570354468
9.42183493050115 3.72427792038924 1.20132492321813 -1.20322628749191
-5.3739119768439 4.5312584176347 2.17132654798777 0.361856556086471
1.11960312771931 -3.84600829189657 -3.47695677762722 0.346697975605646
-6.73925312762751 5.14464958146286 0.552910049945556 0.491582949087198
-9.11849470618129 5.32158869477587 -0.407825256678283 -1.36798541483533
-1.1314424099776 -6.87546962204324 2.19194627117413 -0.300740536671553
-1.51279261146532 -7.32392689268827 0.451157368008471 0.241419150919848
7.65927801727264 3.57731073940688 1.25309970504745 0.519033134435291
-1.64241419246297 -5.30635176019052 1.56515854641336 1.43792082282922
0.312143863925658 -2.4432553095587 -3.11667055649736 -1.18638960912338
0.699838584500596 -4.34602164908707 -3.93376033107629 0.434735074570878
10.4711002170781 3.98474825012277 -1.27418711429499 -0.202958614289269
-6.64901452526142 4.90564714252035 1.7200250041694 -0.582172667325782
-7.40936564160261 4.86619945214945 0.538002467139469 -0.208073140870271
9.53645912084894 2.22887539728693 -0.267086024485409 0.746954929691791
8.37403317066835 2.36113238243575 -0.732765528465162 -2.49219945040902
8.5455571236153 4.29673235199892 0.695728654925255 -0.124253938381864
0.802644957913249 -5.19128379895432 -2.80162158721325 -0.897212024159108
2.09899219670714 -4.35371681327858 -3.47962817908026 2.2570851917071
-2.90414760680813 -6.69218166469803 1.45582741836522 -0.105662302679943
-1.76046681339941 -6.52062904026564 2.35537245494487 0.510718665850555
-7.76482337430573 6.38003728670737 -1.4759288524725 1.94115116965647
-1.08327659020572 -7.86629153719839 1.10947559556218 0.375228986063362
-7.65431967808656 4.14797877531031 -1.4701207194539 0.82385487811457
0.295862019307574 -2.56168525033046 -2.63031219587013 0.66936913048466
8.78528789583308 4.55465279414781 -0.406337922107124 0.281035728456973
8.80331385776432 3.08719348366692 1.16106890361711 0.678699081269609
-1.54048254930623 -7.5064156652046 0.669541050329041 0.933477202143868
-1.46756961602527 -5.05902627310777 3.40933960112819 -0.269552879143602
8.07333321375015 3.28526755121985 0.921946711734441 -0.839922350666869
10.3955689581512 4.27299806968762 1.35008990832007 1.27293974861027
-6.12821265568018 5.18996614322989 0.00967820219108283 0.123952005162309
0.995735165982144 -6.33132125630346 -2.97216648454282 1.20307132705129
-7.78674536718662 5.50047198813232 -0.304675672330242 -1.1352153193449
-1.79168664918649 -5.745150416726 3.41920803879285 0.518721271705418
11.2631431041238 3.9037031007683 -0.0523789186192509 1.19421870415602
-0.378809144114823 -4.73112366805584 -4.51056286834475 1.47823941629232
8.64042026704251 4.51945579623415 3.22001215522074 -0.972429562748612
-1.42101583443242 -6.3652796311617 1.7649356596874 -0.803835461181855
9.86028809010261 5.00377421967857 -0.699069204216248 -0.0117242968769354
8.50129139260734 3.47312115999573 0.426279037396115 0.162984353648873
-1.09687312109758 -4.94970556069326 1.88590634324149 0.428030597415691
-0.509371217883768 -6.2184632176287 1.58299316791372 0.676256069842842
9.27379255023681 4.20567127473433 0.433074127046804 2.35035918195167
-6.1271655096946 6.30267548520022 1.39515815568692 -2.70945803662528
9.37911841422182 1.3221824867767 1.63715199736278 -0.228969810994184
-6.87540220345646 3.59898065937748 0.497906974674325 0.341517639918235
-1.73228674120162 -6.23925632700328 1.75233946992727 0.410843440110704
-7.57438478805841 5.08650397093251 0.196455234374747 -0.827879416365645
0.940186684573103 -2.97147279232569 -2.6804628865548 0.514121160686585
11.2726926949955 2.61907323821157 0.200661006154246 0.602097969000133
-1.69264425360217 -5.80655577089709 0.943537600586919 0.741169101110902
-7.79817631579018 5.80434626833962 1.67144418549199 -2.30133443010014
-1.09363277506223 -5.27245987012079 1.98460933874666 0.222412732055233
-7.77601336353054 5.06428190490962 0.0750855861740393 -0.243557601499061
-1.05698646389027 -5.4461568508421 3.3007589776732 -1.01408091943307
9.42155450471297 5.33422277578822 0.62122792806565 0.336303828809457
8.46818966056646 3.66296219245631 2.8269098269814 0.502595725098505
-1.47274476700245 -5.6026506104965 3.35129381490952 0.0870235209638837
9.67510398196393 4.43130951087439 -0.561505578950623 -1.17994711330512
-8.15177453741352 6.52880774186983 -1.85093434505606 -1.05479171346468
1.07498505996383 -5.16236497128655 1.91402007919294 -0.924758510778462
-2.31145207644877 -8.09445144442755 3.07545205023472 0.382187699474235
10.7971943906435 4.97976934350399 0.97557857308364 -2.5967924272896
-7.10002717755008 6.79642725600796 -0.480374767241315 1.72038200306448
7.52305069904648 3.42717701582473 0.441861566304663 -0.533222327916525
-7.37270584238933 4.97710852905593 -0.435790860207636 0.562957547270685
0.40195563401853 -6.55655133373454 1.85507478474516 -0.906737844268777
-6.28187657102278 5.52606066576354 0.00402098043882848 1.0059243211144
-7.31913099704212 4.79684420416993 0.740121622593129 -1.93318121383956
-6.78973008740918 7.16486160449579 0.360868315705093 1.32379199547974
-7.06543716895144 6.06896855774091 -1.20343449982222 -1.86631666734637
9.82397084851987 3.7311315703566 0.00303073824150406 0.655888820108306
-0.942026668704155 -3.48486699962998 -4.53551243228061 1.29505018819684
-5.82998659551221 4.69878786053824 0.849328311659905 1.9016179077301
-0.49840588065165 -6.36803069639762 2.58964282073271 -0.903595052180675
-0.525296631655844 -5.48092955331956 2.03949293979607 1.02648225679424
-5.69915826152565 4.66107934653217 0.955190180380244 -0.743084755598477
9.35039765772495 3.49117396459502 0.62047845993265 -0.00370161545867173
-7.4917214039373 7.8357156876378 1.2945231685048 0.857436375773059
-0.700378069834265 -5.97772222634941 -4.34268606965013 1.94298771315878
-0.937271755197719 -5.71228158745423 2.75507285760531 0.235120473838389
-7.44053812640854 6.10422383471706 0.437335199459507 0.363532933223997
-0.620795291854011 -4.70746867453104 1.77782697120259 -0.510289992404688
7.4976294249136 4.25133452015878 0.067148260569729 -0.495116008214285
2.22119372556405 -4.05642940963654 -5.54152325362329 -1.69584555339343
-1.95453526891109 -5.1152977351669 2.97167291133158 0.449752047184435
-0.606701940325512 -5.08077875867564 -3.95319096400626 -1.10429727829719
-1.41062436811838 -4.79905621004489 2.39156863116847 -0.0626507725324164
-2.00620407421888 -5.83981066376867 1.34749998929538 0.188040754794376
9.85627901961337 2.30833368995194 1.23002979648296 -0.37541787130935
-1.34886502847368 -5.2481126751375 -4.81759211839658 -2.16100335802298
10.0919019846286 5.17644816956526 0.307679385198446 -2.41096783279566
-4.63615369693372 5.71521971582133 0.904426024343432 -0.523463165637941
-0.687339626001369 -3.55827825277748 -6.52515505956437 -1.81228746578705
-7.54051045437342 4.8686365080831 0.396601332499861 0.828729996895482
-5.97893591760436 6.80568579720665 -1.45659496291294 0.712959906066382
-7.39586318677176 6.42743616288355 -2.66270500423134 0.112268861294422
6.51564984363389 4.28921586477695 0.449202059436796 -2.12151451886324
-2.44160589489444 -5.97876770869754 1.06599054457202 -1.1562932601296
