1.62525276629273e-15 0.282572352253089 8.66519944427627e-34 3.03408935170335e-34 0.71742764774691
4.19217160979021e-44 1.25989165320264e-38 1 1.25808193933907e-63 4.57986445926249e-39
2.47517217663734e-45 2.73872928435726e-47 1 1.48817804237299e-67 2.83850085581505e-48
1.13696500021972e-47 8.13342072226604e-42 1 6.94666230660121e-68 1.74506313486249e-45
1.44972772007845e-55 5.70238679570316e-41 1.16515194880043e-62 1 4.28800624573197e-41
1.68364234222609e-49 4.891824846784e-36 6.93189402851923e-58 1 5.17112369813539e-36
1.1813872808393e-07 0.227771171623296 2.79047041183764e-34 2.85422734731069e-40 0.772228710237976
7.51485226479066e-46 6.15362587327679e-45 1 1.61753563497321e-59 3.49614760395514e-47
7.49825403186578e-33 2.08253843647754e-35 1 2.63850872328013e-53 5.92345190810535e-37
1.01875208659998e-41 2.30606560191475e-41 1 1.62636724009353e-72 1.44388168977152e-43
4.22567157719067e-10 0.946790665611905 2.65078857505368e-33 6.01343704434367e-45 0.0532093339655283
2.79506557002407e-18 0.00820154041804875 1.96574218089917e-52 6.6537440137711e-32 0.991798459581951
2.1128760625579e-45 9.93027165282982e-42 1 2.92465176328903e-60 5.67712876075104e-43
2.58151687141554e-37 1.49713552772186e-35 1 2.295091016808e-66 3.75859172755033e-38
5.31987479470182e-52 2.10233391815946e-34 3.88542022780519e-60 1 1.45936122555272e-32
1.85507072780487e-06 0.745389135020931 8.9247664189365e-42 8.01016086711545e-43 0.254609009908341
1 1.31846655914937e-16 4.93555887535806e-39 5.79939182593692e-53 1.42589544963945e-19
3.53719438144408e-46 5.62183269880384e-35 3.81302413720933e-66 1 9.34824369165003e-34
0.999999999127726 8.69938818057859e-10 8.18748539700507e-40 9.40456813205058e-49 2.33573986684473e-12
1.35334085938702e-17 0.964273920973796 8.77211286372888e-38 4.76216706836069e-39 0.0357260790262035
0.999999999999988 1.19506718998944e-14 3.68596910628013e-23 3.59931173354376e-39 1.39445049100105e-19
2.77314629280122e-49 9.99770564982852e-37 5.77481434032934e-60 1 1.56450476226669e-36
4.42395238509138e-45 2.10455620970809e-28 1.10649800093282e-54 1 3.10558119990162e-28
0.99999998490461 1.47250977158481e-08 2.68308716270639e-47 1.6459696393233e-49 3.70291965004507e-10
6.09975098133951e-41 3.13093452087927e-44 1 3.60116432092476e-56 7.16632329450306e-44
1.49697535970282e-09 0.992348510780175 1.93631860237876e-44 8.68009257688638e-47 0.00765148772284988
2.17672069333121e-48 1.47883522490544e-49 1 1.88845050600817e-69 1.94461171014232e-50
8.43882909182581e-15 0.00649012806864306 4.87404851599784e-56 7.28275465355046e-35 0.993509871931349
9.63875096660281e-37 4.52806937338023e-36 1 7.04805348510686e-63 4.62401271765888e-38
1.96541951860092e-34 4.22372370232057e-33 1 3.15743960672911e-51 2.38854814745569e-35
1.64910258865103e-43 2.8830261313217e-44 1 1.02194459427887e-69 1.97182199195507e-46
1.88937948566832e-37 3.75381122629955e-35 1 1.62501586819922e-55 2.69580570153774e-38
2.0520267168176e-59 4.10104330439103e-42 1.84612859629719e-70 1 1.16063250222344e-41
1.56844613258583e-50 4.68809464774352e-48 1 2.50535969733631e-65 8.39414063187268e-50
0.999999997224313 2.58236173806104e-09 1.21296608916698e-46 2.88969933671381e-49 1.93325517119902e-10
3.55959335551505e-39 3.40945313200525e-29 1.97547889565237e-51 1 1.11519105547721e-30
1.66169304602163e-55 1.61356748709017e-42 3.816539830958e-65 1 3.89419587158448e-41
4.63712367138389e-36 2.90009227396586e-35 1 2.14409030452378e-54 2.32958822048865e-36
1.55197642182156e-32 1.56031458553757e-30 1 6.84476616835239e-55 1.13983836690426e-33
7.88628032069827e-32 1.42630973970298e-22 3.93805530767066e-40 1 5.73745341146956e-24
0.999999999999962 3.8165784135619e-14 1.13949031431138e-48 2.18893130408794e-61 1.65454531290553e-17
4.64293499956225e-50 2.13676346492992e-39 6.82894885854505e-76 1 2.59290340949231e-40
1.66757617391273e-51 8.24799739456903e-42 1.29208095077409e-68 1 6.43885666123368e-42
2.6181316913613e-32 1.57381294255251e-31 1 3.84976477150748e-42 4.51626455310704e-33
0.999999997357059 2.6335199156219e-09 4.33717165474274e-35 2.36084720087571e-41 9.42140931725323e-12
0.999999999903002 9.04535953127249e-11 2.35398324523257e-37 6.22359221865076e-52 6.54415997818143e-12
6.07394978387059e-13 0.503203526107302 1.45834716215944e-44 1.03807130302937e-27 0.49679647389209
1.36047630662772e-42 3.51364892122036e-40 1 3.44990087721625e-71 1.14667578610551e-43
0.999998760862858 1.23294162877591e-06 3.82987020459059e-45 1.85861532189576e-51 6.19551344832383e-09
3.42393109948235e-50 1.20146502141232e-40 1.27114868359206e-67 1 2.92172637048704e-41
0.999999999992097 7.89499126700214e-12 1.04340336730057e-40 4.67341360445721e-51 7.75994335495822e-15
1.01283847036841e-50 8.62795279208366e-40 1.69415001140008e-59 1 9.03593426501783e-41
7.99299391263659e-52 1.20173959935878e-51 1 2.69350110849807e-67 4.34129053044251e-54
1.68774649031739e-27 1.61278227237929e-31 1 5.14254194434494e-47 2.17666350469539e-34
1.33756602837472e-37 3.0930718312616e-38 1 4.2047890958284e-63 1.73082721930586e-39
5.39592588081779e-14 0.273138815574376 3.57290811932002e-36 9.88363984778847e-34 0.72686118442557
7.29581352421918e-15 0.55747789996131 1.54897876979388e-39 1.03183685312989e-40 0.442522100038682
0.999999998638708 1.28421502063865e-09 2.39813524593172e-35 9.02648748161944e-39 7.70768453008995e-11
4.25839628462171e-41 4.36944307157646e-42 1 9.18814904046264e-65 8.90299789145121e-44
0.999999999946576 5.23070011361113e-11 2.49981827891959e-45 3.50125460056746e-44 1.11734291153762e-12
3.66788906377094e-13 0.0283996064365887 9.22734532744177e-38 1.76101052069153e-38 0.971600393563045
0.99999999999986 1.39675495403455e-13 1.80877645880004e-38 3.99895534225299e-46 3.26458766486311e-16
1.24410408769177e-10 0.824383132368385 1.92428538301282e-41 1.10884168020105e-34 0.175616867507205
9.73271969262289e-44 3.11502432239388e-30 4.03476157988983e-58 1 1.072550169461e-28
9.60094639218907e-54 7.38323997437453e-45 4.79575505870486e-67 1 7.00586269849486e-46
0.999999484170694 5.15675140064393e-07 5.90826374962254e-37 1.3176870981257e-43 1.5416644266986e-10
3.80376547834966e-41 1.23667596203858e-39 1 3.93934654050324e-66 4.38324680609717e-41
1.26021137235067e-09 0.922617733539098 1.12696488759741e-34 1.19740613255678e-27 0.0773822652006911
4.40938708505328e-31 2.74815599256559e-31 1 5.07646177368508e-51 2.93785685404381e-35
4.25099494375137e-37 3.5820134726211e-38 1 2.51919472232468e-59 1.17407663517917e-40
0.999999974778112 2.51774398252459e-08 3.73752358910275e-42 3.56990326777296e-43 4.44481025792569e-11
3.06379409237784e-09 0.303488622816377 1.38846114085596e-40 1.21326807323951e-42 0.696511374119829
0.999999999999986 1.25906296621352e-14 2.98180435523939e-41 1.29815274712631e-56 8.7014864065714e-16
0.999999999999972 2.7678198833766e-14 3.50303536478573e-40 5.83926173434913e-45 9.27944273468446e-17
0.999999999969725 2.71403001325552e-11 1.09386230777146e-27 8.8434601343632e-37 3.13513783460161e-12
4.07840174525078e-38 2.99152244790413e-39 1 2.27668654618947e-65 2.50406624430676e-42
5.82466064077726e-37 4.71350765459321e-32 1 1.36764496189688e-54 3.74118380313845e-33
0.999999999967581 3.24028195263589e-11 7.2448372587795e-36 1.17870564790294e-46 1.58611443585568e-14
1.28712144156845e-46 2.03994126768483e-40 1 3.90355967051916e-57 1.38490231262662e-42
2.61311046645232e-12 0.829821372821973 1.12430329406827e-46 5.20082601630339e-38 0.170178627175414
0.999999999999369 6.30664609487605e-13 1.32751515619572e-46 4.69207231327222e-38 6.87819055988554e-16
9.61208984718933e-39 9.02691352452347e-31 3.22278166704063e-51 1 7.90045068935978e-32
1.98825438696643e-38 2.81466145606602e-33 1.35750931668487e-66 1 7.95757197154996e-34
1.5588049531722e-16 0.953566090885793 5.16358871801902e-39 1.10868343006273e-33 0.0464339091142065
2.76992633270409e-29 9.53683449342397e-32 1 1.83474699730477e-53 5.43430458100776e-33
6.15936417949007e-36 1.20721504365937e-38 1 1.77297163319692e-68 1.09433353343019e-40
2.42264472355292e-36 6.70158253429073e-33 1 6.98805724706358e-66 1.13130806057664e-35
8.36387942295123e-11 0.0273651630466938 4.66630827691435e-39 4.63116223790516e-48 0.972634836869667
2.07681181728496e-11 0.980650734651752 1.14422705616533e-40 8.99882036188276e-42 0.0193492653274797
7.64250689685656e-43 2.5027942262645e-43 1 1.41934318375522e-67 7.29608325074525e-46
0.999999999998288 1.71154058275551e-12 5.2668318100199e-30 7.5660686987537e-49 8.87496734895728e-16
8.64598184632869e-40 3.9849276952894e-43 1 1.74400222180392e-53 6.25626280440396e-45
3.40429853664827e-39 1.57879530068859e-33 1 3.94090907440668e-54 1.8426034430558e-35
1.25361292346014e-42 8.20927779648649e-34 3.52044646511158e-58 1 5.51558141771396e-35
5.82915610373633e-51 1.5962321988193e-47 1 2.70379218252066e-65 2.55855424812102e-50
0.999999979433072 2.05286857579871e-08 3.35945711183948e-44 5.77191461307146e-53 3.82420198631464e-11
0.999999929909406 6.84362955926664e-08 9.65675983299958e-38 1.68783950601126e-44 1.65429874238702e-09
2.48972647486907e-54 5.5794062222437e-41 2.0532975733799e-65 1 7.25517067204468e-41
0.999999998578354 8.18929559609747e-10 6.37971161882649e-52 1.63553561980783e-53 6.02716354406619e-10
7.16988194610003e-44 8.29303060534873e-37 4.14506742681482e-68 1 3.7224737466367e-36
1.73039041642795e-13 0.226001372732886 5.42594042893412e-46 3.53879860468931e-32 0.773998627266941
0.999999383509494 5.91037869307397e-07 3.7159650413441e-42 1.88582964689576e-31 2.54526363624471e-08
6.88916084673645e-52 2.83066160617212e-53 1 7.00370801042428e-69 1.8818040845674e-56
1.50649579732419e-51 3.82745891497601e-38 7.09843713205003e-70 1 3.01475015630628e-38
5.32081724945079e-45 2.29829608943217e-43 1 2.2540487276296e-63 1.97394109014773e-45
2.96309790435847e-10 0.92890197214559 2.6504981136893e-33 5.34925279505039e-42 0.0710980275581
1.49294410206187e-42 3.23479154494838e-34 2.00625224752963e-62 1 1.12234359953904e-36
1.04626572866627e-39 1.40718561927935e-31 2.37828481114771e-54 1 4.00125617058782e-31
2.93082945799789e-42 5.21808070676472e-39 1 1.25511404840361e-60 1.57171467235031e-41
0.999999998853556 1.14600383402889e-09 1.6228832257636e-41 2.33203562370678e-48 4.40074173398302e-13
1.23808921916237e-43 4.02622003344692e-45 1 2.93861306449602e-63 4.73541107972503e-48
0.999999998865081 1.13229104275324e-09 4.47050747005001e-37 4.70074158435962e-42 2.62759158520307e-12
1.1668186292778e-12 0.977923153605311 4.30748878570736e-35 5.65277538552767e-40 0.0220768463935221
1.21936403503215e-37 2.60059651196514e-31 1.83751275406914e-68 1 2.59995611040306e-31
2.9161996541446e-09 0.101483425717407 2.26077850025947e-29 1.530819363654e-27 0.898516571366393
6.83672180190349e-52 1.87684787548854e-40 5.92074751458986e-76 1 1.55842655863455e-40
5.34485732112137e-10 0.870834861901673 6.93299155554944e-37 3.10994977703758e-36 0.129165137563842
0.999999999999904 9.54250691131222e-14 5.41623241786026e-46 3.90105793210722e-45 7.36761512439667e-16
4.53083623405224e-54 7.03114714419188e-43 8.55744492482947e-59 1 2.85947071882392e-43
0.999999997196147 2.53559580496423e-09 1.69857948931547e-39 5.98437588065965e-40 2.68257594074051e-10
0.99999999515151 4.8279204207195e-09 4.61417900093453e-49 2.42948410629989e-52 2.05691398824043e-11
4.44631380175905e-42 1.85004271994893e-31 2.75017169522575e-63 1 1.71226973142302e-31
3.65251886742476e-06 0.389210305247536 3.18331594909306e-41 8.52830694176743e-35 0.610786042233597
1.04827188850032e-38 1.83496791277838e-30 1.22461614940314e-58 1 4.4007381146139e-31
0.999999989698653 1.02393584335161e-08 1.62283097893043e-47 3.83530108938945e-46 6.19891010563548e-11
3.06444469097078e-05 0.779560656150615 2.21037045329633e-36 1.2038180350028e-36 0.220408699402476
0.999999999997319 2.56710543348153e-12 5.34375217618022e-45 1.53874480473951e-48 1.13564503420856e-13
0.999999999999847 1.53483690841427e-13 9.51928136793341e-47 8.27636440349712e-63 9.69671007471961e-17
1.284414374507e-41 3.73023706949583e-46 1 5.03211211605946e-67 6.59968826359282e-47
1.06348145147407e-44 6.81333645649933e-45 1 1.38089357531793e-66 1.03064822824473e-47
7.10909307193177e-49 2.43531293293378e-46 1 2.10162033163818e-68 3.18706377343971e-49
4.24078822826979e-15 0.997987811922906 2.90358334517198e-40 4.54471040427938e-43 0.00201218807709001
7.7014463353472e-08 0.229828291819603 4.59805532961711e-36 1.8493293679423e-32 0.770171631165933
0.999999999999126 8.72886748302471e-13 1.24343962146057e-32 9.84713637970522e-47 6.51726462659908e-16
0.999999997191658 2.7736980103836e-09 1.08190559096317e-41 3.58144233173947e-48 3.46438909874422e-11
2.27023415309112e-55 1.0866869297336e-45 1.44033020894872e-57 1 2.82327279238207e-45
2.38195836446964e-45 3.04881115202381e-36 3.31298931152132e-60 1 9.01044861143243e-37
0.99999997940173 2.05814240426473e-08 7.0261072806919e-40 5.82961492785359e-40 1.68460685367831e-11
0.999999984931926 1.50313327808179e-08 2.32272804519938e-41 1.44629485471848e-48 3.67412231800074e-11
2.88269127388499e-47 4.46966427442975e-36 4.90465963179338e-60 1 4.52440853727202e-36
1.12681911948075e-41 1.60450822295121e-31 5.95421243731272e-48 1 5.57540911197813e-31
1.93720084523672e-55 9.74195650464283e-43 1.44292602299717e-69 1 9.06836835700133e-41
0.0232178415175727 0.960865843380274 2.98628293109036e-32 1.75947980791862e-23 0.0159163151021532
0.999999999999828 1.72168812046959e-13 1.51730245862215e-38 1.85267685129514e-48 7.38340747693507e-17
2.40264291122497e-45 1.67366234363553e-45 1 4.81896590735812e-65 4.51945293359847e-49
2.09360916814933e-06 0.604469369853116 1.17250471746571e-40 1.27967286131111e-43 0.395528536537716
4.28695090996126e-41 5.782638283438e-41 1 1.75336843021806e-68 1.0503011298911e-45
1.56793427952163e-43 2.40248931040097e-43 1 4.94066566325645e-75 2.00215995745476e-44
1.01881460372253e-12 0.10483289669719 1.34441427667202e-43 2.39699278611003e-36 0.895167103301791
0.999999999999996 4.53998417911101e-15 1.60760204766912e-49 2.31268072637775e-60 3.42847506248953e-18
1.75852790483217e-33 4.31514441003664e-35 1 8.17351686137888e-55 7.58216870997918e-36
2.63083244841373e-47 2.42211416492756e-37 2.08279677010106e-68 1 6.95296764969569e-37
1.10831288896982e-36 1.26020577085164e-35 1 3.73094288671404e-57 1.81488313851595e-40
0.999999999999957 4.3291125684715e-14 1.88006729105363e-41 8.97886346180198e-48 5.41693809371445e-17
0.999999999992452 7.54269258504911e-12 7.03034513683776e-43 9.68251338542646e-52 5.45958560589228e-15
1.06773144524938e-44 8.35963515289676e-40 5.91687777746978e-60 1 3.22837500837801e-40
0.999999999999696 3.02249751009857e-13 6.41703786110288e-45 4.40172876616385e-44 1.96599159559719e-15
1.43721577766211e-08 0.906263922066968 4.13393220705776e-48 6.45910386696342e-44 0.093736063560874
1.74635810566214e-39 1.21826386776453e-32 1 9.02612820024967e-68 4.61635139220458e-35
2.30469029768575e-44 2.18614644970965e-31 3.45471405098941e-52 1 1.3842275744405e-31
0.999999999999666 3.17886196031279e-13 3.99956235108702e-40 3.14065382390238e-53 1.57289372641034e-14
5.16850814744302e-40 1.28328414026646e-39 1 1.65653895305287e-65 5.93608459427228e-42
0.999997670116431 2.19932154592485e-06 1.81184398330359e-37 4.20508642035388e-40 1.30562022718128e-07
1.9469819526122e-46 5.34666217219946e-38 1.58342411082119e-55 1 2.32877195800864e-38
4.52470499465309e-52 3.7454914311822e-49 1 2.85220026320188e-68 2.72654110536301e-49
1.81490012054384e-46 1.5634362458583e-42 1 3.64954179117218e-62 6.00435491731742e-46
0.999999999995616 4.38113130113431e-12 2.76297048590041e-35 1.42044677697798e-38 3.24540004247792e-15
1.1793066746025e-41 3.57439881973837e-33 1.07334182281103e-58 1 2.61143057602859e-34
2.35361314833412e-11 0.911995244945312 8.13561499051204e-53 4.33136184903242e-40 0.0880047550311519
0.999997131289501 2.86460939136507e-06 4.41710377354574e-38 7.24559619528044e-46 4.10110816640834e-09
4.78592777873369e-13 0.998101234119377 7.05454331527879e-51 2.47754984625107e-30 0.0018987658801449
0.999999999943652 5.63306847513816e-11 3.30608577827007e-40 1.10727890247381e-47 1.78742105901255e-14
4.6354583063094e-59 7.28596779256956e-49 9.66976355174934e-71 1 2.0973957105655e-46
0.999999999887061 1.12574856224508e-10 8.53937725135054e-39 2.36506290041674e-49 3.63757981114932e-13
0.999999999962496 3.71371701064312e-11 1.08517819941534e-36 2.63844531891598e-49 3.6688210446107e-13
1.94579000270907e-55 5.54504546137449e-39 2.88785705467852e-70 1 3.69579020780099e-38
0.999999983251637 1.6694149776157e-08 4.52420273230634e-35 2.54332635290394e-40 5.42128588835609e-11
2.6822048872278e-40 6.9164637315596e-36 1 4.4727710914264e-56 3.43353855348509e-37
1.97365593677091e-46 7.98489059385392e-37 1.06693438966257e-61 1 9.58421738601861e-37
3.14168822075589e-14 0.43434174950552 7.59321417710831e-36 7.04193677594908e-44 0.565658250494449
1.01595732782038e-42 4.85159180273598e-39 1 3.57260686628657e-63 1.36745386893679e-40
4.10972604466952e-57 2.73416136036785e-42 1.20014717533865e-62 1 1.94390067052504e-42
3.80937473052508e-08 0.985021585114242 4.93640402249771e-39 7.86406946712627e-37 0.0149783767920102
5.96014714260646e-42 9.07562825446294e-38 7.87454140873308e-58 1 7.02843661430183e-39
1.85664828000912e-12 0.877681003927273 8.46460458680876e-33 5.76659968803386e-32 0.12231899607087
4.39722020039817e-46 6.81090099611361e-37 5.71149621926565e-61 1 2.76286191906636e-37
6.46209049540441e-43 2.33457852804765e-31 3.95987496929646e-65 1 1.14842458232253e-31
6.36038709184439e-43 1.65138035045321e-41 1 1.33020513419045e-68 2.8477479377354e-42
1.6035082192428e-36 1.3593033811672e-37 1 4.24578516084943e-63 6.35666327369336e-40
0.999999999972465 2.75040485803768e-11 1.89433875776459e-38 3.86369150056036e-48 3.06130805291689e-14
4.63790791975952e-45 4.09393084389538e-35 2.49413755670748e-59 1 6.31959701288269e-34
0.999999999382498 6.17220852038561e-10 1.15712590997994e-38 1.28063961050056e-46 2.81031587633703e-13
3.60266704095304e-12 0.804511133332348 1.47560594057814e-37 9.7150313328397e-39 0.19548886666405
4.83425602520695e-37 2.11685078096736e-40 1 7.33007610756513e-64 7.23000010295581e-41
5.52438651598722e-12 0.451669332247133 5.81528051479167e-31 1.01435834985882e-29 0.548330667747343
1.38391562534506e-42 6.7955630140807e-42 1 3.33253585202635e-67 2.19993053517415e-43
0.999999979554219 2.03696341979983e-08 1.06872053419714e-36 4.06515035862455e-48 7.61466348967628e-11
1.40192206028482e-09 0.888423839675261 1.36594589471882e-37 1.20108705932051e-26 0.111576158922817
6.0288173059052e-05 0.997130147278523 1.00950663733009e-36 1.42758726422673e-41 0.0028095645484175
6.70797916199036e-41 1.40810049288644e-40 1 7.27582528335021e-63 3.04589103738291e-43
4.9339249331895e-28 2.12365589497867e-29 1 3.26726337456506e-57 4.57696263586913e-32
4.19958405229585e-32 1.51111118429442e-28 1 1.16918398000094e-44 4.10901869071942e-28
0.999999999985831 1.39889805506133e-11 9.15245227951851e-42 8.96331979147028e-43 1.80083687079549e-13
0.999999999284199 7.08462637782657e-10 3.4335423617298e-53 8.97334014157457e-43 7.33881264293583e-12
7.50198377419431e-53 1.17691081073509e-53 1 3.83242660235552e-68 4.26046681505941e-57
0.999999999842372 1.57086576977809e-10 5.81074196507886e-46 2.1860361214829e-50 5.41271509093917e-13
0.000377365519262885 0.997832586573661 4.59954902709178e-34 7.15183458885362e-33 0.00179004790707604
6.20789541447427e-19 0.00871772106907208 1.44179301685449e-41 2.44763090029974e-43 0.991282278930928
2.06526624156249e-45 2.86302562472652e-47 1 5.98697465372688e-65 5.4253521258437e-50
4.29791869373997e-57 6.49814378136263e-42 2.53019991634753e-66 1 4.18602085437575e-41
0.999999999991161 8.61944566450998e-12 7.08388740988417e-44 2.43112992788661e-50 2.19703824752809e-13
1.08492038636453e-38 1.54972798434407e-44 1 2.40609464292596e-70 1.52598537660282e-45
4.76779699768101e-42 5.22370119715779e-35 8.47147192737406e-60 1 7.70024667280561e-36
7.49250845471773e-11 0.976231760819829 2.19127313071216e-35 3.54290012089327e-42 0.0237682391052458
0.999999999999909 9.07398317201177e-14 7.09780398437964e-47 7.90988881764944e-48 2.61059099625298e-16
4.37748436774667e-58 1.61213895095391e-47 9.04840166595544e-65 1 8.8296851208699e-47
0.999999999901679 9.34502680635521e-11 1.43079331865501e-28 3.30831849568527e-52 4.87093969729021e-12
1.48489851857498e-44 3.12830339754935e-34 1.00853041771983e-50 1 3.3000532949955e-35
0.99999999995378 4.61285041131343e-11 4.11018567413497e-48 1.89404894894258e-51 9.13546501722703e-14
3.7426150795337e-35 1.79441181689326e-39 1 1.52684930956224e-59 9.2640982988929e-42
0.999999999988788 1.04503697466597e-11 4.86866120053885e-38 1.42748294746676e-53 7.61302373947796e-13
1.3298921461939e-49 9.95067342203151e-38 1.74293919281583e-61 1 1.01092280109255e-39
6.04063859849507e-37 4.09225668087612e-29 6.82534567563585e-41 1 2.4813197998444e-27
1.46623197881005e-41 1.12243276544327e-42 1 1.13557563268492e-65 1.94207331410656e-44
1.24653180289576e-48 2.12522242095057e-39 3.06103495584603e-75 1 1.24519580324653e-38
1.14288820963253e-18 0.00526903345785828 2.3074530159234e-38 3.32280876818249e-25 0.994730966542142
4.15950732736167e-11 0.999253350236233 4.19849726209036e-33 8.58916475222584e-40 0.000746649722172288
6.1666403245369e-48 1.5191652849638e-39 1 3.64759878521738e-65 5.57055316633349e-41
0.9999999996734 3.26245635028697e-10 1.2681731352933e-41 2.02503336479539e-43 3.54653166277455e-13
0.999999999997753 2.24661221554143e-12 2.33754767576365e-45 8.8899118271179e-46 3.03009495621484e-16
4.60264793710951e-36 1.29129672210366e-38 1 3.11293170992849e-53 1.43440814071786e-40
1.03813140403447e-30 1.14417729660254e-32 1 8.91684556585895e-60 9.11584399441738e-35
2.96657942727412e-45 3.23336273157258e-36 1.79445182973369e-59 1 1.90610107907455e-35
0.99999999999664 3.35875959189239e-12 3.34621082797914e-39 2.6845397898528e-53 6.72609898761773e-16
2.62938805465794e-32 6.94215211254544e-29 1 8.78809001007608e-62 3.83391958779649e-32
5.44998557715067e-07 0.478548156656577 1.71541121804584e-35 2.19042708518933e-40 0.521451298344865
1.56809485269759e-13 0.0191529216716871 2.75826862537581e-49 3.53216248411988e-42 0.980847078328156
7.83890451206207e-40 1.02430833246164e-39 1 9.80564457395619e-61 1.03645617004566e-43
0.999999999926309 7.36046169129759e-11 1.06464685214044e-45 7.15366216156473e-55 8.68952207991231e-14
8.08728290860477e-44 2.87467477152227e-35 5.25836692170033e-62 1 2.93223421543125e-34
1.97075423880888e-12 0.493140995694828 6.49977415625286e-44 5.25670922572956e-35 0.506859004303201
3.03106891043197e-06 0.98162532247859 1.79896555989148e-47 9.92730281713857e-39 0.0183716464524994
8.05640267030098e-38 5.24354984193397e-28 4.55165625580389e-54 1 2.80621917878588e-25
0.999999999999926 7.3165835935802e-14 1.08437769998848e-34 3.55649317021065e-44 3.64637442866042e-16
5.35655830260942e-39 3.36970116374371e-29 1.71662286283861e-55 1 2.28965809181812e-30
0.999999999999974 2.59510761925387e-14 3.99894653562012e-39 2.89932340804721e-47 2.53888684912575e-16
0.999999999999532 3.44314555075652e-13 4.24853895004099e-49 1.89564188874907e-52 1.23790982662896e-13
1.64395083571789e-42 4.18707031899083e-33 3.00785330799759e-55 1 3.2409808903725e-33
0.999999999999932 6.78682596381481e-14 4.58448791427664e-45 3.06887775177522e-56 4.29343561831261e-18
0.999999999998146 1.84965606003843e-12 3.88654514412069e-44 6.06118341435318e-52 4.21113436189548e-15
0.150943832124431 0.842174748836632 6.15741785490518e-35 5.60967122087285e-37 0.00688141903893701
1.6189000507256e-14 0.973539283113854 2.87963913974704e-47 2.90225330180261e-35 0.0264607168861297
4.66725428139527e-42 3.67080955260514e-31 4.91924094821098e-63 1 1.43742408292806e-31
2.9231058100829e-41 4.26916926373248e-42 1 5.1490097449383e-51 5.0354101226852e-45
2.85896017171765e-12 0.99110733138293 3.13116975588201e-33 9.65799419776503e-33 0.00889266861421151
0.999999999999961 3.86921385491865e-14 1.48245137894309e-38 8.03341835203882e-46 9.50630553816542e-17
3.13661843366187e-12 0.995943250259167 2.518580010962e-41 4.00284134541087e-25 0.00405674973769615
6.47424046176194e-16 0.00330346469251251 4.45998574833644e-46 2.50036047020766e-33 0.996696535307487
6.18482839182228e-59 3.42305627803484e-44 1.55827707067701e-69 1 2.85836529454357e-43
2.4754066475481e-47 4.286368073647e-35 4.96544104974509e-60 1 2.516682570517e-36
3.76968985475112e-38 3.10167208927864e-29 7.18981976326452e-50 1 7.16397881405489e-29
1.43187622941939e-46 6.72896878963638e-43 6.20785283080204e-60 1 1.42868206367467e-42
0.999999566293445 4.33303471546408e-07 2.08852665300358e-31 6.91103444388775e-34 4.03083304711193e-10
8.04914969813283e-54 7.03441431514544e-40 3.47069306435249e-66 1 4.46387115535402e-38
1.67016695699078e-43 3.35211902990145e-35 7.8842474090964e-55 1 1.55603219806511e-37
4.00584791101978e-48 1.02187761875616e-39 6.55317445423074e-65 1 1.75514564823318e-38
4.33211360647557e-44 5.45124619678101e-36 9.54263406598899e-64 1 6.01544569543309e-36
0.999999994399201 5.06263149843406e-09 7.03717549246868e-36 2.01820797970389e-50 5.38167278661361e-10
0.999999934891591 6.50342789432267e-08 1.32074853527255e-35 8.85875839939301e-41 7.41297270308869e-11
1.47014827692185e-57 3.6447943265123e-46 3.75354215461807e-66 1 1.81750421167341e-43
4.18302180598964e-11 0.828362291830932 1.88623542989083e-43 3.714991453458e-30 0.171637708127237
4.0296074566129e-51 8.17054722813536e-41 1.12306447624944e-67 1 2.29540231256065e-40
3.87295603208835e-13 0.194844443712938 5.37081055224021e-45 5.8247097825025e-27 0.805155556286675
0.999999999198895 8.00961192605272e-10 1.5200541539037e-39 2.44398698346094e-40 1.43519881626173e-13
0.000104609285494731 0.435566781426608 1.88771947971481e-46 9.31716423956943e-32 0.564328609287898
0.999999943503116 5.48169644328241e-08 4.28131009542863e-35 5.88132211802703e-37 1.67991912613686e-09
1.4745003875481e-13 0.785582674971385 1.71917353048452e-43 1.37731974156951e-32 0.214417325028468
0.999999999999997 3.12797782999985e-15 1.17016547808277e-40 1.89123772649741e-67 2.17016960470606e-18
9.80184130972028e-50 1.22804866498679e-44 1 1.23237162610243e-70 3.19574791636314e-45
5.96791493180209e-46 2.54675844645066e-43 1 4.03027852800555e-59 1.12594896407492e-46
1.30295467457462e-41 3.89354352232017e-32 6.84855002147456e-56 1 4.97872672733056e-32
1.94805666918144e-10 0.818605226246074 7.32618937857687e-41 1.56682252555233e-30 0.18139477355912
0.999999999985546 1.44005434839936e-11 1.73690140959825e-35 2.93182226571026e-57 5.35481571051688e-14
4.00823698416527e-53 4.16470338610647e-43 7.58687998640051e-75 1 7.45637332859145e-43
0.999999993749628 6.05247249751234e-09 1.42053439050799e-46 7.95209897999495e-41 1.97899204867491e-10
0.999889873920504 0.00011003019818204 2.60754956614699e-47 1.65967022001576e-43 9.58813140569478e-08
1.64528507075352e-52 2.9609247696234e-41 1.6873508143994e-61 1 9.0045413966702e-41
2.41948451961454e-42 1.88642232846392e-41 1 2.62153212691229e-67 5.47398059189202e-43
1.83924463289653e-58 6.57952759977605e-44 3.29230501113581e-78 1 2.10230384633496e-44
1.83333579975878e-13 0.00694500199602243 1.0711573881122e-33 7.86693457917961e-37 0.993054998003794
0.999999999997572 2.42741100278762e-12 1.77640923349107e-41 5.3093835976715e-56 4.96831221796071e-16
3.54051109166385e-36 1.39584016934732e-35 1 7.59621696999668e-55 2.1661496945192e-37
1.02097532309867e-36 1.33492807173837e-37 1 1.29449883548944e-58 9.86174089873428e-40
2.17565069704511e-40 1.35832709543354e-41 1 3.20628420929567e-62 7.60644142194596e-44
3.63447712956894e-46 1.21810892555808e-47 1 1.58137451274736e-72 6.33690335724278e-51
0.999999999371159 6.24828822983274e-10 1.69456216246628e-35 4.21288159002589e-42 4.01235246027454e-12
7.23918223172435e-31 6.35464093708054e-29 1 7.20555178853192e-49 1.79683190422423e-33
5.41910761428524e-48 6.92113483870893e-37 9.85667144928138e-65 1 1.03623514724482e-36
2.48105590278464e-42 6.63648677237387e-38 1 2.64621245700201e-60 5.70834067162678e-38
3.14683170484995e-42 3.86343244188497e-40 1 8.64607899080393e-59 9.12232485084165e-42
