1.42026526499458e-34 1.27412538300741e-73 5.59415711362936e-56 1.4724680911732e-37 1
1.40399981449785e-44 6.97018331635674e-78 3.48405055358268e-68 1.56842356861047e-45 1
1.34767836440143e-46 1 5.69567091420922e-45 5.46096065724621e-50 2.10397397963498e-80
1.15137935277065e-12 2.23657249918817e-53 0.999999999996101 2.74800342272069e-12 1.34840916365829e-66
5.66531811716042e-44 1 1.88696157213974e-43 9.1536925926345e-47 3.07184193635457e-80
3.2032386382938e-41 1 1.02865304725355e-41 1.02035033947859e-44 6.3211677635344e-84
5.38057848227771e-44 3.4395875314991e-82 1.9586277971642e-64 2.34716291076158e-46 1
0.902426402564396 5.26603123393875e-47 5.81456125229211e-11 0.0975735973774586 2.40277563963901e-37
1.20552946325412e-16 2.80506364144743e-46 0.999999999999997 2.51901487750358e-15 3.77873687540772e-68
0.92273216015455 3.32476574796312e-51 3.08326016056404e-17 0.0772678398454497 1.36690944867808e-31
0.951272161245017 3.55727905084857e-40 3.32019636641849e-12 0.0487278387516631 2.37812344089469e-47
3.17909037625608e-46 1 8.27492975760105e-40 2.87700472402843e-48 6.44728574419038e-90
6.26990432832342e-47 1 7.81561821100798e-46 1.56564361433059e-48 6.32960556864374e-84
3.91020659446853e-48 1 3.41246971870578e-45 9.13978967527483e-51 1.33106444113944e-87
1.48655914343257e-33 3.57317192265618e-66 1.93577348420978e-52 4.41560685319745e-36 1
0.0506039858528947 1.94609410385376e-50 1.45478883881692e-14 0.949396014147091 5.24724091899858e-34
3.63919762381543e-50 6.8535599407084e-80 5.82939221708176e-71 1.01129001755633e-50 1
6.47381950802154e-13 1.66700783477628e-45 0.999999999999351 1.50478942872377e-15 2.03680467167844e-60
7.74654697638144e-46 1 6.98500343059031e-42 1.18538901654192e-48 5.57371950888554e-80
7.58750061291305e-47 2.12928196224325e-92 3.84145980451103e-68 2.17150764887088e-48 1
6.97088963533202e-19 2.77096162124532e-50 1 4.44424936979805e-21 1.23720043714354e-75
3.00884204848527e-61 1 1.54557657610713e-56 5.21398925569346e-66 6.74298229994601e-90
2.13656068197796e-50 2.94542556253729e-84 5.99610767819322e-69 3.54071306652061e-49 1
6.88106379464938e-12 5.31909777517011e-37 0.999999999991303 1.81536509651389e-12 2.08424192540078e-48
0.984896404526347 1.88416069845488e-39 1.69236314798029e-14 0.0151035954736358 2.82208676530245e-31
2.15929689586292e-46 3.27232261329531e-83 6.32481820878842e-72 4.65785220697818e-48 1
4.00626801286273e-13 5.45398727207981e-51 0.999999999999593 6.04548493167247e-15 1.32116450358158e-67
1.53444059925878e-17 9.46926896228577e-45 1 1.07108010401772e-17 1.24137147208656e-58
7.44410233212339e-47 6.23177494583635e-94 3.86121126538137e-72 3.25322449635625e-49 1
0.0249445596185509 8.00398970104553e-51 9.96479876148201e-15 0.975055440381439 6.691220223209e-49
0.999763329731074 6.97774645460222e-37 9.97812190559578e-17 0.000236670268926032 2.58642734408208e-37
1.21047163278662e-44 9.72014058124256e-83 3.61494064751589e-62 2.14264813652046e-47 1
4.93783923391276e-19 4.63292106808683e-39 1 2.25299523333959e-21 6.45503611937538e-66
4.04583874953913e-43 1 6.08313620182844e-44 3.77004190082529e-44 7.49562224746112e-79
0.817740588140406 4.30277529827511e-41 5.44577142230985e-07 0.182258867282452 1.12042352694838e-41
9.93537298480045e-19 4.50281075097899e-48 1 1.85755765377703e-19 5.66120005537151e-62
4.49849165159518e-39 1 4.45748919745734e-40 1.21066971528271e-42 2.24609550209612e-70
2.59218853697279e-41 1 1.75903489723013e-37 1.81810164633618e-44 2.4777932290439e-71
3.07031807249066e-39 2.84369495556547e-74 4.88271577526129e-63 5.13352056491153e-42 1
1.6281678811921e-11 1.6287996543734e-43 0.99999999998243 1.28860103946566e-12 3.36352222429635e-52
0.244537430600893 3.89850891227466e-42 1.46404959316867e-12 0.755462569397643 2.16062437673775e-35
2.54480836933986e-53 1 5.94407203223801e-50 4.55842204659785e-58 4.60563069176781e-85
0.999910443964271 2.87111206016728e-38 8.33310218728025e-15 8.95560357200782e-05 7.48502861984565e-44
5.71572830553552e-48 1 2.28413465461024e-42 2.02717568752571e-49 4.85491356167783e-89
1.38187411513427e-50 1 1.61548231132262e-52 1.41562203036439e-51 2.0095821324896e-89
1.33610019571295e-42 3.40119576622793e-74 4.32661053229069e-64 2.39148445635134e-45 1
1.01843705318573e-49 3.28742047269561e-83 1.61670400130996e-72 2.20960006222875e-49 1
2.47545741845761e-39 4.59469793111821e-75 4.98362698360632e-63 4.66060749560521e-41 1
2.77740028609091e-14 1.57788074632134e-50 0.999999999999967 5.05804704220725e-15 1.20593078308628e-63
6.74045811766097e-38 1.83926390247162e-76 2.85107496465652e-59 6.44802308681372e-40 1
7.00546146674827e-37 1.66664829099104e-79 8.34091203171535e-58 7.18372446666978e-37 1
1.57019217449084e-09 8.78744686080319e-53 0.999999985420985 1.30088228188435e-08 1.6107694070547e-54
2.75097612363209e-44 1 3.74621139881541e-43 3.39335733293387e-45 1.03487688814117e-74
0.0373056166718079 1.38378051288021e-46 6.10586183837303e-11 0.962694383267134 1.06284837548029e-48
7.3184441379106e-35 1.11350465308021e-70 3.86653575630024e-54 3.13162697495706e-36 1
1.35921522684045e-46 1 2.9320207090744e-38 1.08059584678894e-48 2.10556849474145e-80
1.03181538222952e-11 2.59099548072692e-40 0.999999999989666 1.5397517090177e-14 2.66670069396056e-55
1.13669080604984e-17 3.27822377296827e-33 1 6.89929567048356e-19 2.15868200515899e-65
2.60286662058589e-13 3.47033720892097e-38 0.999999999999727 1.29281859501372e-14 2.00762007774205e-67
0.929762655600017 6.22750297038808e-44 1.41498762176815e-08 0.0702373302501064 5.48442472152178e-49
0.999795784167893 2.07990595824463e-45 1.46510586802047e-17 0.000204215832107027 1.81616779945996e-33
3.29384400785715e-41 1 2.17332111546117e-43 2.75971720647705e-44 7.73298890850956e-80
1.62833669720059e-44 6.23622738283183e-88 2.38991015914954e-67 1.47413629627899e-44 1
0.998958804158581 4.54004605113191e-52 1.42411990697287e-15 0.00104119584141741 1.69581167947864e-48
5.59696475677184e-37 1 1.51393916017832e-36 1.40441820503814e-40 4.05332289149115e-84
1.48244296179143e-49 1 1.4625785134589e-45 2.31045045225871e-51 2.53551879094017e-80
8.26756437333259e-19 1.1949717396235e-49 1 3.67316095951595e-21 1.35111158430676e-71
7.00651858834139e-11 8.98897300144942e-46 0.999999999814884 1.1505097018193e-10 2.17188836832496e-45
7.17796871990055e-18 5.31598388019891e-48 1 4.05293615468336e-17 6.34591895055196e-66
1.80798654315731e-36 7.06960477681961e-75 3.1214669517647e-56 3.20210394060238e-39 1
4.28749405461231e-16 1.92316241437178e-41 0.999999999999998 1.11296297406731e-15 4.09166967724059e-59
9.54164334241952e-14 7.68362881674499e-48 0.999999999999845 5.96975681868992e-14 2.34375484465097e-56
3.62208567543382e-16 2.64691195256469e-38 0.999999999999999 1.42257450818971e-16 2.09903417676766e-66
8.3475840008798e-13 1.37933067490124e-55 0.999999999999018 1.47179056250883e-13 2.03298788112871e-55
6.73380509210781e-47 1 1.01610170205059e-43 2.64721196976063e-52 2.3557372879254e-87
2.39243807181094e-33 3.15853075244816e-59 2.89729352917282e-53 1.49774308920099e-33 1
3.13417071944971e-46 1 2.27842714595736e-50 1.77908548578811e-49 2.61873181058739e-75
1.55144143636771e-53 1 6.57655290211265e-50 9.33677181738318e-54 9.01244762747185e-85
3.70253788512163e-41 1 1.36620022785371e-38 6.1446148823273e-43 2.64036167800083e-80
3.75852944632588e-44 1 2.09074805009589e-45 4.17127945663095e-47 1.17006816387183e-77
1.22775418726531e-39 1 3.4109490442033e-35 1.66085545982625e-39 3.94751291478189e-71
3.02220339929935e-36 1 2.56285110818612e-32 1.10808951188784e-38 2.03189337197662e-74
2.64992007093373e-18 7.77135249984741e-49 1 4.9680678418771e-20 1.28661101312636e-55
2.1840951810884e-52 1 1.46803411723078e-48 4.84336711469454e-56 1.98250886042171e-85
4.29402322006902e-13 6.40013843440501e-50 0.999999999998113 1.45752288767911e-12 2.82435967421801e-55
0.934071876978761 6.16055386823321e-44 1.3718224990553e-18 0.0659281230212391 9.97984405826419e-45
1.68474945981435e-39 1 2.25962652407649e-39 5.99376516346024e-45 6.42372388624751e-72
0.0906735256412883 6.57611316402174e-46 2.39942931597621e-06 0.909324074929396 1.27557781364176e-50
2.22075384775627e-20 3.60727345065246e-24 1 2.63473205218665e-24 4.32475094220423e-58
9.83195769270453e-14 2.26516405092722e-42 0.999999999999901 6.2406955392078e-16 2.52127701011375e-60
1.66668724896894e-46 1 7.68766925999915e-43 2.86696188634104e-51 4.98334117298439e-86
1.97411800830293e-19 1.75142813832471e-46 1 8.4062385154504e-20 1.22340417068504e-63
0.27840753430202 2.01307161788046e-52 1.37245345112263e-16 0.72159246569798 1.95821416651489e-37
1.46226331908708e-33 3.52900178929085e-78 3.66563157416093e-54 3.56544363495784e-36 1
6.92030295500178e-41 1 1.06832535356333e-40 1.91428000290579e-43 5.33995397182256e-69
2.63788618027726e-18 2.20009365884766e-32 1 2.77594852661233e-16 4.73916129111998e-56
3.67950528474987e-15 3.8361000089269e-43 0.999999999999994 2.13659076901846e-15 1.39841058582994e-65
1.21532861035366e-15 1.96429474024862e-36 0.999999999999999 5.9045755988434e-17 6.38366946368529e-55
1.44153416155656e-44 3.2543877421992e-85 2.99103915266557e-66 5.02020916936517e-46 1
8.50457653480655e-45 1 4.43702380992697e-45 9.76202500073849e-45 6.86719302989843e-81
2.02062041291808e-40 4.58889038861069e-83 3.44986809314407e-61 8.61227883911974e-42 1
3.06353314672744e-15 1.48816586324103e-38 0.999999999999995 1.57300861399999e-15 3.01741755586533e-59
0.00239351167911418 2.06268311204766e-44 1.38307750880906e-15 0.997606488320884 3.44553129866301e-44
0.153213443000408 1.72797286559955e-34 4.95494390905822e-13 0.846786556999096 3.95494322362488e-31
1.9742638026959e-37 4.02833758492467e-92 1.30280675981492e-55 7.72762200148574e-38 1
8.4382620099703e-43 1.13971344746751e-83 1.56785041652075e-66 8.18452252964058e-46 1
1.33553935915215e-15 7.48198464486293e-52 0.999999999999999 8.30126870808806e-17 5.63021942139042e-57
0.00527171386933171 8.04357356092259e-47 1.04610801835951e-12 0.994728286129622 2.41271690235893e-37
4.20255193396654e-45 1 3.47354892100921e-46 5.19544021781749e-47 1.24563910353434e-82
4.14741647438298e-42 1.33789770777671e-81 9.98284016566242e-64 1.71931316129414e-43 1
0.951777584392635 4.47778982931611e-39 2.39545531102796e-13 0.0482224156071258 7.27100645921035e-46
2.63652059106887e-12 1.72110657751959e-42 0.999999999997363 1.5475278106893e-16 9.06484436126569e-64
3.52563711603556e-40 5.60447801676319e-84 5.56752526377209e-63 1.62884403562426e-45 1
2.45218928913838e-40 1 3.6510514007293e-39 4.82937403905841e-43 2.94434728250987e-71
3.76100197826351e-16 1.07194852323757e-44 1 2.32046272238867e-18 3.29228064531564e-58
3.30125485809199e-40 6.77378260412975e-84 8.34148370902008e-61 2.47832059356784e-41 1
0.00235945225202534 7.48815982051001e-40 4.7400749949947e-17 0.997640547747975 3.77944083823155e-41
2.31779796436639e-44 6.94104070477392e-85 3.27041442794257e-64 1.43216350942765e-44 1
0.0154454857166941 4.88267488358971e-49 3.49140207181937e-24 0.984554514283306 6.59582179076151e-45
3.87198631352314e-47 8.62768816101733e-88 1.51481782288768e-74 1.81842397922712e-49 1
4.89104485339454e-34 1 6.0052942494169e-30 8.10264422263477e-38 2.91953795700056e-59
1.31715867747609e-13 9.63455842660023e-48 0.999999999999864 4.76601778178537e-15 2.67795545599122e-67
1.34053773876602e-47 1 2.01940068161202e-44 1.12641358758069e-50 1.04658331782622e-68
0.867448067955788 4.11358093636474e-41 1.73620975789832e-14 0.132551932044195 4.35847245823953e-44
8.27157770564165e-11 6.14954358848212e-52 0.999999999892869 2.44151949524143e-11 4.00157867746682e-61
2.06380410356664e-44 6.218915524918e-80 1.2334798184459e-60 2.69150526497108e-46 1
3.39639857920369e-11 1.52640927926433e-44 0.999999999965921 1.14879880296051e-13 1.62630750083268e-66
0.999709217451134 6.46771964888093e-46 5.61791037369058e-21 0.000290782548865626 7.47583117349856e-46
0.993687786357873 1.93362496825915e-46 3.01395199096454e-24 0.00631221364212744 6.62859900621353e-40
1.35880378044849e-20 6.07575005610664e-49 1 1.09658339435798e-22 3.5262310694947e-68
1.64396643379518e-42 2.3604220259282e-86 2.21585522943217e-71 3.82429643334704e-44 1
1.05441542713624e-32 1 8.42861791320736e-32 2.10457336673359e-36 2.0462451228053e-70
2.50515396565875e-45 2.00793079474569e-80 2.5679779359792e-67 2.84825766135799e-46 1
2.81097105119665e-53 1 4.81597039930907e-50 1.31719041420746e-55 2.53378055533872e-82
0.000792124061620977 1.02142898202068e-65 5.18790899594168e-20 0.999207875938379 1.93067313370738e-37
2.07042192769115e-47 1 8.32626251389377e-43 1.01695205902514e-49 1.09147594975082e-83
1.39303419523365e-14 9.19505326555821e-41 0.999999999999974 1.21431316573019e-14 5.74154575842582e-66
1.78183529291365e-14 1.61569429201649e-45 0.99999999999998 2.31439792834619e-15 1.07418540942169e-54
9.87059581534357e-31 5.4799762963668e-69 1.09512724788508e-57 2.03720222873144e-32 1
1.24031506878668e-12 4.33499332575992e-39 0.999999999998464 2.95680141637208e-13 6.41657179862485e-63
2.31036887101242e-15 1.23817371691644e-39 0.999999999999991 7.13282693335995e-15 3.68841382655488e-68
5.41617255097102e-34 1.06206526041672e-67 1.19681149832796e-56 1.63060930714354e-35 1
2.83189361819481e-48 6.37586335866628e-84 2.58635833054903e-68 1.20022944672817e-51 1
1.11915760307147e-13 7.24618486692215e-36 0.999999999999886 1.86421509510256e-15 6.55203272630097e-55
1.53106652592463e-37 4.37237138001095e-77 1.06751128440886e-64 3.3103682358812e-36 1
0.00302118762263855 2.14028255686835e-43 4.03183799504934e-12 0.99697881237333 3.00064871831078e-55
4.77225640313065e-41 5.10498031521364e-84 1.39537305039293e-61 2.26778990745625e-42 1
0.96536446476908 2.67253715635571e-55 1.88312175424194e-14 0.034635535230901 1.13351541503466e-45
2.28273466783004e-15 7.17534047552307e-44 0.999999999999998 2.35436973235515e-17 4.3760082493682e-57
3.30121270814026e-48 1 2.85497645552886e-48 2.59333891907245e-50 4.00161685962741e-80
1.00580562773308e-17 1.39011064048732e-45 1 8.92093489699039e-18 3.19535553243681e-69
2.56242949475902e-13 4.78759743427521e-50 0.99999999999973 1.38361024273676e-14 6.73896562354205e-62
1.96012355503559e-46 9.51752971755814e-77 1.51822104780688e-61 6.05455507517994e-48 1
6.48286815235513e-46 1 1.77153729433066e-49 5.51983853023746e-47 3.04749008530612e-85
0.0678441702510453 8.36649036611366e-43 5.55235385888901e-10 0.932155829193719 4.80681505331702e-45
1.93883541828885e-43 1.12347759107854e-94 4.70266141980307e-65 2.84116318241495e-46 1
9.11102354202695e-32 3.17951399844067e-71 4.02044314943548e-54 1.37838628482731e-31 1
3.01150741779969e-39 1 3.83262289575662e-41 9.18894934245116e-44 1.00464423536192e-84
4.79457246607681e-16 3.42394984545505e-42 1 8.02835894411511e-19 1.72669546470399e-76
2.55002365234917e-11 3.05982423748601e-43 0.999999999974039 4.61125546494124e-13 1.1935261790219e-56
9.79762834236418e-47 1 3.6529171958864e-50 4.35575629410562e-51 8.12250467149584e-85
4.11032110090529e-46 1 1.36610300450266e-46 9.15265984824986e-49 7.54224245870275e-85
0.997267177430889 4.63352268858966e-41 1.44383912991641e-08 0.00273280813071985 1.83190649134169e-24
0.901803829453992 3.25647602923122e-51 6.53179434015339e-12 0.0981961705394759 4.73197782140909e-49
1.73255332018101e-40 1 1.40249692413239e-33 5.4751936588246e-43 3.42299990953568e-77
1.39310205073475e-14 3.24062174836055e-49 0.999999999999973 1.28795581506887e-14 1.84628761703398e-68
8.23820848634828e-27 8.13068112070106e-59 8.24852448643926e-48 2.91728168267512e-30 1
2.50347138164536e-31 5.53182094035126e-69 4.84158780391265e-52 1.53403701474003e-35 1
0.997808354004312 4.60044222479068e-51 1.26653934708271e-17 0.00219164599568779 2.65681373870814e-40
9.66639179557049e-51 1 2.54230425020503e-47 8.17926723268175e-53 2.67244054179973e-96
0.679869070023933 3.39897831346425e-40 1.69553644902818e-10 0.320130929806513 2.63729471032466e-33
3.1072297439981e-16 5.72326152415516e-38 1 1.21109633771996e-17 2.08645475869943e-53
1.56966064837773e-41 1 5.38981262705973e-41 9.29313893533394e-46 1.10066434456455e-72
8.41981225717572e-14 8.74860897014416e-33 0.999999999999684 2.31918007575657e-13 4.43449782744906e-64
1.36882151310914e-51 1 2.77267051507944e-48 5.93286569146436e-53 4.37794901229762e-87
0.999911791650697 1.59822358155926e-41 2.10852301359005e-11 8.8208328217794e-05 3.62637980075634e-34
4.74761021688785e-49 1 2.09499043702807e-47 7.96692272167686e-53 3.24704781595097e-85
1.12239295263711e-49 1 1.72929915066691e-42 2.68951847790284e-51 2.07754036759845e-73
1.4356556816122e-37 1.46226008788533e-74 7.07597440631825e-57 2.68581919808184e-37 1
3.6331728481672e-49 1 1.18917224688616e-46 2.40387450070276e-52 2.32797889436011e-86
4.9654853608413e-44 1 1.94490161425882e-43 1.45344643646649e-49 4.35858953121439e-76
3.07607040267676e-43 1.12100359856748e-81 1.31561390215127e-69 3.99081730593374e-48 1
0.946738220132969 7.19086060833136e-47 1.24063563095609e-13 0.0532617798669074 9.23728836654381e-39
3.6127787081921e-36 1.12602733797552e-73 1.05661017152291e-53 3.76526299257546e-38 1
4.59692271718327e-53 1 7.86574741781656e-53 4.671595785783e-55 1.62779218057162e-83
0.192344521873246 5.97608328712521e-41 2.07983609928182e-16 0.807655478126754 3.725643332306e-49
7.72946023498776e-39 3.54580547321646e-75 3.6059413670766e-58 1.20968176096508e-40 1
9.18821478999565e-42 1 3.36563437862655e-37 3.42341990262147e-43 3.75889971538828e-79
3.25875693337812e-36 1 8.74282276483267e-33 2.68626969358455e-37 2.26760091111758e-59
6.68435666674391e-20 7.85099059267435e-40 1 9.61860641392224e-21 4.9286498304191e-66
5.92072822261733e-47 4.88152007756338e-78 2.26261966780619e-68 2.81486859931638e-48 1
3.26635542153173e-39 8.65671632063854e-81 8.1390087579436e-63 4.65614954973124e-42 1
3.04672247753274e-41 4.55963717125998e-84 1.10394692002142e-63 6.93751809432924e-43 1
1.46406257881983e-48 1.81841038051701e-89 1.21673687266674e-78 1.71680991601562e-50 1
4.03870927994853e-35 1 1.49011557644507e-43 2.88151272499808e-38 1.32830464671113e-61
3.92541352339809e-16 1.53375794552772e-44 1 2.14708371732904e-17 1.58797150474816e-67
9.75182656396068e-14 8.4635285877361e-49 0.999999999999789 1.13393495265962e-13 1.58211475581517e-71
8.60257202180513e-15 1.68751091808976e-42 0.999999999999991 6.95610963773502e-17 4.17765365533173e-62
0.00789041753119454 6.85343611226349e-40 1.72385534905488e-17 0.992109582468805 2.69937823632287e-41
3.9425885515768e-29 3.91097462143239e-66 1.81488784288195e-47 2.33069671903939e-27 1
4.32621563880576e-17 1.44095054460959e-41 1 2.3997979564389e-18 7.03320281969084e-58
2.44131757477098e-10 9.87422076423338e-42 0.999999999736402 1.94658286979889e-11 4.7993516210138e-60
1.89468770626958e-46 1 1.10419740060685e-47 1.17133880069673e-51 9.76918635045403e-90
1.08861405162782e-35 1.11090567673137e-84 6.71458868333849e-58 1.01836280770031e-36 1
0.0833268747947705 1.78861467578649e-53 6.955755822743e-08 0.916673055647671 3.02280710897564e-36
1.50896423741005e-44 8.1749936097312e-94 3.91660221876224e-68 1.38494668791412e-46 1
0.0971895094984769 1.1519225216703e-36 1.20729545634267e-08 0.902810478428568 1.57415724650301e-47
8.26396271417211e-33 1 5.37310037303126e-32 6.98831553579813e-38 2.27111700451706e-64
0.971226728350144 1.24729367869323e-34 3.13975504586234e-16 0.0287732716498559 9.72570311905488e-34
3.03307537027259e-49 1 8.6809811773224e-48 9.90064549219547e-52 5.03198698698338e-82
9.31427539696596e-47 2.80082251142964e-84 1.24276487377926e-70 2.47164996814003e-46 1
4.50976583487936e-12 9.87920657353588e-45 0.999999999992537 2.95304129509397e-12 1.05619015484595e-61
0.958254308867941 6.1138889711234e-40 1.07239632742453e-13 0.0417456911319516 2.68937058737303e-45
7.14502427763626e-56 1 1.37651047365993e-56 1.98642222107144e-59 1.69175963678409e-86
0.00230676190823105 1.34802339235884e-57 1.56343246729053e-19 0.997693238091769 5.79893053616103e-38
2.72373584162928e-49 1 1.87099781970612e-51 5.91546878130733e-54 7.95834111683754e-77
7.7155220518148e-38 1 6.36588959953842e-43 7.75592859994115e-41 8.47902663280202e-85
2.56269878039632e-56 1 8.36067102819674e-52 1.70899827044802e-58 9.23263541213726e-85
0.99599399020719 7.12238313546204e-41 2.34546983184111e-20 0.00400600979280958 1.41689289211168e-32
3.14849086705697e-47 5.24249675608143e-92 2.06464976860042e-75 4.08083210588331e-47 1
0.998062138086233 1.99379347843802e-38 2.96395026250871e-16 0.00193786191376716 6.34548201130394e-48
3.68993116024663e-41 1.60470875075058e-86 1.02677406861804e-60 8.1549095651959e-43 1
0.99963534373888 1.38385998465635e-40 8.25903469563293e-08 0.00036457367077247 1.12066055506919e-46
0.831474810915613 4.44211696351099e-55 4.55706231770477e-21 0.168525189084387 1.97991666801692e-31
1.68392358543679e-21 1.7108288899319e-53 1 3.22726919060243e-21 3.65112210853432e-81
1.47683251111496e-37 1 2.02339120938663e-34 2.87295263874555e-40 4.30929854505193e-76
1.59823811289605e-37 2.78041305007079e-75 4.47026277165528e-54 5.54415863953364e-40 1
1.15009612692558e-36 1.50692296592266e-68 2.01936718407646e-59 3.2018698829452e-38 1
1.8200282007781e-40 8.41004060289865e-73 1.72748469484716e-65 4.33805018832155e-44 1
5.30692741236166e-11 6.16896946864144e-36 0.999999999943233 3.69809906282103e-12 1.06900245423608e-50
2.03175606101077e-40 1 1.24647753268524e-42 1.70063524507379e-42 1.96025247262027e-74
4.0444211647519e-50 3.15114435839638e-77 7.37540685070464e-71 4.72228408449786e-51 1
1.5579383467504e-38 2.50133847620094e-88 4.51773273522529e-63 1.97636811897934e-40 1
9.6618175552987e-17 1.25039569089994e-54 0.999999999999998 1.77863374901996e-15 1.185171377465e-64
2.58867033533247e-35 1 2.73933640500692e-39 1.92967809669703e-37 2.23957243665926e-68
0.999894842374671 7.72088745694923e-56 4.12003675743339e-18 0.000105157625328871 6.53705443852504e-34
2.96107353150119e-15 1.62172793097247e-41 0.999999999999997 3.3489372895794e-18 2.62917219498784e-66
0.999922375513904 7.52446068325161e-47 4.19427021576841e-18 7.76244860955143e-05 4.14954297028342e-28
1.05954923796896e-15 7.82295775607502e-43 0.999999999999999 1.09368317256896e-16 2.91959865216026e-65
0.00166756509313825 1.16816217041368e-42 1.26636981601453e-21 0.998332434906862 8.03608817771063e-31
3.45555136238743e-15 2.72685795169931e-43 0.999999999999994 2.31347060057572e-15 1.36542029508033e-63
8.87995563128906e-17 1.50531648344047e-40 1 4.3762568517467e-16 3.75180804028463e-62
1.51716796739981e-44 5.06907654048613e-85 9.76168707932448e-72 1.17253660432155e-45 1
1.79257282625675e-45 1 5.95082692650607e-40 5.73308251694262e-46 8.42669770516835e-81
0.97339544130872 1.87984879444715e-50 1.39457567155375e-14 0.0266045586912658 2.68428521529141e-43
4.51835713105411e-21 2.97016021469188e-44 1 2.97171924049677e-20 2.36655493661101e-64
1.57355147285589e-13 4.7259029373902e-42 0.999999999999839 3.01600467005646e-15 8.1915627049801e-59
8.70202326057572e-33 1 2.90921301296061e-28 2.34503034148852e-35 2.38131566125596e-63
1.10941106199651e-39 4.83879792556438e-74 8.05218802085559e-60 9.94286011382585e-44 1
9.10136626241868e-16 4.56638099216272e-43 0.999999999999999 1.64996667798065e-16 1.48506737351959e-65
2.36010333502516e-11 1.25936830182771e-38 0.999999999976208 1.91007659039149e-13 3.56596758530394e-54
2.24574290761075e-49 1 2.39300866150055e-41 5.22800978615293e-52 2.11662770717083e-80
0.988425853987964 2.55941513576657e-55 6.47577405983988e-11 0.0115741459472783 7.45161993580242e-41
0.000723089893601831 3.38962894391493e-53 1.45867566138719e-18 0.999276910106398 6.10194607136183e-38
1.27527713540846e-47 1 9.16828265007095e-42 4.24949111899063e-50 2.22130065825054e-84
0.0903044949787107 2.29365114442019e-52 2.30843935571999e-17 0.909695505021289 4.1148161485925e-36
0.994476227424874 3.78523107688424e-45 2.82034979289049e-12 0.00552377257230557 4.01458579967212e-40
3.8005554234736e-53 1 7.2372937348295e-53 1.16149924021671e-52 5.79052683025484e-84
0.0142007847393991 5.59697224088327e-41 1.09204538608713e-14 0.98579921526059 1.50501279156076e-41
9.1790620913581e-39 1 1.90505169454613e-37 4.39526201131473e-40 5.734313543806e-69
7.9474512331985e-47 1.06978833144957e-88 8.40061865209607e-70 2.01569329306231e-45 1
7.67084322400391e-33 1 1.49227109822141e-35 5.44976195457412e-33 6.76255691979844e-60
1.52676550009311e-51 1 4.77925684838333e-47 3.55099051347591e-54 6.93883594083701e-81
1.4238076105887e-20 1.91160925464698e-50 1 7.01651521689059e-21 1.22246505653884e-82
5.74234920035031e-13 2.55473949147816e-41 0.99999999999875 6.75455374992477e-13 7.89822964383288e-54
4.99631966151991e-43 5.2905663055182e-76 2.12960659342683e-64 9.89855081160453e-45 1
0.973978545416281 1.14124563142483e-37 0.0115705993045299 0.0144508552791889 3.57696435593491e-43
2.56027714525879e-12 2.99874690765055e-39 0.999999999988914 8.52530543688021e-12 6.45823966699864e-59
6.92265320669928e-38 1 6.76864484310555e-47 8.03650051463532e-40 2.28096466839709e-69
8.16815505999404e-20 3.93836368362355e-46 1 1.21973258016935e-18 2.76918604444462e-72
0.0194439189865404 2.82815135579187e-52 1.29477870062157e-16 0.98055608101346 1.04016923308617e-39
3.38513742986032e-34 1.58257457897383e-75 1.11655773084848e-54 2.27089530117931e-37 1
2.06116094793834e-54 1 4.89739147226981e-46 7.73963872279016e-56 1.1855267397199e-89
1.04371604233695e-17 3.27029757417748e-45 1 1.09755569678828e-17 6.59901190410057e-70
0.998847477119845 3.41718609411401e-46 9.28660014819419e-24 0.00115252288015541 3.83186878697622e-35
1.83288119779017e-37 2.09237326165811e-73 7.69536767758692e-60 2.0448035193899e-40 1
2.26842869268275e-52 1 1.24787478420157e-46 1.29865239151771e-53 4.06412716992515e-78
4.58862070896256e-12 5.54534660535329e-42 0.999999999994288 1.1231392646613e-12 1.06988786787266e-58
0.863383108403063 1.81429826929126e-41 3.66186144337879e-12 0.136616891593275 3.63581358893123e-41
2.96022030885355e-40 1 3.06249415682011e-39 9.46011210685554e-44 1.3887856394336e-71
4.31177976596254e-13 5.30827681232289e-39 0.999999999999547 2.14346235356942e-14 6.82427601287056e-56
4.81428263786869e-29 1.60937525711143e-59 1.37419211999508e-44 8.28488703459969e-29 1
1.18612718048608e-42 6.91537678278389e-91 4.70025465355965e-64 7.84538036259447e-45 1
6.30820691368374e-53 1 1.71411765728216e-48 3.73329188235296e-56 3.79627928248369e-90
1.4472521887634e-12 1.55918379015687e-36 0.999999999998551 1.85488570620444e-15 3.45164587823318e-57
2.5258934327876e-53 1 2.49696486342669e-49 9.35559632047099e-57 1.89489399279611e-89
7.56086384338383e-14 1.25306335077907e-36 0.999999999999842 8.1967695354415e-14 1.50235366634739e-54
9.14055389457135e-12 2.05392825002618e-41 0.99999999998949 1.36997987133821e-12 1.42282714435567e-58
4.01269970941412e-57 1 3.32957966510089e-54 1.50570488050302e-60 1.02915560643108e-83
8.49038052986369e-16 4.4787844563243e-38 0.999999999999998 7.30490740080707e-16 8.15257623056025e-71
0.985023839828696 1.75217007624511e-42 3.86116751898325e-13 0.0149761601709184 2.50821971951397e-48
2.41567608942565e-39 1.24377301126048e-75 1.59777345419408e-62 1.95129906032415e-41 1
5.54571321810503e-48 1 1.84289797988146e-41 6.20900956257126e-49 2.4144755664921e-84
3.57084464577644e-42 1.26115474008444e-80 2.93832985506025e-60 6.03984354618021e-43 1
1.00781551318792e-31 2.24320782707412e-65 1.8889243691785e-47 3.11619488067036e-32 1
1.09479068485755e-43 1.21250718485942e-76 1.7080240023218e-70 1.22094243469461e-46 1
1.18197518936476e-35 1.96988240278357e-81 2.17413919264683e-50 2.94621356498636e-37 1
1.3071834785397e-20 2.84112971872441e-52 1 7.1322093029092e-20 6.31244779142036e-76
3.45246389867105e-17 8.19162540828728e-41 1 3.15188753123278e-19 1.13144573620621e-62
8.28160192414416e-48 1 2.10978109015843e-49 1.21572059124535e-51 1.48568096294426e-79
