0.000792124061620985 1.02142898202056e-65 5.18790899594153e-20 0.999207875938379 1.93067313370744e-37
1.10941106199637e-39 4.83879792556287e-74 8.05218802085627e-60 9.94286011382571e-44 1
0.999709217451134 6.46771964888056e-46 5.61791037369018e-21 0.00029078254886562 7.47583117349729e-46
1.4472521887634e-12 1.55918379015665e-36 0.999999999998551 1.85488570620444e-15 3.45164587823318e-57
3.26635542153154e-39 8.65671632063657e-81 8.13900875794453e-63 4.65614954973144e-42 1
0.679869070023932 3.39897831346391e-40 1.69553644902815e-10 0.320130929806515 2.6372947103245e-33
0.0506039858528956 1.94609410385357e-50 1.4547888388169e-14 0.94939601414709 5.24724091899865e-34
3.17909037625581e-46 1 8.27492975759964e-40 2.87700472402819e-48 6.44728574418855e-90
2.63788618027711e-18 2.20009365884754e-32 1 2.77594852661217e-16 4.73916129112031e-56
0.999763329731074 6.97774645460163e-37 9.97812190559549e-17 0.000236670268926032 2.58642734408172e-37
0.00302118762263858 2.14028255686835e-43 4.0318379950494e-12 0.99697881237333 3.00064871831056e-55
9.18821478999499e-42 1 3.36563437862626e-37 3.42341990262127e-43 3.75889971538743e-79
1.48244296179126e-49 1 1.46257851345869e-45 2.31045045225851e-51 2.53551879093966e-80
3.07607040267711e-43 1.1210035985676e-81 1.31561390215179e-69 3.99081730593471e-48 1
3.07031807249075e-39 2.84369495556547e-74 4.8827157752624e-63 5.13352056491219e-42 1
4.03870927994824e-35 1 1.49011557644496e-43 2.88151272499804e-38 1.32830464671087e-61
0.951777584392635 4.47778982931586e-39 2.39545531102786e-13 0.0482224156071253 7.27100645920963e-46
3.29384400785682e-41 1 2.17332111546086e-43 2.75971720647689e-44 7.73298890850758e-80
1.51716796739964e-44 5.06907654048425e-85 9.76168707932503e-72 1.17253660432155e-45 1
3.94258855157624e-29 3.91097462143128e-66 1.81488784288205e-47 2.33069671903927e-27 1
0.99599399020719 7.12238313546174e-41 2.34546983184114e-20 0.00400600979280965 1.41689289211143e-32
2.58867033533232e-35 1 2.73933640500661e-39 1.92967809669698e-37 2.23957243665875e-68
4.81428263786807e-29 1.60937525711097e-59 1.37419211999516e-44 8.28488703459946e-29 1
0.014200784739399 5.59697224088287e-41 1.09204538608712e-14 0.98579921526059 1.5050127915607e-41
0.946738220132969 7.19086060833075e-47 1.24063563095614e-13 0.0532617798669069 9.23728836654315e-39
3.00884204848484e-61 1 1.54557657610691e-56 5.21398925569287e-66 6.7429822999439e-90
1.1861271804859e-42 6.91537678278192e-91 4.70025465355992e-64 7.84538036259402e-45 1
2.63652059106884e-12 1.72110657751935e-42 0.999999999997363 1.54752781068925e-16 9.06484436126595e-64
0.278407534302019 2.01307161788015e-52 1.37245345112254e-16 0.72159246569798 1.95821416651484e-37
1.0437160423369e-17 3.27029757417701e-45 1 1.09755569678821e-17 6.59901190410057e-70
1.59823811289582e-37 2.78041305006992e-75 4.47026277165534e-54 5.54415863953341e-40 1
1.05954923796895e-15 7.82295775607413e-43 0.999999999999999 1.09368317256893e-16 2.91959865216043e-65
3.04672247753231e-41 4.55963717125868e-84 1.10394692002145e-63 6.93751809432905e-43 1
1.21532861035358e-15 1.96429474024834e-36 0.999999999999999 5.90457559884307e-17 6.38366946368583e-55
3.61277870819159e-36 1.12602733797514e-73 1.05661017152297e-53 3.76526299257535e-38 1
8.41981225717566e-14 8.74860897014342e-33 0.999999999999684 2.31918007575653e-13 4.43449782744918e-64
1.82002820077815e-40 8.41004060289674e-73 1.72748469484756e-65 4.33805018832216e-44 1
8.50457653480655e-45 1 4.43702380992678e-45 9.76202500073877e-45 6.86719302989765e-81
8.34758400087983e-13 1.37933067490114e-55 0.999999999999018 1.4717905625088e-13 2.03298788112903e-55
0.0373056166718085 1.38378051288007e-46 6.10586183837281e-11 0.962694383267133 1.06284837548035e-48
1.64396643379502e-42 2.36042202592759e-86 2.21585522943242e-71 3.82429643334710e-44 1
8.16815505999421e-20 3.9383636836231e-46 1 1.21973258016936e-18 2.76918604444509e-72
9.14055389457154e-12 2.05392825002583e-41 0.99999999998949 1.36997987133823e-12 1.42282714435583e-58
3.39639857920361e-11 1.52640927926417e-44 0.999999999965921 1.14879880296046e-13 1.62630750083277e-66
9.66181755529843e-17 1.25039569089977e-54 0.999999999999998 1.77863374901989e-15 1.18517137746517e-64
1.46406257881972e-48 1.81841038051654e-89 1.21673687266688e-78 1.71680991601575e-50 1
0.958254308867942 6.11388897112271e-40 1.07239632742449e-13 0.0417456911319512 2.68937058737269e-45
1.33553935915209e-15 7.48198464486154e-52 0.999999999999999 8.30126870808747e-17 5.63021942139074e-57
9.66639179556994e-51 1 2.54230425020474e-47 8.1792672326814e-53 2.67244054179904e-96
4.59692271718261e-53 1 7.86574741781567e-53 4.67159578578247e-55 1.62779218057102e-83
1.44153416155634e-44 3.25438774219827e-85 2.99103915266591e-66 5.02020916936488e-46 1
9.75182656396068e-14 8.46352858773562e-49 0.999999999999789 1.13393495265959e-13 1.58211475581535e-71
2.45218928913821e-40 1 3.65105140072894e-39 4.82937403905821e-43 2.94434728250945e-71
1.24031506878673e-12 4.3349933257598e-39 0.999999999998464 2.95680141637214e-13 6.41657179862576e-63
1.40399981449757e-44 6.97018331635476e-78 3.48405055358268e-68 1.56842356861034e-45 1
9.54164334241955e-14 7.68362881674411e-48 0.999999999999845 5.96975681868981e-14 2.34375484465123e-56
7.94745123319804e-47 1.06978833144945e-88 8.40061865209797e-70 2.01569329306248e-45 1
0.999910443964271 2.8711120601672e-38 8.33310218728025e-15 8.95560357200776e-05 7.4850286198447e-44
0.922732160154549 3.32476574796269e-51 3.08326016056403e-17 0.077267839845451 1.36690944867804e-31
0.00239351167911418 2.06268311204763e-44 1.38307750880904e-15 0.997606488320884 3.44553129866276e-44
7.58750061291251e-47 2.12928196224301e-92 3.8414598045119e-68 2.17150764887101e-48 1
1.48655914343253e-33 3.57317192265547e-66 1.93577348421006e-52 4.4156068531977e-36 1
0.0971895094984785 1.15192252167032e-36 1.20729545634269e-08 0.902810478428567 1.57415724650296e-47
3.76100197826335e-16 1.07194852323742e-44 1 2.32046272238857e-18 3.29228064531583e-58
3.68993116024605e-41 1.60470875075003e-86 1.02677406861813e-60 8.15490956519544e-43 1
1.15009612692548e-36 1.50692296592236e-68 2.01936718407664e-59 3.20186988294529e-38 1
4.96548536084109e-44 1 1.94490161425862e-43 1.45344643646645e-49 4.35858953121316e-76
0.997267177430889 4.63352268858946e-41 1.44383912991655e-08 0.00273280813071991 1.83190649134161e-24
3.57084464577603e-42 1.26115474008423e-80 2.93832985506075e-60 6.03984354618021e-43 1
2.59218853697246e-41 1 1.75903489722991e-37 1.81810164633603e-44 2.47779322904341e-71
4.89104485339412e-34 1 6.00529424941647e-30 8.10264422263431e-38 2.91953795699981e-59
0.0194439189865405 2.82815135579175e-52 1.29477870062155e-16 0.980556081013459 1.04016923308614e-39
0.000723089893601839 3.38962894391469e-53 1.45867566138714e-18 0.999276910106398 6.10194607136183e-38
8.49038052986405e-16 4.47878445632418e-38 0.999999999999998 7.30490740080718e-16 8.15257623056164e-71
2.54480836933946e-53 1 5.94407203223709e-50 4.5584220465972e-58 4.60563069176611e-85
2.9610735315011e-15 1.62172793097227e-41 0.999999999999997 3.34893728957923e-18 2.62917219498784e-66
4.04442116475126e-50 3.15114435839548e-77 7.37540685070506e-71 4.72228408449772e-51 1
3.67950528474977e-15 3.83610000892646e-43 0.999999999999994 2.13659076901834e-15 1.39841058582994e-65
6.48286815235495e-46 1 1.77153729433046e-49 5.51983853023738e-47 3.04749008530534e-85
1.68474945981445e-39 1 2.25962652407649e-39 5.99376516346066e-45 6.42372388624678e-72
3.62208567543382e-16 2.64691195256462e-38 0.999999999999999 1.42257450818967e-16 2.09903417676784e-66
6.74045811766001e-38 1.83926390247094e-76 2.8510749646566e-59 6.44802308681354e-40 1
4.51835713105417e-21 2.97016021469154e-44 1 2.97171924049679e-20 2.36655493661142e-64
1.35880378044842e-20 6.07575005610603e-49 1 1.09658339435789e-22 3.5262310694949e-68
1.53444059925877e-17 9.46926896228443e-45 1 1.0710801040177e-17 1.2413714720867e-58
0.0249445596185509 8.00398970104439e-51 9.96479876148159e-15 0.975055440381439 6.69122022320872e-49
2.0206204129178e-40 4.58889038860951e-83 3.44986809314446e-61 8.61227883911949e-42 1
8.27157770564183e-11 6.14954358848151e-52 0.999999999892869 2.44151949524143e-11 4.00157867746727e-61
3.03307537027237e-49 1 8.68098117732153e-48 9.90064549219519e-52 5.03198698698238e-82
0.0833268747947708 1.78861467578649e-53 6.95575582274325e-08 0.916673055647671 3.02280710897577e-36
2.4754574184574e-39 4.59469793111756e-75 4.98362698360689e-63 4.66060749560534e-41 1
6.68435666674382e-20 7.8509905926739e-40 1 9.61860641392204e-21 4.92864983041952e-66
9.79762834236306e-47 1 3.65291719588583e-50 4.35575629410513e-51 8.12250467149307e-85
1.03181538222947e-11 2.59099548072662e-40 0.999999999989666 1.53975170901762e-14 2.66670069396056e-55
1.33610019571293e-42 3.40119576622754e-74 4.32661053229167e-64 2.39148445635158e-45 1
1.55144143636775e-53 1 6.57655290211246e-50 9.33677181738385e-54 9.01244762747185e-85
1.30718347853967e-20 2.84112971872417e-52 1 7.1322093029088e-20 6.31244779142089e-76
1.807986543157e-36 7.0696047768174e-75 3.1214669517647e-56 3.20210394060215e-39 1
0.984896404526347 1.88416069845472e-39 1.69236314798026e-14 0.0151035954736362 2.82208676530209e-31
7.67084322400314e-33 1 1.49227109822127e-35 5.44976195457373e-33 6.76255691979709e-60
5.71572830553519e-48 1 2.28413465461011e-42 2.02717568752568e-49 4.85491356167686e-89
0.997808354004312 4.60044222479061e-51 1.2665393470827e-17 0.0021916459956878 2.6568137387078e-40
1.43565568161194e-37 1.46226008788475e-74 7.07597440631825e-57 2.68581919808165e-37 1
5.41617255097072e-34 1.06206526041651e-67 1.19681149832813e-56 1.63060930714361e-35 1
2.77740028609099e-14 1.57788074632126e-50 0.999999999999967 5.05804704220725e-15 1.20593078308646e-63
2.44131757477103e-10 9.87422076423184e-42 0.999999999736402 1.94658286979889e-11 4.79935162101421e-60
1.96012355503539e-46 9.51752971755571e-77 1.51822104780714e-61 6.05455507518011e-48 1
4.11032110090476e-46 1 1.36610300450237e-46 9.15265984824882e-49 7.54224245870061e-85
3.25875693337793e-36 1 8.74282276483205e-33 2.68626969358447e-37 2.26760091111726e-59
9.11102354202579e-32 3.17951399843994e-71 4.02044314943576e-54 1.37838628482729e-31 1
0.0678441702510455 8.3664903661127e-43 5.55235385888895e-10 0.932155829193719 4.80681505331668e-45
1.93883541828858e-43 1.12347759107815e-94 4.70266141980334e-65 2.84116318241491e-46 1
0.973978545416282 1.14124563142477e-37 0.0115705993045296 0.0144508552791886 3.57696435593486e-43
6.92265320669928e-38 1 6.76864484310488e-47 8.03650051463555e-40 2.28096466839676e-69
1.36882151310907e-51 1 2.77267051507917e-48 5.93286569146419e-53 4.3779490122965e-87
0.00527171386933169 8.04357356092179e-47 1.0461080183595e-12 0.994728286129622 2.4127169023589e-37
2.60286662058591e-13 3.47033720892058e-38 0.999999999999727 1.2928185950137e-14 2.00762007774222e-67
4.32621563880558e-17 1.44095054460947e-41 1 2.39979795643876e-18 7.03320281969104e-58
2.15929689586258e-46 3.27232261329438e-83 6.32481820878878e-72 4.65785220697798e-48 1
1.4202652649944e-34 1.27412538300698e-73 5.59415711362968e-56 1.47246809117318e-37 1
3.10722974399797e-16 5.72326152415468e-38 1 1.21109633771989e-17 2.08645475869952e-53
0.999922375513904 7.52446068325119e-47 4.19427021576841e-18 7.76244860955143e-05 4.14954297028318e-28
8.26396271417199e-33 1 5.37310037303095e-32 6.98831553579803e-38 2.2711170045166e-64
0.901803829453993 3.25647602923109e-51 6.53179434015346e-12 0.0981961705394756 4.73197782140876e-49
8.87995563128856e-17 1.50531648344037e-40 1 4.37625685174643e-16 3.75180804028463e-62
0.831474810915611 4.4421169635106e-55 4.55706231770472e-21 0.168525189084389 1.97991666801686e-31
6.47381950802152e-13 1.66700783477613e-45 0.999999999999351 1.50478942872374e-15 2.03680467167867e-60
4.28749405461213e-16 1.92316241437154e-41 0.999999999999998 1.11296297406725e-15 4.09166967724094e-59
0.998847477119845 3.41718609411377e-46 9.28660014819366e-24 0.00115252288015541 3.83186878697573e-35
0.999894842374671 7.72088745694857e-56 4.12003675743321e-18 0.000105157625328872 6.53705443852449e-34
3.30121270814017e-48 1 2.8549764555287e-48 2.59333891907241e-50 4.00161685962672e-80
1.18197518936464e-35 1.96988240278312e-81 2.1741391926472e-50 2.94621356498636e-37 1
3.800555423473e-53 1 7.23729373482847e-53 1.1614992402166e-52 5.79052683025336e-84
2.81097105119653e-53 1 4.81597039930879e-50 1.31719041420745e-55 2.53378055533836e-82
7.14502427763565e-56 1 1.37651047365977e-56 1.98642222107133e-59 1.69175963678366e-86
5.74234920035043e-13 2.55473949147791e-41 0.99999999999875 6.75455374992479e-13 7.89822964383445e-54
1.11915760307146e-13 7.24618486692184e-36 0.999999999999886 1.86421509510254e-15 6.55203272630144e-55
7.31844413790946e-35 1.11350465307996e-70 3.86653575630046e-54 3.13162697495697e-36 1
5.59696475677208e-37 1 1.51393916017825e-36 1.40441820503822e-40 4.05332289149069e-84
8.26756437333241e-19 1.19497173962339e-49 1 3.67316095951579e-21 1.35111158430684e-71
1.35921522684016e-46 1 2.93202070907398e-38 1.08059584678876e-48 2.10556849474067e-80
1.83288119778997e-37 2.09237326165763e-73 7.69536767758779e-60 2.0448035193899e-40 1
3.01150741779956e-39 1 3.83262289575608e-41 9.1889493424509e-44 1.00464423536169e-84
2.56242949475913e-13 4.78759743427467e-50 0.99999999999973 1.38361024273679e-14 6.73896562354301e-62
4.14741647438233e-42 1.33789770777614e-81 9.98284016566242e-64 1.71931316129409e-43 1
3.38513742986008e-34 1.58257457897356e-75 1.11655773084864e-54 2.27089530117937e-37 1
8.7020232605756e-33 1 2.90921301296044e-28 2.34503034148855e-35 2.38131566125569e-63
2.26842869268249e-52 1 1.24787478420148e-46 1.29865239151762e-53 4.06412716992411e-78
0.863383108403064 1.81429826929119e-41 3.66186144337883e-12 0.136616891593274 3.63581358893082e-41
1.3930341952337e-14 9.19505326555782e-41 0.999999999999974 1.21431316573023e-14 5.74154575842664e-66
0.0906735256412898 6.57611316402136e-46 2.39942931597613e-06 0.909324074929394 1.27557781364179e-50
0.929762655600018 6.22750297038791e-44 1.41498762176819e-08 0.0702373302501057 5.48442472152124e-49
0.96536446476908 2.67253715635571e-55 1.88312175424194e-14 0.0346355352309009 1.13351541503459e-45
3.30125485809128e-40 6.77378260412705e-84 8.34148370901984e-61 2.47832059356759e-41 1
3.14849086705634e-47 5.24249675607935e-92 2.0646497686003e-75 4.08083210588296e-47 1
2.41567608942551e-39 1.24377301126027e-75 1.59777345419431e-62 1.95129906032426e-41 1
0.902426402564396 5.2660312339389e-47 5.81456125229207e-11 0.0975735973774589 2.40277563963894e-37
4.58862070896271e-12 5.54534660535306e-42 0.999999999994288 1.12313926466131e-12 1.06988786787284e-58
4.49849165159466e-39 1 4.45748919745683e-40 1.21066971528261e-42 2.24609550209541e-70
1.08861405162752e-35 1.11090567673093e-84 6.71458868333772e-58 1.01836280770014e-36 1
7.72946023498688e-39 3.54580547321586e-75 3.60594136707701e-58 1.20968176096508e-40 1
2.56269878039632e-56 1 8.3606710281965e-52 1.70899827044802e-58 9.23263541213647e-85
2.0611609479381e-54 1 4.89739147226932e-46 7.73963872278972e-56 1.18552673971963e-89
1.97411800830293e-19 1.75142813832449e-46 1 8.40623851545045e-20 1.22340417068522e-63
2.50347138164511e-31 5.53182094034969e-69 4.84158780391279e-52 1.53403701474003e-35 1
0.00235945225202531 7.48815982050969e-40 4.74007499499466e-17 0.997640547747975 3.77944083823129e-41
3.45246389867097e-17 8.19162540828659e-41 1 3.15188753123267e-19 1.13144573620627e-62
1.01843705318556e-49 3.28742047269449e-83 1.6167040013101e-72 2.20960006222869e-49 1
1.09479068485752e-43 1.21250718485928e-76 1.70802400232209e-70 1.22094243469472e-46 1
1.50896423740982e-44 8.17499360972888e-94 3.91660221876246e-68 1.38494668791407e-46 1
1.57355147285586e-13 4.72590293738979e-42 0.999999999999839 3.01600467005642e-15 8.1915627049808e-59
1.52676550009302e-51 1 4.77925684838312e-47 3.55099051347591e-54 6.93883594083583e-81
1.15137935277066e-12 2.23657249918801e-53 0.999999999996101 2.74800342272066e-12 1.34840916365852e-66
6.30820691368275e-53 1 1.71411765728192e-48 3.73329188235248e-56 3.79627928248229e-90
3.75852944632562e-44 1 2.09074805009562e-45 4.17127945663072e-47 1.1700681638716e-77
1.62816788119201e-11 1.6287996543732e-43 0.99999999998243 1.28860103946558e-12 3.3635222242963e-52
0.153213443000406 1.7279728655994e-34 4.95494390905836e-13 0.846786556999098 3.9549432236245e-31
7.00546146674678e-37 1.66664829099042e-79 8.34091203171511e-58 7.18372446666896e-37 1
3.13417071944944e-46 1 2.27842714595704e-50 1.77908548578803e-49 2.61873181058672e-75
1.34767836440133e-46 1 5.69567091420865e-45 5.46096065724605e-50 2.10397397963444e-80
4.00626801286264e-13 5.45398727207927e-51 0.999999999999593 6.04548493167221e-15 1.32116450358158e-67
1.00781551318782e-31 2.24320782707368e-65 1.88892436917874e-47 3.11619488067036e-32 1
6.73380509210733e-47 1 1.01610170205045e-43 2.64721196976044e-52 2.3557372879248e-87
4.04583874953878e-43 1 6.08313620182757e-44 3.77004190082508e-44 7.49562224745963e-79
7.44410233212276e-47 6.23177494583494e-94 3.86121126538181e-72 3.25322449635634e-49 1
2.72373584162924e-49 1 1.87099781970604e-51 5.91546878130749e-54 7.95834111683573e-77
4.01269970941366e-57 1 3.3295796651006e-54 1.50570488050293e-60 1.02915560643076e-83
0.015445485716694 4.88267488358909e-49 3.49140207181907e-24 0.984554514283306 6.59582179076095e-45
1.42380761058874e-20 1.91160925464676e-50 1 7.01651521689054e-21 1.22246505653898e-82
1.7818352929136e-14 1.61569429201624e-45 0.99999999999998 2.31439792834611e-15 1.07418540942174e-54
7.74654697638166e-46 1 6.98500343059011e-42 1.18538901654202e-48 5.57371950888491e-80
2.31779796436609e-44 6.94104070477194e-85 3.27041442794276e-64 1.43216350942761e-44 1
2.64992007093354e-18 7.77135249984598e-49 1 4.96806784187671e-20 1.28661101312636e-55
3.87198631352281e-47 8.62768816101537e-88 1.51481782288794e-74 1.81842397922723e-49 1
0.244537430600891 3.89850891227467e-42 1.46404959316874e-12 0.755462569397645 2.16062437673763e-35
2.52589343278724e-53 1 2.49696486342626e-49 9.35559632046966e-57 1.89489399279546e-89
0.998062138086233 1.99379347843808e-38 2.96395026250861e-16 0.00193786191376714 6.34548201130295e-48
2.24574290761062e-49 1 2.39300866150041e-41 5.2280097861527e-52 2.11662770717047e-80
0.867448067955789 4.11358093636457e-41 1.73620975789827e-14 0.132551932044194 4.35847245823904e-44
4.20255193396606e-45 1 3.47354892100872e-46 5.19544021781705e-47 1.24563910353388e-82
3.02220339929905e-36 1 2.56285110818583e-32 1.10808951188776e-38 2.0318933719761e-74
1.55793834675025e-38 2.50133847620023e-88 4.5177327352258e-63 1.97636811897937e-40 1
2.31036887101235e-15 1.23817371691637e-39 0.999999999999991 7.13282693335965e-15 3.68841382655488e-68
1.56966064837755e-41 1 5.38981262705919e-41 9.29313893533315e-46 1.10066434456427e-72
1.38187411513413e-50 1 1.61548231132237e-52 1.41562203036431e-51 2.00958213248915e-89
3.525637116035e-40 5.60447801676127e-84 5.56752526377225e-63 1.62884403562419e-45 1
1.46226331908692e-33 3.52900178928964e-78 3.66563157416114e-54 3.56544363495774e-36 1
7.00651858834105e-11 8.98897300144788e-46 0.999999999814884 1.15050970181925e-10 2.17188836832515e-45
1.31715867747607e-13 9.63455842659941e-48 0.999999999999864 4.7660177817852e-15 2.67795545599122e-67
4.79457246607688e-16 3.42394984545476e-42 1 8.028358944115e-19 1.72669546470404e-76
6.92030295500178e-41 1 1.06832535356324e-40 1.91428000290584e-43 5.3399539718218e-69
7.56086384338335e-14 1.25306335077903e-36 0.999999999999842 8.19676953544098e-14 1.50235366634743e-54
0.00230676190823105 1.34802339235869e-57 1.56343246729044e-19 0.997693238091769 5.79893053616095e-38
0.999911791650697 1.59822358155915e-41 2.1085230135901e-11 8.82083282177943e-05 3.62637980075593e-34
1.39310205073476e-14 3.24062174836069e-49 0.999999999999973 1.28795581506884e-14 1.84628761703413e-68
4.99631966151934e-43 5.290566305517e-76 2.12960659342701e-64 9.89855081160439e-45 1
9.10136626241881e-16 4.56638099216239e-43 0.999999999999999 1.64996667798064e-16 1.48506737351972e-65
3.70253788512142e-41 1 1.36620022785357e-38 6.14461488232713e-43 2.64036167800023e-80
5.38057848227748e-44 3.43958753149851e-82 1.95862779716448e-64 2.34716291076174e-46 1
2.75097612363186e-44 1 3.74621139881493e-43 3.39335733293373e-45 1.03487688814097e-74
9.87059581534301e-31 5.47997629636555e-69 1.0951272478852e-57 2.03720222873156e-32 1
4.31177976596239e-13 5.30827681232221e-39 0.999999999999547 2.14346235356933e-14 6.82427601287066e-56
1.13669080604978e-17 3.27822377296808e-33 1 6.89929567048322e-19 2.1586820051588e-65
0.817740588140406 4.30277529827475e-41 5.4457714223099e-07 0.182258867282452 1.12042352694835e-41
8.28160192414334e-48 1 2.10978109015813e-49 1.21572059124528e-51 1.48568096294383e-79
1.20552946325413e-16 2.80506364144719e-46 0.999999999999997 2.51901487750355e-15 3.77873687540815e-68
1.68392358543679e-21 1.71082888993192e-53 1 3.22726919060234e-21 3.65112210853515e-81
0.988425853987964 2.55941513576646e-55 6.47577405983993e-11 0.0115741459472783 7.45161993580221e-41
1.05441542713618e-32 1 8.42861791320676e-32 2.10457336673353e-36 2.04624512280483e-70
1.34053773876577e-47 1 2.01940068161173e-44 1.12641358758053e-50 1.04658331782589e-68
4.77225640313031e-41 5.10498031521248e-84 1.39537305039313e-61 2.26778990745635e-42 1
1.73255332018093e-40 1 1.40249692413227e-33 5.47519365882445e-43 3.42299990953519e-77
0.993687786357873 1.93362496825904e-46 3.01395199096437e-24 0.00631221364212746 6.62859900621277e-40
3.45555136238748e-15 2.72685795169915e-43 0.999999999999994 2.31347060057572e-15 1.36542029508052e-63
1.27527713540836e-47 1 9.16828265007029e-42 4.24949111899045e-50 2.22130065825003e-84
0.00166756509313821 1.16816217041359e-42 1.26636981601449e-21 0.998332434906862 8.03608817771006e-31
8.6025720218047e-15 1.68751091808952e-42 0.999999999999991 6.95610963773457e-17 4.17765365533149e-62
2.36010333502521e-11 1.25936830182756e-38 0.999999999976208 1.9100765903915e-13 3.5659675853044e-54
3.63919762381481e-50 6.85355994070606e-80 5.82939221708209e-71 1.01129001755631e-50 1
1.22775418726529e-39 1 3.41094904420301e-35 1.66085545982627e-39 3.94751291478144e-71
0.994476227424874 3.78523107688397e-45 2.82034979289054e-12 0.00552377257230559 4.01458579967167e-40
3.20323863829353e-41 1 1.02865304725339e-41 1.02035033947854e-44 6.32116776353314e-84
2.28273466783007e-15 7.17534047552256e-44 0.999999999999998 2.35436973235513e-17 4.37600824936895e-57
1.8946877062695e-46 1 1.10419740060671e-47 1.17133880069668e-51 9.76918635045181e-90
2.184095181088e-52 1 1.46803411723045e-48 4.84336711469371e-56 1.98250886042098e-85
1.2104716327864e-44 9.72014058123869e-83 3.61494064751599e-62 2.14264813652034e-47 1
1.62833669720029e-44 6.23622738282971e-88 2.38991015914954e-67 1.47413629627893e-44 1
5.92072822261691e-47 4.88152007756269e-78 2.26261966780651e-68 2.8148685993165e-48 1
0.951272161245017 3.55727905084842e-40 3.32019636641843e-12 0.0487278387516626 2.37812344089436e-47
9.93537298480024e-19 4.50281075097835e-48 1 1.85755765377696e-19 5.66120005537216e-62
2.50515396565846e-45 2.00793079474524e-80 2.56797793597949e-67 2.84825766135799e-46 1
2.06380410356635e-44 6.21891552491659e-80 1.23347981844604e-60 2.691505264971e-46 1
2.96022030885351e-40 1 3.06249415681985e-39 9.46011210685541e-44 1.38878563943341e-71
2.070421927691e-47 1 8.32626251389306e-43 1.0169520590251e-49 1.09147594975058e-83
1.57019217449085e-09 8.78744686080195e-53 0.999999985420985 1.30088228188434e-08 1.61076940705493e-54
9.83195769270411e-14 2.26516405092706e-42 0.999999999999901 6.24069553920744e-16 2.52127701011367e-60
1.53106652592437e-37 4.37237138000971e-77 1.0675112844088e-64 3.31036823588101e-36 1
7.17796871990019e-18 5.31598388019868e-48 1 4.05293615468304e-17 6.34591895055268e-66
8.43826200996946e-43 1.13971344746731e-83 1.56785041652097e-66 8.18452252964081e-46 1
3.63317284816715e-49 1 1.18917224688606e-46 2.40387450070272e-52 2.32797889435958e-86
2.22075384775616e-20 3.60727345065205e-24 1 2.63473205218648e-24 4.32475094220411e-58
0.973395441308721 1.87984879444702e-50 1.39457567155374e-14 0.0266045586912653 2.68428521529122e-43
6.26990432832307e-47 1 7.81561821100709e-46 1.56564361433054e-48 6.32960556864302e-84
9.31427539696517e-47 2.80082251142916e-84 1.2427648737795e-70 2.47164996814014e-46 1
7.71552205181491e-38 1 6.36588959953806e-43 7.75592859994159e-41 8.47902663280106e-85
6.97088963533192e-19 2.77096162124521e-50 1 4.44424936979787e-21 1.23720043714368e-75
4.29402322006887e-13 6.40013843440428e-50 0.999999999998113 1.45752288767904e-12 2.82435967421833e-55
1.79257282625675e-45 1 5.9508269265059e-40 5.73308251694278e-46 8.42669770516739e-81
9.17906209135692e-39 1 1.9050516945458e-37 4.39526201131423e-40 5.73431354380486e-69
2.83189361819429e-48 6.37586335866447e-84 2.58635833054918e-68 1.20022944672811e-51 1
3.91020659446792e-48 1 3.4124697187051e-45 9.1397896752734e-51 1.33106444113895e-87
0.985023839828696 1.75217007624484e-42 3.86116751898293e-13 0.0149761601709179 2.50821971951373e-48
3.92541352339818e-16 1.53375794552768e-44 1 2.14708371732901e-17 1.58797150474834e-67
0.99963534373888 1.38385998465632e-40 8.25903469563279e-08 0.000364573670772466 1.12066055506908e-46
1.4768325111149e-37 1 2.02339120938646e-34 2.87295263874547e-40 4.30929854505144e-76
0.999795784167893 2.07990595824466e-45 1.46510586802051e-17 0.00020421583210703 1.81616779945978e-33
0.934071876978761 6.16055386823278e-44 1.37182249905522e-18 0.0659281230212384 9.97984405826292e-45
2.56027714525879e-12 2.99874690765029e-39 0.999999999988914 8.52530543688006e-12 6.45823966699919e-59
0.192344521873245 5.97608328712487e-41 2.07983609928176e-16 0.807655478126755 3.72564333230564e-49
3.06353314672744e-15 1.48816586324099e-38 0.999999999999995 1.57300861399996e-15 3.01741755586559e-59
4.93783923391259e-19 4.63292106808624e-39 1 2.25299523333951e-21 6.45503611937593e-66
2.0317560610104e-40 1 1.24647753268503e-42 1.7006352450735e-42 1.96025247261955e-74
4.50976583487962e-12 9.8792065735349e-45 0.999999999992537 2.95304129509409e-12 1.0561901548461e-61
1.12239295263703e-49 1 1.72929915066679e-42 2.68951847790276e-51 2.07754036759797e-73
0.971226728350143 1.24729367869314e-34 3.13975504586225e-16 0.0287732716498563 9.72570311905322e-34
8.23820848634816e-27 8.13068112069898e-59 8.24852448644019e-48 2.91728168267537e-30 1
2.55002365234914e-11 3.05982423748566e-43 0.999999999974039 4.61125546494113e-13 1.19352617902197e-56
6.88106379464901e-12 5.31909777516973e-37 0.999999999991303 1.81536509651379e-12 2.08424192540089e-48
0.0903044949787104 2.29365114442e-52 2.30843935571989e-17 0.90969550502129 4.11481614859244e-36
5.66531811715986e-44 1 1.88696157213947e-43 9.15369259263398e-47 3.0718419363537e-80
5.3069274123614e-11 6.16896946864091e-36 0.999999999943233 3.69809906282085e-12 1.06900245423608e-50
0.00789041753119443 6.85343611226271e-40 1.72385534905481e-17 0.992109582468806 2.69937823632249e-41
5.54571321810495e-48 1 1.84289797988138e-41 6.20900956257126e-49 2.41447556649176e-84
1.66668724896875e-46 1 7.68766925999784e-43 2.86696188634083e-51 4.98334117298312e-86
1.0058056277331e-17 1.39011064048722e-45 1 8.92093489699045e-18 3.19535553243717e-69
1.97426380269554e-37 4.02833758492284e-92 1.30280675981496e-55 7.72762200148509e-38 1
0.998958804158581 4.54004605113146e-52 1.42411990697277e-15 0.0010411958414174 1.69581167947851e-48
2.13656068197763e-50 2.94542556253679e-84 5.99610767819391e-69 3.54071306652051e-49 1
4.74761021688711e-49 1 2.09499043702765e-47 7.96692272167585e-53 3.24704781594996e-85
2.3924380718107e-33 3.15853075244753e-59 2.89729352917319e-53 1.49774308920106e-33 1
