"LD1" "LD2" "LD3" "LD4"
-8.89845729411781 4.55739616140762 -0.214107587833639 2.50611426698913
-7.70724785997033 5.98494769521783 0.832767793985817 -0.604287904059308
7.2817865712652 5.47574311551796 -0.63536051199875 0.926089290733858
0.271588049805799 -4.8474847812405 4.42661866040876 1.36794113357972
-8.04534524465936 5.07026751328404 -0.692173852940553 -0.0839007045652805
-1.39068318204351 -8.25217907511107 -3.22847960408491 0.227410909297459
-8.497663453331 3.47327867064109 1.4959944304007 0.904162363797722
1.3401874040714 -4.35140312866252 3.84234522529138 0.310785116217346
9.02477219876205 3.96963569832982 -1.27959362037568 -0.166128076252527
-1.07356399214962 -6.82396969967897 -2.6049788248223 0.565608344835003
2.90960701061294 -3.60565993628997 4.0612819340297 -0.696035273562321
-8.11679162549919 5.01548968241632 -0.1753416292936 0.481591889481752
-1.56434052629545 -5.92721809923119 -2.32473251114515 -0.563492746313411
-0.0491315964240656 -8.31135580668524 -1.23406578761804 -2.15789275371105
-0.99368101717927 -5.77164132880947 -3.65272763930187 -0.836141015563586
8.32431200965378 3.39472995303901 -0.966226214522172 0.475325007029167
-8.28918081058223 4.27341494762366 -0.87492760112873 -2.10353317828082
3.30136925836601 -4.17818400607232 5.70151704687503 -1.7567274465945
-1.81785478456241 -6.14598409510997 -4.28254315021247 -0.156258987410734
-0.72804380898091 -5.13506946712887 -2.384108018595 -0.204346582143755
-5.2830877579485 5.17473743097095 -0.650885721630762 -0.395859876579216
9.68477404659006 3.97754734430538 -0.730422204441441 -0.348560341764937
-9.43157899803065 4.19324249203923 0.513744222761716 -0.0633140260001367
-0.93550171702764 -6.96231603938578 -2.74064384321393 0.0154199673154437
-2.08264280005253 -8.28600394928063 -2.4981160336868 0.407848055795622
-8.77010729487235 5.63442941335911 -0.741730272229798 -1.50243606881368
1.8261509057225 -3.88702278816565 3.50129891369149 0.301180552520288
8.16706998961732 4.52144329938919 -2.79359415539356 0.529708783656598
-1.17387274643592 -5.97899942801117 -2.60728235999423 0.409894571141268
-0.70879882562288 -5.63979785672126 -1.40012914003301 1.44273148062241
7.74214437687114 3.52725980430781 0.228313092544661 -2.7902619440438
-0.872584246578779 -6.14759363111623 -2.61005244010037 1.01655851862276
9.36498263054407 2.62065712534564 -2.10186713144784 0.18561848854724
-8.87451737500804 4.73915059992379 0.797304067407232 -1.37796660376437
8.95689285705319 3.41092440474205 -0.162242879980253 0.573773914057809
0.563755901632734 -2.78159867085201 4.2036689776834 0.594552423598673
0.953063961419544 -6.37984264310994 3.79788570050625 0.43412783661198
-0.305955379934977 -4.562309069861 -3.5869038443559 0.546083924884271
9.47856032335122 5.98447827879865 0.625844114971098 -0.232975190013628
8.46251846970853 4.64119323936481 -0.886618887212735 -0.860836584097877
-0.660754071253815 -7.47389090449128 -0.526870158302502 0.283365684785917
0.362440645243831 -7.05858604809139 -1.65958679964076 0.0616271127189605
2.3365656689889 -4.20817974634922 4.53537244176592 -0.603586874218314
8.97081516497836 6.47717947081027 0.336527404197238 0.649158623021597
9.63447310240854 2.12292212425999 -1.51691915065208 -0.219721381374067
-1.27332141421819 -6.50262765750661 -2.62192052869077 0.412516675719857
9.48640132257576 5.68049542095518 -1.81212644000072 0.989269823257818
7.90170754003956 4.61893238084959 1.90422906376411 0.470857441378953
0.350800308990567 -3.88932686588642 4.68955426780569 -1.88942445429024
0.501818625327563 -4.06135150945805 3.73770640351368 0.339949610758409
-8.70996450323413 6.97524637192411 -0.632828400910696 0.1606522191249
0.279943597149855 -4.08311795110766 4.599771048886 0.321981970820869
0.0703546704244872 -6.0666900732777 4.129973093247 1.6017830783849
-8.4228614443838 5.96061299093853 -1.16905141552743 0.279859771261223
8.79950938578218 4.05455874830588 -0.934591242827312 -1.11339946695755
-0.183601196921275 -7.26155432963359 -1.49483623223335 -1.13690308475271
-1.79534947542892 -6.13348575565025 -1.27810893825944 -1.40325105130869
-8.73411486397739 5.61274616409154 1.62690563623574 1.99122148387612
-1.82386544226674 -6.32785253634519 -1.86044137745222 -1.40853559830789
-6.87104408872628 3.58211194145886 -0.846101583511447 -1.11004862341399
-0.507096327101519 -5.32335190168858 -2.36223780127209 0.287482302432097
-8.11552316825321 4.05212893187762 0.348366594580761 -0.144583804559355
-0.325532905811253 -5.28192992476153 2.28638311607926 1.53623242184037
8.45954813639225 5.2881266601251 -3.0668858415909 -0.964497692394991
7.91571793032182 5.44526530518327 -1.37411052495152 0.16390244013334
8.4562198125544 4.53587599734749 -0.463881420674201 -1.18975739656294
-8.48218263797607 4.26547198842571 -0.430768664188771 0.738232234028894
8.56755376502072 4.85307226131724 -0.147274259511936 1.48295046145924
8.96813014037494 6.15070950638254 0.359538524155137 0.607728585090502
7.88638371912685 4.53344958851222 -0.703261061496608 0.0243202888133145
9.21347403509363 6.73150201664574 -1.18842735148221 -0.658907678600729
9.91107369747144 6.04028523088088 0.353930619777114 -0.359121005327607
-7.73091769128445 3.23775370841676 -0.46085923401609 -0.25541394431897
-0.292214424932248 -4.76669264177799 3.13536297569409 -0.907412428914817
2.34132935615946 -5.51249289484308 1.8365573118648 -1.00515849968571
2.64264436521948 -3.08324442655693 3.43693257776702 2.28577319585854
8.48506903229816 5.75309206357821 -0.828472588610882 1.0748887498843
-0.921517581420066 -5.61409792518985 -3.55577249030964 -0.133334664967032
1.2891448472193 -5.789462606664 -3.91530834674291 0.434960454538145
-9.01561572091106 6.05273161167644 -0.50644519578967 -1.5539520852963
9.1976176676952 4.66469833912699 -1.24507096669884 -1.33793827546561
10.0651677989345 5.85990875597167 1.20753019489847 0.386386097462936
-8.94946178602967 6.96450776694354 -1.2365436418913 0.727436163732492
-6.52370325566759 4.13867043308502 -0.726299135433554 1.88179978917269
-6.83680719242784 5.127332743479 -1.47000753715353 -0.429760868471307
-7.25365693023554 6.4112930504757 1.33885395483748 0.608406394010168
-0.506179007662639 -4.34842597001716 4.29796847363632 1.15204314412467
0.0111053367559144 -5.83079568901967 -2.91223668426188 -0.605946514143538
1.51101654482437 -3.30193072112075 0.376025549281065 0.598982517305903
-6.95046548909682 4.73452074096758 0.00842721931018728 -0.961336493537652
-1.17487607927413 -4.50483242797331 4.3094160461678 0.66189598424431
8.66150883915281 4.66893261428765 -1.0740582819708 0.341057288972776
-8.58176896695703 3.7579638405756 0.859252320515878 0.550187437213282
0.878594889602155 -3.88958895071506 2.81639848273205 -1.27527444445678
-0.537886536901415 -5.64975801173939 -3.8748086631962 -0.332496134968276
-8.79683061780824 6.66050782802679 0.821310161872841 -1.88870861946541
-8.38618645435715 4.93429961463285 -0.394959011523911 -0.650861330847767
-8.19062456039867 5.72000240512295 -1.05786960394031 0.547887289923362
0.801099228830333 -3.13544083605032 4.81359934421112 -0.569415142200332
8.47060352465631 4.80321710829245 -2.59998452547894 -0.0853492025535843
0.428062732962712 -2.68408497838994 5.32076518339549 -0.431231162138931
0.118379833936686 -5.26495621449964 3.95962464316522 -0.987494266109513
-0.328549962457542 -7.60909398007353 -2.62660619095913 -2.21720470093582
-8.41090090642339 6.70095392844135 0.298198005800495 -0.282190133048051
10.5633472063105 4.50103768962689 -1.14039041328416 -0.0807637458591676
0.491523515889009 -4.18870450406408 1.41709205846299 1.69436226081629
5.81670446248515 4.01315007558347 -0.238022069146265 1.15964608177867
0.660994061896061 -2.37336331730034 2.85667426776213 -1.63897964329027
2.15009383480047 -6.13676368651719 4.39124271008905 0.829257653453645
-9.23189793023991 4.40562927629697 0.930506594116258 1.44789012802901
-0.73770495010152 -6.84716840884673 -2.42844027274438 -0.962878559041139
-1.42288668539714 -7.36027583287379 -3.24035588551636 1.41191141525302
-1.65629104671805 -6.60093791842396 -2.72315457881521 -1.47063838006032
-8.7092129489023 3.71020690671589 2.74851737035507 0.871009080868278
1.67001322324404 -5.07750260425667 -1.85820062367677 -0.560915217845233
0.0665232140107459 -6.44708147213936 -3.32809808103794 1.3268527216291
-8.69659988595976 4.88228423958688 0.335113647515582 -0.707309929054845
7.14942657692686 4.23066639754604 -0.513650932563218 -0.55311467671745
1.65566814941623 -4.41644959641973 4.44568767521375 -0.195411962651408
5.92689948528653 5.06618723137668 -0.60749381851934 -2.20056923961749
7.51638731255033 5.04109338639901 0.501669461848202 0.433255750499358
1.61635109686736 -5.06494518691607 4.58348765717112 0.530350206603553
-0.708927739058014 -6.54461354434187 -1.68203129306565 -0.402457627798553
0.681700256583962 -4.62289254829445 3.06612797663892 1.18116712969577
0.218477410547765 -5.83641525365465 3.12623094584868 -0.374777011142466
-0.121869199616383 -7.40660649463328 -1.27058234576885 -0.575839780177354
-7.01839998110613 4.74957624054454 -0.159824376788821 -0.26672977253287
-6.20736429549624 4.16825016251189 -0.143245019545805 2.70299723475677
-1.85489387455444 -7.04172462251069 -2.5883305222756 1.0151255025414
-0.723812873772173 -5.81350407183933 -1.36076274020355 -0.56701953303979
-7.77353162188786 5.32243868990671 0.705328607163558 0.650264489674296
-2.07117514048625 -2.94794777210999 -4.79934450119234 1.94390261442072
1.57899550744553 -7.30529374383089 -2.2896218667473 -0.194280045327716
0.336053967952216 -3.33068513151279 6.19174376227033 1.68784488230105
-0.0420725489772162 -5.79466531775359 3.17609877005019 -0.694185457551526
-8.54163197124864 4.61258779212971 0.674935233341789 -0.647886598173626
-0.675004186320921 -5.04940012207649 -2.24100352228278 0.116897511749588
-1.37065244707904 -5.99788865996903 -1.44321089156842 0.152840940053223
0.0173752657037549 -5.10569647135606 0.972752757005115 0.743827152886146
9.42124853924184 6.33455214688242 -0.524327769156407 -2.52860782321442
0.738384779393015 -7.03991887677046 -0.458421578988268 1.34288572945216
8.83228701333968 3.84108629604144 -1.49125095857928 2.36937165751868
-8.70898797335926 4.80457579311895 0.42654053332737 -0.638682317400487
-2.8218178926731 -6.55573322908124 -2.00593069014534 -0.258914498852134
1.94289565833005 -3.95306739286251 4.6112604430796 0.531257488263941
8.75856520211295 5.23045553263184 -0.562155216754035 2.22182789736992
2.31458890846349 -1.76435166249368 5.32825043663053 -2.05201872544182
-7.57550974580539 6.36033102350483 -0.0160536206896713 1.42344800345634
11.0753853853911 4.9650510312716 0.0826081948742685 1.15874614858996
-1.01839665074 -7.37220868137095 -1.16291151375156 0.510817834504673
1.43061290557016 -4.45076474266653 4.52135390038953 -1.17763023562385
-9.20621521099837 4.17394745332378 -1.56814475337521 -1.8750070022565
-7.9754227645766 6.06788562677173 0.63743123550284 1.59172181170136
-0.494685138183571 -3.75481752964919 3.97389407606321 2.69410519361851
-1.78875743939009 -5.03125698223241 -3.29326814411738 0.37032479965559
-1.10638351264263 -7.55714851262738 -1.9857721186245 0.462153725645805
1.23711460279783 -4.9910995340187 2.48971814518834 -1.04037088928354
-8.16874363057848 4.12008313927612 -0.332709478980357 0.017253270045678
-8.42022866115186 5.83434558131618 -0.655016299354044 1.30653946517815
9.19980657433833 4.48653324834256 -0.391802519775307 0.00514475150201507
-8.40031243684183 6.75765880971767 0.459099253619478 0.871037543201522
-8.73185273250262 5.05443992465687 -1.45941422225062 -1.98170346819424
-8.14251659227939 5.19742372259034 1.95975131472046 -1.25081436225392
8.27052859900344 4.28703292109277 -1.10597516500513 1.06907967088824
9.29398345666388 5.92022050834036 0.00175436694856104 -1.04403471687483
0.233905436061315 -6.40485396977325 -3.60372663037037 -0.571764816640023
-0.81394911733218 -5.36647088454466 4.61111670521648 -2.2033326885927
10.0261238771029 5.05818421278649 1.21924191209413 -0.0612829640883214
-8.31883497887321 5.69725524884399 2.73973094192432 0.0235149830665188
-7.72319904107438 4.42209219782389 -1.69729990268637 -0.324365588217046
-0.130321056805132 -3.99825958930503 -2.00930957706573 0.949931395567816
-7.37984266742954 2.88205798397745 -0.32326687558885 0.40964657744471
-8.11016372637218 5.10390386093421 1.16604568821994 -0.307180942396409
-9.06022405364632 4.95581820403787 -0.210702374352953 -0.200363190665891
7.80489575382735 4.94742443139643 -1.54548825746141 2.14055967092725
-3.05198055368207 -5.31456514644244 -1.85677599341221 -1.37473429652632
8.76832925124491 4.61506616473237 -0.864693425738363 -0.083221049368976
10.6049721037467 3.50739079249581 -1.04779294572212 -0.656719631777341
-0.626155251241256 -4.10635008320326 5.60310607958309 -0.300915380827124
9.2501348359412 3.30068794752902 0.0440790077496446 0.564345496241729
-8.76705426013116 5.01847767797416 -0.268901720705488 0.221232714378114
-8.84197920584026 7.21667572361912 -1.17593752219473 1.05526789458444
6.9096140023215 5.13748361675169 -0.257456878398772 -0.643001108960721
-7.09560975499444 4.8734479319475 0.224028297815837 1.24193377337556
9.39613946493776 3.88246550696583 -0.0641312209758638 -1.01357048114933
-7.65334723267496 4.6377641742617 -0.654881417143223 0.20133430071207
-1.79197373115462 -6.50644609099622 -2.72031967984695 1.03333427728967
-6.51246608319651 6.40056226710223 -1.48543620931035 0.724685950216203
-6.87536064875173 5.97715457134597 -1.97646165920052 -0.679094451501685
1.41056895757881 -5.56819045976787 5.01579213366552 -1.93491248481303
0.314858559841174 -4.12795869217061 5.5878494109814 0.0612531516508006
2.21192703982164 -3.90042828246394 4.98673603286176 -2.52090063763664
9.892947764583 5.38720561456243 -0.00770573543903359 -1.6089588966071
-0.139721061901048 -5.45461292252429 -1.02995706131533 -0.772465160533344
-8.92252459807501 3.55429804391661 -0.495654693971728 -0.482408198055815
-0.432900443106278 -4.50480956653113 3.29121147724256 -1.38581138348304
-1.05270047570917 -6.32539653252538 -1.93947502127907 0.190415877388065
-6.85694840261919 5.11488463566273 1.47487509568103 0.371966823416878
-8.62797275649328 5.5153899304191 -0.398602701932712 0.538738605642589
8.40022493681577 6.53854663575449 -0.862027141942445 0.485488089149031
-7.1329138703098 5.23448208593254 1.16210832967432 -0.410981029996398
-7.53121574373126 5.56431402310533 0.289908845290303 -0.354630804967098
-2.43097289978544 -4.95418514410599 -3.06398422219028 0.50981806118055
-7.64408523908432 6.39350383352664 -0.448823275391619 0.127045638675783
7.3643419803443 4.24583894655877 -0.481836316351078 1.43425352492384
-0.52702546403361 -5.00000895351851 -2.01633128362988 0.249903317737286
-3.56191814184366 -7.91642816898842 -2.80970809061937 0.0794395866149419
-1.16845458241908 -4.95671919187457 -3.73984679673236 -0.524171727284292
1.36948749019217 -2.9710985837929 3.00785669804308 0.598904594622483
-1.23326720839595 -5.84753851090976 -3.4818001544255 0.599573912302167
1.22274305551511 -3.08538746517928 5.51566053678343 1.52281363045628
0.0433223452909373 -6.13475407162128 -1.79983443513222 0.599081849873015
-1.98194043992889 -6.98032046599975 -2.99712916350218 -1.77482049850395
-9.0990641273445 5.75453037927411 1.88886291354502 -1.22474837738078
9.71133884325022 4.91488378663138 -1.2083284024961 0.178790615178993
0.275655396247563 -3.96896103905709 6.6911498350205 -1.89192652057775
-0.279897583835262 -7.84671632155932 -1.38531471567318 0.149722700253841
8.22211317402902 7.05932021575242 -1.38797824170222 -0.501609390626909
2.23687277378471 -4.0566102776191 3.67827441752119 0.432109844367409
-7.34512622893423 4.67723541637271 -0.354571276335559 2.8145886025003
-1.96642533255584 -6.50691429880843 -2.10117398847589 -1.51285907002763
-6.02006149166493 4.0101609733716 -2.01330578092402 0.428603304650538
9.60650424737268 3.46529599909091 -1.55751849514182 -0.831518954105729
2.74729155236409 -3.67238381089332 4.10656418510666 -0.058127523244045
-0.451239153379416 -7.167248930622 -2.09223987043292 0.0676310747314161
2.09676058137581 -4.51113587511898 4.96128135313636 1.66937372817021
-0.802930490211808 -6.57991317489564 -1.49360037523584 0.379261224404246
-0.512683611018378 -5.14092205788928 -1.83666039042068 0.771478390371166
-9.45615386372579 5.33945880114636 -0.650508159853198 0.819051284637787
8.30142262660202 5.45763482197532 0.37051265169613 0.30835147798117
-7.03769550318822 4.29205034070094 -0.638600176740361 -1.54369689556728
-0.344434210046273 -6.7633852457441 -2.71070735900041 -1.22931076763723
-0.76915763888361 -4.18387450322037 4.17462879198493 0.565471893374741
-7.5523475812701 4.60229919311475 -0.548563616830974 -0.127212985991938
-7.70099940120624 5.21386976125699 1.5187597291698 -1.70074297675742
0.315542177931202 -4.74420910875198 2.32532480037682 -0.425805299991883
-1.28277766875543 -6.2026874840267 -2.2194748162311 0.000631648414002664
8.55543237722893 4.60748199292505 -1.07749183403164 0.464689379358292
-0.31284917756765 -7.4836898532835 -2.25972175713306 0.273184103138756
8.669416050746 5.38380192121806 2.04996120716261 -1.08073108532799
0.309579601709971 -6.44492497514489 -2.56623071533095 -0.736231155635333
-8.15664766423205 4.2943011483949 -0.0670666986549718 -1.02854904711842
7.31335974139167 4.31279215616968 -1.13914795585197 0.796535968150902
0.171338913825361 -5.52124673063284 -2.10503889368942 0.924828229389886
-5.58269987182926 4.60917941930878 0.899639483896473 -2.12224504304443
8.7706311203283 5.84501301179044 -0.591366380568444 -0.348311976316771
-1.63609802460767 -8.31813909841106 -2.8495371651351 0.546176176331291
0.23786210291401 -6.20535146435902 -3.49873875649039 -0.449951851420713
-6.8481237816344 4.40042087519193 -1.18279498224812 -0.828985343872165
9.92669168817162 4.49994153249264 0.185286972372895 0.571244721687203
0.0257923372586245 -3.16836216498922 4.5416751730692 -2.58505749464084
-7.22799104459796 5.8910411014585 -1.50371740985158 -2.88126861600092
3.3387108390466 -5.41145271219184 4.80698836067928 -2.19304306700581
8.3354564017031 4.03521941370325 -1.1601139792633 1.00847282490764
-7.01957420786927 3.87545845950823 0.40470244525085 1.22950233354916
8.46974391391483 4.0899531445766 -1.680382070666 0.565349082382468
8.98994576406497 3.39556590650428 -0.207325627773542 0.172050281846577
10.7271259596074 4.00240976118088 -0.576102015236123 0.420209042847796
-0.086079067368489 -5.95100658789937 -2.52726096330021 0.608874283342432
10.0289579973494 6.21889678544279 -1.1169824444948 -2.36049348603411
-8.4762016999151 4.53480577377717 0.145746631936791 0.138284082524249
-0.0172505869278668 -6.77074039839896 -3.49814667952508 -0.153401851716533
-8.51165664157074 4.95500441467624 -0.423869732926557 -0.601801738146161
9.44692099134417 5.34267538938467 0.542803436612831 -1.34924408575936
-7.83711596636756 5.05123494012168 -0.540812069520399 1.82244683778566
10.702477539881 3.68730748000114 -0.878920147720087 1.18887801254138
-1.06798994172389 -3.60224330382537 -3.05373578157006 -1.6613825149007
-7.9452280681389 3.01816195534937 1.40421626562123 1.44152962641544
-8.83902685987229 6.04919715202006 0.458492191478652 0.849955693503783
0.617384117620702 -2.40950849227456 3.94879167898842 -0.433058856005646
1.90162288002362 -3.22400371069226 2.94667361390621 0.460434567791645
9.59420183757354 4.87999074459041 -0.86143587104677 -0.328701864701864
7.9744674218119 4.24785825274864 -0.581069019050733 -0.176537342363662
-0.852176071185403 -6.07884036232561 -0.856146083992692 0.829098553505225
-0.0522929660084187 -4.72499743025577 -1.89341710967027 -0.651133896364426
7.91391373352941 3.73112892474389 -0.488344337485042 1.14666061415477
-0.874984177858575 -5.55253914605839 -3.78272251971768 -0.208833038703319
-0.771505934628867 -6.47108085247764 -2.05856505792198 1.07802279808191
-8.16230358247988 5.7529106610917 0.17238892099814 -0.008034042130308
8.33562884185003 4.11297813256026 1.02200024392365 -1.18492286688606
-6.51961010610348 4.69292616252404 -0.0819054291968108 0.287713116569609
0.96278496782774 -6.4074066047187 -1.98889063731271 -0.66748484872094
-0.283984977500457 -4.82755371079914 -2.33612991403254 -1.12449326292608
-1.32208123214671 -5.51696577602903 -2.73860066268027 0.756924429005202
-0.923095973223503 -5.938032545572 -2.2653790294684 0.954939834055923
1.54082997266783 -6.09500931720784 2.6206074176623 0.991712932848892
0.0536379947969148 -5.39665800600693 -2.71656648869211 1.43750703786817
-6.92673363537726 4.60795708925497 1.50713102784271 -0.539301752737688
0.507567644843333 -2.90928162552029 4.02557988023612 1.78064232660081
9.32617530303983 5.63850161583062 0.0127066597372598 0.279549436753654
9.5705913920961 4.76843634475643 -1.25710928834763 0.666933060027394
8.57294906966055 5.22649044885276 0.0711089834509182 0.0703280407500672
3.23393610508318 -4.61641349081117 3.98756961532801 2.77474908105807
0.0826962414509924 -4.3649832982261 5.4958606049717 2.71465126365919
-0.221250733328413 -3.8232164603791 4.70055361392686 1.37788879174481
-0.750335464297999 -6.08983284611364 -3.67972028072516 0.111164598094959
0.12211292003427 -5.46762739594274 -2.10607059026628 -1.30052868772122
7.74931417485866 4.10009962898106 -0.90199185485726 -0.675718800600339
-9.76906028273635 4.315876095493 0.680544043770596 -1.24164535117952
8.56268747600368 4.88031251001135 -0.336953730112723 0.129850717853242
