"LD1" "LD2" "LD3" "LD4"
3.36233202292011 -7.13730217157667 2.52321321233619 0.647257642054655
7.34023206652845 7.51634786410166 -1.10202278484394 -0.399148339104223
7.20992090651321 5.64685319043128 1.00839980967918 -0.415670973948176
8.39226710094433 6.26967305937776 -1.24692670427117 0.541008267836375
-10.6912256234064 2.72989461133699 0.564853713483259 1.17661436109653
-11.4243703308401 4.53886044041088 2.24761242955153 2.39960216614627
3.58490360932182 -7.32823696676561 2.89823634983937 1.56127664556949
0.489183666138224 -3.89861344226523 -5.79376798855621 0.912520593731414
8.09560953417505 5.85102044524177 -1.45421318097011 -0.445761130181734
-10.4270937766649 4.3107131035146 3.18803442601173 0.311205173184775
-8.25442133660622 3.02022648363076 1.1838292864327 1.49596357547224
-10.1878073293161 2.73083829325631 0.887113474647077 -1.29496225001237
-1.4931259605894 -4.28806275996637 -3.30933124706644 2.25080215734315
3.45501721685539 -5.95594631517104 3.76635808824916 0.171127324298746
3.0036796948948 -6.7012095140524 2.03470990053919 0.453242209643756
-10.226073586442 3.54576268576257 1.40495588670365 -0.100734806804544
8.38521120887559 5.41074017326148 1.6940318530481 0.463511750330021
-11.3411867894366 3.8853056634501 0.780594513465355 -1.08387712819464
-11.2388185637936 2.97135800864218 1.25888050813805 0.176144981993523
-12.2688402182442 3.16493843401918 1.64490701830345 0.0143703646159876
-10.1448076045281 4.05131971908155 1.57522008555175 -1.79722931786546
2.43075087365175 -8.00170707995092 1.39394865717089 -0.99120436811544
2.9468279718188 -7.16147187881335 0.851586949746986 -1.42502002864073
-2.38699566283345 -4.33046129724907 -4.68860484266014 1.13847036716408
2.21159766206054 -5.76448397690104 3.59093281426873 -0.181992229313101
0.533887001567527 -7.59260357512303 0.942411392496732 1.12509338848149
2.45168439830916 -6.72134691580551 3.79874205961071 0.428715396910379
-10.4044651918098 3.47240245623257 0.804492532929745 -0.31679897168405
-10.1404681911513 3.30364498638841 0.995193871096028 1.48664685565055
1.01142964655051 -7.18646874102352 3.2018451680046 -0.358506382132439
4.50855375402392 -7.24889531884965 1.69138479114808 -1.57874179827137
9.27308303316594 6.13865545381491 -1.3593943955428 -2.05003681182404
8.82542826008401 4.29507203403476 -1.43451996302517 -1.00498703311862
2.73531378281794 -6.57437401323318 2.22345314374501 0.518303210474598
9.53995265727357 4.90347058340418 0.235722914345901 0.404459617812964
-11.4358107534702 5.16712529888046 1.14850733401648 1.71068563105578
7.21376079420761 5.8150229401394 0.116002299540915 -2.25372955957313
9.35905405256284 5.43191780110763 0.161528458841297 0.919424504276139
-11.7885452753624 4.15586762650231 -0.831503863710167 -0.0742011099695956
6.4119738397969 4.34141571395826 1.11999295272254 -0.117291340751523
2.53050939257465 -5.89398586676908 1.4994143804575 1.09354921669821
-2.07226459125991 -2.47736634027284 -6.19208808673649 -1.83524222543049
-11.9251248726523 0.762842068258389 1.50953928340831 0.647342562945506
4.09260722403334 -3.1397532188941 5.02571937044236 -1.85460540262631
10.1488403009672 5.80253786622014 -0.784890609355376 0.440740438239031
-11.3874625647532 3.41826754487841 1.57856340677196 1.11548416931984
2.08907681998468 -6.72282393007075 2.07445416088211 -1.46169672161485
-9.44672337852946 4.00868966049523 -0.018120963989595 0.116480788608487
-10.7842019293083 4.96330861877875 0.631200946786391 0.665172486268648
-0.455894373588675 -3.66202551373259 -5.94342193780409 -0.495474257257368
-2.84421826625111 -2.81963549246386 -3.81115667115967 -2.68301772091107
-12.5565651756744 3.54953503085034 0.684022348446464 -0.649348343662246
-11.1090993812573 3.8483579996015 1.67974064713355 -0.515632034287278
8.95974908899266 5.71470671059445 0.268186155932592 -1.66363466837419
7.87262383571325 7.13064573580848 1.57856772276344 1.30461498226494
8.6722241915075 5.32360656170273 -1.31489423728868 -0.808411084044839
2.56428163511885 -7.22923356568629 2.86898928233703 1.20662733759853
8.65444903399537 8.22525211522258 -0.332395215004119 -0.480736519724431
-1.51165974338915 -2.81254407999555 -6.8779792069741 -1.31100861463614
2.78572768894002 -6.39656589411464 4.13525161890916 1.42932852056938
-2.75845006747006 -4.80331536089982 -5.08265847902918 2.33738796846444
1.96781604724 -5.71936863125856 2.11416408826548 -1.50442927753406
0.158828340086602 -3.29317247538548 -4.45587124256057 -2.63027581927514
-10.6533663071022 1.37743486372091 2.3971876633 -0.13632184406254
2.93358232986605 -4.39906492658571 3.66209652750033 2.57371071546065
-10.3696794154977 4.28289660009841 0.242427762514358 -0.0274376731678216
8.16270569278171 6.64432924941525 0.730920151846367 0.767152061460669
-10.2842076812224 4.41361159454951 0.353526965537744 -0.831537686692319
-10.7495221807478 5.79994798389899 1.89002749801731 0.845091368498422
3.51792735666794 -5.85990581713094 3.67662169469117 -1.00088844489423
3.27719121738704 -6.45470221940108 2.38289533106632 -1.62415276843546
8.20830971601695 6.96891355039707 1.10814498172158 0.175674882316875
-2.20169741743571 -4.56211433836998 -4.69147969455171 0.654669572562736
-1.25794486052821 -3.59426179228483 -3.45946982200066 0.920419212275762
-0.0126243311718545 -4.74391397163942 -3.5499420119002 1.33742191434356
-0.167578469167271 -4.71297608786279 -2.55743760452832 -0.015714380841468
1.42879341517346 -4.81382811937379 2.47617352217577 0.367492720760856
4.04214054670405 -5.15297137817399 3.03183547151857 -0.0595035250991147
-11.4816441554882 3.71182053509405 1.27914802349135 0.1449040489902
-1.35631020588514 -4.32065514935382 -3.99600142173615 -0.561912832270395
-1.56213313113069 -2.62994181647028 -3.50431602474394 -0.798721338804293
-2.17964212835274 -1.95730724410064 -5.05519932538957 2.78044106864357
7.87696093547031 4.59865586062685 -0.0200297304136645 -0.220283619892538
2.84987415838144 -6.01619850509497 2.78722458651585 1.29749042824393
8.58509941090297 6.23717797933367 -0.658229680399827 0.817250716232432
-8.92863994465005 2.83542687302157 1.51541438696476 0.887174826351117
5.72378482067366 5.57038983151592 -0.880065152937687 1.78724253978033
-10.4761512261842 4.59597411827485 1.20321781284419 0.075926496599629
8.16977463836357 6.40112691922327 0.0483347181169566 -0.545520030599814
-0.444488448295782 -5.91721259670572 -4.49636805145248 -0.511983902623183
1.69953116151104 -8.11932827957073 2.55213041080617 1.46797463096523
9.35433673369086 6.59977490080855 0.42824590308909 -0.336014542803651
7.65493222550857 6.38938370939354 0.25863767602002 -2.23556904517815
-3.68315186974353 -5.77463787597615 -5.00931535658166 2.57216597261772
-12.015728751462 2.5261395486322 1.33254263217621 -0.566386890453307
-2.39761074968269 -3.16835245778132 -1.12562364528224 -1.33631382498257
0.479573600556759 -4.25254887935473 -4.45303064994035 -0.555902114751422
0.194203660503152 -3.8555859051111 -4.66022110607992 -0.5882981153111
8.61806277989493 7.15571415545586 0.329107227193085 2.06297608813739
-8.29412632935806 3.5260331551569 0.0285055697486024 -1.41655455206126
-0.593169222107931 -2.3621421950129 -4.43776744175697 -2.21806902455389
0.415500035423315 -5.40065520540695 -3.60991917753884 -0.503052854542641
7.42166830773892 6.06171135539721 -1.16921171199121 0.35938184667686
0.395352192411308 -7.77393173078927 2.30008810894198 -0.137221981934692
-11.2230070289918 4.67236420229217 0.356067101900798 -2.49237528264259
5.78503613762628 5.4651792960299 1.27704381389037 1.16467160929224
-2.36048636858865 -4.30376976487573 -3.68728809359558 1.41190209211944
0.606901560843349 -3.44525755056591 -5.42694049997368 -1.63730882821685
-11.24055928461 1.99390262670658 0.295899019035219 0.24523478659094
-9.94837102040046 2.94043018458826 1.67907503087478 -0.28192018804798
3.87477644038843 -5.30125726708693 1.51686914919875 1.13629046647095
2.60988261596285 -5.28992536141519 2.22814068724126 -1.48294182816411
-10.1962181869892 5.06560498046588 0.238559524331164 -1.4294933671566
3.41831176249223 -8.36097775345781 2.94836184260598 1.10153239329846
7.53333163903709 7.80118794679564 -0.232208480322383 -1.42743812088648
0.504457948831703 -4.82614233665653 -2.88143829533074 -2.21821303204312
8.89615084454587 6.36588247681213 -0.0751891642064122 -0.366466315141699
7.27279720964874 6.09085203235128 0.155263090072711 -1.25846084333171
9.24278756378328 6.8022771014361 0.437953000466752 -0.476817369752137
3.01206866722972 -7.25785282921287 2.12413263109914 1.62194331813454
4.20214163057634 -6.36557047809448 1.71328788728837 0.643097893741157
7.17499748337486 5.81760973932563 0.172216058216611 -0.714359096540887
2.24675655539801 -6.12274983546454 2.29001996199427 -0.65767296319898
-11.0837001903168 3.50571052847667 2.5933344498715 -0.808543972739779
6.8008094935619 6.23182146253715 0.108086605248613 0.0534523989644681
8.70806887463876 5.19269268085226 -3.01859217107192 -0.526217880868164
-0.955482795237525 -4.3555982607398 -3.62655109210461 -1.3235161718814
-9.44398892169185 3.07672310539735 0.680068775260275 -2.06365839352117
2.06902778506171 -6.85000226641304 3.76492005152384 0.119564897295427
6.42933910517987 4.8673451193281 0.37502089250414 -2.07133691661084
2.00980241094402 -5.00160204067887 3.70003691100749 -0.218816164609768
7.13360043532342 5.81461187609308 0.138571950602277 -0.0964466190490512
-2.83827731554787 -3.86826381815277 -4.29936781024521 -0.439373387252673
-10.6651129982194 4.04454418240471 -1.28994903358505 2.25767223000786
-12.2906582869679 5.17877000901361 -0.570842493731693 -0.196582072248162
-11.0127493103623 4.54653218787533 1.15436918282695 0.648240794526851
3.58315689534559 -8.10537644379911 2.76540597489957 -1.18315088199445
-10.1055685460418 3.96250705351324 0.607033849343147 -0.999350236225687
2.39606518383354 -4.98847297608253 2.67660356178703 -0.554396335766644
8.7773036265079 5.08018971575258 -1.79715481535926 -1.66099600298845
8.31288907312398 6.04975500939657 1.93025937722042 0.125222074109033
0.492090838847291 -6.09598773638803 -3.0842463391445 1.12352285637173
-9.1495561575311 3.61449056636265 1.10991004333485 -0.644701319521447
1.80294730582851 -7.45572788335524 1.91318983135266 -0.485316288747392
2.26167856501557 -6.16067490282976 1.54265865256655 -0.00122354979376164
1.23137265982131 -5.98327952391387 2.10550681273422 -0.199623685425114
6.70935218147242 7.24345151716351 1.61250869706278 -0.15956541086727
1.32787661998157 -6.75002645938569 2.41881316837863 0.443586331893038
8.07245758813347 4.58696447477043 1.13227716184918 0.0160606273997924
0.985387367904442 -4.2944785884524 -3.49122887030952 1.28716147956297
-11.0310938293245 5.44781531322774 1.8421279346521 1.09131321585158
7.92979983204838 7.18670497452503 -0.582555364144297 -0.849662353351863
8.95116542609889 6.65593029105526 0.0205188018277887 1.1017270481015
-1.29927082030656 -3.50215036460376 -2.5927659320461 -2.59703646574424
3.00362954703174 -6.57936484855502 2.36640353581581 -0.104719996219147
-2.17327789092023 -5.83703940388293 -2.0954670853512 1.15777350588881
-9.66635356736699 3.30316462270961 0.979297602121805 0.209325113841016
8.56532148782544 6.84987164009019 -1.59645969485048 -1.33313124704384
-8.46520140424156 4.59205669435064 0.425242723280694 1.27318949561052
-11.209565405868 2.81619568163449 1.13872078617946 0.309420713103558
8.62053908993991 6.57644421258128 -2.22124939429714 1.18554668688181
3.06383980559632 -6.11526694922433 1.40204090224719 0.179083609100986
-11.4411026173313 4.91633714459664 0.402124063833142 0.0646627972807922
7.19770289267294 4.34906912544437 -0.376768556629802 -1.06711205685528
3.74002043215581 -6.26177801728277 1.31608521376854 -0.357060671096346
3.01627129719965 -6.63488701476491 2.32871463323286 0.0798879457347954
6.71138902880053 5.69506103779894 -1.51959343819359 0.237590101931313
2.73111019322048 -7.77729093076572 1.56796511820794 0.458954727715918
-11.7588087976728 2.45014886445295 0.0581778259930146 -0.417006163038729
7.38526147187403 6.71996780710185 2.23664809191613 0.984425901132709
-1.72266049776354 -4.3956091066886 -5.00688396451964 -1.7474384080758
8.67003523392035 7.25019893224196 0.869273330296238 -1.45580499926132
2.63274788420035 -6.33174093715684 2.49322477275349 -0.952035616956233
-1.38128089729051 -5.84692373950222 -4.78612514394498 -0.929110960063612
-11.5146039458055 4.55526097982406 0.591198100267206 1.67806515544355
9.37952383450989 6.33626240674163 1.41996099896246 1.11071519887739
7.96246252787749 6.0733749417643 -1.12101873836904 1.20363885500039
9.14613134679776 8.35776340231806 1.4746899816738 -1.2962473265458
7.22956641243347 5.13496000448663 0.571916525515203 2.08887618585982
-1.73540328063945 -2.06880848105995 -5.13540151170575 -1.29293030745769
8.66222522488733 5.8752990543749 0.467530155749002 0.288488613435561
8.03632621746654 6.96294481348765 -0.433718380954787 0.497626294243659
2.18693482279886 -5.53605057362897 2.32565478342836 -0.267368930533458
2.73291434773286 -7.51907256061488 1.51962207510475 -0.622832790495634
3.69578224652183 -6.42419499685849 1.73608174804659 1.05896101840858
4.46592076758709 -8.58314268707821 2.44358051735934 0.258988888636009
-11.2728024633312 3.22805113544229 1.14551725437872 -2.96028836172636
8.30559711130554 6.83346058820329 -0.0511195513218975 0.213446608322185
-0.464841692119123 -4.04482393424912 -4.68196098716885 2.50169722729586
-0.716677409606701 -5.41861179582254 -5.1622906320219 -2.09233728419601
7.47307389837238 6.34065153897853 -0.11320262962807 1.37126822280415
2.04054400394311 -8.3402613375707 1.02051213129768 0.668662100874577
-11.9504600980936 3.81857525339624 0.730733867042515 2.3630975476972
8.3647393097623 7.6813005254669 -0.264415333510497 0.684291649216597
-1.14250540481649 -3.53058405499659 -7.24160469194458 1.74943264576243
7.71934162112751 4.32827238524711 0.19940606431826 -0.0257220746501909
-11.9938573283964 4.73881844743307 0.0821318528666078 -0.511154096555572
8.74874233331495 6.9330927868749 0.720433126985075 -0.636871613096231
-11.3098433230932 3.28542294117968 0.801325497547004 -0.0690936322698372
-0.587881369509284 -3.60908294234422 -6.35275650085329 -2.39378041882822
1.99365744351918 -5.45265172427979 1.97232967265025 -0.90466751347108
2.31461496555866 -6.83645286525065 1.28900347865263 0.415611171888251
6.61180543063006 6.86978884574541 -2.79275106820498 0.442205950544745
-10.4104996907624 4.14509278462818 0.441779670362948 -0.321623309035422
-1.89184011117272 -4.66482202075518 -4.68352597068874 1.6677420863788
0.367672752975438 -3.83200425057067 -4.63252289247927 -0.527168591248439
-0.805343861813351 -1.92193230554823 -4.28116456909876 -0.516943955529869
1.92253501701098 -6.2473769194104 3.38122148548683 -1.00642351431112
-10.7815788910604 5.1371370735317 1.49094531899667 0.441488711020475
-10.4553628513386 2.2418683930561 0.735917842473793 -0.924531978049562
1.97608123460221 -6.24979981547778 3.54451000254216 0.620197687361945
-10.955148340403 3.50254543848854 0.459003718360655 -1.0007714433615
-0.427789214379907 -2.97037057532024 -5.07273567593401 2.1889784615828
0.0284220481623087 -5.37776069424045 -4.07565933626775 1.45446746085693
2.7913598996064 -7.26374172877208 4.05801864276864 -0.960814369192558
9.09772014098559 7.00890134322256 -1.7727987666226 1.33656622023124
8.21066473927938 5.01282699916832 0.262961472574328 0.860598866399156
-0.424905456234622 -2.99646957791491 -4.82666135402791 2.61469648192938
8.19622658439071 6.16644527358257 -1.1769387647709 2.07599903306292
8.17061336721123 6.00613099848451 -0.553572026677568 -0.150570227393343
8.7898630142368 5.63646961630204 0.78278619016625 1.3526285057764
2.82939228151717 -6.55993037261405 1.75118678424088 -2.69660192699317
0.118922873150456 -5.86410291061806 2.3409131755356 0.828849250280972
8.20775716100892 5.92666455073382 0.574819313044605 -0.112311568156655
0.334856694648796 -4.48968773936128 -4.71336056046566 -1.01635895311008
8.78715979726649 5.69471467950918 0.787699877131825 0.158199805671358
-12.4702534856064 4.23189921887431 -0.447628821533181 1.30888592692645
9.0897171866995 5.98324177646415 -0.244936953100113 0.0190895307421027
9.10583269565164 5.78571439572791 0.138385501640651 -2.16315283450687
1.16043534609375 -5.22009451755506 -4.80235835411198 2.33612894364558
3.13572370037305 -7.72252858751366 3.13642739622651 -1.25715563990869
8.4113219377996 7.59093024702541 -0.646404327110998 2.60399150397263
2.67701108041212 -5.60796168677399 2.63475968980846 0.555430270721391
8.30700140066044 5.09511174835869 -0.392944593161547 0.55878529956517
-10.7470273142019 3.62722822635814 2.7838309798449 -0.0914590348478092
-11.6437230414625 4.50727524817154 -0.280119846252809 0.410636287267291
-12.4326011643669 2.22710397781783 1.46363819301422 -1.1196315395957
2.22030935060311 -6.23250532005943 1.61186974940959 0.161174021220216
1.48003559054973 -7.84095493482033 0.987309002644139 -0.00996535046136169
2.40968013932922 -6.25061591225412 2.29349808072791 -1.04415031420567
5.85398689476325 4.99894654466804 1.66981345171844 -0.984053936826349
3.29410268655562 -6.45177688586743 1.74814904492265 0.61206740346532
-9.75923415377633 2.97910420724956 -0.352789082310227 1.31324757063134
1.82632267346326 -6.2698619799265 1.70851309989533 -0.739892284031975
-10.0292699321479 3.19293512248203 0.627237670861574 -1.10540232997014
1.98226098302171 -7.59996572335076 2.02357176031362 -0.0738662542175727
-1.46340194022043 -4.62088554226112 -3.16575021585403 -0.327522505396996
-9.04299132142257 2.5006622180669 0.250226123353701 2.56985907904355
1.67653923979813 -5.74263624940552 2.29096900238081 0.773406958272724
8.3083260245414 7.39617900508964 0.73517829214149 0.443762308189472
3.62263511242906 -6.03721136167457 2.31191343853362 0.427462245526052
-11.1325978656387 3.00380203044039 1.14077161340594 0.13906660152279
-2.26844423960301 -4.32600602236664 -4.73710783024765 2.82162681266651
-11.3707347762085 4.47857676822894 2.32042332850174 -1.2146491895706
-9.59975879516561 4.46726833777682 0.198125020785686 0.147715905028607
-9.6463074668658 3.77040204724877 -1.44475423364314 -0.1263164860113
-10.1126888569556 2.87970812727905 2.1453998074797 -0.642969052595752
0.525347389937343 -4.94953392628593 -1.39496957492339 -0.8798652472255
-1.87753736844792 -5.98459117442904 -3.29990479338435 -1.25733336296217
8.72712324768942 6.56615318583791 -0.129212656889815 -0.821599653271903
8.36252269858734 5.50375733990349 0.557314063722457 1.67068422429382
8.58972735893453 7.66467514720341 1.09852510633964 0.623264189556334
3.15571467359576 -8.00609857647559 0.957971962510198 0.490467265007378
-10.8333202021235 3.30079896929835 1.92331654120623 0.696630116958295
-0.510709087738125 -5.41917234453853 -5.06406299360897 1.51875255198304
-3.04286862827288 -4.46337711160577 -4.31610272910961 -2.79472373054339
2.36507315025261 -5.95063409072882 2.87256648414725 1.0755242842225
-0.109396956978375 -3.82416294261701 -4.81828920267894 -0.174390299176742
0.964587969809147 -7.01453220858562 2.19245956040917 0.968295013050483
-11.0469940713405 3.67514390971578 1.04695432858023 0.20058514947319
-11.4683259438023 2.52678744510177 1.60141623551577 -0.121815984128755
-1.01849743447173 -2.17425995066921 -3.20336745389008 1.29713024118002
-10.1506085683485 3.17907295461869 1.21591185101454 -0.894063120671676
2.90374237220484 -5.98812124003372 3.28462271608188 -0.819285090809555
6.98245474054585 5.94930450531521 -0.358177398692962 -0.794833217426596
-1.99671630143942 -3.10901778552985 -4.23679347824227 -2.38233981875295
3.11916360601783 -6.94063076971332 2.36083894757488 -0.358165623945785
3.9678256974005 -8.8403375049018 2.85149887607766 0.702791233492121
8.67388377713722 6.25128164574998 -1.09403761722926 -0.0293645988217763
-1.18248744309931 -4.99598966908859 -4.61597543323483 -0.91280022766103
-1.25440532646445 -3.47917091926984 -2.75407611227775 0.330596276533159
2.26519873065061 -5.10313884998891 2.51380816461613 0.846636869954848
1.36840348068278 -6.24683952807942 2.92078459184995 -0.00849327176236753
-10.2777742663072 4.79645811535067 1.27260967439741 -0.71353702372479
-0.418061506283463 -3.5443849104959 -4.37782533531161 1.96292265316012
2.35593480504354 -4.94799933586154 3.31993381392695 -0.14865360591275
1.82434067434623 -4.88216197049303 2.01796304767586 -0.10890943350385
1.857006098801 -6.11124244184843 3.16643746149801 -0.830171823175875
6.87788309224178 5.59657987752742 0.0548408343472444 0.957418891587607
8.39067404844734 8.17105416186911 1.01254066458013 -0.315564025760824
-12.4365282953079 2.83338119322704 0.900020817173778 -0.458381664584068
-3.38909408933043 -3.84197863321736 -5.34428204842099 -0.211072071206476
7.78059047761282 6.4909362716582 -0.757789330358031 -0.249385494366981
3.23702772212001 -7.13384057366078 2.60661540254143 0.590344956961759
-0.441385603363117 -3.98761139886589 -3.90765127538998 -0.138665734668276
-10.7316881946042 5.45481949776255 -0.039688635761079 -0.891849155003414
1.18134874448779 -6.48518449338999 4.35856869640447 -0.61980416390694
2.40278791195396 -6.39948388093242 0.932115880781177 -0.273624698211783
-11.8068891056073 3.45882856279054 0.773239452845212 1.19153735946656
5.7122500168409 6.81624862089261 -1.97083553449647 -0.497734923822763
