2.95680141637242e-13 0.999999999998464 6.41657179862686e-63 4.33499332576017e-39 1.24031506878683e-12
8.82083282177958e-05 2.10852301359028e-11 3.62637980075639e-34 1.59822358155953e-41 0.999911791650697
0.975055440381439 9.96479876148293e-15 6.69122022320996e-49 8.00398970104598e-51 0.0249445596185511
3.25322449635717e-49 3.86121126538291e-72 1 6.23177494583848e-94 7.44410233212466e-47
5.46096065724706e-50 5.69567091420946e-45 2.10397397963528e-80 1 1.3476783644016e-46
1.49774308920127e-33 2.89729352917376e-53 1 3.1585307524487e-59 2.39243807181111e-33
1.29281859501385e-14 0.999999999999727 2.00762007774273e-67 3.47033720892102e-38 2.60286662058615e-13
0.909324074929394 2.39942931597625e-06 1.27557781364201e-50 6.5761131640221e-46 0.0906735256412901
0.0975735973774611 5.81456125229276e-11 2.40277563963928e-37 5.26603123393986e-47 0.902426402564393
6.14461488232826e-43 1.36620022785376e-38 2.64036167800143e-80 1 3.70253788512226e-41
1.95129906032456e-41 1.59777345419458e-62 1 1.24377301126076e-75 2.41567608942592e-39
7.3049074008078e-16 0.999999999999998 8.1525762305628e-71 4.4787844563243e-38 8.49038052986460e-16
0.902810478428567 1.20729545634275e-08 1.57415724650319e-47 1.15192252167043e-36 0.0971895094984785
1.77863374902011e-15 0.999999999999998 1.18517137746534e-64 1.25039569089993e-54 9.66181755529953e-17
1.62884403562449e-45 5.5675252637732e-63 1 5.60447801676414e-84 3.52563711603571e-40
7.96692272167766e-53 2.09499043702801e-47 3.24704781595134e-85 1 4.74761021688825e-49
0.000290782548865621 5.61791037369109e-21 7.47583117349909e-46 6.46771964888212e-46 0.999709217451134
5.21398925569435e-66 1.54557657610717e-56 6.74298229994659e-90 1 3.00884204848578e-61
1.12313926466142e-12 0.999999999994288 1.06988786787303e-58 5.54534660535353e-42 4.58862070896303e-12
1.17133880069691e-51 1.10419740060688e-47 9.7691863504557e-90 1 1.8946877062699e-46
2.94621356498691e-37 2.17413919264748e-50 1 1.96988240278402e-81 1.18197518936486e-35
1.47246809117347e-37 5.59415711363079e-56 1 1.27412538300756e-73 1.4202652649947e-34
6.98831553579852e-38 5.37310037303095e-32 2.27111700451712e-64 1 8.26396271417246e-33
0.98579921526059 1.09204538608721e-14 1.50501279156097e-41 5.59697224088383e-41 0.0142007847393991
0.755462569397644 1.46404959316882e-12 2.16062437673794e-35 3.89850891227527e-42 0.244537430600892
8.19676953544199e-14 0.999999999999842 1.50235366634764e-54 1.25306335077914e-36 7.56086384338418e-14
5.13352056491299e-42 4.88271577526337e-63 1 2.84369495556644e-74 3.07031807249119e-39
1.36997987133836e-12 0.99999999998949 1.42282714435603e-58 2.0539282500261e-41 9.14055389457229e-12
2.91728168267553e-30 8.24852448644066e-48 1 8.13068112070152e-59 8.23820848634863e-27
2.84116318241543e-46 4.70266141980414e-65 1 1.12347759107873e-94 1.93883541828896e-43
9.9006454921973e-52 8.68098117732289e-48 5.03198698698453e-82 1 3.03307537027311e-49
1.8548857062046e-15 0.999999999998551 3.45164587823377e-57 1.55918379015682e-36 1.4472521887635e-12
1.53975170901782e-14 0.999999999989666 2.66670069396109e-55 2.59099548072707e-40 1.0318153822296e-11
2.8815127249984e-38 1.49011557644515e-43 1.32830464671125e-61 1 4.03870927994882e-35
2.04480351939019e-40 7.69536767758911e-60 1 2.09237326165829e-73 1.83288119779025e-37
1.2886010394657e-12 0.99999999998243 3.36352222429668e-52 1.62879965437329e-43 1.62816788119214e-11
9.13978967527522e-51 3.41246971870564e-45 1.33106444113944e-87 1 3.91020659446875e-48
2.03720222873185e-32 1.09512724788542e-57 1 5.47997629636789e-69 9.87059581534455e-31
0.000105157625328873 4.12003675743377e-18 6.53705443852514e-34 7.72088745695043e-56 0.999894842374671
1.18538901654226e-48 6.9850034305911e-42 5.57371950888713e-80 1 7.74654697638353e-46
1.21973258016949e-18 1 2.76918604444557e-72 3.93836368362327e-46 8.16815505999497e-20
1.91007659039171e-13 0.999999999976208 3.56596758530491e-54 1.25936830182771e-38 2.36010333502541e-11
1.81810164633626e-44 1.75903489723001e-37 2.47779322904404e-71 1 2.59218853697286e-41
6.24069553920815e-16 0.999999999999901 2.52127701011418e-60 2.26516405092731e-42 9.83195769270502e-14
0.962694383267133 6.10586183837325e-11 1.06284837548055e-48 1.38378051288032e-46 0.0373056166718081
4.08083210588365e-47 2.06464976860077e-75 1 5.24249675608203e-92 3.14849086705697e-47
5.54415863953467e-40 4.47026277165636e-54 1 2.78041305007127e-75 1.59823811289619e-37
6.2090095625725e-49 1.84289797988165e-41 2.41447556649265e-84 1 5.54571321810621e-48
0.980556081013459 1.29477870062171e-16 1.04016923308627e-39 2.82815135579231e-52 0.0194439189865405
0.994728286129622 1.04610801835961e-12 2.41271690235917e-37 8.04357356092374e-47 0.00527171386933169
3.20210394060274e-39 3.12146695176515e-56 1 7.06960477682002e-75 1.80798654315731e-36
2.63473205218704e-24 1 4.32475094220509e-58 3.60727345065267e-24 2.2207538477566e-20
6.89929567048385e-19 1 2.15868200515923e-65 3.27822377296836e-33 1.13669080604988e-17
2.39979795643905e-18 1 7.03320281969203e-58 1.44095054460961e-41 4.32621563880607e-17
0.182258867282454 5.44577142231033e-07 1.1204235269485e-41 4.30277529827547e-41 0.817740588140404
1.71680991601606e-50 1.21673687266726e-78 1 1.81841038051763e-89 1.46406257882001e-48
0.949396014147091 1.45478883881701e-14 5.2472409189994e-34 1.94609410385393e-50 0.0506039858528947
1.81536509651403e-12 0.999999999991303 2.08424192540119e-48 5.31909777517033e-37 6.88106379464987e-12
1.4741362962792e-44 2.38991015915009e-67 1 6.23622738283237e-88 1.62833669720064e-44
2.31347060057594e-15 0.999999999999994 1.36542029508072e-63 2.72685795169927e-43 3.45555136238773e-15
2.68581919808207e-37 7.07597440631925e-57 1 1.46226008788533e-74 1.4356556816122e-37
2.75971720647697e-44 2.17332111546105e-43 7.73298890850934e-80 1 3.29384400785706e-41
2.64721196976093e-52 1.01610170205056e-43 2.35573728792581e-87 1 6.73380509210857e-47
1.13393495265968e-13 0.999999999999789 1.58211475581562e-71 8.46352858773634e-49 9.75182656396131e-14
2.1426481365208e-47 3.61494064751661e-62 1 9.72014058124284e-83 1.21047163278666e-44
1.22094243469492e-46 1.70802400232248e-70 1 1.21250718485976e-76 1.0947906848577e-43
0.00631221364212748 3.01395199096491e-24 6.62859900621428e-40 1.93362496825953e-46 0.993687786357873
0.320130929806515 1.69553644902829e-10 2.63729471032488e-33 3.39897831346463e-40 0.679869070023932
1.37838628482747e-31 4.02044314943639e-54 1 3.17951399844103e-71 9.11102354202721e-32
4.37625685174689e-16 1 3.75180804028516e-62 1.50531648344043e-40 8.87995563128944e-17
0.00273280813071993 1.44383912991656e-08 1.83190649134181e-24 4.63352268859045e-41 0.997267177430889
1.10808951188793e-38 2.56285110818604e-32 2.03189337197685e-74 1 3.02220339929956e-36
2.13659076901857e-15 0.999999999999994 1.39841058583022e-65 3.83610000892701e-43 3.67950528475011e-15
2.20960006222913e-49 1.61670400131042e-72 1 3.28742047269607e-83 1.01843705318577e-49
5.90457559884399e-17 0.999999999999999 6.38366946368692e-55 1.96429474024862e-36 1.21532861035376e-15
3.01600467005678e-15 0.999999999999839 8.19156270498219e-59 4.72590293739026e-42 1.57355147285602e-13
5.99376516346117e-45 2.25962652407652e-39 6.4237238862486e-72 1 1.68474945981461e-39
0.932155829193719 5.5523538588894e-10 4.80681505331764e-45 8.36649036611401e-43 0.0678441702510453
1.56842356861058e-45 3.48405055358318e-68 1 6.97018331635713e-78 1.40399981449783e-44
0.168525189084389 4.55706231770537e-21 1.97991666801717e-31 4.4421169635118e-55 0.831474810915611
0.000364573670772475 8.25903469563329e-08 1.12066055506929e-46 1.38385998465647e-40 0.999635343738881
3.31036823588139e-36 1.06751128440905e-64 1 4.3723713800112e-77 1.53106652592459e-37
2.77594852661264e-16 1 4.73916129112126e-56 2.2000936588477e-32 2.63788618027756e-18
0.00552377257230557 2.82034979289076e-12 4.01458579967229e-40 3.78523107688467e-45 0.994476227424874
1.01129001755652e-50 5.82939221708342e-71 1 6.85355994070957e-80 3.63919762381574e-50
2.44151949524162e-11 0.999999999892869 4.00157867746773e-61 6.1495435884822e-52 8.27157770564236e-11
1.50570488050319e-60 3.32957966510098e-54 1.02915560643108e-83 1 4.01269970941446e-57
0.0287732716498558 3.13975504586257e-16 9.72570311905502e-34 1.24729367869337e-34 0.971226728350144
1.91428000290598e-43 1.06832535356333e-40 5.33995397182301e-69 1 6.92030295500237e-41
5.91546878130842e-54 1.8709978197062e-51 7.95834111683822e-77 1 2.72373584162967e-49
1.63060930714386e-35 1.19681149832833e-56 1 1.06206526041693e-67 5.41617255097156e-34
0.000236670268926035 9.97812190559634e-17 2.58642734408219e-37 6.97774645460291e-37 0.999763329731074
2.87295263874592e-40 2.02339120938663e-34 4.30929854505266e-76 1 1.47683251111517e-37
3.69809906282129e-12 0.999999999943233 1.06900245423629e-50 6.16896946864179e-36 5.30692741236202e-11
4.35575629410575e-51 3.65291719588619e-50 8.12250467149607e-85 1 9.79762834236474e-47
2.01569329306277e-45 8.40061865209917e-70 1 1.06978833144985e-88 7.9474512331994e-47
1.50478942872393e-15 0.999999999999351 2.03680467167907e-60 1.66700783477637e-45 6.47381950802221e-13
6.93751809433013e-43 1.10394692002167e-63 1 4.55963717126062e-84 3.04672247753279e-41
4.82937403905924e-43 3.65105140072946e-39 2.94434728251045e-71 1 2.4521892891388e-40
1.56564361433083e-48 7.8156182110082e-46 6.32960556864518e-84 1 6.26990432832431e-47
2.68951847790333e-51 1.72929915066701e-42 2.07754036759862e-73 1 1.1223929526373e-49
4.65785220697904e-48 6.3248182087904e-72 1 3.27232261329605e-83 2.15929689586313e-46
4.67159578578327e-55 7.86574741781634e-53 1.62779218057157e-83 1 4.59692271718353e-53
4.44424936979856e-21 1 1.23720043714392e-75 2.77096162124552e-50 6.97088963533281e-19
2.39148445635196e-45 4.32661053229253e-64 1 3.4011957662289e-74 1.33610019571316e-42
1.21572059124547e-51 2.10978109015837e-49 1.48568096294434e-79 1 8.28160192414475e-48
0.00020421583210703 1.46510586802067e-17 1.81616779945999e-33 2.07990595824511e-45 0.999795784167893
2.17150764887153e-48 3.84145980451277e-68 1 2.1292819622441e-92 7.58750061291456e-47
0.0532617798669081 1.24063563095627e-13 9.23728836654459e-39 7.19086060833238e-47 0.946738220132968
1.15050970181937e-10 0.999999999814884 2.17188836832539e-45 8.98897300144903e-46 7.00651858834174e-11
1.70063524507384e-42 1.24647753268519e-42 1.96025247262027e-74 1 2.03175606101083e-40
8.61227883912182e-42 3.44986809314544e-61 1 4.58889038861199e-83 2.02062041291834e-40
1.98642222107172e-59 1.37651047365996e-56 1.69175963678423e-86 1 7.14502427763717e-56
3.73329188235322e-56 1.71411765728211e-48 3.79627928248358e-90 1 6.30820691368409e-53
0.00115252288015541 9.28660014819504e-24 3.83186878697649e-35 3.41718609411459e-46 0.998847477119845
0.00219164599568781 1.26653934708284e-17 2.65681373870841e-40 4.60044222479166e-51 0.997808354004312
0.132551932044195 1.73620975789848e-14 4.35847245823984e-44 4.11358093636539e-41 0.867448067955788
7.76244860955152e-05 4.19427021576865e-18 4.14954297028372e-28 7.5244606832529e-47 0.999922375513904
1.1487988029606e-13 0.999999999965921 1.6263075008331e-66 1.52640927926441e-44 3.39639857920393e-11
6.75455374992561e-13 0.99999999999875 7.8982296438358e-54 2.55473949147838e-41 5.74234920035102e-13
1.4044182050383e-40 1.51393916017832e-36 4.05332289149161e-84 1 5.59696475677248e-37
7.13282693336036e-15 0.999999999999991 3.68841382655572e-68 1.23817371691645e-39 2.31036887101258e-15
2.47164996814063e-46 1.24276487377975e-70 1 2.80082251143028e-84 9.31427539696716e-47
5.47519365882554e-43 1.40249692413241e-33 3.42299990953626e-77 1 1.73255332018128e-40
4.55842204659798e-58 5.94407203223768e-50 4.60563069176755e-85 1 2.54480836933997e-53
5.93286569146487e-53 2.77267051507944e-48 4.37794901229799e-87 1 1.36882151310926e-51
3.42341990262186e-43 3.36563437862655e-37 3.75889971538871e-79 1 9.18821478999656e-42
5.96975681869053e-14 0.999999999999845 2.34375484465157e-56 7.68362881674532e-48 9.54164334242054e-14
8.17926723268326e-53 2.54230425020521e-47 2.67244054180033e-96 1 9.66639179557228e-51
1.471790562509e-13 0.999999999999018 2.03298788112935e-55 1.37933067490139e-55 8.34758400088078e-13
1.01695205902534e-49 8.32626251389449e-43 1.09147594975113e-83 1 2.07042192769156e-47
2.47832059356805e-41 8.34148370902103e-61 1 6.77378260413013e-84 3.30125485809199e-40
1.85755765377721e-19 1 5.66120005537296e-62 4.50281075097899e-48 9.93537298480144e-19
7.84538036259547e-45 4.70025465356072e-64 1 6.91537678278507e-91 1.1861271804861e-42
2.51901487750385e-15 0.999999999999997 3.77873687540901e-68 2.80506364144751e-46 1.20552946325425e-16
4.33805018832235e-44 1.72748469484765e-65 1 8.41004060289961e-73 1.82002820077826e-40
1.30088228188442e-08 0.999999985420985 1.61076940705525e-54 8.78744686080319e-53 1.57019217449093e-09
0.0981961705394753 6.53179434015405e-12 4.73197782140936e-49 3.25647602923174e-51 0.901803829453993
0.0659281230212387 1.37182249905544e-18 9.97984405826533e-45 6.16055386823426e-44 0.934071876978761
1.92967809669717e-37 2.73933640500692e-39 2.23957243665939e-68 1 2.58867033533265e-35
0.00193786191376714 2.96395026250907e-16 6.34548201130403e-48 1.99379347843839e-38 0.998062138086233
9.15265984825064e-49 1.36610300450257e-46 7.54224245870404e-85 1 4.1103211009057e-46
4.96806784187738e-20 1 1.28661101312658e-55 7.77135249984708e-49 2.64992007093382e-18
2.68626969358493e-37 8.7428227648328e-33 2.26760091111791e-59 1 3.25875693337854e-36
0.00400600979280966 2.34546983184142e-20 1.41689289211172e-32 7.12238313546336e-41 0.99599399020719
3.76526299257578e-38 1.05661017152304e-53 1 1.12602733797552e-73 3.6127787081921e-36
1.77908548578834e-49 2.27842714595743e-50 2.61873181058769e-75 1 3.13417071945006e-46
0.00104119584141741 1.42411990697295e-15 1.69581167947883e-48 4.54004605113242e-52 0.998958804158581
0.0266045586912656 1.39457567155385e-14 2.68428521529175e-43 1.87984879444744e-50 0.97339544130872
3.67316095951632e-21 1 1.35111158430707e-71 1.19497173962362e-49 8.26756437333347e-19
0.916673055647672 6.95575582274343e-08 3.02280710897603e-36 1.7886146757868e-53 0.0833268747947694
1.17253660432168e-45 9.76168707932642e-72 1 5.06907654048642e-85 1.51716796739985e-44
1.21431316573028e-14 0.999999999999974 5.74154575842794e-66 9.1950532655586e-41 1.39303419523374e-14
0.136616891593276 3.66186144337914e-12 3.63581358893138e-41 1.81429826929147e-41 0.863383108403062
4.65614954973217e-42 8.13900875794592e-63 1 8.65671632064001e-81 3.2663554215321e-39
9.2931389353346e-46 5.38981262705965e-41 1.10066434456461e-72 1 1.56966064837782e-41
7.01651521689169e-21 1 1.2224650565394e-82 1.91160925464706e-50 1.42380761058895e-20
3.82429643334764e-44 2.2158552294328e-71 1 2.36042202592846e-86 1.6439664337953e-42
5.22800978615382e-52 2.39300866150068e-41 2.11662770717119e-80 1 2.24574290761113e-49
7.75592859994214e-41 6.36588959953869e-43 8.47902663280395e-85 1 7.71552205181568e-38
2.27089530117966e-37 1.11655773084874e-54 1 1.58257457897406e-75 3.38513742986051e-34
5.44976195457442e-33 1.49227109822141e-35 6.76255691979882e-60 1 7.67084322400423e-33
3.77004190082577e-44 6.08313620182861e-44 7.49562224746261e-79 1 4.04583874953965e-43
0.0115741459472785 6.47577405984062e-11 7.45161993580306e-41 2.559415135767e-55 0.988425853987964
7.13220930290991e-20 1 6.31244779142251e-76 2.84112971872441e-52 1.30718347853985e-20
1.20968176096528e-40 3.60594136707742e-58 1 3.54580547321707e-75 7.7294602349882e-39
9.76202500074044e-45 4.43702380992747e-45 6.86719302990078e-81 1 8.50457653480836e-45
5.51983853023809e-47 1.77153729433071e-49 3.04749008530655e-85 1 6.48286815235587e-46
4.39526201131522e-40 1.9050516945461e-37 5.73431354380681e-69 1 9.17906209135901e-39
8.52530543688108e-12 0.999999999988914 6.45823966700084e-59 2.99874690765072e-39 2.56027714525909e-12
6.448023086815e-40 2.85107496465741e-59 1 1.83926390247199e-76 6.74045811766154e-38
6.04548493167264e-15 0.999999999999593 1.3211645035818e-67 5.45398727207989e-51 4.00626801286284e-13
1.53403701474018e-35 4.84158780391327e-52 1 5.53182094035126e-69 2.50347138164536e-31
2.34503034148885e-35 2.90921301296067e-28 2.3813156612563e-63 1 8.70202326057683e-33
0.0417456911319519 1.0723963274246e-13 2.68937058737326e-45 6.11388897112383e-40 0.958254308867941
1.08059584678907e-48 2.93202070907448e-38 2.10556849474151e-80 1 1.35921522684056e-46
0.997606488320884 1.38307750880924e-15 3.44553129866349e-44 2.06268311204792e-44 0.00239351167911419
0.999207875938379 5.1879089959423e-20 1.93067313370777e-37 1.02142898202082e-65 0.000792124061620988
2.97171924049713e-20 1 2.36655493661175e-64 2.97016021469188e-44 4.51835713105462e-21
6.95610963773556e-17 0.999999999999991 4.17765365533256e-62 1.68751091808979e-42 8.60257202180574e-15
0.909695505021288 2.30843935572018e-17 4.11481614859296e-36 2.29365114442048e-52 0.0903044949787118
4.05293615468362e-17 1 6.34591895055376e-66 5.31598388019929e-48 7.17796871990116e-18
8.15490956519718e-43 1.0267740686183e-60 1 1.60470875075085e-86 3.68993116024684e-41
1.38494668791434e-46 3.91660221876324e-68 1 8.17499360973306e-94 1.50896423741012e-44
5.73308251694343e-46 5.95082692650641e-40 8.42669770516955e-81 1 1.79257282625695e-45
2.10457336673389e-36 8.4286179132076e-32 2.04624512280547e-70 1 1.05441542713636e-32
1.1264135875807e-50 2.01940068161185e-44 1.04658331782613e-68 1 1.34053773876602e-47
6.03984354618124e-43 2.93832985506125e-60 1 1.26115474008476e-80 3.57084464577674e-42
9.94286011382769e-44 8.0521880208581e-60 1 4.83879792556534e-74 1.10941106199661e-39
2.87700472402884e-48 8.27492975760058e-40 6.44728574419148e-90 1 3.17909037625658e-46
2.3204627223888e-18 1 3.2922806453162e-58 1.07194852323751e-44 3.76100197826362e-16
1.2986523915178e-53 1.24787478420155e-46 4.0641271699255e-78 1 2.26842869268288e-52
2.14346235356956e-14 0.999999999999547 6.82427601287201e-56 5.30827681232281e-39 4.31177976596276e-13
0.0702373302501064 1.41498762176827e-08 5.48442472152233e-49 6.22750297038897e-44 0.929762655600017
0.0772678398454507 3.08326016056425e-17 1.36690944867825e-31 3.32476574796354e-51 0.922732160154549
8.9209348969914e-18 1 3.19535553243772e-69 1.3901106404873e-45 1.00580562773319e-17
2.40387450070317e-52 1.18917224688623e-46 2.32797889436044e-86 1 3.63317284816777e-49
2.3143979283464e-15 0.99999999999998 1.07418540942189e-54 1.61569429201647e-45 1.78183529291379e-14
2.25299523333989e-21 1 6.45503611937703e-66 4.63292106808663e-39 4.93783923391336e-19
1.28795581506894e-14 0.999999999999973 1.84628761703434e-68 3.24062174836087e-49 1.39310205073484e-14
4.24949111899123e-50 9.16828265007108e-42 2.22130065825085e-84 1 1.27527713540864e-47
1.71931316129448e-43 9.98284016566582e-64 1 1.33789770777702e-81 4.14741647438339e-42
4.66060749560607e-41 4.98362698360788e-63 1 4.59469793111938e-75 2.47545741845783e-39
1.09755569678837e-17 1 6.59901190410226e-70 3.27029757417738e-45 1.04371604233705e-17
1.97636811897971e-40 4.51773273522657e-63 1 2.50133847620137e-88 1.55793834675053e-38
2.74800342272087e-12 0.999999999996101 1.34840916365871e-66 2.23657249918804e-53 1.15137935277074e-12
0.997640547747975 4.7400749949952e-17 3.77944083823198e-41 7.48815982051086e-40 0.00235945225202535
0.0144508552791889 0.0115705993045299 3.57696435593532e-43 1.14124563142491e-37 0.973978545416281
5.02020916936552e-46 2.99103915266608e-66 1 3.25438774219938e-85 1.44153416155654e-44
1.01836280770035e-36 6.71458868333906e-58 1 1.11090567673144e-84 1.08861405162775e-35
3.54071306652142e-49 5.99610767819527e-69 1 2.94542556253813e-84 2.13656068197824e-50
2.8148685993169e-48 2.2626196678069e-68 1 4.88152007756436e-78 5.92072822261784e-47
9.46011210685676e-44 3.06249415682007e-39 1.38878563943376e-71 1 2.96022030885393e-40
1.41562203036463e-51 1.61548231132271e-52 2.00958213249e-89 1 1.38187411513451e-50
1.07108010401783e-17 1 1.24137147208688e-58 9.46926896228564e-45 1.5344405992589e-17
8.95560357200782e-05 8.33310218728084e-15 7.48502861984629e-44 2.87111206016769e-38 0.999910443964272
1.21109633772007e-17 1 2.08645475869979e-53 5.72326152415533e-38 3.10722974399837e-16
8.10264422263569e-38 6.00529424941707e-30 2.91953795700056e-59 1 4.89104485339503e-34
1.02035033947868e-44 1.02865304725352e-41 6.32116776353529e-84 1 3.20323863829407e-41
7.7396387227917e-56 4.89739147227008e-46 1.18552673972017e-89 1 2.06116094793869e-54
1.64996667798085e-16 0.999999999999999 1.48506737352001e-65 4.56638099216291e-43 9.10136626241971e-16
3.34893728957968e-18 0.999999999999997 2.62917219498843e-66 1.62172793097247e-41 2.96107353150144e-15
3.56544363495815e-36 3.66563157416161e-54 1 3.52900178929115e-78 1.46226331908708e-33
8.02835894411563e-19 1 1.72669546470438e-76 3.4239498454551e-42 4.79457246607708e-16
2.3543697323555e-17 0.999999999999998 4.3760082493697e-57 7.17534047552358e-44 2.28273466783039e-15
1.42257450818982e-16 0.999999999999999 2.09903417676814e-66 2.64691195256473e-38 3.62208567543413e-16
4.76601778178547e-15 0.999999999999864 2.67795545599152e-67 9.63455842660023e-48 1.31715867747612e-13
9.15369259263567e-47 1.88696157213984e-43 3.07184193635474e-80 1 5.66531811716091e-44
2.86696188634132e-51 7.68766925999883e-43 4.98334117298467e-86 1 1.66668724896906e-46
1.11296297406744e-15 0.999999999999998 4.09166967724187e-59 1.92316241437186e-41 4.28749405461283e-16
7.18372446667019e-37 8.34091203171653e-58 1 1.66664829099113e-79 7.00546146674807e-37
8.03650051463658e-40 6.76864484310594e-47 2.28096466839748e-69 1 6.92265320670027e-38
2.9530412950942e-12 0.999999999992537 1.05619015484622e-61 9.87920657353616e-45 4.50976583487968e-12
4.7222840844988e-51 7.37540685070674e-71 1 3.15114435839674e-77 4.04442116475224e-50
1.86421509510268e-15 0.999999999999886 6.55203272630199e-55 7.24618486692205e-36 1.11915760307152e-13
0.992109582468805 1.7238553490551e-17 2.6993782363231e-41 6.85343611226407e-40 0.00789041753119451
3.20186988294588e-38 2.01936718407704e-59 1 1.50692296592296e-68 1.15009612692571e-36
1.31719041420765e-55 4.81597039930907e-50 2.53378055533908e-82 1 2.81097105119709e-53
1.45752288767922e-12 0.999999999998113 2.82435967421885e-55 6.40013843440528e-50 4.29402322006936e-13
8.18452252964174e-46 1.56785041652111e-66 1 1.13971344746767e-83 8.43826200997054e-43
7.72762200148596e-38 1.30280675981505e-55 1 4.02833758492467e-92 1.97426380269579e-37
0.998332434906862 1.26636981601465e-21 8.03608817771131e-31 1.16816217041381e-42 0.00166756509313825
9.8985508116065e-45 2.12960659342749e-64 1 5.29056630551941e-76 4.9963196615204e-43
4.84336711469481e-56 1.4680341172307e-48 1.98250886042166e-85 1 2.18409518108852e-52
3.22726919060289e-21 1 3.65112210853598e-81 1.71082888993219e-53 1.68392358543706e-21
3.55099051347657e-54 4.77925684838374e-47 6.9388359408378e-81 1 1.52676550009335e-51
2.3104504522592e-51 1.46257851345903e-45 2.53551879094096e-80 1 1.48244296179177e-49
4.4156068531982e-36 1.93577348421022e-52 1 3.57317192265669e-66 1.4865591434327e-33
9.33677181738531e-54 6.5765529021134e-50 9.0124476274739e-85 1 1.55144143636802e-53
1.54752781068941e-16 0.999999999997363 9.06484436126749e-64 1.72110657751957e-42 2.63652059106903e-12
2.34716291076204e-46 1.95862779716465e-64 1 3.43958753149949e-82 5.38057848227817e-44
9.61860641392368e-21 1 4.9286498304205e-66 7.85099059267435e-40 6.68435666674486e-20
3.11619488067062e-32 1.88892436917879e-47 1 2.24320782707419e-65 1.00781551318792e-31
9.1889493424522e-44 3.83262289575673e-41 1.00464423536209e-84 1 3.01150741780003e-39
8.40623851545153e-20 1 1.22340417068539e-63 1.75142813832471e-46 1.97411800830318e-19
0.807655478126753 2.07983609928202e-16 3.72564333230642e-49 5.97608328712571e-41 0.192344521873247
8.30126870808889e-17 0.999999999999999 5.63021942139202e-57 7.48198464486293e-52 1.33553935915229e-15
0.0149761601709182 3.86116751898345e-13 2.5082197195143e-48 1.75217007624531e-42 0.985023839828696
4.61125546494151e-13 0.999999999974039 1.19352617902217e-56 3.05982423748605e-43 2.55002365234928e-11
9.35559632047232e-57 2.49696486342665e-49 1.89489399279643e-89 1 2.52589343278792e-53
1.20022944672846e-51 2.58635833054991e-68 1 6.37586335866809e-84 2.83189361819518e-48
2.69150526497142e-46 1.23347981844618e-60 1 6.21891552491836e-80 2.0638041035667e-44
0.0482224156071251 2.39545531102813e-13 7.27100645921139e-46 4.47778982931669e-39 0.951777584392635
3.1518875312331e-19 1 1.13144573620647e-62 8.19162540828728e-41 3.45246389867134e-17
1.57300861400016e-15 0.999999999999995 3.01741755586602e-59 1.48816586324105e-38 3.06353314672777e-15
0.0487278387516628 3.32019636641871e-12 2.3781234408949e-47 3.55727905084887e-40 0.951272161245017
2.14708371732923e-17 1 1.58797150474857e-67 1.53375794552777e-44 3.92541352339843e-16
2.59333891907282e-50 2.85497645552894e-48 4.00161685962797e-80 1 3.30121270814073e-48
1.81842397922759e-49 1.51481782288828e-74 1 8.62768816101978e-88 3.87198631352369e-47
0.721592465697983 1.37245345112271e-16 1.95821416651515e-37 2.01307161788067e-52 0.278407534302017
1.43216350942786e-44 3.27041442794332e-64 1 6.9410407047747e-85 2.31779796436652e-44
5.05804704220779e-15 0.999999999999967 1.20593078308663e-63 1.57788074632139e-50 2.77740028609122e-14
0.984554514283306 3.49140207181971e-24 6.59582179076273e-45 4.88267488359006e-49 0.015445485716694
1.21066971528271e-42 4.4574891974569e-40 2.24609550209599e-70 1 4.49849165159505e-39
1.1614992402169e-52 7.23729373482981e-53 5.79052683025599e-84 1 3.80055542347414e-53
1.38361024273691e-14 0.99999999999973 6.73896562354416e-62 4.78759743427528e-50 2.56242949475927e-13
2.26778990745677e-42 1.39537305039337e-61 1 5.10498031521465e-84 4.77225640313126e-41
0.034635535230901 1.88312175424212e-14 1.1335154150348e-45 2.67253715635628e-55 0.96536446476908
3.3933573329346e-45 3.74621139881562e-43 1.03487688814138e-74 1 2.7509761236326e-44
0.99697881237333 4.03183799504974e-12 3.00064871831137e-55 2.14028255686862e-43 0.00302118762263861
1.45344643646676e-49 1.9449016142589e-43 4.35858953121477e-76 1 4.96548536084215e-44
1.7089982704484e-58 8.36067102819769e-52 9.23263541213936e-85 1 2.5626987803969e-56
0.0151035954736361 1.69236314798049e-14 2.82208676530249e-31 1.88416069845515e-39 0.984896404526347
3.99081730593516e-48 1.31561390215201e-69 1 1.12100359856805e-81 3.0760704026775e-43
2.84825766135848e-46 2.56797793597993e-67 1 2.00793079474603e-80 2.50515396565896e-45
1.66085545982648e-39 3.4109490442034e-35 3.94751291478267e-71 1 1.22775418726548e-39
2.02717568752599e-49 2.28413465461034e-42 4.85491356167852e-89 1 5.71572830553617e-48
2.31918007575678e-13 0.999999999999684 4.43449782745019e-64 8.74860897014416e-33 8.41981225717656e-14
1.09658339435812e-22 1 3.5262310694957e-68 6.07575005610672e-49 1.35880378044865e-20
5.19544021781794e-47 3.47354892100936e-46 1.24563910353434e-82 1 4.20255193396689e-45
0.999276910106398 1.45867566138729e-18 6.1019460713627e-38 3.38962894391536e-53 0.000723089893601836
0.997693238091769 1.56343246729062e-19 5.79893053616185e-38 1.34802339235895e-57 0.00230676190823106
0.846786556999098 4.95494390905878e-13 3.95494322362512e-31 1.72797286559967e-34 0.153213443000406
2.33069671903951e-27 1.81488784288225e-47 1 3.9109746214325e-66 3.94258855157669e-29
6.05455507518097e-48 1.51822104780727e-61 1 9.51752971755895e-77 1.96012355503573e-46
1.09368317256906e-16 0.999999999999999 2.91959865216109e-65 7.82295775607524e-43 1.05954923796907e-15
3.13162697495751e-36 3.86653575630106e-54 1 1.11350465308034e-70 7.31844413791091e-35
4.17127945663184e-47 2.0907480500961e-45 1.17006816387213e-77 1 3.75852944632663e-44
8.28488703460087e-29 1.37419211999539e-44 1 1.60937525711161e-59 4.81428263786896e-29
1.94658286979904e-11 0.999999999736402 4.79935162101503e-60 9.8742207642331e-42 2.44131757477118e-10
