"LD1" "LD2" "LD3" "LD4"
-8.76832925124506 4.6150661647322 -0.864693425738361 0.0832210493690831
7.97542276457652 6.06788562677183 0.637431235502851 -1.59172181170143
1.85489387455449 -7.04172462251066 -2.58833052227552 -1.01512550254152
-8.30142262660215 5.45763482197519 0.370512651696119 -0.308351477981135
-9.6065042473728 3.46529599909076 -1.55751849514181 0.831518954105706
-0.0257923372585647 -3.16836216498919 4.54167517306919 2.58505749464085
-0.171338913825228 -5.52124673063281 -2.10503889368944 -0.924828229389927
9.4315789980306 4.19324249203932 0.513744222761722 0.0633140260002109
-9.48640132257589 5.68049542095498 -1.81212644000075 -0.989269823257641
-1.28914484721918 -5.78946260666403 -3.91530834674292 -0.43496045453809
-1.65566814941618 -4.41644959641972 4.44568767521375 0.195411962651413
8.73185273250257 5.05443992465696 -1.45941422225061 1.98170346819423
7.70099940120619 5.21386976125712 1.51875972916981 1.70074297675733
-7.97446742181199 4.24785825274855 -0.58106901905074 0.176537342363589
0.507096327101628 -5.32335190168856 -2.36223780127209 -0.287482302432135
-7.74214437687119 3.52725980430766 0.228313092544611 2.79026194404398
-1.90162288002358 -3.22400371069221 2.94667361390622 -0.460434567791824
1.96642533255595 -6.50691429880838 -2.10117398847586 1.51285907002754
0.0860790673685792 -5.95100658789935 -2.52726096330019 -0.608874283342496
-2.33656566898884 -4.2081797463492 4.53537244176592 0.603586874218255
0.723812873772275 -5.81350407183935 -1.36076274020355 0.567019533039901
-0.0703546704244365 -6.06669007327771 4.12997309324702 -1.60178307838483
-1.54082997266775 -6.09500931720789 2.62060741766228 -0.991712932848706
7.70724785997023 5.9849476952179 0.832767793985829 0.604287904059331
-10.5633472063106 4.50103768962672 -1.14039041328418 0.0807637458592244
-8.96813014037509 6.15070950638238 0.359538524155118 -0.607728585090419
0.50617900766269 -4.34842597001712 4.29796847363633 -1.15204314412472
8.73411486397731 5.61274616409163 1.62690563623575 -1.99122148387609
-8.5729490696607 5.22649044885259 0.0711089834509186 -0.070328040749987
-8.98994576406507 3.39556590650415 -0.207325627773543 -0.172050281846599
6.85694840261915 5.1148846356628 1.474875095681 -0.371966823416777
6.52370325566759 4.13867043308512 -0.726299135433572 -1.88179978917273
-8.56268747600381 4.88031251001127 -0.3369537301127 -0.129850717853412
2.07117514048632 -2.94794777210995 -4.79934450119232 -1.94390261442083
-3.23393610508316 -4.6164134908112 3.98756961532804 -2.77474908105814
-7.74931417485877 4.10009962898095 -0.901991854857266 0.675718800600353
-0.738384779392869 -7.03991887677041 -0.458421578988267 -1.34288572945229
6.8753606487517 5.97715457134603 -1.97646165920056 0.679094451501797
0.708927739058212 -6.54461354434183 -1.68203129306571 0.402457627798604
-2.1500938348004 -6.1367636865172 4.39124271008906 -0.82925765345363
2.82181789267326 -6.55573322908126 -2.00593069014538 0.258914498852411
-0.491523515888988 -4.18870450406409 1.41709205846303 -1.69436226081631
8.77010729487227 5.63442941335916 -0.741730272229799 1.50243606881383
-8.46974391391496 4.08995314457652 -1.68038207066596 -0.565349082382652
6.83680719242778 5.12733274347906 -1.47000753715353 0.429760868471343
-10.0289579973495 6.21889678544261 -1.11698244449485 2.36049348603424
-8.32431200965389 3.39472995303887 -0.966226214522169 -0.475325007029125
8.70921294890225 3.710206906716 2.74851737035508 -0.871009080868271
-9.39613946493785 3.88246550696572 -0.0641312209758762 1.01357048114928
-8.4625184697086 4.6411932393647 -0.886618887212767 0.860836584097899
0.62615525124131 -4.10635008320322 5.60310607958309 0.300915380827074
-8.83228701333982 3.84108629604132 -1.49125095857924 -2.36937165751879
-0.350800308990478 -3.88932686588641 4.68955426780566 1.88942445429032
-0.962784967827574 -6.40740660471871 -1.98889063731275 0.667484848721061
-9.21347403509377 6.73150201664566 -1.1884273514822 0.658907678600567
0.537886536901553 -5.64975801173939 -3.87480866319622 0.332496134968379
-8.33545640170318 4.03521941370311 -1.16011397926333 -1.00847282490753
7.77353162188781 5.32243868990677 0.705328607163534 -0.650264489674185
1.82386544226683 -6.32785253634513 -1.86044137745217 1.40853559830776
-9.47856032335138 5.98447827879851 0.625844114971104 0.23297519001358
7.34512622893415 4.67723541637281 -0.354571276335526 -2.81458860250042
0.0491315964241898 -8.31135580668526 -1.23406578761803 2.15789275371114
0.0420725489772655 -5.79466531775362 3.17609877005021 0.694185457551646
0.29221442493233 -4.76669264177793 3.1353629756941 0.907412428914715
9.09906412734443 5.75453037927423 1.88886291354504 1.22474837738076
1.17387274643604 -5.97899942801115 -2.60728235999422 -0.40989457114126
8.76705426013109 5.01847767797422 -0.268901720705496 -0.221232714377972
-9.25013483594126 3.3006879475289 0.044079007749607 -0.564345496241666
-1.22274305551513 -3.08538746517927 5.51566053678347 -1.52281363045636
7.37984266742948 2.88205798397754 -0.323266875588821 -0.409646577444761
7.72319904107437 4.42209219782396 -1.6972999026864 0.324365588217158
7.65334723267486 4.63776417426177 -0.654881417143183 -0.201334300712076
0.283984977500573 -4.82755371079913 -2.33612991403256 1.12449326292613
-9.57059139209614 4.76843634475632 -1.25710928834768 -0.666933060027374
8.79683061780818 6.66050782802693 0.821310161872829 1.88870861946536
-9.44692099134434 5.34267538938455 0.542803436612862 1.34924408575927
0.432900443106359 -4.50480956653112 3.29121147724255 1.38581138348312
1.79197373115473 -6.50644609099621 -2.72031967984693 -1.03333427728962
1.39068318204365 -8.25217907511104 -3.22847960408488 -0.227410909297499
7.01957420786924 3.87545845950834 0.404702445250859 -1.22950233354924
0.183601196921427 -7.26155432963355 -1.49483623223335 1.13690308475265
-0.362440645243688 -7.05858604809141 -1.65958679964078 -0.0616271127188459
7.13291387030971 5.23448208593258 1.16210832967432 0.410981029996512
1.42288668539727 -7.36027583287375 -3.24035588551635 -1.41191141525308
1.06798994172401 -3.60224330382529 -3.05373578157007 1.66138251490058
0.325532905811285 -5.28192992476153 2.2863831160793 -1.5362324218404
7.64408523908425 6.39350383352676 -0.448823275391609 -0.127045638675872
2.08264280005273 -8.28600394928055 -2.49811603368681 -0.407848055795686
-9.59420183757366 4.87999074459024 -0.861435871046798 0.328701864701987
0.750335464298141 -6.08983284611357 -3.67972028072515 -0.111164598095124
6.92673363537717 4.60795708925504 1.50713102784273 0.539301752737674
-2.34132935615933 -5.51249289484313 1.83655731186475 1.00515849968591
-6.90961400232162 5.13748361675157 -0.257456878398779 0.643001108960774
-1.43061290557008 -4.45076474266654 4.5213539003895 1.17763023562393
0.769157638883621 -4.18387450322031 4.17462879198499 -0.565471893374926
8.51165664157071 4.95500441467634 -0.423869732926575 0.601801738146194
-8.22211317402914 7.0593202157523 -1.38797824170225 0.501609390626944
9.01561572091104 6.05273161167655 -0.506445195789709 1.55395208529638
0.121869199616537 -7.40660649463327 -1.27058234576887 0.575839780177436
-2.90960701061285 -3.60565993628993 4.06128193402967 0.696035273562239
8.48218263797598 4.26547198842577 -0.430768664188743 -0.738232234028847
-3.3387108390465 -5.41145271219185 4.80698836067925 2.19304306700583
-8.40022493681586 6.53854663575433 -0.862027141942522 -0.485488089148807
-8.27052859900353 4.28703292109268 -1.10597516500513 -1.06907967088835
-8.79950938578231 4.05455874830572 -0.934591242827307 1.11339946695761
-9.91107369747159 6.0402852308807 0.353930619777098 0.359121005327695
-9.02477219876214 3.9696356983297 -1.2795936203757 0.166128076252527
-1.36948749019217 -2.97109858379285 3.00785669804314 -0.598904594622742
8.28918081058221 4.27341494762375 -0.87492760112874 2.10353317828086
-0.271588049805728 -4.84748478124051 4.42661866040875 -1.36794113357964
-8.48506903229824 5.75309206357811 -0.828472588610931 -1.07488874988427
-10.7271259596075 4.00240976118069 -0.576102015236164 -0.420209042847638
-0.275655396247536 -3.96896103905705 6.69114983502053 1.89192652057766
7.55234758127005 4.60229919311485 -0.548563616830962 0.127212985991892
-8.56755376502083 4.85307226131716 -0.14727425951194 -1.48295046145936
0.139721061901171 -5.45461292252426 -1.02995706131533 0.772465160533324
-8.77063112032842 5.84501301179031 -0.591366380568464 0.348311976316795
1.65629104671818 -6.60093791842394 -2.72315457881521 1.47063838006037
0.813949117332292 -5.36647088454466 4.61111670521645 2.20333268859286
-8.16706998961743 4.52144329938907 -2.79359415539356 -0.529708783656663
8.87451737500795 4.7391505999239 0.797304067407263 1.3779666037643
-9.19980657433843 4.4865332483424 -0.391802519775328 -0.00514475150193008
-0.660994061896031 -2.37336331730034 2.85667426776213 1.63897964329028
-2.21192703982159 -3.90042828246393 4.98673603286175 2.52090063763663
8.31883497887315 5.6972552488441 2.7397309419243 -0.0235149830665035
1.23326720839608 -5.84753851090975 -3.48180015442551 -0.599573912302159
-1.41056895757875 -5.56819045976785 5.01579213366554 1.93491248481297
-1.57899550744538 -7.3052937438309 -2.2896218667473 0.19428004532774
-1.23711460279778 -4.99109953401876 2.48971814518834 1.04037088928371
1.28277766875555 -6.20268748402669 -2.21947481623109 -0.000631648413961665
-0.0536379947968083 -5.3966580060069 -2.7165664886921 -1.43750703786822
-3.30136925836597 -4.17818400607231 5.70151704687505 1.7567274465944
0.344434210046408 -6.76338524574404 -2.71070735900039 1.22931076763711
8.42286144438376 5.96061299093861 -1.16905141552746 -0.279859771261132
-0.617384117620756 -2.40950849227451 3.9487916789885 0.433058856005406
8.83902685987226 6.04919715202022 0.458492191478641 -0.849955693503889
-7.1494265769269 4.23066639754595 -0.513650932563261 0.553114676717465
0.279897583835372 -7.84671632155933 -1.38531471567316 -0.149722700253792
0.221250733328458 -3.82321646037909 4.70055361392686 -1.37788879174481
0.312849177567831 -7.48368985328341 -2.25972175713306 -0.273184103138953
8.38618645435704 4.93429961463293 -0.394959011523869 0.650861330847738
-9.32617530303999 5.63850161583051 0.0127066597372852 -0.279549436753789
-0.309579601709835 -6.44492497514486 -2.56623071533096 0.736231155635305
7.09560975499439 4.87344793194759 0.224028297815839 -1.24193377337555
-0.122112920034128 -5.46762739594276 -2.10607059026631 1.30052868772134
9.06022405364624 4.95581820403795 -0.210702374352943 0.200363190665949
3.56191814184378 -7.91642816898839 -2.80970809061934 -0.0794395866149047
-9.63447310240859 2.12292212425991 -1.51691915065208 0.219721381373925
8.16874363057847 4.12008313927624 -0.332709478980377 -0.0172532700456799
-2.747291552364 -3.67238381089335 4.1065641851066 0.0581275232441853
0.660754071253981 -7.47389090449125 -0.526870158302525 -0.28336568478588
7.25365693023545 6.41129305047574 1.33885395483746 -0.608406394010038
-0.218477410547656 -5.83641525365461 3.12623094584867 0.374777011142432
-7.80489575382745 4.94742443139628 -1.54548825746144 -2.14055967092712
0.852176071185524 -6.07884036232557 -0.856146083992686 -0.829098553505278
-1.34018740407136 -4.35140312866255 3.8423452252914 -0.310785116217291
-8.555432377229 4.60748199292491 -1.07749183403168 -0.464689379358184
-10.0651677989346 5.85990875597156 1.20753019489842 -0.386386097462947
1.81785478456252 -6.14598409510994 -4.28254315021245 0.156258987410695
-0.501818625327519 -4.06135150945804 3.73770640351369 -0.339949610758402
-1.61635109686736 -5.06494518691606 4.58348765717119 -0.530350206603703
0.737704950101673 -6.84716840884674 -2.4284402727444 0.962878559041242
-0.0665232140106047 -6.4470814721394 -3.32809808103797 -1.32685272162894
9.23189793023983 4.40562927629703 0.930506594116272 -1.44789012802891
-0.0111053367558347 -5.83079568901963 -2.91223668426183 0.60594651414335
0.328549962457664 -7.60909398007348 -2.62660619095909 2.21720470093569
1.10638351264278 -7.55714851262733 -1.98577211862448 -0.462153725645888
6.20736429549618 4.16825016251193 -0.143245019545805 -2.70299723475669
8.70898797335912 4.80457579311908 0.426540533327453 0.638682317400237
8.11552316825316 4.05212893187776 0.348366594580799 0.14458380455915
7.94522806813887 3.01816195534946 1.40421626562123 -1.44152962641541
1.27332141421838 -6.50262765750658 -2.62192052869081 -0.412516675719767
1.16845458241919 -4.95671919187456 -3.73984679673236 0.524171727284334
-9.42124853924199 6.33455214688226 -0.524327769156411 2.52860782321447
-10.6049721037468 3.50739079249562 -1.04779294572212 0.656719631777414
0.993681017179402 -5.77164132880949 -3.6527276393019 0.836141015563708
0.923095973223603 -5.93803254557198 -2.26537902946838 -0.954939834055954
5.58269987182924 4.6091794193088 0.89963948389643 2.12224504304465
5.28308775794845 5.17473743097104 -0.650885721630761 0.395859876579119
8.04534524465929 5.07026751328416 -0.692173852940522 0.0839007045651348
-8.97081516497844 6.47717947081008 0.336527404197149 -0.6491586230213
6.51246608319645 6.40056226710233 -1.48543620931035 -0.724685950216249
0.494685138183601 -3.75481752964923 3.97389407606322 -2.69410519361836
0.527025464033743 -5.00000895351846 -2.0163312836299 -0.249903317737317
0.935501717027736 -6.96231603938579 -2.74064384321391 -0.0154199673153791
0.0172505869279928 -6.77074039839896 -3.49814667952508 0.15340185171657
8.89845729411775 4.55739616140772 -0.214107587833608 -2.50611426698919
-0.507567644843351 -2.9092816255203 4.02557988023615 -1.78064232660083
7.22799104459786 5.89104110145856 -1.50371740985155 2.88126861600091
1.78875743939022 -5.03125698223241 -3.29326814411742 -0.370324799655456
-0.0826962414509405 -4.36498329822612 5.49586060497168 -2.71465126365907
8.40031243684181 6.75765880971776 0.459099253619418 -0.871037543201373
-8.45954813639239 5.28812666012501 -3.06688584159087 0.964497692394808
-0.563755901632751 -2.781598670852 4.20366897768345 -0.594552423598765
8.62797275649323 5.51538993041917 -0.398602701932727 -0.538738605642479
-2.09676058137579 -4.51113587511902 4.96128135313637 -1.66937372817016
9.76906028273627 4.31587609549311 0.680544043770639 1.24164535117943
8.70996450323407 6.97524637192419 -0.632828400910717 -0.160652219124801
0.80293049021198 -6.57991317489558 -1.49360037523587 -0.379261224404259
7.53121574373125 5.56431402310541 0.289908845290254 0.354630804967219
0.451239153379539 -7.16724893062199 -2.09223987043292 -0.0676310747314048
0.512683611018471 -5.1409220578893 -1.83666039042068 -0.771478390371095
8.54163197124858 4.6125877921298 0.674935233341802 0.647886598173626
1.07356399214982 -6.82396969967889 -2.60497882482233 -0.56560834483506
-5.92689948528665 5.06618723137658 -0.607493818519348 2.20056923961752
1.05270047570933 -6.32539653252533 -1.93947502127909 -0.190415877388079
7.0376955031882 4.29205034070108 -0.638600176740362 1.54369689556714
-7.51638731255045 5.04109338639892 0.501669461848202 -0.433255750499434
-1.94289565833 -3.95306739286251 4.61126044307961 -0.531257488263923
-10.7024775398811 3.68730748000102 -0.87892014772006 -1.18887801254154
7.01839998110605 4.74957624054461 -0.159824376788802 0.266729772532856
-0.428062732962613 -2.68408497838992 5.32076518339543 0.431231162139021
-9.36498263054411 2.62065712534547 -2.10186713144789 -0.185618488547042
1.37065244707922 -5.99788865996897 -1.44321089156846 -0.152840940053211
8.94946178602961 6.96450776694362 -1.23654364189133 -0.727436163732378
1.3220812321468 -5.51696577602901 -2.73860066268026 -0.756924429005225
7.57550974580528 6.36033102350494 -0.0160536206896401 -1.42344800345647
-0.0433223452908105 -6.13475407162128 -1.79983443513223 -0.599081849872943
-7.28178657126535 5.47574311551784 -0.63536051199874 -0.926089290733881
-8.66941605074608 5.38380192121795 2.04996120716256 1.08073108532804
-0.279943597149806 -4.08311795110766 4.59977104888599 -0.321981970820834
-5.81670446248528 4.01315007558342 -0.238022069146219 -1.15964608177886
0.130321056805271 -3.99825958930503 -2.00930957706578 -0.949931395567689
-0.336053967952188 -3.3306851315128 6.19174376227032 -1.68784488230093
-2.6426443652195 -3.08324442655698 3.43693257776705 -2.28577319585851
-0.233905436061217 -6.40485396977318 -3.60372663037031 0.57176481663976
8.42022866115181 5.83434558131629 -0.655016299354046 -1.30653946517818
1.56434052629559 -5.92721809923116 -2.32473251114517 0.563492746313466
-7.9017075400397 4.61893238084951 1.90422906376412 -0.470857441379096
1.01839665074012 -7.37220868137097 -1.16291151375155 -0.510817834504543
6.95046548909678 4.73452074096765 0.00842721931017174 0.961336493537749
7.73091769128442 3.23775370841684 -0.460859234016076 0.255413944318965
-7.36434198034442 4.24583894655867 -0.481836316351059 -1.43425352492393
0.874984177858753 -5.55253914605833 -3.78272251971771 0.208833038703283
8.58176896695698 3.75796384057569 0.859252320515889 -0.550187437213241
0.0522929660084847 -4.72499743025577 -1.89341710967025 0.651133896364388
-0.314858559841158 -4.12795869217062 5.58784941098143 -0.0612531516507651
2.43097289978557 -4.95418514410594 -3.06398422219029 -0.509818061180561
-8.47060352465642 4.80321710829231 -2.59998452547896 0.0853492025536106
-7.31335974139175 4.31279215616958 -1.13914795585199 -0.796535968150887
3.05198055368218 -5.31456514644236 -1.85677599341219 1.37473429652621
6.5196101061034 4.6929261625241 -0.081905429196794 -0.287713116569599
-1.82615090572255 -3.88702278816571 3.50129891369156 -0.301180552520291
-7.88638371912699 4.53344958851206 -0.703261061496617 -0.0243202888131993
-10.026123877103 5.05818421278632 1.2192419120941 0.0612829640884177
8.14251659227928 5.19742372259045 1.95975131472049 1.25081436225385
-0.681700256583926 -4.62289254829445 3.06612797663895 -1.18116712969579
-9.71133884325035 4.91488378663125 -1.2083284024961 -0.178790615179071
-0.878594889602102 -3.88958895071504 2.81639848273207 1.27527444445673
8.92252459807497 3.55429804391675 -0.495654693971705 0.482408198055689
-9.92669168817179 4.49994153249252 0.185286972372933 -0.571244721687386
-2.31458890846346 -1.76435166249364 5.32825043663053 2.05201872544169
0.675004186321043 -5.04940012207644 -2.24100352228278 -0.116897511749675
-8.33562884185012 4.11297813256014 1.02200024392363 1.18492286688612
1.98194043992903 -6.98032046599968 -2.99712916350217 1.77482049850381
-2.23687277378467 -4.05661027761909 3.67827441752121 -0.432109844367493
8.15664766423197 4.29430114839502 -0.0670666986549322 1.02854904711829
-8.75856520211309 5.23045553263169 -0.562155216754042 -2.22182789736987
8.11679162549914 5.01548968241644 -0.175341629293595 -0.481591889481816
9.45615386372574 5.33945880114648 -0.650508159853199 -0.819051284637787
-9.89294776458308 5.38720561456233 -0.00770573543906326 1.60895889660705
0.728043808981048 -5.13506946712884 -2.38410801859502 0.204346582143797
6.02006149166487 4.01016097337166 -2.01330578092399 -0.428603304650604
-9.68477404659017 3.97754734430529 -0.730422204441419 0.348560341764759
-8.66150883915289 4.66893261428755 -1.07405828197082 -0.341057288972867
1.17487607927417 -4.50483242797334 4.3094160461678 -0.661895984244142
0.305955379935092 -4.56230906986098 -3.58690384435591 -0.546083924884294
0.872584246578896 -6.14759363111618 -2.61005244010035 -1.01655851862286
0.771505934629031 -6.47108085247764 -2.05856505792202 -1.07802279808179
8.69659988595971 4.882284239587 0.335113647515586 0.707309929054804
8.41090090642325 6.70095392844146 0.29819800580055 0.282190133047903
-0.0173752657036723 -5.10569647135606 0.972752757005116 -0.743827152886109
8.16230358247981 5.7529106610918 0.172388920998155 0.00803404213027197
1.795349475429 -6.13348575565023 -1.27810893825941 1.40325105130868
-0.315542177931162 -4.74420910875198 2.32532480037685 0.425805299991846
-0.953063961419442 -6.37984264310993 3.79788570050624 -0.434127836611937
7.83711596636746 5.05123494012176 -0.540812069520361 -1.82244683778572
8.4762016999151 4.53480577377727 0.145746631936752 -0.138284082524159
9.20621521099826 4.17394745332388 -1.56814475337515 1.87500700225637
-0.801099228830264 -3.13544083605027 4.81359934421111 0.569415142200288
8.49766345333093 3.47327867064114 1.49599443040072 -0.904162363797618
6.87104408872619 3.58211194145895 -0.846101583511384 1.11004862341381
-0.237862102913923 -6.20535146435905 -3.49873875649037 0.449951851420749
-11.0753853853912 4.96505103127145 0.0826081948742619 -1.15874614859001
8.84197920584014 7.21667572361918 -1.17593752219471 -1.05526789458438
1.63609802460793 -8.31813909841105 -2.84953716513519 -0.546176176331051
-9.19761766769531 4.66469833912688 -1.24507096669884 1.33793827546553
-0.118379833936588 -5.26495621449962 3.9596246431652 0.987494266109587
8.19062456039855 5.72000240512306 -1.05786960394025 -0.547887289923508
-9.29398345666398 5.92022050834022 0.00175436694851333 1.0440347168749
-7.91571793032195 5.44526530518314 -1.37411052495152 -0.163902440133319
0.921517581420208 -5.61409792518981 -3.55577249030965 0.133334664967006
-1.67001322324393 -5.07750260425668 -1.8582006236768 0.560915217845279
6.84812378163433 4.40042087519195 -1.18279498224812 0.82898534387231
0.708798825623023 -5.63979785672119 -1.40012914003302 -1.44273148062255
-8.95689285705333 3.41092440474193 -0.162242879980216 -0.573773914057911
-1.51101654482432 -3.30193072112083 0.376025549281047 -0.598982517305685
-8.4562198125545 4.53587599734742 -0.4638814206742 1.1897573965628
-7.91391373352958 3.73112892474378 -0.48834433748499 -1.1466606141549
8.11016372637216 5.10390386093431 1.16604568821991 0.307180942396456
