"LD1" "LD2" "LD3" "LD4"
0.660994061896035 2.37336331730033 -2.85667426776214 1.63897964329027
1.65566814941617 4.41644959641971 -4.44568767521376 0.195411962651411
0.171338913825132 5.52124673063277 2.10503889368945 -0.924828229389972
-8.38618645435698 -4.93429961463295 0.394959011523824 0.650861330847705
7.51638731255055 -5.04109338639888 -0.501669461848202 -0.433255750499513
10.5633472063107 -4.50103768962661 1.14039041328421 0.0807637458592986
-1.01839665074019 7.37220868137099 1.16291151375157 -0.510817834504406
-8.31883497887316 -5.69725524884417 -2.73973094192429 -0.0235149830664912
-1.65629104671827 6.60093791842393 2.72315457881521 1.47063838006041
-0.451239153379617 7.16724893062198 2.09223987043291 -0.0676310747313972
-2.08264280005288 8.28600394928047 2.49811603368681 -0.407848055795752
-0.76915763888357 4.18387450322025 -4.17462879198507 -0.565471893375123
2.31458890846347 1.76435166249358 -5.32825043663054 2.05201872544156
0.275655396247571 3.968961039057 -6.69114983502057 1.89192652057757
-7.37984266742946 -2.88205798397758 0.323266875588784 -0.40964657744481
9.29398345666403 -5.92022050834013 -0.00175436694846018 1.04403471687498
-6.95046548909679 -4.73452074096766 -0.00842721931015117 0.961336493537853
-1.17387274643612 5.97899942801113 2.60728235999422 -0.409894571141251
-8.19062456039848 -5.72000240512311 1.05786960394018 -0.547887289923649
-1.79197373115481 6.50644609099621 2.72031967984693 -1.03333427728956
-1.82386544226686 6.32785253634509 1.86044137745212 1.40853559830762
-8.58176896695697 -3.75796384057572 -0.859252320515898 -0.550187437213198
-1.79534947542907 6.13348575565021 1.2781089382594 1.40325105130866
-0.813949117332361 5.36647088454465 -4.61111670521642 2.20333268859301
-7.5312157437313 -5.56431402310545 -0.289908845290204 0.354630804967346
9.63447310240865 -2.12292212425987 1.51691915065208 0.219721381373777
1.90162288002359 3.22400371069214 -2.94667361390626 -0.460434567792017
-0.50709632710171 5.32335190168852 2.36223780127209 -0.287482302432183
2.34132935615925 5.51249289484317 -1.83655731186469 1.00515849968612
-9.23189793023979 -4.40562927629703 -0.930506594116286 -1.4478901280288
-0.130321056805399 3.99825958930503 2.00930957706585 -0.949931395567555
-8.11679162549915 -5.01548968241652 0.175341629293587 -0.481591889481886
-8.62797275649324 -5.51538993041919 0.398602701932747 -0.538738605642365
8.47060352465649 -4.80321710829221 2.59998452547898 0.0853492025536387
9.6065042473729 -3.46529599909067 1.55751849514181 0.831518954105683
-6.85694840261916 -5.11488463566283 -1.47487509568097 -0.371966823416669
-1.16845458241928 4.95671919187455 3.73984679673238 0.524171727284379
0.0536379947967291 5.39665800600687 2.7165664886921 -1.43750703786828
-1.96642533255601 6.50691429880833 2.10117398847583 1.51285907002744
-1.27332141421853 6.50262765750655 2.62192052869086 -0.412516675719682
5.92689948528673 -5.06618723137649 0.607493818519357 2.20056923961756
7.28178657126547 -5.47574311551776 0.635360511998728 -0.926089290733909
-0.121869199616652 7.40660649463327 1.27058234576889 0.575839780177521
-8.40031243684186 -6.75765880971779 -0.459099253619356 -0.871037543201217
-7.09560975499438 -4.87344793194762 -0.224028297815842 -1.24193377337554
1.67001322324383 5.07750260425668 1.85820062367683 0.560915217845328
7.88638371912709 -4.53344958851193 0.703261061496633 -0.0243202888130775
10.7024775398813 -3.68730748000096 0.878920147720029 -1.1888780125417
0.309579601709743 6.44492497514484 2.56623071533096 0.736231155635277
11.0753853853913 -4.96505103127138 -0.0826081948742506 -1.15874614859006
-0.0860790673686279 5.95100658789933 2.52726096330016 -0.608874283342558
-1.23326720839617 5.84753851090973 3.48180015442551 -0.599573912302151
1.51101654482431 3.30193072112091 -0.376025549281023 -0.598982517305459
0.738384779392773 7.03991887677033 0.458421578988262 -1.34288572945243
-0.183601196921516 7.2615543296335 1.49483623223334 1.13690308475258
2.09676058137583 4.51113587511904 -4.9612813531364 -1.66937372817012
-0.27989758383544 7.84671632155934 1.38531471567315 -0.149722700253745
-0.723812873772353 5.81350407183936 1.36076274020357 0.567019533040018
-7.97542276457649 -6.0678856267719 -0.637431235502873 -1.59172181170151
9.32617530304013 -5.63850161583045 -0.0127066597373148 -0.279549436753925
-8.47620169991516 -4.53480577377732 -0.14574663193671 -0.138284082524072
8.33545640170323 -4.035219413703 1.16011397926338 -1.0084728249074
-9.06022405364622 -4.95581820403796 0.210702374352931 0.200363190666006
-1.63609802460815 8.31813909841104 2.84953716513529 -0.546176176330808
-1.42288668539737 7.36027583287371 3.24035588551633 -1.41191141525314
-2.82181789267339 6.5557332290813 2.00593069014544 0.258914498852692
1.28914484721909 5.78946260666404 3.91530834674294 -0.43496045453803
-7.64408523908424 -6.39350383352683 0.448823275391602 -0.127045638675957
7.74931417485885 -4.10009962898086 0.90199185485728 0.675718800600379
0.878594889602104 3.88958895071501 -2.81639848273209 1.27527444445667
-1.85489387455449 7.04172462251065 2.58833052227545 -1.01512550254164
1.61635109686742 5.06494518691603 -4.58348765717126 -0.530350206603858
0.237862102913866 6.20535146435907 3.49873875649036 0.449951851420786
9.2501348359413 -3.30068794752881 -0.04407900774956 -0.564345496241596
0.0826962414509477 4.36498329822613 -5.49586060497169 -2.71465126365895
-0.0172505869280806 6.77074039839897 3.49814667952508 0.153401851716613
-0.28398497750067 4.82755371079912 2.33612991403259 1.12449326292619
9.48640132257597 -5.68049542095483 1.8121264400008 -0.989269823257454
-8.16874363057852 -4.12008313927631 0.332709478980389 -0.0172532700456816
-8.69659988595971 -4.88228423958707 -0.335113647515596 0.707309929054757
0.0433223452907164 6.13475407162128 1.79983443513225 -0.599081849872871
0.0257923372585511 3.16836216498916 -4.5416751730692 2.58505749464085
9.0247721987622 -3.96963569832962 1.27959362037572 0.166128076252528
8.4595481363925 -5.28812666012497 3.06688584159084 0.964497692394623
6.90961400232172 -5.13748361675148 0.257456878398792 0.64300110896083
1.82615090572265 3.88702278816576 -3.50129891369163 -0.301180552520293
8.16706998961753 -4.521443299389 2.79359415539355 -0.529708783656729
8.46974391391508 -4.08995314457647 1.68038207066593 -0.565349082382838
-0.802930490212107 6.57991317489552 1.49360037523589 -0.379261224404284
-8.41090090642316 -6.70095392844152 -0.298198005800612 0.282190133047755
-6.02006149166483 -4.01016097337169 2.01330578092396 -0.428603304650671
-9.76906028273622 -4.31587609549318 -0.680544043770689 1.24164535117934
-6.20736429549617 -4.16825016251193 0.143245019545815 -2.70299723475661
8.48506903229829 -5.75309206357804 0.828472588610981 -1.07488874988423
8.46251846970867 -4.64119323936462 0.886618887212796 0.860836584097919
7.90170754003982 -4.61893238084948 -1.90422906376415 -0.47085744137924
-0.312849177567964 7.4836898532833 2.25972175713306 -0.273184103139157
-1.81785478456259 6.14598409510991 4.28254315021243 0.156258987410657
-9.01561572091109 -6.0527316116766 0.506445195789743 1.55395208529645
10.0261238771031 -5.05818421278621 -1.21924191209406 0.0612829640885203
7.31335974139181 -4.31279215616951 1.13914795585201 -0.796535968150869
-8.48218263797594 -4.26547198842577 0.430768664188715 -0.7382322340288
-7.57550974580522 -6.360331023505 0.0160536206895958 -1.42344800345659
-0.626155251241308 4.10635008320316 -5.60310607958312 0.300915380827019
-8.51165664157075 -4.95500441467639 0.423869732926593 0.601801738146227
3.33871083904646 5.41145271219183 -4.80698836067924 2.19304306700583
-7.6533472326748 -4.63776417426178 0.654881417143145 -0.201334300712077
-6.92673363537713 -4.60795708925507 -1.50713102784276 0.539301752737658
-8.49766345333089 -3.47327867064114 -1.49599443040073 -0.904162363797509
10.6049721037469 -3.50739079249549 1.04779294572214 0.656719631777493
-1.05270047570945 6.32539653252528 1.9394750212791 -0.190415877388095
-8.16230358247979 -5.75291066109185 -0.172388920998167 0.00803404213023282
1.41056895757876 5.56819045976781 -5.01579213366557 1.9349124848129
8.56755376502091 -4.85307226131713 0.147274259511942 -1.48295046145948
-9.09906412734441 -5.75453037927429 -1.88886291354505 1.22474837738074
0.56375590163283 2.78159867085198 -4.20366897768352 -0.594552423598862
9.92669168817195 -4.49994153249247 -0.185286972372976 -0.571244721687573
8.55543237722905 -4.60748199292481 1.07749183403174 -0.464689379358069
-8.4202286611518 -5.83434558131635 0.655016299354041 -1.30653946517821
-6.87536064875174 -5.97715457134604 1.9764616592006 0.679094451501911
5.81670446248542 -4.01315007558339 0.238022069146162 -1.15964608177906
-8.92252459807497 -3.55429804391684 0.495654693971671 0.482408198055562
0.801099228830231 3.13544083605022 -4.8135993442111 0.569415142200244
-0.708927739058375 6.54461354434178 1.68203129306576 0.402457627798656
8.66150883915296 -4.66893261428752 1.07405828197083 -0.341057288972968
-1.07356399214999 6.8239696996788 2.60497882482236 -0.565608344835117
-0.0522929660085248 4.72499743025575 1.89341710967023 0.65113389636435
-8.11016372637218 -5.10390386093437 -1.16604568821989 0.30718094239651
3.23393610508322 4.61641349081119 -3.98756961532809 -2.77474908105822
-7.55234758127005 -4.6022991931149 0.548563616830955 0.127212985991849
1.54082997266771 6.09500931720794 -2.62060741766226 -0.991712932848519
1.43061290557004 4.45076474266654 -4.52135390038949 1.17763023562402
-0.50617900766268 4.34842597001709 -4.29796847363636 -1.15204314412478
-9.20621521099818 -4.17394745332393 1.56814475337506 1.87500700225623
-0.0491315964242728 8.31135580668527 1.23406578761803 2.15789275371124
-8.15664766423193 -4.29430114839509 0.0670666986548787 1.02854904711815
0.336053967952209 3.33068513151282 -6.19174376227032 -1.6878448823008
-8.70996450323408 -6.97524637192421 0.632828400910747 -0.160652219124693
8.77063112032851 -5.84501301179022 0.591366380568492 0.348311976316829
-0.923095973223664 5.93803254557196 2.26537902946837 -0.954939834055984
8.98994576406517 -3.39556590650407 0.207325627773538 -0.172050281846616
-7.70099940120618 -5.21386976125721 -1.51875972916982 1.70074297675723
8.66941605074613 -5.38380192121789 -2.04996120716251 1.08073108532809
-7.73091769128441 -3.23775370841688 0.460859234016059 0.25541394431896
-8.77010729487226 -5.63442941335914 0.741730272229809 1.50243606881399
-0.537886536901666 5.6497580117394 3.87480866319625 0.332496134968486
8.30142262660225 -5.45763482197509 -0.370512651696099 -0.308351477981095
-8.42286144438378 -5.96061299093863 1.16905141552748 -0.279859771261034
0.953063961419408 6.37984264310992 -3.79788570050624 -0.434127836611894
-1.5643405262957 5.92721809923114 2.32473251114519 0.563492746313522
7.36434198034453 -4.24583894655861 0.481836316351041 -1.43425352492402
-1.78875743939034 5.03125698223242 3.29326814411745 -0.370324799655321
0.0703546704244503 6.06669007327773 -4.12997309324705 -1.60178307838477
-8.87451737500789 -4.73915059992395 -0.797304067407314 1.37796660376422
0.350800308990434 3.88932686588639 -4.68955426780564 1.88942445429039
10.0651677989347 -5.85990875597151 -1.20753019489837 -0.38638609746296
1.94289565833002 3.95306739286251 -4.61126044307962 -0.531257488263908
-2.07117514048637 2.94794777210991 4.7993445011923 -1.94390261442093
-6.84812378163431 -4.40042087519192 1.18279498224813 0.828985343872461
8.33562884185019 -4.11297813256005 -1.02200024392359 1.18492286688618
-0.77150593462917 6.47108085247763 2.05856505792207 -1.07802279808166
-0.737704950101798 6.84716840884673 2.42844027274443 0.962878559041351
-0.935501717027794 6.96231603938581 2.7406438432139 -0.0154199673153127
-7.25365693023543 -6.41129305047574 -1.33885395483744 -0.608406394009904
-6.52370325566762 -4.13867043308519 0.726299135433582 -1.88179978917277
10.7271259596076 -4.00240976118056 0.576102015236223 -0.420209042847474
-0.675004186321137 5.04940012207638 2.24100352228278 -0.116897511749761
1.34018740407138 4.35140312866257 -3.84234522529141 -0.310785116217238
-7.34512622893411 -4.67723541637288 0.354571276335485 -2.81458860250055
7.91391373352973 -3.73112892474371 0.488344337484938 -1.14666061415504
0.362440645243576 7.05858604809142 1.65958679964081 -0.0616271127187241
7.91571793032205 -5.44526530518304 1.37411052495153 -0.163902440133294
-1.06798994172413 3.60224330382521 3.05373578157009 1.66138251490045
9.44692099134449 -5.34267538938446 -0.542803436612883 1.34924408575919
-8.76705426013108 -5.01847767797421 0.268901720705505 -0.221232714377824
8.79950938578242 -4.0545587483056 0.934591242827313 1.11339946695767
8.4002249368159 -6.5385466357542 0.862027141942605 -0.485488089148578
8.45621981255458 -4.53587599734739 0.463881420674196 1.18975739656266
-9.45615386372575 -5.33945880114654 0.650508159853195 -0.819051284637782
-0.325532905811256 5.28192992476153 -2.28638311607935 -1.53623242184044
0.617384117620861 2.40950849227447 -3.9487916789886 0.433058856005158
9.36498263054412 -2.62065712534534 2.10186713144797 -0.18561848854683
1.36948749019224 2.97109858379279 -3.00785669804322 -0.598904594623016
-2.43097289978568 4.95418514410589 3.0639842221903 -0.509818061180575
-8.73185273250256 -5.054439924657 1.45941422225059 1.98170346819423
0.066523214010476 6.44708147213942 3.32809808103802 -1.32685272162878
-1.39068318204373 8.25217907511102 3.22847960408486 -0.227410909297536
-0.527025464033849 5.00000895351842 2.01633128362992 -0.249903317737353
-0.494685138183583 3.75481752964926 -3.97389407606322 -2.69410519361821
10.0289579973496 -6.21889678544249 1.11698244449491 2.36049348603439
9.57059139209616 -4.76843634475626 1.25710928834774 -0.666933060027353
2.64264436521956 3.08324442655702 -3.43693257776708 -2.28577319585848
-7.7072478599702 -5.98494769521793 -0.832767793985837 0.604287904059357
2.21192703982158 3.90042828246391 -4.98673603286175 2.52090063763661
-0.728043808981173 5.13506946712881 2.38410801859506 0.204346582143838
0.218477410547603 5.83641525365456 -3.12623094584868 0.374777011142393
9.19761766769541 -4.66469833912681 1.24507096669884 1.33793827546544
0.507567644843416 2.9092816255203 -4.0255798802362 -1.78064232660086
-7.01957420786925 -3.87545845950842 -0.404702445250867 -1.22950233354933
8.76832925124518 -4.61506616473205 0.86469342573837 0.0832210493691996
-8.89845729411771 -4.55739616140778 0.214107587833571 -2.50611426698926
8.32431200965399 -3.39472995303876 0.966226214522172 -0.47532500702907
-8.11552316825313 -4.05212893187788 -0.348366594580848 0.14458380455894
-7.22799104459782 -5.89104110145857 1.50371740985153 2.88126861600091
0.233905436061166 6.4048539697731 3.60372663037026 0.571764816639494
-5.28308775794845 -5.17473743097111 0.650885721630756 0.39585987657902
7.80489575382751 -4.94742443139616 1.54548825746148 -2.14055967092698
-0.993681017179522 5.7716413288095 3.65272763930193 0.836141015563837
-0.0420725489772599 5.79466531775366 -3.17609877005022 0.69418545755177
3.30136925836598 4.17818400607227 -5.70151704687507 1.75672744659429
-8.7968306178082 -6.66050782802701 -0.821310161872826 1.88870861946531
-0.30595537993519 4.56230906986094 3.58690384435593 -0.546083924884318
-1.37065244707938 5.99788865996891 1.44321089156851 -0.1528409400532
0.122112920033999 5.46762739594276 2.10607059026637 1.30052868772148
-0.328549962457735 7.60909398007343 2.62660619095906 2.21720470093556
-9.43157899803058 -4.19324249203934 -0.513744222761737 0.0633140260002792
-1.98194043992913 6.9803204659996 2.99712916350214 1.77482049850366
-8.8419792058401 -7.21667572361919 1.1759375221947 -1.05526789458431
0.491523515889025 4.1887045040641 -1.41709205846307 -1.69436226081634
-6.83680719242779 -5.12733274347908 1.47000753715354 0.429760868471384
-8.54163197124855 -4.61258779212984 -0.674935233341825 0.647886598173634
9.21347403509387 -6.73150201664562 1.1884273514822 0.6589076786004
-1.10638351264286 7.55714851262727 1.98577211862447 -0.462153725645982
8.9681301403752 -6.15070950638227 -0.359538524155092 -0.607728585090332
8.95689285705346 -3.41092440474185 0.162242879980188 -0.573773914058014
-8.28918081058223 -4.27341494762379 0.874927601128748 2.10353317828089
-0.13972106190127 5.45461292252422 1.02995706131536 0.772465160533306
9.39613946493791 -3.88246550696566 0.0641312209758971 1.01357048114923
1.22274305551521 3.08538746517926 -5.51566053678353 -1.52281363045645
2.15009383480039 6.1367636865172 -4.39124271008908 -0.829257653453613
-0.92151758142032 5.61409792518977 3.55577249030967 0.133334664966969
-0.51268361101854 5.1409220578893 1.8366603904207 -0.77147839037102
0.428062732962549 2.68408497838988 -5.32076518339538 0.431231162139102
9.19980657433852 -4.48653324834229 0.391802519775358 -0.00514475150184525
-8.83902685987228 -6.04919715202033 -0.458492191478638 -0.849955693504006
8.97081516497846 -6.47717947080994 -0.336527404197034 -0.649158623020988
8.22211317402923 -7.05932021575221 1.38797824170228 0.50160939062698
8.57294906966083 -5.22649044885247 -0.0711089834509077 -0.0703280407499015
9.59420183757373 -4.87999074459011 0.861435871046847 0.328701864702117
-0.872584246578967 6.14759363111613 2.61005244010033 -1.01655851862296
-5.58269987182926 -4.60917941930878 -0.899639483896375 2.12224504304488
1.23711460279779 4.99109953401882 -2.48971814518835 1.04037088928387
8.83228701333997 -3.84108629604123 1.4912509585792 -2.36937165751889
9.4212485392421 -6.33455214688215 0.524327769156434 2.52860782321452
-3.56191814184385 7.91642816898838 2.80970809061931 -0.0794395866148735
-1.17487607927416 4.50483242797338 -4.30941604616781 -0.661895984243968
-0.432900443106401 4.50480956653112 -3.29121147724254 1.3858113834832
-7.83711596636739 -5.05123494012179 0.540812069520311 -1.82244683778578
-7.01839998110603 -4.74957624054465 0.159824376788785 0.266729772532843
0.0111053367558044 5.83079568901958 2.91223668426178 0.605946514143162
-7.72319904107442 -4.42209219782398 1.69729990268644 0.324365588217281
2.33656566898883 4.20817974634916 -4.53537244176594 0.603586874218201
8.27052859900361 -4.28703292109264 1.10597516500513 -1.06907967088847
-8.14251659227921 -5.19742372259049 -1.95975131472054 1.25081436225379
-0.708798825623124 5.63979785672109 1.40012914003302 -1.4427314806227
9.9110736974717 -6.04028523088058 -0.353930619777065 0.359121005327791
0.962784967827439 6.40740660471872 1.9888906373128 0.667484848721192
0.0173752657036377 5.10569647135605 -0.97275275700512 -0.743827152886076
7.97446742181205 -4.24785825274851 0.581069019050756 0.176537342363514
-6.51961010610336 -4.69292616252411 0.0819054291967816 -0.287713116569583
-0.87498417785891 5.55253914605827 3.78272251971775 0.208833038703239
-8.04534524465925 -5.07026751328424 0.692173852940473 0.0839007045649763
-0.852176071185606 6.07884036232552 0.856146083992685 -0.829098553505333
-7.03769550318822 -4.29205034070118 0.63860017674035 1.54369689556698
2.9096070106128 3.60565993628987 -4.06128193402966 0.69603527356215
-0.660754071254109 7.4738909044912 0.526870158302552 -0.283365684785846
-1.32208123214686 5.51696577602899 2.73860066268024 -0.756924429005254
-3.05198055368225 5.3145651464423 1.85677599341217 1.3747342965261
0.314858559841197 4.12795869217062 -5.58784941098145 -0.0612531516507338
9.71133884325047 -4.91488378663117 1.20832840249609 -0.178790615179148
7.74214437687121 -3.52725980430756 -0.228313092544537 2.79026194404416
9.68477404659028 -3.97754734430525 0.730422204441399 0.348560341764583
-8.70921294890223 -3.71020690671605 -2.74851737035509 -0.871009080868266
-0.221250733328458 3.82321646037906 -4.70055361392688 -1.37788879174482
8.56268747600393 -4.88031251001123 0.336953730112671 -0.12985071785358
0.279943597149809 4.08311795110765 -4.59977104888601 -0.3219819708208
-6.51246608319644 -6.40056226710237 1.48543620931035 -0.72468595021629
-8.70898797335902 -4.80457579311917 -0.426540533327555 0.638682317399972
0.315542177931171 4.74420910875196 -2.32532480037688 0.425805299991798
-8.94946178602962 -6.96450776694363 1.23654364189135 -0.727436163732257
8.7585652021132 -5.23045553263158 0.562155216754047 -2.22182789736983
-1.28277766875564 6.20268748402668 2.2194748162311 -0.000631648413921333
2.74729155236393 3.67238381089336 -4.10656418510655 0.0581275232443179
-7.13291387030966 -5.23448208593256 -1.16210832967433 0.410981029996633
9.89294776458315 -5.38720561456227 0.00770573543909563 1.60895889660701
-6.87104408872613 -3.58211194145901 0.846101583511317 1.11004862341364
-0.344434210046511 6.76338524574398 2.71070735900039 1.22931076763699
-7.77353162188782 -5.32243868990679 -0.705328607163512 -0.650264489674067
0.118379833936537 5.26495621449961 -3.95962464316518 0.987494266109659
1.57899550744529 7.3052937438309 2.28962186674732 0.19428004532777
0.681700256583944 4.62289254829444 -3.06612797663898 -1.18116712969583
-7.94522806813888 -3.0181619553495 -1.40421626562123 -1.44152962641538
-0.750335464298238 6.08983284611349 3.67972028072513 -0.111164598095299
-0.292214424932352 4.76669264177787 -3.13536297569413 0.907412428914603
0.50181862532752 4.06135150945803 -3.7377064035137 -0.3399496107584
7.14942657692692 -4.23066639754591 0.513650932563308 0.553114676717481
2.2368727737847 4.05661027761907 -3.67827441752125 -0.43210984436758
9.47856032335152 -5.98447827879843 -0.625844114971117 0.232975190013525
-8.73411486397728 -5.61274616409167 -1.62690563623576 -1.99122148387606
0.271588049805704 4.8474847812405 -4.42661866040874 -1.36794113357956
