9.33954283145379e-45 0.0349186259756293 2.4912220188969e-42 0.965081374023832 5.39178889184875e-13
8.18483699653703e-28 0.952405986023599 9.04099302916726e-28 0.047593997350419 1.66259820687354e-08
1.49965682467705e-51 1.36387683564903e-31 1 3.57606810306719e-31 1.20492490532346e-39
2.55583399670322e-35 4.80461442379537e-06 4.69805381809424e-40 2.07132208907618e-07 0.999994988253367
3.56382188908527e-59 2.32890027489579e-37 1 1.57252983174206e-39 1.42416672025553e-49
1.93559956535295e-32 0.968799700718728 3.81237499170505e-23 0.0252932896706626 0.00590700961060924
1 1.14753420045932e-39 1.59250963408961e-61 2.35699117122435e-42 1.12861101914145e-41
1.4120494127127e-57 4.99492937013435e-34 1 1.14216955744119e-36 7.04415874929937e-42
1 1.30231341170573e-36 5.67063686899796e-48 1.2980577321042e-38 3.25722635412003e-36
1 2.79278274826237e-37 6.1866297427332e-62 9.14471018372152e-40 2.47632813976601e-39
1 2.14290880550789e-47 3.75141800664733e-63 2.05511625686087e-50 2.21403513974724e-48
1.59733214640591e-42 0.994528257201716 4.34789528814756e-47 0.00547174207224519 7.26038599116532e-10
3.22597262685669e-46 1.16166963875635e-07 3.762790915003e-49 1.85214645092757e-09 0.99999988198089
2.11240975850132e-47 8.53918028114516e-29 1 1.59904856883259e-30 1.14236425934628e-38
5.22463811819654e-54 8.75173227718005e-35 1 7.69266771029026e-36 4.15620277654585e-41
1 6.24964391125617e-43 5.10928592854714e-66 4.08068523438994e-46 1.44589044548842e-47
1.28976432529454e-40 0.603284726312526 3.08801255407674e-35 0.396715273684891 2.58312816691541e-12
1 2.67927423333995e-45 3.51799638747886e-65 1.30796237655641e-45 2.55624591241919e-50
2.5630273170694e-38 0.979607639116892 1.16859869808654e-41 0.020392360862601 2.05072000260243e-11
1.11551276514317e-31 0.884853309432886 3.8800887096964e-44 0.115146690023023 5.4409169738851e-10
1.21381810089835e-48 1.13320571260564e-28 1 1.56129836773465e-28 3.33636521992487e-44
1.14922017934112e-41 5.64639756169641e-15 4.1170108599737e-56 9.85013540048531e-19 0.999999999999994
1.6142800149886e-42 9.7102086574737e-12 1.17022335182878e-49 4.75266385454887e-13 0.999999999989815
4.84547912266201e-66 2.34739086469822e-42 1 6.78285468922846e-42 5.68113711586622e-59
8.11457356306284e-57 4.71641383884674e-40 1 5.81097955126628e-41 9.29202807592057e-51
6.22509680075474e-41 1.10710859358447e-07 9.42882457220843e-43 1.66225698328205e-10 0.999999889122915
6.67684251581981e-34 2.77402556743637e-11 3.65621670225011e-52 2.24152831691244e-12 0.999999999970018
1 4.10793514086922e-32 3.57330883073771e-52 3.36634451941183e-33 3.41332461912969e-38
1 2.48745384260135e-29 3.0210138124377e-50 3.15251790558132e-31 5.51010542294615e-37
1.827495636324e-34 1.80352866695731e-12 1.34744494311075e-43 4.73823753965468e-15 0.999999999998192
1.0131595017266e-30 0.493947841944262 3.32769164417261e-40 0.506049487406324 2.67064941378996e-06
6.47614233333349e-58 2.57987660456008e-33 1 6.06597756328507e-32 8.37286037680415e-52
2.60223137580522e-43 6.55898766752766e-13 1.0321448465292e-43 4.47703350076743e-15 0.99999999999934
1.13812445306913e-39 1.50801225377788e-28 1 5.44695996260923e-27 3.68378803446754e-37
1.46516626096195e-58 2.19974578347346e-36 1 7.34188163468677e-37 1.22829433859672e-45
1.62237532578505e-58 1.40160431088839e-41 1 5.20730350092885e-41 1.75689470145417e-52
1.73412864529688e-32 0.305630328292387 1.40000205360872e-32 0.694369533475317 1.38232295934447e-07
1 2.12809065404236e-29 5.37607615403254e-48 5.03960464708978e-31 1.67135612509418e-29
1.77705629971899e-62 4.84358223100834e-31 1 2.72674561014667e-31 1.23607741236707e-36
1 8.12133043918201e-39 5.16114033794134e-60 3.18969989227079e-41 6.11561022375685e-43
1 1.06064735983821e-36 1.22522211369479e-63 1.05151265509678e-38 2.93790260300805e-40
4.11890350187127e-60 1.93161165523143e-34 1 8.7463887068853e-34 8.82506931366229e-44
4.4782036548869e-64 1.38165258848174e-41 1 7.02581506973998e-42 6.62747311769189e-51
5.62547047236238e-37 1.70419310738576e-13 1.30231921734732e-45 2.79747674791395e-16 0.999999999999829
4.1294158143816e-62 2.9904494820227e-34 1 2.0887347166934e-33 1.39186192462749e-45
1.33913311475745e-40 1.42037748674795e-11 9.86672942143821e-52 7.5499613342839e-15 0.999999999985789
2.67335827272423e-53 8.60190739955538e-38 1 2.92154367855669e-38 1.79104854511744e-46
4.59976090079265e-31 3.20652600559382e-06 4.47458027131101e-33 3.23796465192974e-09 0.99999679023603
1 6.24255840170357e-36 3.99366921461248e-63 4.82444436637268e-38 1.61611435878744e-37
6.88246686699882e-39 0.718732388175802 4.73664077141207e-32 0.281267611823281 9.17232757785939e-13
1 4.23952712225679e-31 1.23761959700986e-51 2.75511810303843e-33 3.34106306314032e-34
1.87648579136311e-45 3.23780445289866e-13 1.79308270363416e-47 7.95547748451228e-16 0.999999999999675
2.24371141933263e-21 2.33473546082289e-14 7.05173620690991e-39 2.72314808800949e-19 0.999999999999977
1.36034017317034e-31 0.920982305105092 1.08119266821106e-26 0.0790176832172838 1.16776238400078e-08
1 1.79207432320607e-34 3.06997532313192e-61 1.20775655347135e-37 1.22191645998731e-35
1.96168312629041e-37 2.57618657689162e-09 2.3024285574237e-40 2.65991025357793e-13 0.999999997423547
1 1.5093629459869e-30 3.96058514089663e-53 4.31153058124501e-32 1.64730667528938e-29
2.96371928987763e-32 0.995013666047413 6.9725917860121e-41 0.0045717550704231 0.000414578882163972
2.83423281970432e-55 6.71541413109071e-36 1 5.75004087494628e-36 1.88998403994355e-49
2.18127329227248e-60 3.12743035811427e-40 1 1.55877959572612e-40 1.85214735303417e-53
1 7.60196838919506e-41 6.86942476355957e-73 5.83401726173944e-42 1.41222288232797e-42
2.55545630813058e-36 5.55009096152003e-10 1.83149797924012e-46 2.90611725800912e-13 0.9999999994447
3.39986840144007e-40 4.55944493448127e-14 7.0295630533958e-67 2.01764762730212e-17 0.999999999999954
1 3.68929102212237e-33 2.57288373688703e-60 8.2427972161837e-36 1.3385111757994e-36
1.32304450532179e-50 3.86005041959601e-09 3.64526232638288e-53 2.16412403035925e-09 0.999999993975826
1.17632293729543e-38 2.8254614220007e-12 3.4168171067868e-56 4.06600225382268e-16 0.999999999997174
5.07039679397474e-43 0.995340781145835 5.28510900442329e-29 0.00465921879958367 5.45814625408289e-11
6.41847179186075e-46 0.010811752689047 1.02523849585132e-31 0.989188247310953 4.3966639282338e-17
1.46084966875513e-37 4.17061728171274e-08 5.40685267955801e-40 2.32727780840169e-11 0.999999958270555
2.6415364736826e-71 8.18921066929224e-44 1 2.4697573473178e-43 4.81300687384032e-53
8.42132764420687e-64 1.80060467844023e-42 1 1.82913441247792e-42 3.56348283505386e-58
9.52551525972164e-39 0.838473903665558 1.09106369779363e-34 0.161526096199598 1.34844159149691e-10
1.02188739825148e-56 5.1425001791698e-36 1 2.28818691606128e-35 3.79074087650428e-45
1 1.20901327999918e-34 3.19126707291319e-66 3.62495057212061e-38 1.57720192169354e-39
2.50892275643663e-43 1.69155682362295e-11 1.83831698573979e-51 2.65347936845566e-14 0.999999999983058
3.14490534138717e-26 1.36776619727347e-10 3.58215950958852e-52 5.93759979146563e-12 0.999999999857286
2.60672679410919e-50 5.15553128119787e-29 1 2.26345885379088e-30 3.10968319752004e-38
3.6807896650834e-34 0.887066111746963 2.50980760424035e-37 0.112921458874512 1.24293785255106e-05
1 4.15043188593721e-34 4.12196517975713e-56 4.55857027019921e-39 1.7007340074605e-36
2.17964587734464e-43 1.19255212834748e-10 6.13997377410579e-49 7.20149132777761e-13 0.999999999880025
1 1.29446986852111e-34 2.90511809032727e-56 5.72240876557989e-37 8.91018179137174e-40
4.07921383682995e-44 0.877261269568965 1.861332756406e-43 0.122738673344293 5.70867424035832e-08
1.86903197079231e-39 0.223751786527226 8.55234103530568e-27 0.776248213469656 3.11819896912337e-12
2.52386190398581e-73 1.04370124909099e-43 1 2.16798966810464e-44 8.94662406916316e-58
1 1.42471927088562e-34 1.00215483277536e-54 1.06056196934797e-36 2.50738671525542e-32
2.01663880158506e-62 2.9494140405772e-41 1 8.59848612917683e-41 1.49120560793542e-56
5.11849620210501e-54 3.02285400560772e-36 1 2.60565584153942e-36 2.27869309401461e-46
4.47165142368041e-28 0.214398399444533 4.0438675231176e-28 0.785601599685748 8.69718597052477e-10
1.08181056188135e-30 0.165626848498519 1.13131765991647e-33 0.834373151501477 3.61933187069353e-15
7.73047050096657e-48 1.65542356772937e-31 1 9.58707305375855e-32 6.58109189761581e-44
5.12065202858934e-46 0.444959726105109 7.38687482917475e-32 0.555015448733337 2.48251615545026e-05
1.81095184283429e-62 6.49849623557907e-31 1 1.93038891547821e-31 9.02665019006253e-43
4.30922342534556e-34 0.897353854283985 2.19372242916086e-36 0.102646145185459 5.30555359308768e-10
1 9.28126346031914e-29 5.84343572031093e-49 8.18434223902096e-33 3.70387540910431e-30
9.46856095667419e-40 8.83075231725528e-12 9.08324881894708e-53 1.92653497221151e-13 0.999999999990977
3.77843360253414e-37 0.829463276871657 1.916508819378e-30 0.170536722686364 4.41979204328359e-10
3.99538461151229e-56 3.90861999146257e-37 1 1.56921243883515e-37 1.59176238049184e-45
1 2.76953125038848e-34 4.8771596941858e-56 1.35151056310781e-36 2.40161697870101e-35
2.66570097926947e-35 2.08103766056697e-06 6.46566092495623e-46 2.94489949228505e-09 0.99999791601744
7.29623093364243e-46 9.7409134536948e-09 1.36151658277601e-45 1.03928268800708e-10 0.999999990155158
3.0201615177347e-34 6.54972412268331e-11 2.37591450662106e-38 2.06738467199881e-14 0.999999999934482
1 1.38696482902553e-34 1.36677996172207e-49 1.53118495398409e-36 5.20312957663383e-34
1 3.66659204365833e-34 2.75721098173631e-54 5.07718281722501e-35 1.08892385132868e-33
6.90578097172126e-38 1.75421312378828e-14 3.85464869785309e-48 1.88887813189056e-17 0.999999999999982
3.16585906799478e-34 1.10631392366295e-07 3.26271328444549e-40 1.81390161411628e-10 0.999999889187218
1.17840186839157e-39 1.73809110146539e-09 9.58384599810311e-48 3.90146141816363e-11 0.999999998222894
1 6.39957660269127e-37 3.89118270837137e-67 4.92616449944276e-39 1.47220445535576e-35
2.44851591399305e-63 9.33735445566303e-38 1 3.5651517307321e-38 2.32131526915294e-50
1 1.51117403994143e-34 8.62804353665372e-54 3.21597156469779e-36 3.90902391331195e-39
1 1.48617201029239e-35 1.20241512840454e-67 5.98515303476925e-38 1.25860248360181e-38
1.79893554632196e-62 6.20353708418201e-43 1 2.03618069218713e-41 1.38215073571077e-55
4.02810092540027e-33 2.0979207173539e-11 1.00426547817712e-45 1.35858426639692e-14 0.999999999979007
3.5776121514626e-37 1.19732534938928e-12 6.49128655912903e-46 1.45200135620691e-15 0.999999999998801
1.4705120392995e-45 1.80989574966741e-13 7.25420168081579e-53 4.79191805830673e-14 0.999999999999771
1 1.08411671713046e-34 2.74043072484269e-60 6.28852304741857e-37 3.74900397371896e-35
3.50982935006864e-45 1.00128212159674e-08 2.92340119113517e-40 4.75521028108884e-10 0.999999989511658
2.57046664797584e-38 0.996742355903775 3.11147835600818e-25 0.00325764409252616 3.69903382921903e-12
1 1.09090457661594e-39 1.0817506648332e-66 4.05769858607154e-44 1.25372406187822e-40
1 2.17796097335621e-29 2.38845993162169e-45 2.36686116082878e-32 7.30987592469351e-27
4.61241941757955e-35 1.75163266162296e-08 1.11600604380141e-41 4.73284027032666e-11 0.999999982436345
2.02068561261849e-54 1.99932122089659e-37 1 9.76203662022681e-39 1.25237618060255e-41
1 1.01996766146079e-28 7.67264653812056e-62 2.22231912230946e-31 4.58542092644634e-34
2.8570177133575e-52 2.92279607232834e-31 1 1.40330721643085e-31 4.33146819230889e-41
1 5.83516637730254e-41 1.90615693581383e-61 9.22209987955552e-45 3.54065554360698e-43
1.02133310728132e-53 2.55828230227926e-33 1 8.72465222381107e-35 5.59853850244808e-42
8.15694920149107e-36 0.485915468952863 2.49659091009e-40 0.514084531047115 2.19057256994312e-14
6.34064160211558e-38 5.09551271594666e-15 7.70624232228269e-57 3.55726455465045e-16 0.999999999999994
1 1.31579178451392e-30 3.48438245766859e-50 1.03572424598647e-31 1.40626883146494e-33
1.15629268890658e-72 8.34846181594709e-39 1 2.57929128693412e-38 1.81136081368954e-48
3.60229443919815e-38 2.04652552809009e-09 6.20695012538015e-49 3.26617674603628e-12 0.999999997950208
1 1.51490005853738e-33 8.67413069448688e-56 2.52517809962375e-36 6.18612498359015e-35
4.00365140809882e-34 0.759365343585515 2.30105876902988e-38 0.240634656405355 9.13002215123046e-12
1 7.01012407935893e-37 2.05523030903179e-56 2.26249299156765e-38 4.89632469062451e-43
5.01046093726161e-31 0.365411590927442 1.96763446145723e-43 0.634588409072359 1.9903476208831e-13
9.89557613611376e-35 0.972700150629797 5.08213422008091e-34 0.0272998493702028 3.2234668015511e-16
5.33314086343081e-29 1.05056472313393e-11 2.21291981105143e-48 4.29108241193073e-15 0.99999999998949
2.71147617518711e-32 0.998978082192697 1.60388064159782e-33 0.000906669151574648 0.000115248655727948
1.3290907314604e-61 2.93636660790175e-39 1 8.31740996550323e-38 4.19107366671686e-53
1 1.39556762408548e-31 8.09270595632824e-63 3.35025466712049e-34 2.54003803048043e-35
1.17104685102486e-38 9.79102151566574e-14 2.33934502295037e-46 1.49783355370006e-15 0.999999999999901
1 4.14196683359783e-38 2.04552491285487e-64 1.00594846498496e-41 8.76537336743276e-46
3.0616892044457e-31 0.971631830224648 1.47348883895493e-39 0.028368169771277 4.0744454685739e-12
1 1.51168109022165e-36 3.37888665328417e-59 1.22983961158567e-36 3.68976321967181e-42
1 1.48032527018303e-42 1.47107092658573e-63 3.27386051463625e-43 9.23554568165881e-40
1.59145166194832e-24 0.576648406663436 9.02002461093644e-30 0.42335159327284 6.37235686746284e-11
1 2.1400632033179e-48 4.19941373718557e-63 9.96595836478008e-52 7.93602370763542e-50
3.77013738876844e-48 1.20890077046202e-33 1 6.77214073216006e-35 2.14223877098888e-44
1.77822465580501e-74 5.20403159548795e-40 1 2.84124601429584e-40 4.53850309768173e-52
1 1.50546366017664e-37 1.24006799643347e-63 1.04316271754042e-38 3.87325012704731e-40
7.09246046337625e-66 1.95015977674662e-33 1 6.75966277563637e-34 5.66355823992204e-39
1.61841347842864e-45 4.547174018205e-11 6.38761500017158e-45 4.778179330576e-15 0.999999999954523
6.4954912251636e-36 2.78457683840922e-10 9.38381841063572e-49 2.21125387145076e-12 0.999999999719331
1 1.06895584582778e-26 2.05973688782279e-59 9.20067687238285e-30 2.48766561388972e-31
1 3.10095946507535e-46 5.18349057565537e-62 1.6003046684283e-48 1.20327828861572e-48
2.26119768059735e-69 6.1455625352597e-49 1 1.91078378407625e-46 2.09414335128659e-59
1.9953277939864e-67 3.62769838095304e-39 1 2.61269463741276e-38 2.06935627585319e-55
1 2.65708029404308e-37 3.11800478937387e-61 2.35671390706086e-39 6.77988227529785e-39
1 2.0568759595036e-30 2.27780653100293e-41 4.99459226841645e-32 2.3556711040544e-32
7.53191737866282e-30 0.951749695682276 3.49635971010889e-41 0.0482503029319994 1.38572470267435e-09
2.17566236431506e-37 1.17218387768925e-09 1.01340217078229e-55 4.33790229708484e-12 0.999999998823478
3.21356651736812e-38 4.66102827242316e-09 1.33471989575703e-48 7.26767607400759e-12 0.999999995331704
1.83056972934461e-41 2.73746165133161e-08 1.1409435365154e-47 6.36183744565112e-12 0.999999972619022
2.14988486607232e-67 7.06123424809085e-44 1 4.17755320448797e-43 5.75267850921435e-59
2.01828089657767e-38 0.474557489891102 3.80380491830088e-43 0.525439866406171 2.64370272770853e-06
1 1.43865759353878e-28 1.49564409763333e-53 7.09642640977325e-32 4.28930402507151e-32
3.04227667301455e-56 7.21237043072954e-45 1 8.70334145529655e-45 1.72692967023516e-55
5.1029806279944e-55 2.38268765341829e-42 1 2.36001269919121e-42 8.78970280499711e-46
5.00348743616301e-40 0.1711701370097 1.22992110186846e-31 0.828829862987879 2.42070622653392e-12
3.56266102970219e-60 4.26158954035044e-36 1 4.48501428087618e-36 7.65423719960277e-44
1.87087831347122e-38 9.03738500735446e-11 1.8572660464439e-43 1.4207711297227e-13 0.999999999909484
1.34117937268638e-34 1.02675330071714e-22 1 3.54790462871922e-24 4.66974625686045e-31
3.0112621064598e-43 4.65604316397295e-11 3.58054186921081e-50 3.00970604049222e-13 0.999999999953139
1 8.07451330305867e-30 3.29078469060583e-57 6.55644709604278e-32 1.8155484356751e-29
1.78737609662247e-37 0.996505924329486 1.96424645112923e-42 0.0034940756705046 9.60501942825304e-15
1 4.90559602314399e-38 3.81492527471158e-66 4.27526885029939e-39 1.45145067484895e-41
1.780621067792e-58 2.48530587230047e-32 1 4.14223728090923e-32 1.07093703286023e-41
5.23810770129387e-30 0.00463610710366529 1.93556311675448e-36 0.995363892895828 5.06385144349737e-13
2.87063518270894e-32 1.83790308884236e-09 2.04144883111035e-41 6.4975741509548e-12 0.999999998155599
2.72063519303632e-40 0.865282922972372 6.35934225734881e-38 0.134717076995639 3.19884325908129e-11
4.1268972499597e-64 1.53288337426594e-45 1 4.07049878587194e-43 1.55350143390229e-57
1 2.84989440824479e-23 1.48566243555622e-39 1.04839603269315e-22 4.80298775256557e-29
1 8.63982196487613e-37 4.40010283437798e-61 6.72146342832435e-39 1.4097933146052e-38
1 1.63479166692099e-29 3.92574062884337e-65 5.21373328679472e-32 3.90871677354453e-38
2.20271776851416e-42 0.00611880181320467 1.55680616569287e-33 0.993881198186794 1.24830071172424e-15
4.54661319930571e-54 3.4244801915152e-27 1 9.40977556121106e-25 2.65423206130825e-38
1 5.51346319124288e-43 1.05177720503419e-61 4.62778072255073e-46 4.77290364421184e-43
6.79585787799907e-55 5.63393352661183e-35 1 2.28211751992645e-36 1.34157676839531e-46
1 1.60413380558419e-40 2.32498876610425e-61 1.66045834836827e-41 2.24597388609864e-41
8.96550405342327e-47 0.982502763025923 7.84452004554203e-39 0.0174963937180183 8.43256058673557e-07
3.49474489796509e-40 7.40645356620487e-11 2.05921103446097e-50 5.97191080097333e-14 0.999999999925876
2.35788190772128e-37 1.4944709329336e-12 2.62291385444616e-43 2.27651515031235e-14 0.999999999998483
1.79769819387918e-48 4.74826184285472e-31 1 4.94367621953515e-32 9.09904577589917e-39
1 6.83117861907572e-36 6.67145610230732e-60 3.02217355967812e-37 4.50974512286359e-41
3.74920488051609e-44 7.46851748742721e-09 1.72644527066433e-49 2.67996920927005e-10 0.999999992263486
1 3.08460235315864e-43 4.34616230018284e-64 2.65852518351351e-44 6.20503233865131e-45
3.49188906222175e-37 5.51393453346474e-13 4.85230167383501e-48 2.2596329695596e-16 0.999999999999448
1 1.58448820146551e-39 7.23870835904903e-60 4.0643213449377e-43 2.62465218085609e-45
3.92247797891702e-33 1.94487008826707e-07 6.41214788284199e-37 3.55563165496192e-09 0.999999801957359
1.63366586563947e-42 0.488751921626929 1.26362409821596e-27 0.511248078372593 4.7827990529799e-13
1 7.95317103726099e-36 1.06195483987932e-61 2.1024527106846e-37 5.19176160939185e-37
7.52969786938968e-58 1.92063550053477e-39 1 5.04014886797528e-40 9.99725595069741e-45
1 1.23351475601783e-24 3.65186044813695e-45 2.89632019837086e-29 1.02343392944182e-28
6.0575012012048e-52 0.0110769777399731 5.37123185963427e-35 0.988923022260005 2.21419172051679e-14
6.96647433775178e-50 2.25236218302599e-12 3.56555513831042e-60 7.57872831460486e-16 0.999999999997747
2.82177594498081e-69 2.51240338168759e-39 1 1.98325075946256e-40 6.18907893580544e-49
1 1.42343460070138e-42 2.74021228463898e-68 5.06186844100007e-46 1.46023110576926e-43
1 3.47813831153781e-37 2.57566482668156e-60 4.50086764127599e-40 1.60604967268905e-39
5.04555398870434e-41 1.05158455306887e-14 5.24163128896255e-46 6.46815320530271e-17 0.999999999999989
1 1.94510000683129e-41 5.45139905473493e-57 5.84619023685187e-44 1.87816270645323e-44
2.6559021481914e-33 7.28024720016184e-08 3.20333562373398e-40 1.40000777690689e-10 0.999999927057527
1.36130972993225e-37 0.806952543184537 1.01368563593008e-29 0.193047456292012 5.23451391659938e-10
9.46177172293921e-37 1.79948819167412e-07 8.20893264146601e-44 6.0800796536073e-09 0.999999813971101
2.5218469271063e-36 0.0109033856164547 3.30424775348098e-43 0.989096614383545 4.07698167844364e-18
5.87076338330705e-43 0.963347541689092 9.70259004136141e-35 0.0366524583108232 8.44298537686234e-14
4.19557500918838e-60 1.68203019674426e-46 1 2.80651144575399e-46 3.06414733274347e-57
2.88735231604348e-34 1.20406327541762e-10 2.04747568262434e-46 4.34667492904403e-14 0.99999999987955
1 3.38967352841566e-39 2.99293126619284e-52 3.957063301901e-39 1.71127314210743e-38
1.74565509824814e-34 1.05597158577153e-08 2.7112222344017e-38 4.52543578240258e-10 0.999999988987741
1.67058052406473e-47 2.26492435963094e-08 3.9047853337865e-52 6.26754311261625e-11 0.999999977288081
1.55462529937218e-36 6.25946719978282e-12 8.66403740193297e-48 3.76049480564041e-15 0.999999999993737
1 1.17187868282231e-41 8.28814328289955e-58 4.53082118434662e-45 1.33312274684348e-45
1.10130103574018e-55 8.09499597900173e-31 1 2.44639209351434e-31 1.07872928780892e-38
2.45266332186083e-59 5.87749389789076e-43 1 2.96588989624109e-43 6.14506205029388e-55
1 7.2984162825284e-46 8.4429595752826e-64 8.61553008651142e-48 6.08496647876456e-50
1 8.64370798293059e-30 1.29974737038647e-52 6.6822554445788e-31 3.80728468552744e-36
1 3.45176933546311e-39 3.45904157336642e-65 2.1469779120036e-41 9.08076369408668e-41
5.85830800041668e-65 1.25002818301187e-35 1 1.63579967952808e-35 2.13558988508191e-43
1.68996508954748e-34 3.85615354314258e-08 3.12678580177008e-50 2.17415019630855e-09 0.999999959264314
1.03050284459874e-57 6.44749295030757e-37 1 1.14319011698466e-36 2.03074891739506e-49
1.12663033165538e-37 6.93200017272499e-16 1.1466401661891e-52 5.16398330721831e-19 0.999999999999999
1.23681079891671e-43 6.29870968229242e-10 4.07810255015736e-55 2.30446579234746e-13 0.999999999369899
8.14269986771953e-65 3.52858001555897e-40 1 5.0166804899741e-41 5.31862209002411e-50
8.7837669843238e-38 0.243922162137824 2.42101569537531e-42 0.756077833241631 4.62054527791194e-09
1.77881409028717e-35 1.33295276066031e-11 1.23883941597413e-53 7.64128017053134e-13 0.999999999985906
1.03083902576242e-38 5.06351182586682e-11 9.45310537521367e-53 6.21719978294941e-15 0.999999999949359
5.41440476975295e-40 3.52851279846073e-13 3.40627330180779e-44 9.91645694824726e-16 0.999999999999646
2.58295183186648e-33 0.0113015054999334 2.09730288204696e-25 0.988698494500067 5.40232241352808e-18
8.48374810950103e-44 5.59612922060728e-14 8.72838531312125e-63 4.93350433700865e-17 0.999999999999944
9.85748312046425e-31 0.997956821142145 9.72878503740212e-39 0.00204317874491084 1.1294355016334e-10
1 2.30919832066886e-27 1.63400469184295e-55 4.52559002506467e-30 2.08726579524021e-27
5.60829841982862e-36 0.990185172812115 3.86181253018187e-37 0.00981478971489818 3.74729866847219e-08
1 2.85224365148692e-42 4.90376204324243e-60 7.82874436126109e-45 1.62778023422565e-42
1.66146467639992e-44 3.24138578245989e-13 1.29659894080955e-37 6.960602566226e-16 0.999999999999675
8.52724470895548e-37 5.74628180315772e-11 8.7057085304789e-48 6.6768283745358e-14 0.99999999994247
6.62464714062663e-57 1.23709401038474e-33 1 1.36601044889765e-34 5.47784230868833e-42
1.2032596964503e-28 0.986199686796312 4.33311159134871e-32 0.0138003131833573 2.03304963789425e-11
1.52163599987337e-46 5.93497799115794e-31 1 1.21066475806018e-30 7.72835770792229e-42
2.5979261862911e-54 1.41047064054105e-34 1 1.0197715186732e-33 3.01493841468241e-44
1.82159236932461e-38 5.11293644968175e-09 3.21566769227366e-39 8.7863379213418e-10 0.99999999400843
1.22654515224725e-25 1.27079218768871e-10 7.29013199881348e-37 6.86483691634697e-12 0.999999999866056
9.84107615657948e-35 0.930791242735407 2.87689144283808e-38 0.0692087572645926 4.17563563516354e-17
1 1.95061371881718e-41 1.57658466297324e-59 3.84681557557736e-44 2.21286413839509e-47
1.31796401895296e-55 8.31791923040353e-30 1 1.77747532484432e-28 1.2266367503494e-43
1 6.05864044158854e-36 4.18659402663856e-62 1.83456178469796e-37 2.88496421115912e-46
1.86943423198349e-35 8.44709225537855e-09 5.3088860554927e-42 8.96674402074955e-12 0.999999991543941
1.63045825029606e-66 4.10806481939088e-40 1 6.07732360201477e-40 2.57017277346222e-51
1 1.74956975881151e-40 2.04448698108961e-67 2.02246697849687e-42 7.8052356450675e-43
3.5862470595321e-48 0.904825710724726 8.68850281407394e-40 0.0951742891554938 1.19779867754047e-10
1.90506234353785e-50 3.49336333308242e-10 1.05239295171304e-42 4.74348922953587e-12 0.99999999964592
1.32706079102204e-47 1.61420991824516e-14 2.67849621453176e-60 7.48597401506375e-18 0.999999999999984
9.49006223656394e-61 4.54891345401851e-39 1 3.49949081499671e-38 1.62735636025536e-47
2.55184435032589e-60 1.87715446769861e-36 1 1.59648368989721e-36 1.17838323935191e-46
4.09165186441923e-39 2.17318818515022e-08 1.79780330249228e-48 4.75785931195133e-11 0.99999997822054
1 1.76822731501344e-37 2.68892010577267e-62 9.31002820669454e-38 6.95048420921287e-44
9.53150320920878e-40 3.09420402034119e-07 3.37255116144721e-31 2.10216942343206e-08 0.999999669557904
2.57729714136267e-54 1.25932624622734e-32 1 6.44205637805548e-33 7.92036064634669e-43
8.78887918964645e-61 1.11060793482765e-40 1 6.17149849817418e-41 1.12628876125825e-55
3.23672968331082e-32 0.179289149542114 4.9610270322398e-40 0.820710745798406 1.04659480198602e-07
1.83094804898845e-47 6.4900517875366e-29 1 1.03618849135397e-28 4.16020137605633e-38
4.20502469639305e-44 5.51307159089264e-07 2.48175715629841e-52 5.57754932292722e-10 0.999999448135086
1 1.6744421065071e-40 2.38978483952773e-67 2.73769959305487e-41 8.09963412180393e-48
1 1.18707628022978e-32 5.51571178739093e-53 1.16425040793155e-35 2.56784503295774e-36
1.47295862487001e-37 0.738860431098763 1.33243601577045e-42 0.261132946623395 6.62227784109987e-06
4.13818576887414e-35 6.33928421217697e-08 7.9566094473967e-48 1.98309067480665e-10 0.999999936408849
2.10547281020463e-31 0.220785161065755 2.60753870736735e-33 0.779214838933926 3.19381751748379e-13
3.41450822019619e-38 0.0240674290357801 5.02807333187235e-48 0.975932570935316 2.89044801005869e-11
6.67937989563047e-43 1.71318760552204e-05 3.92205643943371e-44 1.37742366052567e-08 0.999982854349708
1 6.92052011964652e-35 3.50179056869873e-52 4.2832544046259e-37 1.4656609866008e-43
9.74441548644829e-43 4.46234715191276e-11 3.68810389653196e-44 9.61839007112797e-13 0.999999999954415
2.88801678063058e-54 4.67597946017284e-35 1 2.01845481088111e-37 5.20183794699467e-44
2.64633706382638e-27 0.937230416451062 8.22923967519757e-42 0.0627695804093272 3.13961117238467e-09
1.79374782494438e-35 0.0267097340224973 2.18759189479873e-38 0.973290265977167 3.35952541873002e-13
4.95950314731175e-43 1.61651247292788e-06 2.93250639834565e-51 8.49389753763377e-09 0.99999837499363
1.22289982389237e-62 1.44055183421964e-36 1 1.52744962893095e-36 4.90822193665219e-48
1 3.77663327467554e-39 9.51723401213504e-61 1.03900653655421e-41 9.2889898078331e-40
5.92792490005774e-58 8.36900978921972e-31 1 1.81038041825033e-31 2.82867249132333e-41
2.83312820028583e-62 7.96774219270757e-37 1 1.00905448869141e-36 3.40523720676933e-46
1.82789146393613e-33 2.76032100621769e-07 5.33250197773331e-44 6.2039658466175e-11 0.99999972390586
1.31753959649575e-40 0.408978359059657 6.4630261019283e-35 0.591020681110824 9.59829519128242e-07
1 2.4892111116635e-38 4.17825367664776e-48 1.78009019876911e-41 1.28937456233602e-39
1 6.96654632349194e-38 8.08797091652236e-59 9.69214623051474e-42 3.68661547547031e-39
4.3322185824149e-44 2.6966828120441e-11 3.52758252428349e-52 2.64799289480281e-14 0.999999999973007
1.0896065179214e-27 0.862693647644077 1.37303526207555e-31 0.137306352342258 1.36647371448733e-11
1 1.78020928098233e-43 4.20234529714705e-69 2.52163223326221e-44 1.55379490595022e-38
5.84156353546407e-65 7.82025073976276e-43 1 6.38332582398719e-41 6.60466587588972e-55
3.33156977412141e-67 4.14547833471298e-44 1 2.1730432104834e-45 2.75180641544428e-54
3.39670641894382e-41 0.119915783546316 2.23762906723958e-36 0.880084216452758 9.25579512182915e-13
1 4.04006210831082e-35 1.45961772985082e-59 8.19949328047744e-36 2.35956791317582e-34
9.60259076085559e-33 0.855897484791359 7.40106060695057e-37 0.00746017823316133 0.136642336975479
1 4.46409590442196e-31 5.50616342582384e-49 4.03018606719747e-33 1.46791915430069e-33
