"LD1" "LD2" "LD3" "LD4"
-8.24504429894221 5.56534806966485 -0.718753400450169 2.00840009553308
-0.942026668704176 -3.48486699962998 4.53551243228061 1.29505018819684
7.83038551416738 4.15081772327952 1.54276559901205 0.252455818408762
10.0919019846286 5.17644816956521 -0.307679385198442 -2.41096783279565
9.8628757879026 1.38424389748355 -1.83882064266391 0.0134794613986691
-5.48215169145485 6.84589841500841 -1.52880325644044 0.85221772748434
-1.0569864638903 -5.44615685084209 -3.3007589776732 -1.01408091943307
-7.46076486107878 5.52633659200336 -0.295224595872991 -0.308183062736711
-0.210808243445727 -2.42164183924936 3.90751469465236 0.460054747446209
-6.10626061444593 5.77745982894121 1.05565541406766 -0.696635390104635
10.9549862068171 2.22518445786621 -0.742613330414863 -0.454144817569593
10.1378678616527 4.48734635369728 -0.150798993976432 -1.83014832829597
-2.42884338417039 -2.6627904000641 -4.99123872872198 1.72858523605772
-1.19410742695134 -5.78901810487292 -1.24791694414966 -0.768782877261266
8.97841196898219 3.77857400398445 -2.48846135229285 -0.0942009681124127
-6.46521518612276 4.5627139826081 0.256220215058793 1.33979315961381
-1.62573402871416 -4.26057216457989 4.28016990085368 0.367837366412787
-1.78931287965494 -6.23452147550238 -1.86744105424311 0.354299933517303
-0.498405880651695 -6.36803069639761 -2.58964282073271 -0.903595052180677
-3.78635351145625 -4.82642296752958 -1.99329492541136 -1.48956523030341
-0.048829821222008 -2.47002370406324 5.16204403990681 -0.739490232439154
8.20117626387738 3.39680742805695 -0.462551164097696 0.130476444771474
-0.606701940325543 -5.08077875867564 3.95319096400626 -1.10429727829719
-1.76046681339945 -6.52062904026563 -2.35537245494487 0.510718665850556
-1.56932370524513 -3.45562446900634 -3.01605692682591 -1.50850417353048
-7.19992309574409 5.83680687369763 0.954300870513406 -0.608715432779498
0.0451831093370252 -2.82917927443421 4.56489595978869 -0.764787881742733
-7.74650591843443 6.58597898593814 -0.36586325872916 -1.39682499565978
9.10066226188871 3.58815657972886 -0.996522342284017 0.280825443688616
-7.09804174275596 5.8629887955413 -0.902939841495609 1.52327429807977
1.11960312771929 -3.84600829189658 3.47695677762722 0.346697975605651
-1.11049093654353 -7.1806239907799 -1.3209761514169 -0.870429075949379
10.0725039839907 5.15677500883551 0.669093383054981 0.514715545252096
-1.44879616124058 -7.34358194854545 -2.72217832854013 -2.31919080215923
-1.54048254930628 -7.50641566520459 -0.669541050329042 0.933477202143876
-0.159444020533945 -3.93497698768353 3.78582970394007 0.515847744579355
-1.90763084711214 -6.63107125465922 -2.57117521288132 0.609388071993726
0.146031747484273 -3.75420386127182 2.80376961277741 -1.14741747093508
-2.43869875727292 -6.88271315197045 -3.66624027617377 0.687749194234968
-0.795780968343398 -7.51249854029538 -0.919124652495868 -0.325925413139919
-1.00052825184 -4.31879962663922 3.29625435737144 -1.52528211849945
7.75626909589856 4.65145021172379 -0.562346030600612 1.09552125190146
10.2456511366938 3.59361489838224 -0.486345334154339 -0.0754684339236694
-2.29882091419711 -6.48095205351781 -2.41687706983859 1.29297452118213
1.36500453596973 -3.99521742421043 4.25361900592996 -0.858241978381901
-7.76482337430569 6.3800372867074 1.4759288524725 1.94115116965647
8.45220268945631 4.53557871015993 -1.33771685194201 0.104320923527949
8.66319912590249 4.15514652937367 -0.346587356525334 1.43726766094318
7.5230506990465 3.42717701582469 -0.441861566304662 -0.533222327916527
-6.47038982977802 4.31151225507214 -1.04255503817468 -0.996469334847305
10.5456861699326 4.86320264859475 0.537189516276513 -0.2947631122081
-6.87540220345644 3.59898065937751 -0.497906974674326 0.341517639918235
-0.606028073130138 -2.85890922188838 4.34697874126218 -2.86993217555209
-5.37391197684387 4.53125841763473 -2.17132654798777 0.361856556086469
-6.99918555545954 7.24652001110967 0.510158478802572 0.807192782310423
-2.8246780307674 -6.67309441780262 -2.66190641126922 1.04842746029128
-2.04900765665168 -5.8666001849471 -2.12176758801278 -0.505713458810303
9.03960663190271 5.96901840095444 -1.15992930566928 -0.277358453512721
8.64042026704253 4.51945579623411 -3.22001215522074 -0.972429562748612
-6.21855788181258 5.26791679778273 1.34578881375621 -0.617170950809596
-5.82998659551218 4.69878786053827 -0.849328311659907 1.9016179077301
-8.66281060909812 5.22895796603578 -2.07071916501733 -2.38185499066401
2.01459800450462 -3.52939709224223 3.91143843242041 -0.687597269386353
-1.42101583443246 -6.36527963116168 -1.7649356596874 -0.803835461181855
-0.841913347685834 -8.38714612542839 -0.916925987452028 -2.04599254217822
9.58532484838281 3.17773364421636 -0.857340389474391 -0.243945903336032
-1.95453526891112 -5.11529773516688 -2.97167291133158 0.449752047184435
8.53461978957539 3.79391754103946 -0.548267914871086 -1.10153922127525
-0.517136131671889 -4.16725675454806 5.4575334167296 2.62258814806218
-7.08150247025784 3.92344035329499 -0.593662493788196 -0.375192916976394
-1.79621833226485 -5.83174041409655 -2.58266820409978 0.291809009359535
-9.11849470618125 5.3215886947759 0.407825256678286 -1.36798541483534
10.533233251858 2.84177885328771 -1.10444211652253 1.11581570354469
9.42183493050117 3.72427792038919 -1.20132492321814 -1.20322628749191
0.814072027420339 -4.4868025858818 4.68192742358637 -1.02572526998005
8.78743171099968 3.95796615026878 -1.33460430311251 0.0532420875325689
8.54555712361532 4.29673235199888 -0.695728654925255 -0.124253938381859
-7.48779784277212 6.13656677939963 1.55179819115048 -1.61365820424136
-7.65431967808653 4.14797877531034 1.4701207194539 0.823854878114565
1.90898343277955 -5.88432844282772 2.22154792731383 -0.870944779970426
-7.44202494836504 6.54687814408622 -1.35004973448632 0.512024695000052
-8.12706206430807 5.53251218580822 0.742216909205622 -1.15511943937888
9.67966726448133 3.38321298170055 -0.196241767693105 0.0753219385234968
-0.808666407934249 -5.38402360597734 -0.94342762857428 -0.706856157633972
-1.79168664918652 -5.74515041672598 -3.41920803879285 0.51872127170542
9.25984827687886 4.95770022885521 -0.711841930460915 -0.673888512601263
-7.202915745784 6.54167440124446 -1.2633343431108 0.0201137238656956
-0.0835847771607372 -4.5030150386131 3.12111634803217 1.4392525670645
-4.23354923556915 -7.66684269775848 -2.5452251596933 0.29074485929734
10.8873128169549 3.45575420278534 -1.28050930100494 -0.569773360345772
-1.53122467688735 -7.17481631211008 -2.35128735146954 0.425780229534555
-7.97106365038632 6.85034261887488 0.340359919078692 1.10159701227779
-8.29317628552396 5.81779576781869 0.124722736116705 -0.4161491789834
-6.76710523198361 5.22522510506554 -0.616170592706975 -0.0344381012563438
-1.08327659020577 -7.86629153719838 -1.10947559556218 0.375228986063357
-1.91143604650104 -5.37879022387753 -2.6622269040637 0.818375764717249
-1.34886502847371 -5.24811267513749 4.81759211839658 -2.16100335802299
0.295862019307565 -2.56168525033047 2.63031219587013 0.669369130484658
-2.02573117928566 -7.44823161456947 -1.70272816580795 1.00729009752667
-0.7003780698343 -5.97772222634941 4.34268606965013 1.94298771315878
-7.4223613575838 6.08817165614361 -0.585272295900134 -1.52472038607884
-0.306716333382895 -4.15366364334968 -1.79650864368604 0.919999633928669
-1.46756961602531 -5.05902627310775 -3.40933960112819 -0.269552879143593
-1.09687312109761 -4.94970556069325 -1.88590634324149 0.428030597415694
-7.30879314504052 5.7112921562997 -0.257921221610372 0.641085542007922
-5.28880985287156 4.51916295927948 -0.0488254139307428 2.85700769019009
0.899510518108602 -4.398937957592 4.55700009144971 0.0859756924268458
-7.78389597375018 5.47955196411926 0.528437709583011 -0.149899880813165
8.41034802841599 3.44121470542454 -1.92700076217525 0.495021270243572
7.88312615939808 3.10774503601698 -0.673556953334036 1.12444570343017
0.802644957913222 -5.19128379895433 2.80162158721325 -0.897212024159111
-0.658026003496723 -4.92600324302074 -2.09947190714375 -1.02955376157275
1.2822467846922 -3.85762642132907 3.41719036982892 0.281415140290475
-0.70746170152456 -4.67535498578629 -3.31200697749773 0.894985594252946
6.51564984363391 4.28921586477692 -0.449202059436792 -2.12151451886324
-1.99852592157371 -8.54981254590927 -2.25220497943633 0.825105753909268
-3.16355732150222 -7.83036650820306 -2.69452707939149 0.0799158283179943
-7.17869782998459 6.34824739639017 0.23084746709027 0.324880231371019
-2.44160589489448 -5.97876770869752 -1.06599054457202 -1.1562932601296
-1.00323292063336 -6.00698005348602 -3.98142588714178 -0.822519669193084
8.7852878958331 4.55465279414776 0.406337922107125 0.281035728456974
8.69703554221921 3.16271003575201 1.20339853205827 -1.05353185996501
9.19081241825093 4.30997198587871 2.40701878914701 -0.583486586272531
8.85802117362076 3.70920482475089 -0.835813327611605 -0.918261003505703
9.56947178217999 5.81492049321907 -1.1843093025367 -0.361092461054934
2.09748216183296 -3.21434803406904 3.5141800872884 2.48850538843807
-1.85167645187754 -3.57133845306659 3.80344434078859 0.523275386118981
-0.756242527355877 -5.54690804710259 3.0176255727761 -0.427481787332678
-8.04365563343376 4.52578645853186 2.67038555530515 0.984706178028393
-1.18161241558925 -6.63804277514439 -1.62102831855115 1.41643980760001
1.59344019630425 -1.6643066875066 5.27214459318585 -1.75129327728471
-7.37210970207149 5.84493204206105 -0.860934594490316 0.0895646121827458
9.63005801410473 5.07673632466142 0.511191608447874 0.674542301501278
-1.45442792425536 -5.49180158324865 -3.67929772273711 -0.152395920647377
-7.79817631579014 5.80434626833966 -1.67144418549199 -2.30133443010015
-6.12716550969456 6.30267548520025 -1.39515815568692 -2.70945803662528
-0.937271755197759 -5.71228158745422 -2.75507285760531 0.235120473838388
2.29841360289844 -3.90806000018834 4.29566195375279 0.0265784219850935
0.379525379510152 -5.41863911705567 5.07896473103181 -1.63277036721469
-7.31913099704209 4.79684420416996 -0.740121622593127 -1.93318121383957
-7.39586318677171 6.42743616288358 2.66270500423134 0.112268861294417
-2.90414760680818 -6.69218166469801 -1.45582741836522 -0.105662302679942
0.401955634018486 -6.55655133373453 -1.85507478474516 -0.906737844268775
-0.687339626001384 -3.55827825277749 6.52515505956437 -1.81228746578705
-0.100815300417581 -4.17965184055349 1.58636353714539 2.08407225249498
8.88077780726573 3.05598461616378 -1.62365525863333 2.36439290991095
11.2631431041239 3.90370310076824 0.0523789186192522 1.19421870415603
-0.405344704923331 -3.85266651997189 4.51117767335389 0.233926858458882
-0.717598252980752 -5.65208807655076 3.19575900572648 -0.906066801199233
-7.35666426175894 3.81161301347368 1.17541322631671 1.19781646541686
-0.978359373786484 -5.08693448007878 -1.81780891960761 0.537225437910827
9.85627901961338 2.30833368995189 -1.23002979648296 -0.375417871309344
-7.57438478805837 5.08650397093254 -0.196455234374748 -0.82787941636565
-6.78973008740913 7.16486160449582 -0.360868315705094 1.32379199547974
-7.54051045437338 4.86863650808313 -0.396601332499862 0.828729996895475
-5.97893591760432 6.80568579720667 1.45659496291294 0.712959906066377
-1.59741306277395 -6.40426347944282 -1.46762767493908 0.35613129962559
-1.51279261146537 -7.32392689268826 -0.45115736800847 0.241419150919847
8.39916522915495 3.51382851253106 -1.16189068642096 1.18657712758829
-8.41406412375786 6.04837040689276 -0.655209369010077 0.962559486249852
-8.42991462279926 4.50928278667273 -0.798388231248364 -0.601290921312776
-1.35038506983974 -6.76291427627223 -2.42215656126422 -1.38761910851253
9.00119428905078 4.8656929905568 -0.921793913850328 0.81559471374863
8.51440390248209 3.89224446536372 -1.3504923197099 2.13333840417423
-1.42633170046993 -3.81163578143343 3.88119585956682 0.735130941708407
-8.15177453741347 6.52880774186987 1.85093434505606 -1.05479171346468
-7.77591836800293 4.46051219621137 0.822672574389458 0.566094492014748
9.67510398196396 4.43130951087434 0.561505578950621 -1.17994711330511
-0.858858881896369 -5.81539451929356 -3.57968864101064 -0.29425269114961
1.16907533549397 -3.82655491084551 4.45705157752567 0.366415609491266
-7.10002717755003 6.79642725600799 0.480374767241312 1.72038200306448
-2.87547497149592 -4.7468628919285 -2.9888631425865 0.532681232322634
0.940186684573086 -2.9714727923257 2.6804628865548 0.514121160686584
1.30677580217765 -4.43788757759439 4.87977593474884 1.59150720921076
-0.658524790514602 -6.83522439796737 -3.32693088002368 -0.164919452578203
-0.378809144114849 -4.73112366805584 4.51056286834475 1.47823941629232
8.57232293963416 2.54821541418567 -1.03101595293047 0.186125055434395
0.699838584500569 -4.34602164908708 3.93376033107629 0.43473507457088
-5.83648004885456 5.58313940770243 -1.51634508908957 -0.543638109051783
7.49762942491363 4.25133452015874 -0.0671482605697283 -0.495116008214281
-6.69443415293 7.02246384788984 -0.536269920676784 0.311979540425175
-1.25241384753328 -4.35031247495724 2.91681759422958 -0.983964599302827
0.43496547751196 -2.88953702387778 5.47234771215946 1.8572157210309
0.312143863925646 -2.44325530955871 3.11667055649736 -1.18638960912338
-6.75353561165576 5.45153751749048 -0.632581612304087 2.83913121764307
-6.54413069503451 5.07772925806026 -0.954514874315603 -1.68729767422381
-0.404595780501961 -4.67054722090599 2.50105913078832 -0.0175748005108281
10.3780579286836 4.94642547084758 1.06125265127999 0.187273056679432
9.27379255023684 4.20567127473428 -0.433074127046808 2.35035918195167
-7.3727058423893 4.97710852905596 0.435790860207636 0.562957547270682
0.995735165982108 -6.33132125630347 2.97216648454281 1.20307132705129
-2.42956187950172 -5.99672212801576 -4.18522691236199 -0.119257441708055
-0.36504108013705 -6.26007877410285 -3.40704192649397 -0.598663891707201
-7.55548573434313 5.5425284338693 -0.177336385406795 0.18389307141284
10.7971943906435 4.97976934350394 -0.975578573083633 -2.5967924272896
-6.62991769497576 6.4976865569965 0.92460233609569 -0.350231253812752
-0.311294574240104 -7.08001050743752 -1.60626432983234 -0.261080301534643
9.52393066730209 4.77158380642212 -0.0135945966216748 0.527172748514195
-2.83667553296379 -6.14540872137241 -2.16799154798439 -1.58654498018311
-0.176740269918526 -3.12726054519797 6.09423367227217 1.49108285566986
-1.642414192463 -5.30635176019051 -1.56515854641336 1.43792082282922
-7.78674536718657 5.50047198813235 0.304675672330244 -1.1352153193449
1.13070624777694 -6.05397615615283 4.35912754903403 0.845723205798888
-7.40936564160257 4.86619945214948 -0.538002467139467 -0.208073140870275
7.65927801727266 3.57731073940684 -1.25309970504746 0.519033134435294
7.71228359664247 4.43630996237928 0.281364275348562 0.250610056465627
8.92608658822267 2.62203864115696 -0.225597298496274 0.660142720595609
-6.12821265568014 5.18996614322991 -0.00967820219108301 0.123952005162311
9.83919353683025 4.94726849671919 -0.0725330741467064 -1.40291526369139
-2.81476789174554 -5.83348165193291 -2.13447968587862 -1.71961895191819
10.3955689581512 4.27299806968756 -1.35008990832007 1.27293974861028
-1.33505070387953 -6.93110520896243 -2.26441315482184 -0.390513163083413
-1.4106243681184 -4.79905621004488 -2.39156863116847 -0.0626507725324178
-0.417024343120002 -3.86327814186584 5.48513843390605 -0.0235048842584468
10.4711002170781 3.98474825012271 1.27418711429499 -0.202958614289269
-7.58299952808639 7.56803992954015 0.0047675137082888 -0.273197325046525
-5.74800382566495 5.31243216136007 -0.352626336770064 -0.0749621260837148
-0.355762737998156 -1.93990488058157 3.58924737158748 -0.3615778032327
-1.52060424766188 -7.00083065004671 -2.45143312880852 0.183044497051192
-0.200370175912032 -3.77918748510161 4.75541573781224 -1.8832154055282
-1.13144240997765 -6.87546962204323 -2.19194627117413 -0.300740536671544
8.37403317066836 2.3611323824357 0.732765528465163 -2.49219945040902
0.697639903317092 -7.3612096862095 -2.29162258958318 -0.447728183563992
9.53645912084895 2.22887539728688 0.267086024485408 0.746954929691799
9.86028809010265 5.00377421967852 0.699069204216249 -0.0117242968769342
-0.292053819356251 -5.54344743135765 -2.0155259771796 -1.62604540975168
-6.28187657102274 5.52606066576357 -0.0040209804388279 1.00592432111441
9.99419783586308 3.66559152562378 -1.10911853753644 0.790199475194319
-2.00620407421892 -5.83981066376866 -1.34749998929538 0.188040754794375
2.42314022521073 -5.55808457973186 4.98970225924371 -1.89726634892101
9.35039765772497 3.49117396459497 -0.62047845993265 -0.00370161545866773
-1.73228674120166 -6.23925632700326 -1.75233946992727 0.410843440110707
1.46354783303031 -3.92915965220677 5.12066390859393 -2.21391287057466
-1.83283962372438 -5.71731536057412 -3.00640519565963 0.465764165240761
9.55752763311727 2.89957106450248 0.0731680556796521 -0.765970824973192
-1.47274476700248 -5.60265061049648 -3.35129381490953 0.0870235209638853
-7.53297626958646 7.53549311537172 -1.29894882718455 0.49624536809554
9.92112756865158 3.98827176193283 -1.28855744754094 0.136699743378309
-1.0940234069688 -5.31855848515 -2.14985072964715 0.606648323057267
9.421554504713 5.33422277578817 -0.621227928065649 0.336303828809453
-5.54302252042602 6.19534491672332 -1.73389455127621 -0.491243368255002
-7.77601336353051 5.06428190490965 -0.0750855861740384 -0.243557601499061
-7.49172140393724 7.83571568763784 -1.2945231685048 0.857436375773054
-7.4452939435511 5.45596102859544 -0.214990639250798 -0.221614460073967
0.697382042969536 -5.87293298353199 -4.00368670708533 -0.061076904378374
-0.171197565307556 -2.59462525140549 3.74246203241786 1.54876353784913
-1.72077064524867 -5.75196010608966 -3.914235696934 -0.0830608928708599
-1.69264425360221 -5.80655577089708 -0.943537600586921 0.741169101110905
-6.73925312762748 5.14464958146289 -0.552910049945558 0.491582949087201
8.46818966056649 3.66296219245627 -2.8269098269814 0.502595725098509
-8.00997061394555 5.61281343493155 -0.207679592113043 -0.195848151618381
-2.31145207644882 -8.09445144442753 -3.07545205023472 0.382187699474241
-0.00115475228607972 -6.20604423649655 3.74582273937061 0.330230368427109
-4.63615369693368 5.71521971582134 -0.904426024343432 -0.523463165637948
-6.68726838816039 5.88663170650113 0.636674220709871 0.455572821858859
-7.77483904965205 7.41986829629679 0.704249753998483 -1.83632944342407
-0.461248855571008 -6.75769535377058 -0.66758357255755 1.24599351748955
-5.69915826152562 4.66107934653219 -0.955190180380245 -0.74308475559848
-1.22065429314874 -4.89691755643053 2.02207336149755 1.25214205290349
-8.4237834099934 4.82748403373297 0.667944677930479 0.187995679815763
8.50129139260735 3.47312115999569 -0.426279037396116 0.162984353648871
-0.620654621228623 -4.99995769504428 1.00025823268433 0.713846701898445
1.42996413266159 -3.61850954995154 0.607130541179604 0.457700740942963
-7.3506163450152 7.56470142322998 -0.720460562356395 -0.0798371198178731
-1.51259034580651 -3.60764350210007 5.33186315864291 -0.466442939733822
-6.64901452526138 4.90564714252038 -1.72002500416939 -0.582172667325784
-0.620795291854046 -4.70746867453103 -1.77782697120259 -0.510289992404687
9.26052872337412 3.066506255236 -1.34016484742777 -0.367617288955657
-0.509371217883809 -6.21846321762869 -1.58299316791372 0.676256069842847
11.2726926949955 2.61907323821151 -0.20066100615425 0.602097969000137
-5.92365028912629 5.15289369131469 0.07310896313052 -0.991759065705809
-6.33203165628403 5.97573569187569 0.41381531351864 -0.294685494218919
8.80331385776433 3.08719348366687 -1.16106890361711 0.678699081269609
-0.923361520054953 -3.52746472937079 3.83858177952984 2.32249291015505
-5.84303482048745 5.58007826630229 1.49384170629061 0.353689017254433
-4.42560103234913 4.79236116962999 1.0816978488578 -2.2570805770145
7.52586824035743 3.56489020811945 -0.54741007909698 1.52994429558709
-3.01595727574632 -6.5023679589183 -3.23715721337531 -2.06578763407923
-2.16737359728083 -6.63281355218163 -2.31966083555504 -1.09760141934817
8.07333321375017 3.28526755121981 -0.92194671173444 -0.839922350666867
9.25690462713214 2.92630048643959 -0.611918482212757 -0.827549968278127
-0.601938584761831 -5.38495956064994 -2.60776298634904 1.63019595930451
2.22119372556403 -4.05642940963656 5.54152325362329 -1.69584555339343
-7.39596819033403 6.4597697300717 -0.665091247234095 1.51962197700075
-1.65653408104512 -5.71742515630667 -2.35279692986614 0.76732227741864
0.427155895677311 -4.73614857082261 4.34919747639119 0.607198475624267
-1.35170005029226 -5.79490963434965 -3.54162081509112 -1.15538789037642
-0.52529663165588 -5.48092955331955 -2.03949293979607 1.02648225679424
9.8239708485199 3.73113157035655 -0.0030307382415076 0.655888820108304
-1.09363277506227 -5.27245987012077 -1.98460933874666 0.222412732055239
2.09899219670711 -4.35371681327859 3.47962817908026 2.2570851917071
1.07498505996379 -5.16236497128655 -1.91402007919294 -0.924758510778462
9.09122950184203 4.28164610245004 0.0819545932103589 -0.129252255558646
9.00081014040666 2.69975547771292 -0.531462364185364 -0.382478585698157
9.37911841422182 1.32218248677666 -1.63715199736278 -0.228969810994176
-7.06543716895141 6.06896855774094 1.20343449982222 -1.86631666734638
-8.18721091195955 5.04608516211711 1.01523865853727 1.56764016538359
5.72539443938133 3.73936370370819 -0.64419613849462 0.935414227507288
-7.4405381264085 6.1042238347171 -0.437335199459509 0.36353293322399
-0.265383618176438 -6.74769926013659 -2.89506489524734 1.52114230365997
