"LD1" "LD2" "LD3" "LD4"
7.70099940120621 -5.21386976125709 -1.51875972916978 -1.70074297675738
-10.6049721037468 -3.50739079249568 1.04779294572213 -0.656719631777376
0.737704950101633 6.84716840884674 2.4284402727444 -0.962878559041186
-8.45954813639236 -5.28812666012504 3.06688584159089 -0.964497692394853
7.94522806813889 -3.01816195534944 -1.40421626562124 1.4415296264154
1.06798994172397 3.60224330382533 3.05373578157008 -1.66138251490059
0.85217607118549 6.07884036232559 0.85614608399268 0.829098553505266
8.11016372637217 -5.10390386093429 -1.16604568821992 -0.307180942396452
1.37065244707916 5.997888659969 1.44321089156844 0.152840940053229
0.771505934628978 6.47108085247764 2.05856505792199 1.07802279808186
6.84812378163436 -4.40042087519195 1.18279498224813 -0.828985343872244
0.279897583835349 7.84671632155933 1.38531471567316 0.149722700253827
-9.32617530303995 -5.63850161583055 -0.0127066597372778 0.27954943675374
8.42286144438377 -5.96061299093859 1.16905141552744 0.279859771261177
-7.97446742181197 -4.24785825274858 0.581069019050743 -0.176537342363608
-10.0651677989346 -5.8599087559716 -1.20753019489844 0.38638609746293
-7.74931417485875 -4.10009962898098 0.90199185485727 -0.675718800600338
7.53121574373125 -5.5643140231054 -0.289908845290268 -0.354630804967173
-8.57294906966066 -5.22649044885265 -0.0711089834509134 0.0703280407500149
-8.32431200965387 -3.39472995303891 0.966226214522165 0.475325007029149
-9.92669168817174 -4.49994153249256 -0.185286972372922 0.571244721687311
-3.30136925836598 4.17818400607231 -5.70151704687502 -1.75672744659449
8.70921294890227 -3.71020690671597 -2.74851737035508 0.871009080868247
0.802930490211926 6.5799131748956 1.49360037523585 0.379261224404264
-7.1494265769269 -4.23066639754598 0.513650932563251 -0.553114676717455
-9.02477219876212 -3.96963569832973 1.27959362037569 -0.166128076252518
8.38618645435709 -4.93429961463291 0.394959011523896 -0.650861330847743
-5.92689948528661 -5.06618723137661 0.607493818519368 -2.2005692396175
-0.0257923372585828 3.16836216498921 -4.54167517306917 -2.58505749464089
-0.681700256583934 4.62289254829445 -3.06612797663895 1.18116712969576
8.76705426013112 -5.01847767797421 0.268901720705494 0.221232714378029
1.79534947542899 6.13348575565024 1.27810893825944 -1.40325105130867
6.51246608319646 -6.4005622671023 1.48543620931034 0.724685950216244
-8.66941605074607 -5.38380192121799 -2.04996120716257 -1.08073108532804
-0.0433223452908484 6.13475407162128 1.79983443513222 0.599081849872986
-0.315542177931165 4.74420910875198 -2.32532480037684 -0.425805299991878
1.28277766875551 6.20268748402669 2.2194748162311 0.000631648414003281
0.527025464033699 5.00000895351848 2.01633128362989 0.249903317737329
-7.51638731255042 -5.04109338639895 -0.501669461848206 0.433255750499398
-8.55543237722899 -4.60748199292495 1.07749183403167 0.464689379358235
-0.953063961419471 6.37984264310994 -3.79788570050625 0.434127836611916
-8.97081516497843 -6.47717947081014 -0.336527404197186 0.649158623021413
3.05198055368215 5.3145651464424 1.85677599341221 -1.37473429652623
-0.801099228830286 3.13544083605029 -4.81359934421111 -0.56941514220035
-3.23393610508316 4.61641349081119 -3.98756961532806 2.77474908105807
-9.19980657433841 -4.48653324834245 0.391802519775322 0.00514475150196733
7.55234758127007 -4.60229919311482 0.548563616830975 -0.127212985991906
0.921517581420166 5.61409792518983 3.55577249030965 -0.13333466496698
-9.63447310240859 -2.12292212425992 1.51691915065208 -0.219721381373966
6.8368071924278 -5.12733274347904 1.47000753715354 -0.42976086847132
0.139721061901133 5.45461292252428 1.02995706131534 -0.772465160533323
-1.41056895757876 5.56819045976786 -5.01579213366552 -1.93491248481304
0.993681017179368 5.77164132880949 3.65272763930189 -0.836141015563631
-0.0173752657036959 5.10569647135606 -0.972752757005126 0.743827152886114
-9.36498263054411 -2.62065712534552 2.10186713144788 0.185618488547137
1.7919737311547 6.50644609099621 2.72031967984693 1.03333427728967
-7.80489575382743 -4.94742443139633 1.54548825746141 2.14055967092719
9.09906412734446 -5.7545303792742 -1.88886291354502 -1.22474837738079
-9.25013483594126 -3.30068794752894 -0.044079007749628 0.564345496241694
1.85489387455448 7.04172462251067 2.58833052227554 1.0151255025415
-7.91571793032192 -5.44526530518318 1.37411052495152 0.163902440133337
-7.36434198034439 -4.2458389465587 0.481836316351052 1.4342535249239
-9.89294776458308 -5.38720561456236 0.0077057354390654 -1.60895889660707
5.58269987182925 -4.6091794193088 -0.899639483896421 -2.12224504304458
1.42288668539723 7.36027583287377 3.24035588551634 1.41191141525309
-0.362440645243728 7.0585860480914 1.65958679964077 0.0616271127189046
-8.66150883915287 -4.66893261428758 1.07405828197081 0.341057288972835
9.45615386372575 -5.33945880114645 0.650508159853191 0.819051284637796
9.20621521099831 -4.17394745332385 1.56814475337519 -1.87500700225641
-1.57899550744543 7.30529374383091 2.2896218667473 -0.194280045327712
1.17387274643601 5.97899942801116 2.60728235999422 0.409894571141288
-8.56755376502081 -4.85307226131719 0.147274259511924 1.48295046145931
-1.67001322324396 5.07750260425668 1.8582006236768 -0.560915217845246
8.28918081058222 -4.27341494762373 0.874927601128757 -2.10353317828084
7.34512622893418 -4.67723541637279 0.354571276335512 2.81458860250038
0.512683611018447 5.14092205788929 1.83666039042068 0.771478390371139
0.328549962457632 7.60909398007351 2.62660619095913 -2.21720470093572
8.11552316825318 -4.05212893187772 -0.348366594580781 -0.144583804559235
6.87536064875171 -5.97715457134602 1.97646165920055 -0.679094451501737
0.874984177858697 5.55253914605836 3.7827225197177 -0.208833038703263
-8.7706311203284 -5.84501301179035 0.591366380568462 -0.34831197631678
0.183601196921381 7.26155432963357 1.49483623223336 -1.13690308475266
8.31883497887318 -5.69725524884407 -2.7397309419243 0.0235149830664847
8.83902685987227 -6.04919715202017 -0.458492191478651 0.849955693503845
-0.0536379947968416 5.39665800600692 2.71656648869208 1.43750703786823
7.64408523908427 -6.39350383352672 0.448823275391618 0.127045638675841
0.769157638883626 4.18387450322033 -4.17462879198498 0.565471893374817
0.344434210046365 6.76338524574407 2.71070735900041 -1.22931076763712
3.56191814184375 7.9164281689884 2.80970809061935 0.0794395866149472
-2.09676058137579 4.511135875119 -4.96128135313638 1.66937372817013
6.92673363537721 -4.60795708925503 -1.50713102784272 -0.539301752737695
-0.0111053367558541 5.83079568901965 2.91223668426185 -0.605946514143397
8.7701072948723 -5.63442941335916 0.741730272229818 -1.50243606881376
0.0420725489772605 5.79466531775361 -3.17609877005019 -0.69418545755163
8.16874363057848 -4.1200831392762 0.33270947898037 0.0172532700456798
8.5416319712486 -4.61258779212978 -0.674935233341787 -0.647886598173638
-9.59420183757364 -4.87999074459029 0.861435871046795 -0.328701864701927
6.87104408872623 -3.58211194145893 0.846101583511424 -1.11004862341388
-0.0826962414509541 4.3649832982261 -5.49586060497172 2.71465126365906
1.01839665074008 7.37220868137096 1.16291151375155 0.510817834504609
1.63609802460784 8.31813909841106 2.84953716513515 0.546176176331173
9.76906028273631 -4.31587609549309 -0.680544043770607 -1.24164535117947
-2.34132935615938 5.51249289484312 -1.83655731186476 -1.00515849968585
6.2073642954962 -4.16825016251193 0.143245019545784 2.70299723475672
8.581768966957 -3.75796384057567 -0.859252320515886 0.550187437213247
1.82386544226681 6.32785253634516 1.8604413774522 -1.40853559830779
-0.237862102913942 6.20535146435904 3.49873875649038 -0.449951851420708
-8.46974391391493 -4.08995314457654 1.68038207066597 0.565349082382598
-7.28178657126531 -5.47574311551788 0.635360511998736 0.926089290733878
-10.0289579973495 -6.21889678544266 1.11698244449486 -2.36049348603419
7.6533472326749 -4.63776417426176 0.654881417143202 0.201334300712083
9.43157899803062 -4.1932424920393 -0.513744222761719 -0.0633140260001847
-0.314858559841153 4.12795869217061 -5.58784941098142 0.0612531516507259
7.73091769128443 -3.23775370841682 0.460859234016087 -0.255413944318963
-9.39613946493784 -3.88246550696575 0.0641312209758828 -1.0135704811493
0.923095973223576 5.93803254557199 2.26537902946838 0.954939834055965
-1.94289565833002 3.95306739286251 -4.61126044307961 0.531257488263889
0.305955379935054 4.56230906986099 3.5869038443559 0.546083924884321
0.325532905811283 5.28192992476153 -2.2863831160793 1.53623242184037
-9.47856032335134 -5.98447827879856 -0.625844114971101 -0.232975190013606
-0.962784967827629 6.40740660471872 1.98889063731274 -0.667484848720998
0.660754071253935 7.47389090449126 0.526870158302511 0.283365684785899
-0.617384117620733 2.40950849227453 -3.94879167898846 -0.433058856005534
8.70898797335918 -4.80457579311905 -0.426540533327414 -0.638682317400336
-8.56268747600379 -4.88031251001129 0.336953730112709 0.129850717853346
7.09560975499441 -4.87344793194756 -0.224028297815846 1.24193377337555
8.73411486397734 -5.61274616409161 -1.62690563623576 1.99122148387609
-0.122112920034169 5.46762739594276 2.10607059026631 -1.30052868772128
-1.36948749019217 2.97109858379287 -3.00785669804313 0.598904594622611
-8.9568928570533 -3.41092440474197 0.162242879980227 0.573773914057875
1.23326720839604 5.84753851090975 3.4818001544255 0.599573912302192
0.750335464298097 6.0898328461136 3.67972028072515 0.111164598095093
-2.90960701061288 3.60565993628995 -4.06128193402968 -0.696035273562312
-1.23711460279779 4.99109953401874 -2.48971814518834 -1.04037088928367
7.37984266742951 -2.88205798397752 0.323266875588829 0.409646577444744
-7.74214437687118 -3.52725980430771 -0.228313092544598 -2.79026194404391
-8.22211317402911 -7.05932021575233 1.38797824170225 -0.501609390626915
-1.61635109686735 5.06494518691606 -4.58348765717117 0.530350206603604
0.221250733328453 3.82321646037909 -4.70055361392687 1.37788879174477
0.312849177567772 7.48368985328345 2.25972175713306 0.273184103138899
8.04534524465932 -5.07026751328413 0.692173852940533 -0.0839007045651841
-6.90961400232159 -5.13748361675161 0.257456878398782 -0.643001108960748
-2.15009383480042 6.13676368651721 -4.39124271008907 0.829257653453595
-7.91391373352953 -3.73112892474382 0.488344337485002 1.14666061415485
-8.79950938578228 -4.05455874830577 0.934591242827323 -1.11339946695757
-1.51101654482434 3.3019307211208 -0.37602554928106 0.598982517305768
-9.68477404659015 -3.97754734430531 0.730422204441433 -0.348560341764819
9.06022405364628 -4.95581820403793 0.210702374352952 -0.200363190665925
-7.90170754003966 -4.61893238084954 -1.90422906376412 0.470857441379021
6.51961010610343 -4.69292616252408 0.0819054291968036 0.287713116569598
0.708927739058149 6.54461354434185 1.68203129306569 -0.402457627798573
-0.118379833936614 5.26495621449963 -3.9596246431652 -0.987494266109593
-8.4706035246564 -4.80321710829235 2.59998452547895 -0.0853492025535742
7.13291387030974 -5.23448208593258 -1.16210832967431 -0.410981029996481
-10.7271259596075 -4.00240976118075 0.576102015236145 0.420209042847705
0.728043808981006 5.13506946712886 2.38410801859501 -0.204346582143752
1.07356399214975 6.82396969967893 2.60497882482231 0.565608344835061
-8.48506903229823 -5.75309206357814 0.828472588610901 1.07488874988429
-0.275655396247538 3.96896103905706 -6.6911498350205 -1.89192652057776
8.11679162549916 -5.01548968241641 0.175341629293595 0.481591889481794
-0.0703546704244463 6.0666900732777 -4.12997309324704 1.60178307838483
1.81785478456248 6.14598409510995 4.28254315021246 -0.156258987410672
-2.74729155236403 3.67238381089334 -4.10656418510663 -0.0581275232441699
7.2279910445979 -5.89104110145855 1.5037174098516 -2.88126861600091
7.01957420786925 -3.87545845950831 -0.404702445250865 1.22950233354921
7.97542276457655 -6.06788562677181 -0.637431235502859 1.5917218117014
-1.82615090572252 3.88702278816569 -3.50129891369154 0.301180552520257
-8.76832925124502 -4.61506616473225 0.864693425738364 -0.0832210493690306
-9.42124853924195 -6.33455214688231 0.52432776915644 -2.52860782321444
1.98194043992899 6.98032046599971 2.99712916350219 -1.77482049850384
-8.83228701333979 -3.84108629604135 1.49125095857923 2.36937165751876
-1.90162288002359 3.22400371069223 -2.94667361390622 0.460434567791726
0.121869199616491 7.40660649463328 1.27058234576886 -0.575839780177391
8.84197920584019 -7.21667572361918 1.17593752219471 1.05526789458441
7.72319904107437 -4.42209219782394 1.6972999026864 -0.324365588217103
1.3906831820436 8.25217907511106 3.22847960408488 0.227410909297515
-11.0753853853912 -4.9650510312715 -0.0826081948742738 1.15874614858999
8.1906245603986 -5.72000240512303 1.05786960394027 0.547887289923459
-0.271588049805745 4.8474847812405 -4.42661866040877 1.36794113357963
6.02006149166489 -4.01016097337165 2.013305780924 0.428603304650596
8.89845729411777 -4.5573961614077 0.214107587833599 2.50611426698916
-1.22274305551512 3.08538746517927 -5.51566053678347 1.52281363045628
7.77353162188783 -5.32243868990676 -0.705328607163547 0.65026448967422
-0.660994061896037 2.37336331730034 -2.85667426776212 -1.6389796432903
-2.23687277378468 4.0566102776191 -3.67827441752121 0.432109844367425
0.0860790673685533 5.95100658789936 2.52726096330019 0.608874283342489
8.87451737500798 -4.73915059992387 -0.797304067407236 -1.37796660376433
2.82181789267321 6.55573322908125 2.00593069014537 -0.258914498852282
-7.88638371912696 -4.53344958851211 0.703261061496613 0.0243202888132535
7.70724785997027 -5.98494769521789 -0.832767793985812 -0.604287904059328
-2.2119270398216 3.90042828246394 -4.98673603286174 -2.52090063763668
8.51165664157073 -4.95500441467631 0.423869732926576 -0.601801738146172
-10.7024775398811 -3.68730748000106 0.87892014772006 1.18887801254149
0.708798825622977 5.63979785672122 1.400129140033 1.44273148062251
1.05270047570927 6.32539653252535 1.93947502127907 0.190415877388092
8.48218263797602 -4.26547198842576 0.430768664188751 0.73823223402887
-8.75856520211305 -5.23045553263175 0.562155216754017 2.22182789736989
7.0376955031882 -4.29205034070103 0.638600176740374 -1.54369689556719
1.10638351264273 7.55714851262735 1.98577211862448 0.462153725645878
1.78875743939018 5.03125698223241 3.29326814411739 0.37032479965554
8.69659988595972 -4.88228423958697 -0.335113647515577 -0.707309929054822
-1.34018740407137 4.35140312866254 -3.84234522529139 0.31078511621728
8.49766345333096 -3.47327867064114 -1.49599443040071 0.904162363797643
8.92252459807499 -3.55429804391671 0.495654693971722 -0.482408198055736
-9.57059139209615 -4.76843634475634 1.25710928834765 0.666933060027393
1.32208123214678 5.51696577602902 2.73860066268025 0.756924429005241
-0.233905436061247 6.40485396977321 3.60372663037034 -0.571764816639831
-8.45621981255448 -4.53587599734744 0.463881420674212 -1.18975739656285
-9.91107369747155 -6.04028523088076 -0.353930619777095 -0.359121005327663
-9.44692099134429 -5.34267538938458 -0.542803436612832 -1.34924408575931
1.96642533255593 6.5069142988084 2.10117398847589 -1.51285907002756
9.23189793023987 -4.40562927629702 -0.930506594116277 1.44789012802894
1.17487607927416 4.50483242797332 -4.30941604616782 0.661895984244165
0.130321056805223 3.99825958930503 2.00930957706575 0.949931395567761
8.94946178602963 -6.9645077669436 1.23654364189131 0.727436163732433
-9.60650424737277 -3.46529599909081 1.55751849514183 -0.831518954105697
-9.21347403509374 -6.73150201664568 1.18842735148221 -0.658907678600618
-0.309579601709877 6.44492497514488 2.56623071533096 -0.736231155635294
6.9504654890968 -4.73452074096763 -0.00842721931016566 -0.961336493537711
0.0522929660084705 4.72499743025577 1.89341710967026 -0.651133896364384
8.14251659227932 -5.19742372259042 -1.95975131472047 -1.2508143622539
-10.026123877103 -5.05818421278638 -1.21924191209411 -0.0612829640883954
-8.3356288418501 -4.11297813256018 -1.02200024392362 -1.1849228668861
8.4762016999151 -4.53480577377724 -0.145746631936765 0.138284082524195
-0.507567644843342 2.90928162552029 -4.02557988023616 1.78064232660078
-9.71133884325032 -4.91488378663129 1.2083284024961 0.178790615179049
7.8371159663675 -5.05123494012174 0.54081206952036 1.8224468377857
0.432900443106334 4.50480956653113 -3.29121147724254 -1.38581138348312
2.0711751404863 2.94794777210996 4.79934450119231 1.94390261442083
-0.336053967952194 3.33068513151279 -6.19174376227035 1.68784488230092
0.0491315964241579 8.31135580668525 1.23406578761805 -2.15789275371109
-8.16706998961741 -4.52144329938911 2.79359415539355 0.529708783656666
0.723812873772252 5.81350407183934 1.36076274020355 -0.567019533039844
-9.29398345666396 -5.92022050834026 -0.00175436694852052 -1.04403471687487
-0.738384779392912 7.03991887677043 0.45842157898825 1.34288572945224
1.56434052629555 5.92721809923117 2.32473251114516 -0.563492746313424
8.4109009064233 -6.70095392844143 -0.298198005800521 -0.282190133047966
-0.171338913825271 5.52124673063283 2.10503889368942 0.924828229389932
7.01839998110609 -4.7495762405446 0.159824376788816 -0.266729772532857
0.507096327101599 5.32335190168857 2.36223780127209 0.287482302432143
-5.81670446248525 -4.01315007558344 0.238022069146225 1.15964608177879
8.16230358247983 -5.75291066109177 -0.172388920998145 -0.00803404213028608
7.57550974580532 -6.36033102350491 0.0160536206896405 1.42344800345641
9.01561572091105 -6.05273161167652 0.506445195789709 -1.55395208529634
-3.33871083904653 5.41145271219185 -4.80698836067925 -2.19304306700586
-2.64264436521949 3.08324442655696 -3.43693257776706 2.2857731958585
2.43097289978553 4.95418514410596 3.06398422219027 0.509818061180586
8.40031243684181 -6.75765880971773 -0.459099253619446 0.871037543201426
-8.98994576406505 -3.39556590650419 0.207325627773538 0.17205028184659
1.16845458241915 4.95671919187456 3.73984679673237 -0.52417172728428
0.935501717027713 6.96231603938578 2.74064384321392 0.0154199673154325
-9.48640132257586 -5.68049542095505 1.81212644000073 0.989269823257731
-2.33656566898887 4.20817974634921 -4.53537244176592 -0.603586874218321
8.62797275649325 -5.51538993041916 0.398602701932722 0.538738605642521
-8.30142262660212 -5.45763482197523 -0.370512651696124 0.308351477981148
0.813949117332264 5.36647088454466 -4.61111670521644 -2.20333268859284
0.50617900766268 4.34842597001713 -4.29796847363634 1.15204314412466
0.537886536901509 5.6497580117394 3.87480866319621 -0.332496134968304
-0.0665232140106428 6.44708147213938 3.32809808103795 1.32685272162904
-8.96813014037506 -6.15070950638243 -0.359538524155128 0.607728585090446
-1.28914484721922 5.78946260666403 3.91530834674291 0.434960454538141
5.28308775794847 -5.17473743097102 0.650885721630769 -0.395859876579152
0.451239153379508 7.167248930622 2.09223987043291 0.0676310747314264
-0.218477410547688 5.83641525365463 -3.12623094584868 -0.374777011142474
8.42022866115182 -5.83434558131627 0.655016299354035 1.30653946517817
2.08264280005267 8.28600394928059 2.49811603368679 0.407848055795683
-7.31335974139174 -4.31279215616961 1.13914795585198 0.796535968150899
1.27332141421832 6.50262765750659 2.62192052869079 0.412516675719824
-9.19761766769529 -4.66469833912691 1.24507096669886 -1.33793827546555
8.70996450323409 -6.97524637192417 0.632828400910713 0.160652219124846
0.283984977500538 4.82755371079914 2.33612991403256 -1.12449326292609
-1.4306129055701 4.45076474266654 -4.52135390038951 -1.17763023562394
-0.501818625327529 4.06135150945805 -3.73770640351369 0.339949610758372
-8.33545640170317 -4.03521941370315 1.16011397926331 1.00847282490758
6.52370325566759 -4.1386704330851 0.726299135433547 1.88179978917272
-1.65566814941619 4.41644959641973 -4.44568767521375 -0.195411962651447
-0.878594889602123 3.88958895071505 -2.81639848273205 -1.27527444445677
8.156647664232 -4.29430114839499 0.0670666986549603 -1.02854904711834
6.85694840261916 -5.11488463566279 -1.47487509568101 0.371966823416802
-2.31458890846347 1.76435166249366 -5.32825043663051 -2.05201872544179
0.494685138183597 3.75481752964921 -3.97389407606324 2.69410519361838
-1.54082997266777 6.09500931720787 -2.6206074176623 0.991712932848759
0.675004186321004 5.04940012207647 2.24100352228278 0.116897511749662
-10.5633472063106 -4.50103768962677 1.14039041328417 -0.0807637458591938
-0.563755901632744 2.781598670852 -4.20366897768344 0.59455242359869
-8.40022493681584 -6.53854663575438 0.862027141942489 0.485488089148902
-8.46251846970859 -4.64119323936473 0.886618887212761 -0.860836584097879
-0.350800308990503 3.88932686588641 -4.68955426780566 -1.88942445429033
7.25365693023549 -6.41129305047574 -1.33885395483747 0.608406394010075
8.79683061780821 -6.66050782802689 -0.821310161872812 -1.88870861946539
0.292214424932305 4.76669264177795 -3.13536297569409 -0.907412428914784
-0.491523515888993 4.18870450406409 -1.41709205846304 1.69436226081629
1.65629104671814 6.60093791842395 2.72315457881522 -1.47063838006032
0.0172505869279531 6.77074039839897 3.49814667952508 -0.153401851716519
8.73185273250259 -5.05443992465694 1.45941422225063 -1.98170346819422
-0.428062732962643 2.68408497838993 -5.32076518339545 -0.431231162139039
-8.27052859900351 -4.28703292109271 1.10597516500512 1.06907967088832
-0.279943597149817 4.08311795110766 -4.599771048886 0.321981970820805
0.626155251241298 4.10635008320323 -5.60310607958309 -0.300915380827144
0.872584246578856 6.1475936311162 2.61005244010035 1.01655851862284
