3.70387540910452e-30 8.18434223902201e-33 1 9.2812634603202e-29 5.84343572031243e-49
0.999999997423547 2.65991025357816e-13 1.96168312629019e-37 2.57618657689184e-09 2.30242855742389e-40
1.87816270645296e-44 5.84619023685153e-44 1 1.94510000683116e-41 5.45139905473555e-57
4.78279905298049e-13 0.511248078372593 1.63366586563957e-42 0.488751921626929 1.2636240982158e-27
0.999999999993737 3.76049480564054e-15 1.55462529937198e-36 6.25946719978304e-12 8.66403740193248e-48
0.999999999999954 2.01764762730246e-17 3.39986840143992e-40 4.55944493448209e-14 7.0295630533968e-67
0.999999999998192 4.73823753965542e-15 1.8274956363241e-34 1.80352866695759e-12 1.34744494311098e-43
6.18612498358909e-35 2.5251780996236e-36 1 1.51490005853725e-33 8.67413069448737e-56
2.03304963789451e-11 0.0138003131833575 1.20325969645028e-28 0.986199686796312 4.33311159134822e-32
7.72835770792273e-42 1.21066475806004e-30 1.52163599987354e-46 5.93497799115718e-31 1
1.62735636025539e-47 3.49949081499621e-38 9.49006223656448e-61 4.5489134540178e-39 1
9.99725595069712e-45 5.04014886797442e-40 7.52969786938968e-58 1.92063550053442e-39 1
1.4062688314649e-33 1.0357242459865e-31 1 1.31579178451394e-30 3.48438245766928e-50
0.000115248655727953 0.000906669151574645 2.71147617518715e-32 0.998978082192697 1.60388064159768e-33
8.76537336743189e-46 1.0059484649849e-41 1 4.14196683359754e-38 2.04552491285499e-64
8.44298537686348e-14 0.0366524583108227 5.87076338330739e-43 0.963347541689093 9.70259004136004e-35
4.7729036442115e-43 4.6277807225508e-46 1 5.5134631912428e-43 1.05177720503434e-61
1.45145067484897e-41 4.27526885029988e-39 1 4.90559602314434e-38 3.81492527471234e-66
0.999999999999984 7.48597401506492e-18 1.32706079102202e-47 1.61420991824544e-14 2.67849621453206e-60
0.999999989511658 4.75521028108906e-10 3.50982935006829e-45 1.00128212159679e-08 2.92340119113518e-40
0.999999993975826 2.16412403035948e-09 1.32304450532184e-50 3.8600504195965e-09 3.64526232638319e-53
3.7907408765045e-45 2.28818691606102e-35 1.0218873982516e-56 5.14250017916914e-36 1
3.01493841468267e-44 1.0197715186731e-33 2.5979261862915e-54 1.41047064054092e-34 1
0.999994988253367 2.07132208907629e-07 2.55583399670314e-35 4.80461442379561e-06 4.69805381809411e-40
3.06414733274347e-57 2.80651144575355e-46 4.19557500918885e-60 1.68203019674395e-46 1
1.25237618060257e-41 9.76203662022543e-39 2.02068561261863e-54 1.99932122089631e-37 1
2.65423206130825e-38 9.40977556121005e-25 4.54661319930675e-54 3.42448019151479e-27 1
9.28898980783324e-40 1.03900653655428e-41 1 3.77663327467576e-39 9.51723401213721e-61
5.47784230868857e-42 1.36601044889746e-34 6.62464714062682e-57 1.23709401038454e-33 1
5.19176160939199e-37 2.10245271068484e-37 1 7.95317103726178e-36 1.06195483987953e-61
6.95048420921337e-44 9.3100282066952e-38 1 1.76822731501351e-37 2.68892010577298e-62
8.6971859705253e-10 0.785601599685748 4.47165142368092e-28 0.214398399444533 4.04386752311737e-28
1.22191645998731e-35 1.20775655347149e-37 1 1.7920743232062e-34 3.06997532313262e-61
3.19884325908166e-11 0.134717076995639 2.72063519303636e-40 0.865282922972372 6.35934225734791e-38
0.999999998155599 6.49757415095528e-12 2.87063518270869e-32 1.8379030888425e-09 2.04144883111047e-41
3.40523720676952e-46 1.00905448869128e-36 2.83312820028615e-62 7.96774219270667e-37 1
1.1294355016335e-10 0.00204317874491081 9.85748312046481e-31 0.997956821142146 9.72878503740087e-39
4.80298775256509e-29 1.04839603269307e-22 1 2.8498944082445e-23 1.48566243555622e-39
3.33636521992539e-44 1.56129836773454e-28 1.2138181008986e-48 1.13320571260556e-28 1
5.40232241352877e-18 0.988698494500067 2.58295183186666e-33 0.0113015054999334 2.09730288204681e-25
2.21403513974708e-48 2.05511625686093e-50 1 2.14290880550792e-47 3.75141800664807e-63
5.59853850244816e-42 8.72465222380995e-35 1.02133310728142e-53 2.55828230227897e-33 1
3.80728468552744e-36 6.68225544457899e-31 1 8.64370798293059e-30 1.2997473703866e-52
0.999999936408849 1.98309067480684e-10 4.1381857688739e-35 6.33928421217753e-08 7.95660944739682e-48
0.999999999973007 2.64799289480314e-14 4.33221858241472e-44 2.69668281204445e-11 3.52758252428369e-52
0.999999999880025 7.20149132777892e-13 2.17964587734489e-43 1.19255212834768e-10 6.13997377410684e-49
2.05072000260263e-11 0.0203923608626007 2.56302731706944e-38 0.979607639116892 1.16859869808641e-41
0.9999999994447 2.90611725800932e-13 2.5554563081304e-36 5.55009096152042e-10 1.83149797924014e-46
0.999999998823478 4.33790229708547e-12 2.17566236431519e-37 1.1721838776894e-09 1.01340217078238e-55
5.20312957663368e-34 1.5311849539842e-36 1 1.38696482902557e-34 1.36677996172232e-49
1.46023110576916e-43 5.06186844100028e-46 1 1.42343460070142e-42 2.74021228463953e-68
0.99999988198089 1.85214645092772e-09 3.22597262685651e-46 1.16166963875646e-07 3.76279091500321e-49
0.999999972619022 6.36183744565185e-12 1.83056972934453e-41 2.7374616513319e-08 1.14094353651548e-47
1.81136081368964e-48 2.57929128693379e-38 1.15629268890681e-72 8.34846181594614e-39 1
1.20492490532351e-39 3.57606810306674e-31 1.49965682467718e-51 1.36387683564886e-31 1
7.80523564506706e-43 2.0224669784969e-42 1 1.74956975881153e-40 2.04448698108996e-67
0.999999999949359 6.21719978295025e-15 1.03083902576248e-38 5.06351182586752e-11 9.45310537521501e-53
8.09963412180254e-48 2.73769959305468e-41 1 1.67444210650696e-40 2.389784839528e-67
9.09904577589994e-39 4.94367621953473e-32 1.7976981938793e-48 4.74826184285425e-31 1
1.61611435878744e-37 4.82444436637295e-38 1 6.24255840170392e-36 3.99366921461317e-63
5.44091697388564e-10 0.11514669002302 1.11551276514314e-31 0.884853309432888 3.88008870969602e-44
3.41332461912955e-38 3.36634451941173e-33 1 4.10793514086899e-32 3.57330883073796e-52
7.65423719960353e-44 4.48501428087579e-36 3.56266102970259e-60 4.26158954035008e-36 1
2.13558988508194e-43 1.6357996795279e-35 5.85830800041768e-65 1.25002818301173e-35 1
1.28937456233589e-39 1.78009019876909e-41 1 2.48921111166339e-38 4.17825367664835e-48
2.24597388609832e-41 1.66045834836819e-41 1 1.60413380558405e-40 2.32498876610445e-61
3.19381751748425e-13 0.779214838933924 2.1054728102049e-31 0.220785161065756 2.60753870736709e-33
1.19779867754059e-10 0.095174289155492 3.58624705953221e-48 0.904825710724728 8.68850281407259e-40
1.36647371448753e-11 0.137306352342257 1.08960651792144e-27 0.862693647644078 1.37303526207538e-31
1.44589044548828e-47 4.08068523438994e-46 1 6.24964391125599e-43 5.10928592854772e-66
1.67135612509408e-29 5.03960464709006e-31 1 2.12809065404239e-29 5.37607615403369e-48
8.37286037680451e-52 6.06597756328421e-32 6.47614233333459e-58 2.57987660455967e-33 1
1.25372406187825e-40 4.05769858607188e-44 1 1.09090457661602e-39 1.08175066483339e-66
5.39178889184925e-13 0.965081374023832 9.33954283145419e-45 0.0349186259756293 2.49122201889655e-42
3.68378803446759e-37 5.44695996260857e-27 1.13812445306932e-39 1.50801225377771e-28 1
1.79104854511749e-46 2.92154367855627e-38 2.67335827272453e-53 8.60190739955416e-38 1
7.04415874930027e-42 1.14216955744109e-36 1.41204941271279e-57 4.99492937013393e-34 1
0.999999999934482 2.06738467199906e-14 3.02016151773453e-34 6.54972412268417e-11 2.37591450662147e-38
0.999999999997174 4.06600225382308e-16 1.17632293729541e-38 2.825461422001e-12 3.4168171067869e-56
1.4656609866008e-43 4.28325440462608e-37 1 6.92052011964652e-35 3.50179056869928e-52
6.08496647876386e-50 8.61553008651106e-48 1 7.29841628252788e-46 8.44295957528332e-64
6.11561022375607e-43 3.1896998922707e-41 1 8.12133043918144e-39 5.16114033794193e-60
1.75689470145439e-52 5.20730350092841e-41 1.62237532578537e-58 1.40160431088827e-41 1
3.22346680155158e-16 0.0272998493702026 9.89557613611446e-35 0.972700150629797 5.08213422008048e-34
0.99999999987955 4.34667492904452e-14 2.88735231604331e-34 1.20406327541776e-10 2.04747568262449e-46
1.85214735303441e-53 1.55877959572598e-40 2.18127329227304e-60 3.12743035811401e-40 1
0.999999999998483 2.27651515031238e-14 2.35788190772094e-37 1.49447093293365e-12 2.62291385444608e-43
2.06935627585349e-55 2.61269463741258e-38 1.99532779398691e-67 3.62769838095273e-39 1
4.41979204328395e-10 0.170536722686361 3.77843360253437e-37 0.82946327687166 1.91650881937787e-30
0.999999995331704 7.26767607400829e-12 3.21356651736807e-38 4.66102827242364e-09 1.3347198957571e-48
1.23607741236717e-36 2.72674561014643e-31 1.77705629971929e-62 4.84358223100799e-31 1
0.999999999369898 2.30446579234772e-13 1.23681079891662e-43 6.29870968229314e-10 4.07810255015742e-55
1.04659480198608e-07 0.820710745798407 3.23672968331091e-32 0.179289149542113 4.9610270322391e-40
6.62227784110014e-06 0.261132946623394 1.47295862486989e-37 0.738860431098765 1.3324360157703e-42
2.75180641544416e-54 2.17304321048297e-45 3.3315697741216e-67 4.1454783347121e-44 1
0.999999999990977 1.92653497221177e-13 9.46856095667378e-40 8.83075231725651e-12 9.08324881894824e-53
1.72692967023504e-55 8.70334145529481e-45 3.04227667301485e-56 7.2123704307279e-45 1
3.74729866847239e-08 0.00981478971489818 5.6082984198291e-36 0.990185172812115 3.86181253018149e-37
0.999999927057527 1.40000777690699e-10 2.65590214819125e-33 7.2802472001623e-08 3.20333562373425e-40
1.12628876125838e-55 6.17149849817365e-41 8.78887918964845e-61 1.11060793482754e-40 1
8.82506931366266e-44 8.74638870688443e-34 4.11890350187209e-60 1.93161165523121e-34 1
3.9087167735442e-38 5.21373328679458e-32 1 1.63479166692092e-29 3.92574062884348e-65
2.4016169787008e-35 1.35151056310783e-36 1 2.7695312503884e-34 4.87715969418629e-56
1.41222288232791e-42 5.83401726173977e-42 1 7.60196838919528e-41 6.86942476356075e-73
5.51010542294568e-37 3.15251790558118e-31 1 2.48745384260117e-29 3.02101381243791e-50
1.49120560793559e-56 8.59848612917585e-41 2.01663880158546e-62 2.94941404057682e-41 1
0.999999999925876 5.97191080097405e-14 3.4947448979647e-40 7.40645356620579e-11 2.05921103446114e-50
0.999999958270555 2.32727780840188e-11 1.460849668755e-37 4.17061728171307e-08 5.40685267955824e-40
3.54065554360693e-43 9.22209987955631e-45 1 5.83516637730287e-41 1.90615693581426e-61
0.99999679023603 3.23796465192998e-09 4.59976090079252e-31 3.20652600559404e-06 4.47458027131133e-33
0.999999999985906 7.64128017053175e-13 1.77881409028697e-35 1.3329527606604e-11 1.23883941597411e-53
1.38215073571097e-55 2.03618069218693e-41 1.79893554632237e-62 6.20353708418131e-43 1
6.18907893580596e-49 1.98325075946234e-40 2.82177594498098e-69 2.5124033816873e-39 1
8.43256058673593e-07 0.0174963937180181 8.96550405342263e-47 0.982502763025923 7.84452004554125e-39
6.37235686746371e-11 0.423351593272844 1.59145166194841e-24 0.576648406663433 9.02002461093562e-30
1.59176238049202e-45 1.56921243883499e-37 3.99538461151257e-56 3.90861999146213e-37 1
3.13961117238498e-09 0.0627695804093278 2.6463370638264e-27 0.937230416451061 8.22923967519652e-42
2.0941433512867e-59 1.91078378407596e-46 2.26119768059774e-69 6.14556253525866e-49 1
2.48766561388969e-31 9.20067687238337e-30 1 1.06895584582781e-26 2.05973688782303e-59
0.999999991543941 8.96674402075054e-12 1.86943423198347e-35 8.4470922553795e-09 5.30888605549323e-42
1.38232295934461e-07 0.694369533475314 1.73412864529705e-32 0.30563032829239 1.40000205360858e-32
1.64730667528929e-29 4.31153058124531e-32 1 1.50936294598698e-30 3.96058514089753e-53
5.45814625408374e-11 0.00465921879958357 5.07039679397445e-43 0.995340781145835 5.28510900442254e-29
0.999999801957359 3.55563165496215e-09 3.92247797891702e-33 1.9448700882672e-07 6.41214788284236e-37
0.99999791601744 2.94489949228525e-09 2.66570097926954e-35 2.08103766056712e-06 6.46566092495605e-46
3.68661547547031e-39 9.69214623051529e-42 1 6.96654632349214e-38 8.08797091652374e-59
9.1300221512314e-12 0.240634656405355 4.00365140809876e-34 0.759365343585515 2.30105876902962e-38
0.999999999999994 9.85013540048587e-19 1.14922017934089e-41 5.64639756169689e-15 4.11701085997364e-56
0.999999999999675 6.96060256622645e-16 1.66146467639983e-44 3.24138578246015e-13 1.29659894080957e-37
0.99999837499363 8.49389753763453e-09 4.95950314731147e-43 1.61651247292805e-06 2.93250639834574e-51
0.999999448135086 5.57754932292805e-10 4.20502469639323e-44 5.51307159089348e-07 2.48175715629873e-52
6.20503233865113e-45 2.65852518351378e-44 1 3.08460235315877e-43 4.34616230018383e-64
1.02343392944176e-28 2.89632019837094e-29 1 1.23351475601783e-24 3.65186044813731e-45
5.20183794699482e-44 2.01845481088088e-37 2.88801678063099e-54 4.6759794601723e-35 1
1.8155484356751e-29 6.55644709604325e-32 1 8.07451330305901e-30 3.2907846906063e-57
0.999999999954415 9.61839007112845e-13 9.74441548644718e-43 4.46234715191299e-11 3.68810389653196e-44
7.30987592469356e-27 2.36686116082901e-32 1 2.17796097335639e-29 2.38845993162227e-45
0.99999999999999 6.46815320530313e-17 5.04555398870384e-41 1.05158455306895e-14 5.24163128896262e-46
0.999999959264314 2.17415019630883e-09 1.68996508954745e-34 3.85615354314304e-08 3.12678580177034e-50
0.999999999719331 2.21125387145098e-12 6.49549122516286e-36 2.78457683840948e-10 9.38381841063612e-49
1.25860248360166e-38 5.98515303476925e-38 1 1.48617201029235e-35 1.20241512840468e-67
5.70867424035878e-08 0.122738673344291 4.07921383682966e-44 0.877261269568966 1.86133275640571e-43
0.99999997822054 4.7578593119516e-11 4.09165186441854e-39 2.17318818515034e-08 1.7978033024923e-48
1.2266367503494e-43 1.77747532484409e-28 1.31796401895317e-55 8.31791923040246e-30 1
2.32131526915327e-50 3.56515173073185e-38 2.44851591399326e-63 9.33735445566223e-38 1
0.99999999964592 4.74348922953596e-12 1.90506234353758e-50 3.49336333308255e-10 1.05239295171299e-42
1.99034762088331e-13 0.634588409072359 5.01046093726154e-31 0.365411590927442 1.96763446145701e-43
0.999999999999994 3.55726455465088e-16 6.34064160211477e-38 5.09551271594735e-15 7.70624232228335e-57
5.66355823992236e-39 6.75966277563579e-34 7.09246046337746e-66 1.95015977674643e-33 1
2.35956791317555e-34 8.19949328047733e-36 1 4.0400621083107e-35 1.45961772985099e-59
2.47632813976594e-39 9.14471018372217e-40 1 2.79278274826249e-37 6.18662974273443e-62
0.99999999400843 8.78633792134242e-10 1.82159236932461e-38 5.11293644968213e-09 3.21566769227371e-39
2.56784503295766e-36 1.16425040793156e-35 1 1.18707628022978e-32 5.51571178739155e-53
4.90822193665253e-48 1.52744962893078e-36 1.22289982389254e-62 1.44055183421946e-36 1
0.999982854349708 1.37742366052573e-08 6.67937989562971e-43 1.71318760552214e-05 3.92205643943354e-44
2.5562459124189e-50 1.30796237655639e-45 1 2.67927423333984e-45 3.51799638747946e-65
4.17563563516425e-17 0.0692087572645926 9.84107615657934e-35 0.930791242735407 2.87689144283775e-38
3.68976321967139e-42 1.22983961158559e-36 1 1.5116810902215e-36 3.37888665328417e-59
9.17232757786105e-13 0.281267611823284 6.88246686699918e-39 0.718732388175799 4.73664077141138e-32
0.999999999999901 1.49783355370022e-15 1.17104685102473e-38 9.79102151566699e-14 2.33934502295057e-46
0.999999999866056 6.86483691634772e-12 1.22654515224723e-25 1.27079218768884e-10 7.29013199881442e-37
0.999999999999448 2.25963296955984e-16 3.4918890622216e-37 5.51393453346544e-13 4.85230167383549e-48
1.42416672025569e-49 1.57252983174193e-39 3.56382188908588e-59 2.32890027489556e-37 1
4.07444546857425e-12 0.0283681697712773 3.0616892044457e-31 0.971631830224648 1.47348883895476e-39
0.99999999994247 6.67682837453639e-14 8.52724470895487e-37 5.74628180315827e-11 8.70570853047939e-48
1.34844159149703e-10 0.161526096199598 9.52551525972245e-39 0.838473903665558 1.09106369779349e-34
2.14223877098894e-44 6.7721407321592e-35 3.77013738876902e-48 1.20890077046184e-33 1
8.91018179137187e-40 5.72240876558038e-37 1 1.29446986852118e-34 2.90511809032785e-56
9.02665019006265e-43 1.93038891547793e-31 1.81095184283439e-62 6.49849623557814e-31 1
0.999999990155158 1.03928268800712e-10 7.29623093364119e-46 9.74091345369522e-09 1.36151658277595e-45
9.08076369408617e-41 2.14697791200375e-41 1 3.45176933546321e-39 3.45904157336731e-65
0.999999999998801 1.4520013562071e-15 3.57761215146249e-37 1.19732534938943e-12 6.49128655913014e-46
3.87325012704764e-40 1.04316271754057e-38 1 1.50546366017681e-37 1.24006799643376e-63
5.752678509215e-59 4.17755320448738e-43 2.14988486607269e-67 7.06123424808974e-44 1
4.62054527791226e-09 0.756077833241629 8.78376698432416e-38 0.243922162137825 2.42101569537503e-42
4.19107366671751e-53 8.31740996550252e-38 1.32909073146081e-61 2.9363666079015e-39 1
0.999999669557904 2.10216942343213e-08 9.53150320920838e-40 3.09420402034131e-07 3.37255116144721e-31
0.999999982436345 4.73284027032726e-11 4.61241941757981e-35 1.75163266162316e-08 1.11600604380153e-41
0.999999999999675 7.95547748451302e-16 1.87648579136301e-45 3.237804452899e-13 1.79308270363427e-47
1.24830071172439e-15 0.993881198186794 2.20271776851412e-42 0.00611880181320463 1.55680616569278e-33
4.58542092644602e-34 2.22231912230949e-31 1 1.01996766146078e-28 7.67264653812121e-62
8.94662406916392e-58 2.1679896681043e-44 2.52386190398616e-73 1.04370124909084e-43 1
1.5772019216934e-39 3.62495057212071e-38 1 1.20901327999918e-34 3.19126707291365e-66
4.39666392823452e-17 0.989188247310953 6.41847179186111e-46 0.010811752689047 1.0252384958512e-31
7.93602370763452e-50 9.96595836478008e-52 1 2.14006320331778e-48 4.19941373718629e-63
2.82867249132377e-41 1.81038041825025e-31 5.92792490005942e-58 8.36900978921912e-31 1
2.64370272770866e-06 0.525439866406171 2.01828089657776e-38 0.474557489891102 3.8038049183005e-43
2.08726579524021e-27 4.52559002506505e-30 1 2.30919832066899e-27 1.63400469184322e-55
6.58109189761627e-44 9.58707305375733e-32 7.73047050096767e-48 1.65542356772913e-31 1
0.99999999999934 4.47703350076785e-15 2.60223137580507e-43 6.55898766752836e-13 1.03214484652926e-43
0.999999999857286 5.93759979146609e-12 3.14490534138703e-26 1.36776619727357e-10 3.58215950958857e-52
1.3857247026745e-09 0.0482503029319994 7.5319173786625e-30 0.951749695682276 3.4963597101082e-41
4.07698167844428e-18 0.989096614383545 2.52184692710647e-36 0.0109033856164549 3.30424775348074e-43
1.20327828861551e-48 1.6003046684282e-48 1 3.10095946507499e-46 5.18349057565581e-62
1.33312274684346e-45 4.53082118434675e-45 1 1.17187868282231e-41 8.28814328290073e-58
9.6050194282544e-15 0.00349407567050457 1.78737609662239e-37 0.996505924329486 1.96424645112898e-42
0.999999999985789 7.54996133428476e-15 1.33913311475738e-40 1.42037748674812e-11 9.8667294214385e-52
7.92036064634647e-43 6.44205637805429e-33 2.57729714136292e-54 1.25932624622708e-32 1
2.67064941379016e-06 0.506049487406322 1.0131595017266e-30 0.493947841944264 3.32769164417227e-40
6.14506205029467e-55 2.96588989624088e-43 2.45266332186118e-59 5.87749389789026e-43 1
0.99999972390586 6.20396584661789e-11 1.82789146393592e-33 2.76032100621786e-07 5.33250197773324e-44
5.23451391660015e-10 0.19304745629201 1.36130972993219e-37 0.806952543184538 1.01368563593e-29
3.25722635411994e-36 1.29805773210431e-38 1 1.3023134117058e-36 5.67063686899965e-48
1.55379490595035e-38 2.52163223326261e-44 1 1.78020928098259e-43 4.20234529714836e-69
0.999999999979007 1.35858426639707e-14 4.0281009254001e-33 2.09792071735415e-11 1.00426547817727e-45
2.93790260300775e-40 1.05151265509681e-38 1 1.06064735983818e-36 1.225222113695e-63
5.305553593088e-10 0.102646145185459 4.30922342534574e-34 0.897353854283985 2.19372242916062e-36
0.00590700961060951 0.0252932896706626 1.935599565353e-32 0.968799700718728 3.8123749917048e-23
4.15620277654608e-41 7.69266771028938e-36 5.22463811819661e-54 8.75173227717906e-35 1
1.62778023422563e-42 7.82874436126154e-45 1 2.85224365148708e-42 4.90376204324354e-60
1.39186192462743e-45 2.08873471669298e-33 4.12941581438172e-62 2.99044948202211e-34 1
0.999999999999944 4.93350433700914e-17 8.48374810949958e-44 5.59612922060786e-14 8.7283853131215e-63
3.56348283505386e-58 1.82913441247755e-42 8.42132764420782e-64 1.80060467843985e-42 1
0.999999997950208 3.26617674603676e-12 3.60229443919845e-38 2.04652552809039e-09 6.20695012538138e-49
1.34157676839543e-46 2.28211751992623e-36 6.79585787799956e-55 5.63393352661119e-35 1
0.999999999983058 2.65347936845599e-14 2.50892275643652e-43 1.69155682362317e-11 1.83831698574e-51
0.000414578882163991 0.00457175507042307 2.96371928987738e-32 0.995013666047413 6.97259178601131e-41
9.23554568165842e-40 3.27386051463639e-43 1 1.48032527018305e-42 1.47107092658594e-63
4.5097451228634e-41 3.02217355967807e-37 1 6.83117861907553e-36 6.6714561023077e-60
0.999999999954523 4.77817933057671e-15 1.61841347842873e-45 4.5471740182057e-11 6.38761500017267e-45
9.29202807592176e-51 5.81097955126578e-41 8.114573563064e-57 4.71641383884628e-40 1
2.58312816691569e-12 0.396715273684894 1.28976432529462e-40 0.603284726312522 3.08801255407637e-35
1.66259820687375e-08 0.047593997350419 8.18483699653644e-28 0.952405986023599 9.04099302916636e-28
1.60604967268896e-39 4.50086764127624e-40 1 3.47813831153786e-37 2.57566482668185e-60
2.21419172051704e-14 0.988923022260005 6.05750120120497e-52 0.011076977739973 5.3712318596335e-35
1.17838323935186e-46 1.59648368989689e-36 2.5518443503261e-60 1.87715446769823e-36 1
5.31862209002449e-50 5.01668048997353e-41 8.14269986772069e-65 3.52858001555852e-40 1
0.99999999998949 4.29108241193119e-15 5.33314086343066e-29 1.05056472313403e-11 2.21291981105162e-48
7.26038599116571e-10 0.00547174207224527 1.59733214640591e-42 0.994528257201716 4.34789528814706e-47
9.25579512183021e-13 0.880084216452758 3.39670641894402e-41 0.119915783546316 2.23762906723948e-36
1.55350143390229e-57 4.07049878587119e-43 4.12689724996063e-64 1.53288337426563e-45 1
2.62465218085609e-45 4.06432134493799e-43 1 1.5844882014656e-39 7.23870835905068e-60
3.61933187069398e-15 0.83437315150148 1.08181056188139e-30 0.165626848498516 1.13131765991628e-33
3.35952541873039e-13 0.973290265977167 1.79374782494448e-35 0.0267097340224975 2.18759189479852e-38
0.999999999999771 4.79191805830719e-14 1.47051203929937e-45 1.80989574966761e-13 7.25420168081641e-53
1.70073400746052e-36 4.55857027019947e-39 1 4.15043188593733e-34 4.12196517975766e-56
0.999999999999829 2.79747674791429e-16 5.62547047236214e-37 1.70419310738598e-13 1.30231921734747e-45
0.999999988987741 4.5254357824029e-10 1.74565509824816e-34 1.05597158577162e-08 2.71122223440194e-38
1.33851117579917e-36 8.24279721618358e-36 1 3.68929102212226e-33 2.57288373688732e-60
2.57017277346237e-51 6.07732360201425e-40 1.63045825029639e-66 4.10806481939041e-40 1
3.1096831975204e-38 2.26345885379068e-30 2.60672679410949e-50 5.15553128119743e-29 1
0.999999999970018 2.24152831691255e-12 6.67684251581905e-34 2.77402556743656e-11 3.65621670225021e-52
0.999999998222894 3.9014614181639e-11 1.17840186839142e-39 1.73809110146553e-09 9.58384599810339e-48
3.6990338292195e-12 0.00325764409252614 2.57046664797606e-38 0.996742355903775 3.11147835600793e-25
2.21286413839484e-47 3.84681557557725e-44 1 1.95061371881707e-41 1.57658466297333e-59
2.1905725699434e-14 0.514084531047113 8.15694920149185e-36 0.485915468952865 2.49659091008967e-40
3.90902391331162e-39 3.21597156469788e-36 1 1.5111740399414e-34 8.62804353665543e-54
0.999999999989815 4.7526638545493e-13 1.61428001498838e-42 9.71020865747466e-12 1.1702233518288e-49
2.42070622653431e-12 0.828829862987877 5.00348743616308e-40 0.171170137009702 1.2299211018683e-31
0.999999889122915 1.66225698328216e-10 6.22509680075456e-41 1.10710859358456e-07 9.4288245722087e-43
6.60466587589104e-55 6.38332582398683e-41 5.8415635354654e-65 7.82025073976231e-43 1
4.28930402507126e-32 7.09642640977345e-32 1 1.43865759353878e-28 1.49564409763352e-53
0.999999999999999 5.16398330721905e-19 1.12663033165536e-37 6.93200017272612e-16 1.14664016618926e-52
3.74900397371896e-35 6.28852304741901e-37 1 1.08411671713053e-34 2.74043072484324e-60
2.54003803048021e-35 3.35025466712049e-34 1 1.39556762408544e-31 8.09270595632916e-63
6.77988227529688e-39 2.35671390706086e-39 1 2.657080294043e-37 3.11800478937431e-61
4.33146819230889e-41 1.40330721643069e-31 2.85701771335798e-52 2.92279607232801e-31 1
2.88496421115892e-46 1.83456178469793e-37 1 6.0586404415882e-36 4.18659402663903e-62
1.07093703286039e-41 4.14223728090882e-32 1.78062106779221e-58 2.48530587230026e-32 1
3.11819896912375e-12 0.776248213469655 1.86903197079236e-39 0.223751786527227 8.55234103530457e-27
0.999999992263486 2.67996920927026e-10 3.74920488051577e-44 7.46851748742774e-09 1.72644527066433e-49
2.89044801005878e-11 0.975932570935316 3.41450822019639e-38 0.0240674290357797 5.02807333187178e-48
1.07872928780901e-38 2.44639209351406e-31 1.10130103574029e-55 8.09499597900081e-31 1
6.62747311769246e-51 7.02581506973908e-42 4.47820365488729e-64 1.38165258848156e-41 1
2.35567110405443e-32 4.99459226841673e-32 1 2.05687595950366e-30 2.27780653100332e-41
3.34106306313989e-34 2.75511810303843e-33 1 4.23952712225679e-31 1.23761959701011e-51
1.12861101914139e-41 2.35699117122442e-42 1 1.14753420045932e-39 1.59250963408979e-61
1.88998403994371e-49 5.75004087494563e-36 2.83423281970488e-55 6.71541413108994e-36 1
4.89632469062416e-43 2.26249299156768e-38 1 7.01012407935883e-37 2.05523030903208e-56
1.46791915430071e-33 4.03018606719758e-33 1 4.46409590442203e-31 5.50616342582462e-49
1.24293785255108e-05 0.112921458874513 3.68078966508371e-34 0.887066111746962 2.5098076042402e-37
0.999999999999977 2.72314808800975e-19 2.24371141933252e-21 2.33473546082309e-14 7.05173620691061e-39
0.999999999909484 1.42077112972275e-13 1.87087831347095e-38 9.03738500735485e-11 1.85726604644383e-43
1.1677623840009e-08 0.0790176832172841 1.36034017317031e-31 0.920982305105092 1.08119266821096e-26
0.999999977288081 6.26754311261692e-11 1.67058052406469e-47 2.26492435963115e-08 3.9047853337865e-52
0.999999999999646 9.91645694824839e-16 5.41440476975287e-40 3.52851279846114e-13 3.40627330180808e-44
1.08892385132873e-33 5.07718281722537e-35 1 3.66659204365854e-34 2.75721098173678e-54
2.03074891739523e-49 1.14319011698453e-36 1.03050284459888e-57 6.44749295030684e-37 1
5.68113711586752e-59 6.78285468922817e-42 4.84547912266311e-66 2.34739086469812e-42 1
0.999999999997747 7.57872831460626e-16 6.96647433775148e-50 2.25236218302639e-12 3.56555513831093e-60
1.40979331460498e-38 6.72146342832444e-39 1 8.63982196487588e-37 4.40010283437873e-61
5.06385144349802e-13 0.995363892895828 5.23810770129417e-30 0.0046361071036653 1.93556311675429e-36
0.999999889187217 1.81390161411641e-10 3.16585906799469e-34 1.10631392366303e-07 3.26271328444573e-40
0.999999999953139 3.00970604049234e-13 3.01126210645924e-43 4.65604316397312e-11 3.58054186921055e-50
8.78970280499686e-46 2.36001269919078e-42 5.1029806279944e-55 2.38268765341782e-42 1
4.16020137605639e-38 1.03618849135386e-28 1.83094804898861e-47 6.49005178753577e-29 1
0.999999813971101 6.08007965360755e-09 9.46177172293854e-37 1.7994881916742e-07 8.20893264146612e-44
0.999999999999982 1.88887813189072e-17 6.90578097171998e-38 1.75421312378843e-14 3.85464869785325e-48
4.53850309768192e-52 2.84124601429536e-40 1.77822465580516e-74 5.20403159548706e-40 1
9.59829519128315e-07 0.591020681110823 1.31753959649572e-40 0.408978359059658 6.46302610192765e-35
2.4825161554504e-05 0.555015448733332 5.12065202858937e-46 0.444959726105113 7.38687482917416e-32
1.22829433859674e-45 7.34188163468562e-37 1.46516626096207e-58 2.19974578347312e-36 1
2.27869309401484e-46 2.60565584153917e-36 5.11849620210566e-54 3.02285400560742e-36 1
4.66974625686085e-31 3.54790462871887e-24 1.34117937268644e-34 1.02675330071704e-22 1
1.14236425934629e-38 1.59904856883238e-30 2.11240975850159e-47 8.53918028114394e-29 1
0.136642336975481 0.00746017823316129 9.60259076085488e-33 0.855897484791357 7.40106060694992e-37
1.71127314210719e-38 3.95706330190078e-39 1 3.38967352841542e-39 2.99293126619318e-52
1.47220445535574e-35 4.92616449944318e-39 1 6.39957660269173e-37 3.89118270837214e-67
2.5073867152552e-32 1.06056196934798e-36 1 1.42471927088564e-34 1.00215483277551e-54
4.81300687384086e-53 2.46975734731748e-43 2.64153647368305e-71 8.1892106692912e-44 1
