"LD1" "LD2" "LD3" "LD4"
-1.90162288002359 3.22400371069218 2.94667361390624 -0.460434567791915
-3.23393610508319 4.6164134908112 3.98756961532806 -2.77474908105818
0.279897583835424 7.84671632155934 -1.38531471567315 -0.14972270025377
-1.22274305551518 3.08538746517926 5.5156605367835 -1.5228136304564
-0.17133891382517 5.52124673063279 -2.10503889368943 -0.924828229389949
-9.59420183757369 -4.87999074459016 -0.861435871046826 0.328701864702051
-8.16706998961749 -4.52144329938902 -2.79359415539355 -0.529708783656696
9.01561572091106 -6.05273161167658 -0.506445195789721 1.55395208529641
1.56434052629566 5.92721809923115 -2.32473251114517 0.563492746313494
-2.09676058137581 4.51113587511903 4.96128135313637 -1.66937372817014
6.87536064875172 -5.97715457134604 -1.97646165920058 0.67909445150185
6.85694840261915 -5.11488463566282 1.47487509568098 -0.371966823416726
-0.801099228830255 3.13544083605024 4.8135993442111 0.569415142200267
-1.67001322324387 5.07750260425668 -1.85820062367681 0.560915217845301
2.43097289978564 4.95418514410591 -3.06398422219029 -0.509818061180565
-9.68477404659023 -3.97754734430526 -0.730422204441408 0.348560341764673
-8.98994576406513 -3.3955659065041 -0.207325627773542 -0.172050281846606
-0.315542177931163 4.74420910875197 2.32532480037686 0.425805299991823
1.06798994172408 3.60224330382525 -3.05373578157007 1.66138251490052
7.77353162188781 -5.32243868990679 0.705328607163521 -0.650264489674129
-0.27994359714981 4.08311795110765 4.599771048886 -0.321981970820818
-8.8322870133399 -3.84108629604126 -1.49125095857922 -2.36937165751884
-1.54082997266773 6.09500931720792 2.62060741766227 -0.991712932848618
-0.0703546704244411 6.06669007327772 4.12997309324703 -1.6017830783848
0.34443421004647 6.76338524574401 -2.71070735900038 1.22931076763705
0.70879882562308 5.63979785672114 -1.40012914003301 -1.44273148062262
-2.1500938348004 6.1367636865172 4.39124271008907 -0.829257653453622
7.9754227645765 -6.06788562677188 0.637431235502863 -1.59172181170146
7.37984266742946 -2.88205798397757 -0.323266875588798 -0.409646577444784
-3.30136925836598 4.17818400607228 5.70151704687505 1.75672744659435
-0.362440645243613 7.05858604809141 -1.6595867996408 -0.061627112718787
9.45615386372574 -5.33945880114652 -0.650508159853192 -0.819051284637786
-0.953063961419427 6.37984264310993 3.79788570050624 -0.434127836611918
-8.56268747600388 -4.88031251001124 -0.336953730112684 -0.129850717853492
0.328549962457715 7.60909398007345 -2.62660619095907 2.21720470093563
8.84197920584012 -7.2166757236192 -1.17593752219471 -1.05526789458434
8.11552316825313 -4.05212893187783 0.348366594580826 0.144583804559051
7.13291387030967 -5.23448208593258 1.16210832967432 0.41098102999657
-9.63447310240863 -2.12292212425988 -1.51691915065208 0.219721381373858
-9.44692099134442 -5.34267538938449 0.542803436612866 1.34924408575923
0.935501717027782 6.9623160393858 -2.7406438432139 -0.015419967315346
7.72319904107439 -4.42209219782398 -1.69729990268642 0.324365588217217
-8.79950938578237 -4.05455874830565 -0.934591242827314 1.11339946695764
8.28918081058221 -4.27341494762378 -0.874927601128741 2.10353317828087
-7.80489575382748 -4.9474244313962 -1.54548825746146 -2.14055967092705
-1.23711460279778 4.99109953401879 2.48971814518834 1.04037088928378
1.85489387455451 7.04172462251066 -2.58833052227548 -1.01512550254157
7.01839998110604 -4.74957624054464 -0.159824376788794 0.266729772532844
-10.6049721037469 -3.50739079249554 -1.04779294572213 0.656719631777449
0.537886536901623 5.64975801173941 -3.87480866319623 0.332496134968433
0.527025464033806 5.00000895351844 -2.0163312836299 -0.249903317737332
0.130321056805346 3.99825958930503 -2.00930957706581 -0.949931395567623
7.25365693023543 -6.41129305047575 1.33885395483744 -0.608406394009977
3.05198055368222 5.31456514644232 -1.85677599341217 1.37473429652616
-8.45954813639245 -5.28812666012498 -3.06688584159085 0.964497692394721
8.16230358247979 -5.75291066109183 0.172388920998159 0.00803404213025455
0.221250733328455 3.82321646037907 4.70055361392686 -1.37788879174481
0.0172505869280546 6.77074039839896 -3.49814667952508 0.153401851716594
-7.74214437687121 -3.5272598043076 0.228313092544568 2.79026194404406
-0.271588049805719 4.8474847812405 4.42661866040874 -1.3679411335796
8.87451737500791 -4.73915059992394 0.797304067407292 1.37796660376425
-0.118379833936563 5.26495621449961 3.95962464316519 0.987494266109622
0.312849177567905 7.48368985328335 -2.25972175713305 -0.27318410313905
-7.36434198034448 -4.24583894655864 -0.481836316351052 -1.43425352492397
8.73185273250255 -5.054439924657 -1.4594142222506 1.98170346819423
8.73411486397728 -5.61274616409166 1.62690563623575 -1.99122148387607
-5.81670446248536 -4.0131500755834 -0.238022069146192 -1.15964608177895
-3.33871083904649 5.41145271219184 4.80698836067925 2.19304306700583
-8.75856520211315 -5.23045553263162 -0.562155216754046 -2.22182789736985
-0.0536379947967515 5.39665800600689 -2.7165664886921 -1.43750703786825
1.65629104671823 6.60093791842394 -2.7231545788152 1.47063838006039
-8.57294906966077 -5.22649044885251 0.0711089834509056 -0.070328040749947
0.139721061901229 5.45461292252424 -1.02995706131534 0.772465160533318
-0.0433223452907509 6.13475407162128 -1.79983443513224 -0.599081849872907
8.19062456039851 -5.72000240512309 -1.05786960394021 -0.547887289923575
0.675004186321102 5.04940012207641 -2.24100352228278 -0.116897511749716
8.83902685987225 -6.04919715202028 0.45849219147864 -0.849955693503944
-9.21347403509383 -6.73150201664562 -1.1884273514822 0.658907678600485
8.14251659227924 -5.19742372259048 1.95975131472052 1.25081436225383
9.06022405364623 -4.95581820403797 -0.210702374352938 0.200363190665978
8.58176896695696 -3.75796384057572 0.85925232051589 -0.550187437213219
8.70921294890223 -3.71020690671604 2.74851737035508 -0.871009080868269
-8.33562884185016 -4.11297813256009 1.0220002439236 1.18492286688614
-0.563755901632798 2.78159867085199 4.20366897768348 -0.594552423598812
0.872584246578943 6.14759363111616 -2.61005244010033 -1.0165585186229
-1.65566814941618 4.41644959641971 4.44568767521375 0.195411962651413
-8.40022493681588 -6.53854663575425 -0.862027141942567 -0.485488089148699
8.79683061780817 -6.66050782802698 0.821310161872828 1.88870861946534
-8.66941605074611 -5.38380192121791 2.04996120716253 1.08073108532806
0.506179007662681 4.3484259700171 4.29796847363634 -1.15204314412475
-8.77063112032847 -5.84501301179025 -0.59136638056848 0.348311976316812
6.84812378163432 -4.40042087519194 -1.18279498224813 0.828985343872381
-1.8261509057226 3.88702278816573 3.50129891369159 -0.301180552520296
0.923095973223648 5.93803254557197 -2.26537902946837 -0.954939834055967
0.802930490212053 6.57991317489556 -1.49360037523588 -0.379261224404268
0.771505934629116 6.47108085247764 -2.05856505792204 -1.07802279808173
-2.90960701061283 3.6056599362899 4.06128193402967 0.696035273562195
-10.7271259596075 -4.0024097611806 -0.576102015236199 -0.420209042847559
-10.0289579973496 -6.21889678544254 -1.11698244449489 2.36049348603431
-8.56755376502088 -4.85307226131713 -0.147274259511942 -1.48295046145942
-8.3014226266022 -5.45763482197513 0.370512651696104 -0.308351477981118
-9.71133884325041 -4.9148837866312 -1.20832840249609 -0.178790615179109
-9.91107369747164 -6.04028523088063 0.353930619777074 0.35912100532774
1.3906831820437 8.25217907511103 -3.22847960408486 -0.227410909297516
2.82181789267333 6.55573322908128 -2.00593069014541 0.258914498852549
7.64408523908424 -6.39350383352681 -0.448823275391605 -0.127045638675914
-0.962784967827496 6.40740660471872 -1.98889063731277 0.667484848721125
7.83711596636742 -5.05123494012178 -0.540812069520336 -1.82244683778575
-5.9268994852867 -5.06618723137653 -0.607493818519352 2.20056923961754
-1.57899550744532 7.30529374383091 -2.28962186674731 0.194280045327759
6.51246608319643 -6.40056226710235 -1.48543620931035 -0.724685950216268
-6.90961400232168 -5.13748361675151 -0.257456878398789 0.643001108960797
1.17487607927416 4.50483242797335 4.3094160461678 -0.66189598424406
-10.5633472063107 -4.50103768962665 -1.1403904132842 0.0807637458592612
0.874984177858845 5.5525391460583 -3.78272251971773 0.208833038703264
0.121869199616609 7.40660649463327 -1.27058234576888 0.575839780177475
1.81785478456257 6.14598409510993 -4.28254315021243 0.156258987410677
7.94522806813887 -3.01816195534949 1.40421626562123 -1.44152962641539
-0.336053967952204 3.33068513151281 6.19174376227031 -1.68784488230087
8.42286144438376 -5.96061299093863 -1.16905141552746 -0.279859771261086
8.48218263797595 -4.26547198842578 -0.430768664188731 -0.738232234028826
6.83680719242778 -5.12733274347907 -1.47000753715354 0.429760868471362
-9.29398345666402 -5.92022050834017 0.00175436694848605 1.04403471687494
0.921517581420277 5.61409792518979 -3.55577249030965 0.133334664966989
-8.66150883915294 -4.66893261428752 -1.07405828197082 -0.341057288972912
1.79197373115479 6.50644609099621 -2.72031967984693 -1.03333427728959
-10.7024775398812 -3.68730748000098 -0.878920147720044 -1.18887801254162
-9.42124853924206 -6.33455214688219 -0.52432776915643 2.52860782321449
-7.91391373352965 -3.73112892474373 -0.488344337484968 -1.14666061415497
-8.27052859900357 -4.28703292109265 -1.10597516500513 -1.06907967088841
0.283984977500633 4.82755371079913 -2.33612991403257 1.12449326292616
-0.878594889602112 3.88958895071503 2.81639848273208 1.2752744444567
0.494685138183591 3.75481752964924 3.97389407606321 -2.69410519361829
-0.314858559841182 4.12795869217062 5.58784941098143 -0.0612531516507514
6.02006149166485 -4.01016097337168 -2.01330578092397 -0.428603304650639
-8.46974391391502 -4.08995314457648 -1.68038207066594 -0.565349082382741
-0.122112920034048 5.46762739594276 -2.10607059026634 1.30052868772141
1.42288668539734 7.36027583287373 -3.24035588551633 -1.4119114152531
8.42022866115179 -5.83434558131633 -0.655016299354041 -1.30653946517819
7.53121574373126 -5.56431402310544 0.289908845290229 0.354630804967275
5.58269987182924 -4.6091794193088 0.899639483896397 2.12224504304476
8.70996450323407 -6.97524637192421 -0.632828400910735 -0.160652219124748
-0.66099406189604 2.37336331730033 2.85667426776214 1.63897964329027
-2.31458890846348 1.76435166249361 5.32825043663053 2.05201872544163
-2.33656566898884 4.20817974634918 4.53537244176593 0.603586874218227
8.11679162549914 -5.01548968241649 -0.17534162929359 -0.481591889481849
7.57550974580524 -6.36033102350498 -0.0160536206896161 -1.42344800345653
0.723812873772332 5.81350407183935 -1.36076274020356 0.567019533039957
7.55234758127004 -4.60229919311489 -0.548563616830957 0.127212985991873
0.325532905811274 5.28192992476152 2.28638311607932 -1.53623242184042
1.966425332556 6.50691429880836 -2.10117398847584 1.5128590700275
-7.88638371912704 -4.53344958851198 -0.703261061496626 -0.0243202888131432
1.79534947542905 6.13348575565021 -1.27810893825941 1.40325105130867
0.993681017179481 5.7716413288095 -3.65272763930191 0.836141015563769
9.23189793023981 -4.40562927629704 0.930506594116276 -1.44789012802886
-8.45621981255455 -4.53587599734739 -0.463881420674197 1.18975739656273
1.17387274643609 5.97899942801114 -2.60728235999421 -0.409894571141255
8.70898797335907 -4.80457579311914 0.426540533327505 0.638682317400105
8.47620169991512 -4.5348057737773 0.145746631936732 -0.13828408252412
9.20621521099821 -4.17394745332391 -1.5681447533751 1.8750070022563
7.70099940120617 -5.21386976125718 1.51875972916981 1.70074297675728
-9.39613946493789 -3.88246550696568 -0.0641312209758883 1.01357048114925
1.32208123214684 5.51696577602901 -2.73860066268024 -0.756924429005238
6.51961010610338 -4.69292616252411 -0.0819054291967921 -0.287713116569588
6.92673363537714 -4.60795708925507 1.50713102784274 0.539301752737668
-2.64264436521953 3.083244426557 3.43693257776706 -2.2857731958585
-0.428062732962592 2.6840849783899 5.3207651833954 0.43123116213906
8.16874363057849 -4.12008313927628 -0.332709478980381 -0.0172532700456788
-9.25013483594129 -3.30068794752884 0.0440790077495811 -0.564345496241635
-0.617384117620812 2.40950849227449 3.94879167898854 0.433058856005289
0.813949117332324 5.36647088454465 4.61111670521643 2.20333268859293
0.660754071254057 7.47389090449122 -0.526870158302536 -0.283365684785867
-10.0261238771031 -5.05818421278625 1.21924191209408 0.0612829640884647
9.0990641273444 -5.75453037927427 1.88886291354504 1.22474837738075
-2.34132935615929 5.51249289484315 1.83655731186472 1.00515849968601
-1.94289565833002 3.95306739286251 4.6112604430796 -0.531257488263912
-9.48640132257592 -5.68049542095489 -1.81212644000078 -0.989269823257555
1.63609802460805 8.31813909841105 -2.84953716513523 -0.546176176330933
-1.43061290557006 4.45076474266653 4.52135390038949 1.17763023562397
-0.0257923372585667 3.16836216498917 4.54167517306919 2.58505749464085
0.512683611018521 5.1409220578893 -1.83666039042069 -0.771478390371057
-8.9568928570534 -3.41092440474188 -0.162242879980206 -0.57377391405796
8.38618645435701 -4.93429961463295 -0.394959011523846 0.65086133084772
2.07117514048636 2.94794777210993 -4.7993445011923 -1.94390261442087
0.0420725489772664 5.79466531775364 3.17609877005021 0.694185457551704
0.737704950101754 6.84716840884674 -2.42844027274441 0.962878559041293
9.76906028273624 -4.31587609549316 0.680544043770664 1.24164535117939
-0.50181862532752 4.06135150945803 3.73770640351369 -0.339949610758404
8.15664766423195 -4.29430114839507 -0.0670666986549003 1.02854904711822
-0.0173752657036511 5.10569647135605 0.972752757005118 -0.743827152886092
8.51165664157072 -4.95500441467637 -0.423869732926582 0.601801738146207
0.451239153379595 7.16724893062199 -2.09223987043291 -0.0676310747313972
8.04534524465925 -5.07026751328421 -0.692173852940494 0.0839007045650594
-0.011105336755806 5.8307956890196 -2.9122366842618 0.605946514143262
8.6965998859597 -4.88228423958704 0.335113647515593 0.707309929054783
-9.47856032335147 -5.98447827879846 0.625844114971108 0.23297519001355
-1.41056895757876 5.56819045976783 5.01579213366555 1.93491248481294
-2.23687277378469 4.05661027761908 3.67827441752122 -0.432109844367534
1.23326720839613 5.84753851090974 -3.4818001544255 -0.599573912302155
-1.28914484721911 5.78946260666404 -3.91530834674293 -0.434960454538059
-7.91571793032201 -5.44526530518308 -1.37411052495153 -0.163902440133305
9.43157899803057 -4.19324249203934 0.513744222761729 0.0633140260002422
-0.681700256583935 4.62289254829444 3.06612797663896 -1.18116712969581
0.750335464298203 6.08983284611353 -3.67972028072513 -0.111164598095205
-8.22211317402919 -7.05932021575224 -1.38797824170227 0.50160939062696
8.4109009064232 -6.7009539284415 0.298198005800581 0.282190133047831
0.052292966008517 4.72499743025576 -1.89341710967024 0.65113389636437
-8.55543237722903 -4.60748199292485 -1.07749183403171 -0.464689379358128
-0.350800308990462 3.8893268658864 4.68955426780564 1.88942445429035
-9.89294776458313 -5.38720561456229 -0.00770573543907879 1.60895889660703
-1.36948749019221 2.97109858379282 3.00785669804318 -0.598904594622874
-8.47060352465645 -4.80321710829224 -2.59998452547897 0.0853492025536235
-7.90170754003977 -4.61893238084949 1.90422906376413 -0.470857441379168
0.626155251241301 4.10635008320318 5.6031060795831 0.300915380827044
-0.738384779392812 7.03991887677037 -0.45842157898826 -1.34288572945236
-8.33545640170321 -4.03521941370304 -1.16011397926336 -1.00847282490746
-10.0651677989346 -5.85990875597152 1.20753019489839 -0.38638609746295
7.73091769128441 -3.23775370841687 -0.460859234016066 0.255413944318965
-0.491523515889006 4.1887045040641 1.41709205846305 -1.69436226081632
6.87104408872616 -3.58211194145899 -0.84610158351135 1.11004862341373
1.10638351264283 7.5571485126273 -1.98577211862447 -0.462153725645932
8.94946178602961 -6.96450776694364 -1.23654364189134 -0.727436163732319
1.78875743939029 5.03125698223242 -3.29326814411742 -0.370324799655392
8.92252459807496 -3.55429804391681 -0.495654693971685 0.482408198055628
3.56191814184383 7.91642816898838 -2.80970809061932 -0.0794395866148897
1.07356399214991 6.82396969967885 -2.60497882482233 -0.565608344835084
-8.46251846970864 -4.64119323936465 -0.886618887212779 0.860836584097907
-0.0826962414509465 4.36498329822612 5.49586060497168 -2.71465126365901
-0.275655396247564 3.96896103905702 6.69114983502054 1.89192652057761
1.16845458241924 4.95671919187456 -3.73984679673237 0.524171727284356
1.98194043992909 6.98032046599964 -2.99712916350215 1.77482049850373
0.507096327101679 5.32335190168854 -2.36223780127208 -0.287482302432159
7.0376955031882 -4.29205034070113 -0.63860017674035 1.54369689556707
7.22799104459783 -5.89104110145857 -1.50371740985154 2.88126861600091
-11.0753853853913 -4.9650510312714 0.0826081948742517 -1.15874614859004
-8.96813014037515 -6.15070950638231 0.359538524155101 -0.607728585090378
0.0860790673686148 5.95100658789934 -2.52726096330017 -0.608874283342521
-7.28178657126542 -5.47574311551779 -0.635360511998737 -0.926089290733892
8.62797275649323 -5.51538993041919 -0.398602701932739 -0.538738605642423
-9.19980657433848 -4.48653324834233 -0.391802519775348 -0.00514475150189135
7.70724785997021 -5.98494769521793 0.832767793985828 0.604287904059341
0.183601196921478 7.26155432963352 -1.49483623223334 1.13690308475262
0.769157638883593 4.18387450322028 4.17462879198503 -0.565471893375019
-1.51101654482431 3.30193072112087 0.376025549281031 -0.598982517305575
-2.21192703982158 3.90042828246392 4.98673603286175 2.52090063763662
-8.76832925124512 -4.61506616473211 -0.86469342573837 0.0832210493691369
-8.97081516497845 -6.47717947081 0.336527404197082 -0.649158623021154
1.82386544226685 6.32785253634511 -1.86044137745214 1.40853559830769
8.40031243684182 -6.75765880971778 0.459099253619387 -0.871037543201298
1.0527004757094 6.32539653252531 -1.93947502127909 -0.190415877388086
-9.60650424737285 -3.4652959990907 -1.55751849514181 0.831518954105692
5.28308775794845 -5.17473743097108 -0.650885721630757 0.395859876579073
-8.48506903229826 -5.75309206357806 -0.828472588610955 -1.07488874988425
-9.57059139209616 -4.76843634475627 -1.25710928834771 -0.666933060027362
1.28277766875561 6.20268748402668 -2.2194748162311 -0.000631648413943403
8.11016372637216 -5.10390386093435 1.1660456882199 0.307180942396483
6.5237032556676 -4.13867043308517 -0.726299135433577 -1.88179978917275
-0.237862102913876 6.20535146435906 -3.49873875649036 0.449951851420766
1.37065244707931 5.99788865996894 -1.44321089156848 -0.152840940053203
-9.32617530304007 -5.63850161583047 0.0127066597372996 -0.279549436753858
8.49766345333091 -3.47327867064116 1.49599443040072 -0.904162363797564
6.95046548909678 -4.73452074096766 0.00842721931015966 0.961336493537799
7.09560975499437 -4.87344793194761 0.224028297815838 -1.24193377337555
1.27332141421846 6.50262765750657 -2.62192052869083 -0.412516675719725
-0.0665232140105168 6.44708147213941 -3.328098081038 -1.32685272162887
8.76705426013109 -5.01847767797423 -0.268901720705501 -0.2212327143779
-7.14942657692692 -4.23066639754592 -0.513650932563284 0.553114676717471
-7.97446742181203 -4.24785825274852 -0.581069019050749 0.176537342363551
7.01957420786924 -3.87545845950839 0.404702445250864 -1.22950233354928
-8.32431200965395 -3.3947299530388 -0.966226214522172 -0.475325007029099
-9.92669168817187 -4.49994153249248 0.185286972372952 -0.571244721687478
2.08264280005281 8.28600394928051 -2.4981160336868 -0.407848055795714
-9.36498263054411 -2.62065712534539 -2.10186713144793 -0.185618488546938
-9.02477219876218 -3.96963569832964 -1.27959362037571 0.16612807625253
0.305955379935154 4.56230906986096 -3.58690384435591 -0.546083924884308
0.708927739058303 6.5446135443418 -1.68203129306573 0.40245762779863
7.34512622893413 -4.67723541637285 -0.354571276335506 -2.81458860250048
-0.309579601709777 6.44492497514486 -2.56623071533095 0.736231155635296
0.432900443106379 4.50480956653111 3.29121147724254 1.38581138348316
8.54163197124856 -4.61258779212983 0.674935233341814 0.64788659817363
-1.61635109686739 5.06494518691604 4.58348765717121 -0.530350206603778
0.292214424932336 4.76669264177789 3.13536297569411 0.907412428914661
1.01839665074017 7.37220868137098 -1.16291151375156 -0.510817834504479
0.0491315964242479 8.31135580668526 -1.23406578761803 2.15789275371118
-0.233905436061178 6.40485396977314 -3.60372663037027 0.571764816639636
0.852176071185575 6.07884036232555 -0.856146083992683 -0.8290985535053
-0.507567644843383 2.9092816255203 4.02557988023617 -1.78064232660085
8.31883497887314 -5.69725524884415 2.73973094192429 -0.0235149830664994
-7.31335974139179 -4.31279215616953 -1.139147955852 -0.796535968150875
-9.19761766769537 -4.66469833912683 -1.24507096669884 1.33793827546549
-1.34018740407137 4.35140312866255 3.8423452252914 -0.310785116217267
6.20736429549618 -4.16825016251194 -0.143245019545816 -2.70299723475665
-2.74729155236397 3.67238381089335 4.10656418510657 0.0581275232442509
7.65334723267482 -4.63776417426178 -0.654881417143164 -0.201334300712076
8.77010729487226 -5.63442941335917 -0.741730272229808 1.5024360688139
-7.74931417485881 -4.10009962898089 -0.901991854857271 0.675718800600365
8.89845729411772 -4.55739616140776 -0.214107587833593 -2.50611426698922
-0.21847741054763 5.83641525365458 3.12623094584867 0.374777011142411
0.728043808981124 5.13506946712883 -2.38410801859504 0.204346582143818
-7.51638731255051 -5.04109338639889 0.501669461848199 -0.43325575049947
