"LD1" "LD2" "LD3" "LD4"
0.283984977500548 4.82755371079913 2.33612991403256 -1.12449326292609
-0.35080030899051 3.8893268658864 -4.68955426780564 -1.88942445429034
7.72319904107437 -4.42209219782393 1.6972999026864 -0.324365588217113
-9.02477219876211 -3.96963569832972 1.2795936203757 -0.166128076252518
7.34512622893418 -4.67723541637278 0.354571276335505 2.81458860250038
-0.0257923372585894 3.16836216498919 -4.54167517306916 -2.58505749464089
0.769157638883613 4.18387450322032 -4.17462879198497 0.565471893374835
0.723812873772259 5.81350407183933 1.36076274020356 -0.567019533039856
-8.75856520211305 -5.23045553263173 0.562155216754019 2.22182789736989
8.83902685987226 -6.04919715202017 -0.458492191478652 0.849955693503854
9.01561572091105 -6.05273161167651 0.506445195789712 -1.55395208529635
0.852176071185494 6.07884036232558 0.856146083992676 0.829098553505269
1.27332141421833 6.50262765750659 2.62192052869079 0.412516675719813
-9.4469209913443 -5.34267538938458 -0.542803436612836 -1.3492440857593
-7.74931417485874 -4.10009962898097 0.901991854857272 -0.675718800600339
-7.97446742181197 -4.24785825274857 0.581069019050741 -0.176537342363599
0.527025464033713 5.00000895351848 2.01633128362989 0.24990331773733
-5.81670446248525 -4.01315007558343 0.238022069146222 1.15964608177881
8.70898797335916 -4.80457579311905 -0.426540533327423 -0.638682317400307
-2.33656566898887 4.20817974634919 -4.53537244176591 -0.603586874218312
6.51961010610342 -4.69292616252408 0.0819054291967967 0.287713116569597
-0.362440645243715 7.0585860480914 1.65958679964077 0.0616271127188917
-0.237862102913935 6.20535146435904 3.49873875649037 -0.449951851420707
0.432900443106331 4.50480956653111 -3.29121147724253 -1.38581138348313
-1.54082997266777 6.09500931720786 -2.62060741766229 0.991712932848734
9.43157899803061 -4.19324249203929 -0.513744222761721 -0.0633140260001947
-9.25013483594125 -3.30068794752893 -0.0440790077496188 0.564345496241688
-8.79950938578228 -4.05455874830576 0.934591242827321 -1.11339946695758
0.708927739058164 6.54461354434184 1.68203129306569 -0.402457627798577
0.0420725489772498 5.7946653177536 -3.17609877005019 -0.694185457551641
0.0860790673685597 5.95100658789936 2.52726096330018 0.608874283342496
5.58269987182924 -4.60917941930879 -0.899639483896418 -2.1222450430446
-2.23687277378469 4.05661027761909 -3.6782744175212 0.432109844367433
8.28918081058221 -4.27341494762372 0.874927601128756 -2.10353317828084
-0.118379833936618 5.26495621449962 -3.95962464316519 -0.987494266109603
0.708798825622989 5.63979785672121 1.400129140033 1.44273148062252
-9.36498263054409 -2.62065712534551 2.10186713144788 0.185618488547116
0.537886536901521 5.6497580117394 3.87480866319621 -0.332496134968315
0.312849177567785 7.48368985328343 2.25972175713305 0.273184103138921
7.97542276457654 -6.0678856267718 -0.637431235502865 1.5917218117014
0.75033546429811 6.08983284611359 3.67972028072514 0.11116459809511
-8.32431200965386 -3.3947299530389 0.966226214522166 0.475325007029146
-8.47060352465639 -4.80321710829234 2.59998452547896 -0.0853492025535773
0.279897583835353 7.84671632155932 1.38531471567316 0.14972270025382
7.0956097549944 -4.87344793194756 -0.224028297815851 1.24193377337555
-1.2891448472192 5.78946260666403 3.91530834674291 0.434960454538137
-3.23393610508317 4.61641349081118 -3.98756961532806 2.77474908105808
-0.309579601709865 6.44492497514487 2.56623071533096 -0.736231155635291
-6.90961400232159 -5.1374836167516 0.257456878398787 -0.643001108960752
1.28277766875552 6.20268748402669 2.21947481623109 0.000631648413998801
-9.29398345666396 -5.92022050834025 -0.00175436694851251 -1.04403471687488
-1.23711460279779 4.99109953401874 -2.48971814518833 -1.04037088928368
-8.66150883915288 -4.66893261428757 1.07405828197081 0.341057288972845
3.05198055368216 5.31456514644238 1.85677599341221 -1.37473429652622
0.728043808981016 5.13506946712885 2.38410801859501 -0.204346582143758
8.42022866115182 -5.83434558131626 0.65501629935403 1.30653946517817
9.09906412734445 -5.7545303792742 -1.88886291354502 -1.22474837738078
-8.98994576406505 -3.39556590650418 0.207325627773543 0.172050281846592
2.07117514048631 2.94794777210996 4.79934450119229 1.94390261442084
-8.66941605074607 -5.38380192121798 -2.04996120716256 -1.08073108532804
1.981940439929 6.9803204659997 2.99712916350218 -1.77482049850382
-1.22274305551513 3.08538746517926 -5.51566053678346 1.52281363045629
-7.51638731255042 -5.04109338639894 -0.501669461848203 0.433255750499407
0.494685138183587 3.7548175296492 -3.97389407606324 2.69410519361836
8.76705426013111 -5.0184776779742 0.26890172070549 0.221232714378011
-9.19761766769528 -4.6646983391269 1.24507096669886 -1.33793827546554
7.65334723267488 -4.63776417426175 0.654881417143188 0.201334300712082
-7.88638371912695 -4.5334495885121 0.703261061496615 0.0243202888132398
7.01839998110608 -4.7495762405446 0.159824376788809 -0.266729772532853
-1.6556681494162 4.41644959641972 -4.44568767521374 -0.19541196265145
-9.48640132257585 -5.68049542095503 1.81212644000073 0.989269823257711
-9.57059139209613 -4.76843634475634 1.25710928834766 0.666933060027392
1.82386544226681 6.32785253634514 1.86044137745219 -1.40853559830778
1.06798994172398 3.60224330382531 3.05373578157008 -1.66138251490058
-0.962784967827614 6.40740660471871 1.98889063731274 -0.66748484872101
8.11552316825317 -4.05212893187772 -0.348366594580789 -0.144583804559212
-9.71133884325032 -4.91488378663127 1.2083284024961 0.178790615179061
8.70921294890226 -3.71020690671597 -2.74851737035508 0.871009080868245
7.83711596636749 -5.05123494012173 0.540812069520351 1.8224468377857
-9.92669168817175 -4.49994153249255 -0.185286972372924 0.571244721687334
-10.026123877103 -5.05818421278636 -1.2192419120941 -0.0612829640884027
-0.218477410547688 5.83641525365461 -3.12623094584867 -0.37477701114247
-8.83228701333979 -3.84108629604134 1.49125095857923 2.36937165751877
7.70724785997026 -5.98494769521788 -0.832767793985817 -0.60428790405933
-2.90960701061288 3.60565993628993 -4.06128193402967 -0.6960352735623
1.23326720839605 5.84753851090975 3.48180015442549 0.599573912302192
1.42288668539725 7.36027583287376 3.24035588551633 1.41191141525309
-0.738384779392903 7.03991887677042 0.458421578988251 1.34288572945226
6.8368071924278 -5.12733274347903 1.47000753715354 -0.429760868471321
8.11679162549916 -5.01548968241641 0.17534162929359 0.481591889481799
-8.96813014037506 -6.15070950638242 -0.359538524155125 0.607728585090438
-9.42124853924197 -6.3345521468823 0.524327769156439 -2.52860782321444
-2.6426443652195 3.08324442655696 -3.43693257776706 2.28577319585849
6.52370325566759 -4.13867043308509 0.726299135433548 1.88179978917272
1.65629104671815 6.60093791842394 2.72315457881522 -1.47063838006033
0.50617900766267 4.34842597001712 -4.29796847363633 1.15204314412467
-0.279943597149825 4.08311795110765 -4.59977104888599 0.3219819708208
-1.41056895757878 5.56819045976784 -5.01579213366551 -1.93491248481303
8.11016372637216 -5.10390386093428 -1.16604568821991 -0.307180942396456
7.3798426674295 -2.88205798397752 0.323266875588821 0.409646577444748
-0.0665232140106291 6.44708147213938 3.32809808103794 1.32685272162902
-10.6049721037468 -3.50739079249567 1.04779294572213 -0.656719631777378
1.05270047570929 6.32539653252534 1.93947502127907 0.190415877388094
-1.67001322324395 5.07750260425668 1.85820062367679 -0.560915217845249
6.2073642954962 -4.16825016251191 0.143245019545779 2.70299723475671
7.01957420786925 -3.87545845950831 -0.404702445250868 1.22950233354922
-1.43061290557011 4.45076474266653 -4.52135390038949 -1.17763023562395
0.935501717027722 6.96231603938578 2.74064384321391 0.0154199673154234
-7.91391373352953 -3.7311289247438 0.488344337484995 1.14666061415487
8.70996450323409 -6.97524637192416 0.632828400910712 0.160652219124833
0.183601196921385 7.26155432963356 1.49483623223336 -1.13690308475265
1.16845458241916 4.95671919187456 3.73984679673236 -0.524171727284284
1.56434052629556 5.92721809923117 2.32473251114516 -0.56349274631343
2.08264280005268 8.28600394928058 2.49811603368679 0.407848055795688
-9.39613946493783 -3.88246550696574 0.0641312209758859 -1.01357048114929
8.92252459807498 -3.55429804391671 0.495654693971713 -0.482408198055721
-0.315542177931175 4.74420910875197 -2.32532480037683 -0.425805299991875
6.51246608319646 -6.40056226710229 1.48543620931034 0.72468595021625
0.507096327101604 5.32335190168856 2.36223780127208 0.287482302432147
-8.22211317402911 -7.05932021575232 1.38797824170225 -0.501609390626918
-8.97081516497842 -6.47717947081012 -0.336527404197171 0.649158623021381
-8.46251846970859 -4.64119323936473 0.886618887212767 -0.860836584097881
7.73091769128443 -3.23775370841682 0.46085923401608 -0.255413944318965
-8.33545640170316 -4.03521941370314 1.16011397926331 1.00847282490757
-0.0826962414509593 4.3649832982261 -5.4958606049717 2.71465126365904
-9.59420183757363 -4.87999074459028 0.861435871046796 -0.328701864701942
-2.34132935615937 5.51249289484311 -1.83655731186475 -1.00515849968587
8.58176896695699 -3.75796384057566 -0.859252320515891 0.550187437213242
9.06022405364627 -4.95581820403792 0.210702374352947 -0.200363190665934
9.20621521099829 -4.17394745332385 1.56814475337518 -1.87500700225639
8.73185273250258 -5.05443992465693 1.45941422225063 -1.98170346819422
0.221250733328442 3.82321646037908 -4.70055361392686 1.37788879174476
8.38618645435707 -4.9342996146329 0.394959011523884 -0.65086133084774
1.10638351264274 7.55714851262734 1.98577211862448 0.462153725645886
8.15664766423199 -4.29430114839498 0.0670666986549494 -1.02854904711833
8.48218263797601 -4.26547198842575 0.430768664188742 0.738232234028863
1.37065244707918 5.99788865996899 1.44321089156845 0.152840940053227
-7.90170754003967 -4.61893238084954 -1.90422906376412 0.47085744137904
1.79197373115471 6.50644609099621 2.72031967984692 1.03333427728966
-7.80489575382743 -4.94742443139631 1.54548825746141 2.14055967092717
-3.33871083904653 5.41145271219184 -4.80698836067923 -2.19304306700587
-0.0536379947968278 5.39665800600691 2.71656648869208 1.43750703786824
8.41090090642329 -6.70095392844143 -0.298198005800533 -0.282190133047947
-2.15009383480042 6.13676368651719 -4.39124271008906 0.829257653453593
-8.30142262660211 -5.45763482197522 -0.370512651696121 0.308351477981145
-2.0967605813758 4.511135875119 -4.96128135313638 1.66937372817013
-8.7706311203284 -5.84501301179034 0.591366380568465 -0.348311976316782
6.9504654890968 -4.73452074096762 -0.00842721931016471 -0.961336493537722
-0.171338913825258 5.52124673063282 2.10503889368941 0.924828229389934
1.17487607927416 4.50483242797332 -4.3094160461678 0.661895984244146
7.7009994012062 -5.21386976125708 -1.51875972916978 -1.70074297675737
1.85489387455449 7.04172462251067 2.58833052227552 1.01512550254151
7.94522806813888 -3.01816195534943 -1.40421626562124 1.4415296264154
0.87258424657887 6.14759363111619 2.61005244010034 1.01655851862285
8.42286144438377 -5.96061299093858 1.16905141552744 0.279859771261166
-8.56268747600378 -4.88031251001129 0.336953730112705 0.129850717853367
1.7887574393902 5.03125698223241 3.2932681441174 0.370324799655524
-10.0289579973495 -6.21889678544265 1.11698244449486 -2.36049348603419
-0.0703546704244532 6.0666900732777 -4.12997309324703 1.60178307838481
2.43097289978554 4.95418514410595 3.06398422219027 0.509818061180586
-9.63447310240859 -2.12292212425992 1.51691915065208 -0.219721381373949
0.328549962457639 7.60909398007349 2.62660619095912 -2.2172047009357
8.49766345333095 -3.47327867064113 -1.49599443040072 0.904162363797629
-9.91107369747155 -6.04028523088074 -0.353930619777093 -0.359121005327672
-1.61635109686736 5.06494518691605 -4.58348765717116 0.53035020660362
0.99368101717938 5.77164132880949 3.65272763930189 -0.836141015563642
7.5755097458053 -6.3603310235049 0.0160536206896321 1.42344800345643
1.07356399214977 6.82396969967891 2.6049788248223 0.565608344835067
-8.40022493681584 -6.53854663575436 0.8620271419425 0.485488089148876
0.130321056805241 3.99825958930503 2.00930957706576 0.949931395567743
6.85694840261916 -5.11488463566278 -1.47487509568101 0.371966823416791
-0.801099228830292 3.13544083605028 -4.8135993442111 -0.569415142200344
7.13291387030973 -5.23448208593257 -1.16210832967432 -0.410981029996495
-7.31335974139174 -4.3127921561696 1.13914795585198 0.796535968150898
-0.501818625327534 4.06135150945804 -3.73770640351368 0.33994961075837
0.626155251241287 4.10635008320321 -5.60310607958308 -0.30091538082714
-0.878594889602129 3.88958895071503 -2.81639848273205 -1.27527444445677
-0.617384117620748 2.40950849227452 -3.94879167898847 -0.433058856005509
-0.27158804980575 4.8474847812405 -4.42661866040876 1.36794113357962
8.04534524465931 -5.07026751328412 0.692173852940529 -0.0839007045651704
9.76906028273629 -4.31587609549308 -0.680544043770615 -1.24164535117946
-8.45621981255448 -4.53587599734743 0.463881420674214 -1.18975739656283
-8.57294906966066 -5.22649044885263 -0.0711089834509142 0.070328040750008
-0.953063961419474 6.37984264310992 -3.79788570050624 0.434127836611911
-9.32617530303995 -5.63850161583054 -0.0127066597372793 0.279549436753757
8.73411486397733 -5.61274616409161 -1.62690563623577 1.99122148387608
6.92673363537719 -4.60795708925502 -1.50713102784272 -0.539301752737694
0.0491315964241622 8.31135580668524 1.23406578761805 -2.1578927537111
1.96642533255593 6.50691429880839 2.10117398847588 -1.51285907002755
-0.233905436061238 6.4048539697732 3.60372663037032 -0.571764816639799
-10.5633472063106 -4.50103768962676 1.14039041328417 -0.0807637458591979
-10.7271259596075 -4.00240976118073 0.576102015236153 0.420209042847688
-7.28178657126532 -5.47574311551786 0.635360511998734 0.926089290733879
1.01839665074009 7.37220868137096 1.16291151375154 0.510817834504595
7.0376955031882 -4.29205034070103 0.638600176740375 -1.54369689556717
0.512683611018456 5.14092205788929 1.83666039042067 0.77147839037113
-0.0433223452908399 6.13475407162128 1.79983443513221 0.599081849872979
-9.89294776458307 -5.38720561456235 0.00770573543907641 -1.60895889660706
0.139721061901141 5.45461292252427 1.02995706131534 -0.772465160533319
7.53121574373125 -5.56431402310539 -0.289908845290262 -0.354630804967187
8.19062456039859 -5.72000240512303 1.05786960394025 0.547887289923476
7.25365693023548 -6.41129305047573 -1.33885395483747 0.60840639401006
-0.660994061896048 2.37336331730033 -2.85667426776211 -1.6389796432903
8.16230358247983 -5.75291066109176 -0.17238892099815 -0.00803404213028299
-1.82615090572254 3.88702278816568 -3.50129891369154 0.30118055252026
0.660754071253941 7.47389090449125 0.526870158302513 0.283365684785896
8.87451737500797 -4.73915059992387 -0.797304067407243 -1.37796660376432
9.23189793023986 -4.40562927629701 -0.930506594116282 1.44789012802893
6.02006149166489 -4.01016097337164 2.01330578092399 0.428603304650603
-9.21347403509374 -6.73150201664567 1.18842735148221 -0.658907678600596
-7.36434198034439 -4.24583894655869 0.481836316351052 1.43425352492391
-1.57899550744542 7.3052937438309 2.2896218667473 -0.194280045327714
7.55234758127007 -4.60229919311482 0.548563616830965 -0.127212985991901
8.5416319712486 -4.61258779212978 -0.674935233341792 -0.647886598173637
-8.45954813639236 -5.28812666012503 3.06688584159089 -0.96449769239483
-7.91571793032192 -5.44526530518317 1.37411052495152 0.163902440133336
0.305955379935068 4.56230906986098 3.58690384435589 0.546083924884324
1.39068318204361 8.25217907511105 3.22847960408488 0.227410909297521
8.94946178602962 -6.96450776694358 1.23654364189131 0.727436163732417
-8.9568928570533 -3.41092440474196 0.162242879980224 0.573773914057888
1.63609802460786 8.31813909841105 2.84953716513515 0.546176176331145
0.2922144249323 4.76669264177794 -3.13536297569408 -0.907412428914773
-10.7024775398811 -3.68730748000105 0.878920147720057 1.18887801254151
8.14251659227931 -5.19742372259042 -1.95975131472047 -1.25081436225389
-1.9016228800236 3.22400371069222 -2.94667361390622 0.460434567791745
-8.55543237722899 -4.60748199292494 1.07749183403167 0.464689379358222
-0.50756764484335 2.90928162552029 -4.02557988023616 1.78064232660078
-3.30136925836599 4.1781840060723 -5.70151704687501 -1.75672744659448
-1.34018740407138 4.35140312866253 -3.84234522529139 0.310785116217273
8.84197920584018 -7.21667572361916 1.1759375221947 1.0552678945844
8.4762016999151 -4.53480577377724 -0.145746631936765 0.138284082524185
1.32208123214678 5.51696577602902 2.73860066268024 0.756924429005242
-0.681700256583941 4.62289254829444 -3.06612797663895 1.18116712969576
0.813949117332257 5.36647088454465 -4.61111670521643 -2.20333268859285
8.7968306178082 -6.66050782802689 -0.821310161872812 -1.88870861946538
0.874984177858714 5.55253914605835 3.7827225197177 -0.208833038703258
-7.14942657692689 -4.23066639754597 0.513650932563257 -0.553114676717455
-2.31458890846348 1.76435166249364 -5.3282504366305 -2.05201872544177
8.62797275649325 -5.51538993041915 0.398602701932717 0.538738605642508
0.121869199616503 7.40660649463327 1.27058234576886 -0.575839780177397
7.22799104459788 -5.89104110145854 1.50371740985158 -2.8812686160009
0.0172505869279671 6.77074039839896 3.49814667952507 -0.153401851716525
7.77353162188782 -5.32243868990675 -0.705328607163545 0.650264489674205
-8.5675537650208 -4.85307226131717 0.147274259511928 1.48295046145932
-8.46974391391492 -4.08995314457654 1.68038207066597 0.565349082382617
0.0522929660084728 4.72499743025577 1.89341710967025 -0.651133896364379
-0.314858559841171 4.1279586921706 -5.58784941098141 0.061253151650722
7.64408523908426 -6.39350383352672 0.448823275391608 0.127045638675853
0.737704950101643 6.84716840884673 2.4284402727444 -0.962878559041194
0.344434210046376 6.76338524574405 2.7107073590004 -1.22931076763711
8.16874363057848 -4.1200831392762 0.33270947898037 0.0172532700456783
-5.92689948528662 -5.0661872313766 0.607493818519368 -2.2005692396175
-2.74729155236403 3.67238381089334 -4.10656418510661 -0.0581275232441872
-0.0173752657036952 5.10569647135605 -0.972752757005123 0.743827152886108
0.921517581420177 5.61409792518982 3.55577249030964 -0.133334664966979
8.51165664157072 -4.9550044146763 0.423869732926574 -0.601801738146177
-0.491523515888999 4.18870450406408 -1.41709205846303 1.69436226081629
8.89845729411777 -4.55739616140769 0.214107587833591 2.50611426698917
-8.76832925124502 -4.61506616473224 0.864693425738363 -0.0832210493690416
2.82181789267322 6.55573322908125 2.00593069014537 -0.258914498852316
-9.19980657433841 -4.48653324834244 0.391802519775326 0.0051447515019591
-0.3360539679522 3.33068513151279 -6.19174376227033 1.6878448823009
-1.94289565833003 3.9530673928625 -4.6112604430796 0.531257488263882
0.325532905811276 5.28192992476152 -2.2863831160793 1.53623242184037
-8.48506903229822 -5.75309206357812 0.828472588610909 1.07488874988428
6.87536064875171 -5.977154571346 1.97646165920056 -0.67909445150175
8.31883497887317 -5.69725524884407 -2.7397309419243 0.0235149830664816
-11.0753853853912 -4.96505103127149 -0.0826081948742704 1.15874614859
-0.563755901632758 2.78159867085199 -4.20366897768344 0.594552423598699
0.771505934628996 6.47108085247764 2.058565057922 1.07802279808184
5.28308775794847 -5.17473743097101 0.650885721630765 -0.395859876579142
8.77010729487229 -5.63442941335915 0.741730272229815 -1.50243606881378
0.451239153379516 7.16724893062199 2.09223987043291 0.0676310747314219
-8.16706998961741 -4.5214432993891 2.79359415539355 0.529708783656673
0.675004186321017 5.04940012207646 2.24100352228277 0.116897511749671
8.40031243684181 -6.75765880971772 -0.459099253619443 0.871037543201408
0.802930490211939 6.5799131748956 1.49360037523585 0.379261224404265
-10.0651677989346 -5.85990875597158 -1.20753019489843 0.386386097462929
-8.3356288418501 -4.11297813256017 -1.02200024392362 -1.18492286688611
-0.428062732962648 2.68408497838992 -5.32076518339543 -0.431231162139051
9.45615386372576 -5.33945880114645 0.650508159853187 0.819051284637794
-1.36948749019218 2.97109858379286 -3.00785669804313 0.598904594622639
8.69659988595972 -4.88228423958696 -0.335113647515579 -0.707309929054818
0.923095973223583 5.93803254557198 2.26537902946837 0.954939834055966
-8.27052859900351 -4.2870329210927 1.10597516500512 1.06907967088833
6.84812378163435 -4.40042087519194 1.18279498224813 -0.828985343872259
-2.21192703982161 3.90042828246392 -4.98673603286172 -2.52090063763667
1.81785478456249 6.14598409510995 4.28254315021245 -0.156258987410666
3.56191814184375 7.91642816898839 2.80970809061934 0.0794395866149415
6.87104408872622 -3.58211194145892 0.846101583511409 -1.11004862341385
1.17387274643602 5.97899942801115 2.60728235999421 0.409894571141287
-0.275655396247555 3.96896103905704 -6.69114983502049 -1.89192652057775
-9.60650424737277 -3.4652959990908 1.55751849514182 -0.831518954105692
-7.74214437687119 -3.5272598043077 -0.228313092544592 -2.79026194404392
-9.68477404659015 -3.97754734430531 0.730422204441428 -0.348560341764796
1.79534947542899 6.13348575565023 1.27810893825943 -1.40325105130867
-0.122112920034158 5.46762739594275 2.10607059026631 -1.30052868772129
-1.51101654482434 3.3019307211208 -0.376025549281058 0.598982517305741
-0.0111053367558504 5.83079568901964 2.91223668426184 -0.605946514143375
-9.47856032335135 -5.98447827879855 -0.625844114971096 -0.232975190013597
