"LD1" "LD2" "LD3" "LD4"
-8.29412632935809 3.52603315515687 0.0285055697486018 1.41655455206127
2.40278791195401 -6.39948388093241 0.932115880781176 0.273624698211783
8.19622658439067 6.16644527358261 -1.17693876477091 -2.07599903306292
2.93358232986608 -4.3990649265857 3.66209652750033 -2.57371071546065
-1.18248744309927 -4.99598966908859 -4.61597543323483 0.912800227661032
-8.25442133660626 3.02022648363073 1.1838292864327 -1.49596357547224
1.36840348068283 -6.24683952807942 2.92078459184995 0.00849327176236658
0.367672752975475 -3.83200425057066 -4.63252289247928 0.527168591248442
0.194203660503186 -3.85558590511109 -4.66022110607992 0.588298115311102
8.77730362650786 5.08018971575262 -1.79715481535925 1.66099600298845
-9.64630746686582 3.77040204724874 -1.44475423364315 0.126316486011305
2.31461496555871 -6.83645286525064 1.28900347865263 -0.415611171888255
8.62053908993986 6.57644421258132 -2.22124939429715 -1.18554668688181
-0.455894373588644 -3.66202551373259 -5.9434219378041 0.495474257257371
0.334856694648832 -4.48968773936127 -4.71336056046566 1.01635895311008
6.98245474054581 5.94930450531524 -0.358177398692961 0.794833217426597
-9.14955615753113 3.61449056636261 1.10991004333485 0.644701319521448
-11.3707347762086 4.4785767682289 2.32042332850174 1.2146491895706
-11.5146039458055 4.55526097982402 0.591198100267199 -1.67806515544355
-0.167578469167236 -4.71297608786279 -2.55743760452832 0.0157143808414687
-11.0837001903168 3.50571052847662 2.5933344498715 0.80854397273978
8.89615084454582 6.36588247681216 -0.0751891642064094 0.366466315141698
-11.7885452753624 4.15586762650226 -0.831503863710171 0.0742011099695993
3.87477644038848 -5.30125726708691 1.51686914919875 -1.13629046647095
8.16977463836352 6.4011269192233 0.0483347181169597 0.545520030599816
-11.2230070289918 4.67236420229212 0.356067101900796 2.4923752826426
5.85398689476321 4.99894654466807 1.66981345171844 0.984053936826349
-10.4104996907624 4.14509278462814 0.441779670362944 0.321623309035426
8.16270569278167 6.64432924941528 0.730920151846375 -0.767152061460672
8.78715979726646 5.69471467950922 0.787699877131826 -0.158199805671357
6.80080949356186 6.23182146253718 0.108086605248616 -0.0534523989644727
6.42933910517983 4.86734511932813 0.375020892504143 2.07133691661084
2.90374237220488 -5.98812124003371 3.28462271608189 0.819285090809552
3.69578224652188 -6.42419499685847 1.73608174804659 -1.05896101840858
8.72712324768937 6.56615318583794 -0.129212656889811 0.821599653271903
7.47307389837234 6.34065153897856 -0.113202629628071 -1.37126822280416
-11.209565405868 2.81619568163444 1.13872078617945 -0.309420713103556
7.92979983204833 7.18670497452506 -0.582555364144298 0.849662353351864
-0.427789214379878 -2.97037057532023 -5.07273567593402 -2.1889784615828
2.04054400394318 -8.34026133757069 1.02051213129768 -0.668662100874579
4.04214054670409 -5.15297137817398 3.03183547151857 0.0595035250991115
-3.3890940893304 -3.84197863321737 -5.34428204842099 0.211072071206475
-10.4761512261842 4.59597411827481 1.20321781284419 -0.0759264965996288
-2.75845006747002 -4.80331536089983 -5.08265847902919 -2.33738796846444
8.67222419150747 5.32360656170277 -1.31489423728868 0.80841108404484
7.71934162112748 4.32827238524714 0.199406064318262 0.0257220746501909
-0.424905456234591 -2.99646957791491 -4.82666135402792 -2.61469648192939
-8.92863994465007 2.83542687302153 1.51541438696475 -0.887174826351114
7.65493222550852 6.38938370939357 0.258637676020024 2.23556904517816
-11.9251248726524 0.76284206825834 1.50953928340831 -0.647342562945505
7.17499748337482 5.81760973932565 0.172216058216615 0.714359096540888
-9.4467233785295 4.0086896604952 -0.0181209639895996 -0.116480788608484
0.504457948831741 -4.82614233665652 -2.88143829533074 2.21821303204312
-0.441385603363084 -3.98761139886588 -3.90765127538999 0.138665734668278
4.50855375402397 -7.24889531884963 1.69138479114809 1.57874179827137
2.94682797181886 -7.16147187881334 0.851586949746993 1.42502002864073
-9.04299132142259 2.50066221806686 0.250226123353699 -2.56985907904355
1.98226098302177 -7.59996572335076 2.02357176031363 0.0738662542175706
3.96782569740056 -8.84033750490179 2.85149887607766 -0.702791233492127
6.87788309224174 5.59657987752744 0.0548408343472492 -0.95741889158761
2.43075087365181 -8.00170707995091 1.39394865717089 0.991204368115442
2.84987415838148 -6.01619850509496 2.78722458651586 -1.29749042824393
-2.17964212835272 -1.95730724410064 -5.05519932538958 -2.78044106864357
-12.2688402182442 3.16493843401913 1.64490701830346 -0.0143703646159851
8.30832602454135 7.39617900508967 0.735178292141491 -0.443762308189472
-10.8333202021236 3.3007989692983 1.92331654120623 -0.696630116958295
-11.4411026173313 4.91633714459659 0.402124063833141 -0.0646627972807885
5.72378482067362 5.57038983151594 -0.880065152937686 -1.78724253978033
3.74002043215585 -6.26177801728276 1.31608521376854 0.357060671096345
8.78986301423676 5.63646961630208 0.78278619016625 -1.3526285057764
2.67701108041216 -5.60796168677398 2.63475968980846 -0.555430270721393
-1.72266049776351 -4.3956091066886 -5.00688396451964 1.74743840807581
9.09772014098554 7.00890134322261 -1.7727987666226 -1.33656622023124
2.35593480504357 -4.94799933586153 3.31993381392696 0.148653605912748
-1.3563102058851 -4.32065514935381 -3.99600142173616 0.561912832270398
2.73291434773291 -7.51907256061487 1.51962207510475 0.622832790495632
3.58315689534565 -8.1053764437991 2.76540597489958 1.18315088199445
7.22956641243343 5.13496000448665 0.571916525515204 -2.08887618585982
8.95974908899263 5.71470671059449 0.268186155932598 1.6636346683742
8.03632621746649 6.96294481348768 -0.433718380954786 -0.497626294243658
3.36233202292016 -7.13730217157666 2.52321321233619 -0.647257642054657
0.395352192411366 -7.77393173078927 2.30008810894199 0.137221981934691
-11.1090993812573 3.84835799960145 1.67974064713355 0.51563203428728
-11.9938573283965 4.73881844743302 0.0821318528666051 0.511154096555575
3.29410268655567 -6.45177688586742 1.74814904492266 -0.612067403465322
3.51792735666799 -5.85990581713093 3.67662169469118 1.00088844489423
7.38526147187398 6.71996780710187 2.23664809191613 -0.984425901132713
7.34023206652839 7.51634786410168 -1.10202278484394 0.399148339104223
1.18134874448784 -6.48518449338998 4.35856869640447 0.61980416390694
-1.49312596058936 -4.28806275996638 -3.30933124706645 -2.25080215734315
2.45168439830921 -6.7213469158055 3.79874205961071 -0.428715396910382
9.24278756378323 6.80227710143613 0.437953000466754 0.476817369752137
-11.24055928461 1.99390262670653 0.295899019035217 -0.245234786590942
2.24675655539806 -6.12274983546453 2.29001996199428 0.657672963198978
8.7487423333149 6.93309278687493 0.720433126985077 0.636871613096229
-11.4816441554883 3.711820535094 1.27914802349135 -0.144904048990197
-9.75923415377635 2.97910420724953 -0.352789082310232 -1.31324757063134
8.66222522488728 5.87529905437493 0.467530155749002 -0.288488613435562
2.26167856501561 -6.16067490282975 1.54265865256655 0.00122354979375925
-2.17327789092018 -5.83703940388294 -2.0954670853512 -1.15777350588881
7.78059047761277 6.49093627165823 -0.757789330358031 0.249385494366979
6.61180543063001 6.86978884574543 -2.79275106820498 -0.442205950544747
9.1461313467977 8.3577634023181 1.47468998167381 1.2962473265458
1.92253501701102 -6.24737691941039 3.38122148548683 1.00642351431112
-11.3411867894366 3.88530566345005 0.780594513465359 1.08387712819465
1.67653923979817 -5.74263624940551 2.29096900238081 -0.773406958272729
1.01142964655056 -7.18646874102352 3.20184516800461 0.358506382132437
0.985387367904481 -4.2944785884524 -3.49122887030952 -1.28716147956297
2.1869348227989 -5.53605057362896 2.32565478342836 0.267368930533458
8.58972735893447 7.66467514720344 1.09852510633964 -0.623264189556336
8.36473930976225 7.68130052546693 -0.2644153335105 -0.684291649216599
8.61806277989487 7.15571415545589 0.329107227193084 -2.0629760881374
3.06383980559637 -6.11526694922431 1.4020409022472 -0.179083609100988
7.13360043532338 5.8146118760931 0.13857195060228 0.0964466190490502
8.70806887463872 5.19269268085229 -3.01859217107193 0.526217880868165
-1.25440532646442 -3.47917091926984 -2.75407611227776 -0.330596276533158
2.36507315025265 -5.95063409072882 2.87256648414725 -1.0755242842225
1.97608123460225 -6.24979981547778 3.54451000254217 -0.62019768736195
-2.07226459125988 -2.47736634027284 -6.1920880867365 1.8352422254305
-10.7495221807479 5.79994798389895 1.8900274980173 -0.845091368498421
3.45501721685543 -5.95594631517103 3.76635808824917 -0.171127324298748
8.58509941090293 6.2371779793337 -0.658229680399827 -0.817250716232434
-10.7470273142019 3.62722822635809 2.7838309798449 0.0914590348478093
2.40968013932926 -6.25061591225411 2.29349808072792 1.04415031420567
-0.51070908773808 -5.41917234453852 -5.06406299360898 -1.51875255198304
0.118922873150501 -5.86410291061805 2.34091317553561 -0.828849250280972
8.17061336721118 6.00613099848454 -0.553572026677564 0.150570227393343
-11.0310938293246 5.4478153132277 1.8421279346521 -1.09131321585158
0.964587969809199 -7.01453220858563 2.19245956040917 -0.968295013050487
7.21376079420756 5.81502294013942 0.116002299540918 2.25372955957313
8.82542826008398 4.29507203403479 -1.43451996302517 1.00498703311862
4.20214163057639 -6.36557047809446 1.71328788728838 -0.643097893741157
8.21066473927934 5.01282699916835 0.262961472574327 -0.860598866399159
-11.3098433230932 3.28542294117964 0.801325497547004 0.069093632269839
8.67388377713718 6.25128164575002 -1.09403761722926 0.0293645988217755
-10.7842019293084 4.96330861877871 0.63120094678639 -0.665172486268649
0.0284220481623559 -5.37776069424045 -4.07565933626776 -1.45446746085694
-8.4652014042416 4.59205669435061 0.425242723280692 -1.27318949561052
8.3625226985873 5.50375733990352 0.557314063722461 -1.67068422429382
7.53333163903703 7.80118794679567 -0.232208480322383 1.42743812088649
1.96781604724005 -5.71936863125855 2.11416408826548 1.50442927753406
4.09260722403336 -3.13975321889409 5.02571937044237 1.85460540262631
6.71138902880049 5.69506103779897 -1.51959343819359 -0.237590101931313
7.20992090651317 5.6468531904313 1.00839980967919 0.415670973948175
-10.226073586442 3.54576268576253 1.40495588670365 0.100734806804546
-12.0157287514621 2.52613954863215 1.33254263217621 0.56638689045331
-0.955482795237487 -4.3555982607398 -3.62655109210462 1.32351617188141
-2.83827731554783 -3.86826381815278 -4.29936781024522 0.439373387252673
7.19770289267291 4.34906912544439 -0.3767685566298 1.06711205685528
9.53995265727354 4.90347058340422 0.235722914345902 -0.404459617812966
9.1058326956516 5.78571439572794 0.138385501640655 2.16315283450687
7.42166830773888 6.06171135539723 -1.16921171199121 -0.35938184667686
1.99365744351922 -5.45265172427978 1.97232967265025 0.904667513471079
2.21159766206058 -5.76448397690103 3.59093281426874 0.181992229313099
-1.4634019402204 -4.62088554226112 -3.16575021585403 0.327522505396995
0.606901560843375 -3.4452575505659 -5.42694049997368 1.63730882821685
-10.4553628513386 2.24186839305606 0.735917842473795 0.924531978049567
-9.59975879516565 4.46726833777679 0.198125020785688 -0.147715905028607
-10.2842076812224 4.41361159454947 0.353526965537744 0.831537686692324
9.35433673369081 6.59977490080859 0.428245903089092 0.336014542803648
8.31288907312393 6.0497550093966 1.93025937722043 -0.125222074109032
1.6995311615111 -8.11932827957072 2.55213041080617 -1.46797463096523
-11.8068891056074 3.45882856279049 0.773239452845208 -1.19153735946657
-12.290658286968 5.17877000901356 -0.570842493731695 0.196582072248164
-1.29927082030653 -3.50215036460376 -2.5927659320461 2.59703646574424
-0.444488448295736 -5.91721259670572 -4.49636805145248 0.511983902623183
-11.2728024633312 3.22805113544225 1.14551725437872 2.96028836172636
-1.73540328063943 -2.06880848105995 -5.13540151170576 1.29293030745769
-12.4326011643669 2.22710397781778 1.46363819301422 1.1196315395957
2.08907681998473 -6.72282393007074 2.07445416088212 1.46169672161485
2.5642816351189 -7.22923356568628 2.86898928233703 -1.20662733759853
2.73531378281799 -6.57437401323317 2.22345314374501 -0.518303210474601
8.20830971601689 6.9689135503971 1.10814498172159 -0.175674882316878
2.82939228151721 -6.55993037261403 1.75118678424089 2.69660192699317
-0.109396956978341 -3.82416294261701 -4.81828920267894 0.174390299176744
3.6226351124291 -6.03721136167456 2.31191343853362 -0.427462245526055
1.1604353460938 -5.22009451755505 -4.80235835411198 -2.33612894364558
-12.5565651756744 3.54953503085029 0.684022348446463 0.649348343662249
-11.9504600980936 3.81857525339619 0.730733867042512 -2.3630975476972
-10.955148340403 3.5025454384885 0.459003718360654 1.0007714433615
3.0162712971997 -6.6348870147649 2.32871463323287 -0.0798879457347998
2.63274788420039 -6.33174093715683 2.4932247727535 0.952035616956234
9.3590540525628 5.43191780110766 0.161528458841294 -0.91942450427614
-10.427093776665 4.31071310351455 3.18803442601173 -0.311205173184774
-0.0126243311718162 -4.74391397163942 -3.54994201190021 -1.33742191434357
-10.6651129982194 4.04454418240466 -1.28994903358505 -2.25767223000786
3.27719121738708 -6.45470221940107 2.38289533106633 1.62415276843547
0.492090838847341 -6.09598773638802 -3.0842463391445 -1.12352285637173
-10.1404681911513 3.30364498638838 0.995193871096025 -1.48664685565055
3.23702772212006 -7.13384057366077 2.60661540254144 -0.590344956961761
3.58490360932187 -7.32823696676559 2.89823634983937 -1.5612766455695
1.42879341517349 -4.81382811937378 2.47617352217577 -0.367492720760859
-10.1448076045281 4.05131971908151 1.57522008555175 1.79722931786547
8.41132193779954 7.59093024702544 -0.646404327111 -2.60399150397263
-3.68315186974348 -5.77463787597616 -5.00931535658166 -2.57216597261772
3.00367969489485 -6.70120951405239 2.0347099005392 -0.45324220964376
-10.1878073293161 2.73083829325627 0.887113474647079 1.29496225001238
1.85700609880104 -6.11124244184843 3.16643746149802 0.830171823175873
1.48003559054979 -7.84095493482032 0.987309002644138 0.00996535046136098
3.13572370037311 -7.72252858751365 3.13642739622651 1.25715563990869
-10.2777742663072 4.79645811535063 1.27260967439741 0.713537023724793
2.06902778506176 -6.85000226641304 3.76492005152385 -0.119564897295427
-11.2388185637937 2.97135800864213 1.25888050813805 -0.176144981993521
-0.418061506283429 -3.54438491049589 -4.37782533531161 -1.96292265316012
-2.36048636858862 -4.30376976487574 -3.68728809359559 -1.41190209211944
8.65444903399531 8.22525211522261 -0.332395215004116 0.480736519724434
8.38521120887555 5.41074017326151 1.69403185304811 -0.463511750330022
3.00362954703178 -6.57936484855501 2.36640353581582 0.104719996219144
-1.51165974338912 -2.81254407999556 -6.8779792069741 1.31100861463614
-0.464841692119088 -4.04482393424912 -4.68196098716886 -2.50169722729586
-1.87753736844787 -5.98459117442904 -3.29990479338435 1.25733336296217
-9.44398892169188 3.07672310539732 0.680068775260276 2.06365839352117
7.87262383571319 7.13064573580851 1.57856772276345 -1.30461498226494
1.82434067434626 -4.88216197049302 2.01796304767586 0.108909433503851
2.53050939257469 -5.89398586676907 1.4994143804575 -1.09354921669821
-11.4243703308401 4.53886044041083 2.24761242955153 -2.39960216614627
-2.39761074968266 -3.16835245778133 -1.12562364528224 1.33631382498257
-10.6912256234064 2.72989461133694 0.564853713483258 -1.17661436109653
-1.89184011117268 -4.66482202075518 -4.68352597068875 -1.6677420863788
0.415500035423357 -5.40065520540694 -3.60991917753884 0.503052854542643
-1.56213313113067 -2.62994181647028 -3.50431602474394 0.798721338804295
-0.716677409606658 -5.41861179582254 -5.1622906320219 2.09233728419601
-10.3696794154977 4.28289660009837 0.242427762514356 0.0274376731678245
9.27308303316589 6.13865545381494 -1.3593943955428 2.05003681182404
1.32787661998162 -6.75002645938569 2.41881316837863 -0.44358633189304
0.479573600556797 -4.25254887935472 -4.45303064994036 0.555902114751425
2.78572768894007 -6.39656589411464 4.13525161890916 -1.42932852056938
2.39606518383357 -4.98847297608253 2.67660356178704 0.55439633576664
7.96246252787745 6.07337494176433 -1.12101873836904 -1.20363885500039
-12.4702534856064 4.23189921887426 -0.44762882153319 -1.30888592692645
0.533887001567587 -7.59260357512303 0.942411392496734 -1.12509338848149
3.4183117624923 -8.36097775345779 2.94836184260598 -1.10153239329846
7.2727972096487 6.09085203235131 0.155263090072716 1.25846084333171
5.78503613762623 5.46517929602992 1.27704381389037 -1.16467160929224
-10.7316881946042 5.45481949776251 -0.0396886357610812 0.891849155003418
-10.1126888569556 2.87970812727901 2.1453998074797 0.642969052595754
8.95116542609885 6.65593029105529 0.0205188018277871 -1.1017270481015
-10.1962181869893 5.06560498046584 0.238559524331161 1.42949336715661
-11.7588087976728 2.4501488644529 0.0581778259930129 0.417006163038731
8.56532148782539 6.84987164009022 -1.59645969485048 1.33313124704384
-2.26844423960298 -4.32600602236664 -4.73710783024766 -2.82162681266652
1.8263226734633 -6.2698619799265 1.70851309989534 0.739892284031974
5.71225001684085 6.81624862089263 -1.97083553449647 0.497734923822763
0.525347389937381 -4.94953392628592 -1.39496957492339 0.8798652472255
-10.1506085683485 3.17907295461864 1.21591185101454 0.894063120671678
-12.4365282953079 2.83338119322698 0.90002081717378 0.458381664584069
-1.25794486052817 -3.59426179228484 -3.45946982200067 -0.920419212275763
8.39226710094428 6.2696730593778 -1.24692670427117 -0.541008267836375
-10.4044651918099 3.47240245623253 0.804492532929741 0.316798971684051
3.01206866722977 -7.25785282921286 2.12413263109914 -1.62194331813455
10.1488403009671 5.80253786622018 -0.784890609355374 -0.44074043823903
-9.66635356736702 3.30316462270957 0.979297602121805 -0.209325113841015
8.30559711130549 6.83346058820332 -0.0511195513218945 -0.213446608322186
2.79135989960645 -7.26374172877208 4.05801864276865 0.960814369192558
8.20775716100888 5.92666455073385 0.574819313044611 0.112311568156653
0.15882834008663 -3.29317247538547 -4.45587124256057 2.63027581927515
2.73111019322054 -7.77729093076572 1.56796511820795 -0.458954727715922
1.23137265982136 -5.98327952391387 2.10550681273422 0.199623685425113
3.11916360601788 -6.94063076971331 2.36083894757488 0.358165623945781
1.80294730582857 -7.45572788335523 1.91318983135266 0.485316288747391
-1.38128089729046 -5.84692373950222 -4.78612514394498 0.929110960063615
-11.0469940713406 3.67514390971574 1.04695432858023 -0.200585149473189
8.67003523392029 7.25019893224199 0.869273330296244 1.45580499926132
8.07245758813343 4.58696447477046 1.13227716184918 -0.0160606273997909
-1.14250540481645 -3.53058405499659 -7.24160469194459 -1.74943264576243
-10.1055685460418 3.96250705351321 0.607033849343147 0.999350236225691
2.22030935060315 -6.23250532005942 1.6118697494096 -0.161174021220219
6.70935218147237 7.24345151716353 1.61250869706278 0.159565410867269
-2.84421826625109 -2.81963549246387 -3.81115667115966 2.68301772091107
-10.7815788910605 5.13713707353166 1.49094531899667 -0.441488711020476
-11.0127493103623 4.54653218787529 1.15436918282695 -0.648240794526849
8.095609534175 5.85102044524181 -1.45421318097011 0.445761130181732
6.41197383979686 4.34141571395828 1.11999295272254 0.117291340751519
8.39067404844729 8.17105416186914 1.01254066458013 0.315564025760823
-10.029269932148 3.19293512248199 0.627237670861572 1.10540232997015
2.26519873065065 -5.1031388499889 2.51380816461613 -0.846636869954851
-11.6437230414626 4.5072752481715 -0.280119846252809 -0.410636287267287
-2.20169741743567 -4.56211433836999 -4.69147969455171 -0.654669572562737
-0.593169222107911 -2.36214219501289 -4.43776744175698 2.21806902455389
8.3070014006604 5.09511174835872 -0.392944593161546 -0.558785299565171
-11.3874625647533 3.41826754487837 1.57856340677195 -1.11548416931984
9.37952383450985 6.33626240674167 1.41996099896247 -1.11071519887739
-0.80534386181333 -1.92193230554823 -4.28116456909877 0.516943955529875
-1.01849743447171 -2.17425995066921 -3.20336745389009 -1.29713024118002
-2.38699566283341 -4.33046129724908 -4.68860484266015 -1.13847036716409
2.00980241094406 -5.00160204067887 3.70003691100749 0.218816164609765
-3.04286862827285 -4.46337711160578 -4.31610272910961 2.79472373054339
0.48918366613826 -3.89861344226522 -5.79376798855622 -0.912520593731413
-11.1325978656387 3.00380203044035 1.14077161340594 -0.139066601522787
-10.6533663071022 1.37743486372087 2.3971876633 0.136321844062542
-0.587881369509254 -3.60908294234421 -6.35275650085329 2.39378041882822
-9.94837102040048 2.94043018458822 1.67907503087478 0.281920188047981
3.15571467359582 -8.00609857647557 0.957971962510196 -0.490467265007378
9.08971718669946 5.98324177646419 -0.244936953100112 -0.0190895307421013
-1.9967163014394 -3.10901778552985 -4.23679347824227 2.38233981875295
2.60988261596289 -5.28992536141518 2.22814068724126 1.48294182816411
-11.4683259438023 2.52678744510173 1.60141623551577 0.121815984128757
4.46592076758715 -8.58314268707819 2.44358051735934 -0.258988888636011
-11.4358107534703 5.16712529888042 1.14850733401648 -1.71068563105577
7.87696093547027 4.59865586062687 -0.020029730413664 0.220283619892537
