0.99999999998949 2.21291981105096e-48 1.05056472313397e-11 5.33314086343073e-29 4.29108241193091e-15
0.999999999949359 9.45310537521219e-53 5.06351182586718e-11 1.03083902576245e-38 6.21719978294981e-15
0.999999999953139 3.58054186920984e-50 4.65604316397305e-11 3.01126210645941e-43 3.00970604049232e-13
1.04659480198604e-07 4.96102703223903e-40 0.179289149542113 3.23672968331077e-32 0.820710745798407
0.999999999999984 2.67849621453115e-60 1.61420991824526e-14 1.32706079102195e-47 7.48597401506407e-18
0.999999813971101 8.20893264146449e-44 1.79948819167417e-07 9.46177172293854e-37 6.08007965360738e-09
3.68661547547031e-39 8.08797091652236e-59 6.96654632349234e-38 1 9.69214623051529e-42
5.23451391659965e-10 1.01368563592997e-29 0.806952543184538 1.36130972993215e-37 0.19304745629201
1.24293785255105e-05 2.5098076042401e-37 0.887066111746962 3.68078966508366e-34 0.112921458874512
7.30987592469362e-27 2.38845993162186e-45 2.17796097335642e-29 1 2.36686116082894e-32
2.88496421115896e-46 4.18659402663891e-62 6.05864044158828e-36 1 1.83456178469788e-37
2.21403513974721e-48 3.75141800664775e-63 2.14290880550798e-47 1 2.05511625686098e-50
0.999999999954415 3.68810389653128e-44 4.46234715191298e-11 9.74441548644732e-43 9.61839007112842e-13
2.56784503295774e-36 5.51571178739148e-53 1.18707628022984e-32 1 1.16425040793156e-35
5.19176160939199e-37 1.06195483987941e-61 7.95317103726166e-36 1 2.10245271068478e-37
5.20183794699378e-44 1 4.6759794601725e-35 2.88801678063075e-54 2.01845481088096e-37
7.26038599116561e-10 4.34789528814694e-47 0.994528257201716 1.59733214640588e-42 0.00547174207224523
0.999999669557904 3.37255116144683e-31 3.09420402034136e-07 9.53150320920892e-40 2.10216942343215e-08
2.55624591241904e-50 3.51799638747946e-65 2.67927423333992e-45 1 1.30796237655637e-45
6.95048420921327e-44 2.6889201057729e-62 1.76822731501354e-37 1 9.31002820669507e-38
1.45145067484897e-41 3.8149252747119e-66 4.9055960231442e-38 1 4.2752688502997e-39
6.62747311769085e-51 1 1.3816525884816e-41 4.47820365488703e-64 7.02581506973948e-42
8.94662406916112e-58 1 1.04370124909081e-43 2.52386190398573e-73 2.16798966810427e-44
0.999999998222894 9.58384599810107e-48 1.73809110146542e-09 1.17840186839147e-39 3.90146141816362e-11
1.87816270645307e-44 5.4513990547354e-57 1.94510000683132e-41 1 5.84619023685178e-44
5.47784230868755e-42 1 1.23709401038465e-33 6.62464714062645e-57 1.36601044889758e-34
1.42416672025529e-49 1 2.32890027489553e-37 3.56382188908547e-59 1.57252983174195e-39
4.1910736667159e-53 1 2.93636660790125e-39 1.32909073146036e-61 8.31740996550205e-38
5.51010542294568e-37 3.02101381243778e-50 2.48745384260124e-29 1 3.15251790558114e-31
0.99999999400843 3.21566769227311e-39 5.11293644968199e-09 1.82159236932469e-38 8.78633792134214e-10
1.14236425934605e-38 1 8.53918028114406e-29 2.11240975850135e-47 1.5990485688324e-30
2.48251615545029e-05 7.38687482917386e-32 0.444959726105112 5.1206520285893e-46 0.555015448733333
7.65423719960125e-44 1 4.26158954034996e-36 3.56266102970198e-60 4.48501428087586e-36
3.87325012704775e-40 1.24006799643369e-63 1.50546366017687e-37 1 1.04316271754057e-38
0.99999791601744 6.46566092495495e-46 2.08103766056704e-06 2.66570097926947e-35 2.9448994922851e-09
2.47632813976615e-39 6.1866297427339e-62 2.79278274826265e-37 1 9.14471018372243e-40
5.40232241352816e-18 2.09730288204699e-25 0.0113015054999333 2.58295183186648e-33 0.988698494500067
2.2128641383949e-47 1.57658466297328e-59 1.95061371881718e-41 1 3.8468155755773e-44
0.999999936408849 7.95660944739512e-48 6.33928421217717e-08 4.13818576887385e-35 1.98309067480672e-10
1.24830071172428e-15 1.5568061656928e-33 0.00611880181320454 2.20271776851403e-42 0.993881198186794
1.81136081368918e-48 1 8.34846181594614e-39 1.15629268890664e-72 2.57929128693386e-38
1.25372406187825e-40 1.08175066483323e-66 1.09090457661597e-39 1 4.05769858607154e-44
3.2572263541198e-36 5.67063686899844e-48 1.30231341170576e-36 1 1.29805773210424e-38
0.999999999998801 6.49128655912838e-46 1.19732534938937e-12 3.57761215146249e-37 1.45200135620702e-15
0.999982854349708 3.92205643943287e-44 1.71318760552208e-05 6.67937989562999e-43 1.37742366052568e-08
1.46566098660076e-43 3.50179056869903e-52 6.92052011964652e-35 1 4.2832544046259e-37
1.67135612509406e-29 5.37607615403315e-48 2.12809065404236e-29 1 5.03960464708992e-31
0.9999999994447 1.83149797923973e-46 5.55009096152032e-10 2.55545630813051e-36 2.90611725800923e-13
8.76537336743189e-46 2.04552491285487e-64 4.14196683359765e-38 1 1.0059484649849e-41
0.999999999719331 9.38381841063372e-49 2.78457683840933e-10 6.49549122516314e-36 2.21125387145084e-12
1.49120560793504e-56 1 2.94941404057657e-41 2.01663880158506e-62 8.59848612917536e-41
1.02343392944172e-28 3.65186044813689e-45 1.23351475601781e-24 1 2.89632019837082e-29
1.64730667528929e-29 3.96058514089686e-53 1.50936294598694e-30 1 4.31153058124507e-32
3.70387540910431e-30 5.84343572031118e-49 9.28126346031954e-29 1 8.18434223902119e-33
1.19779867754052e-10 8.68850281407272e-40 0.904825710724728 3.58624705953195e-48 0.095174289155492
0.999999999999994 4.1170108599723e-56 5.64639756169665e-15 1.14922017934094e-41 9.85013540048531e-19
4.17563563516386e-17 2.87689144283783e-38 0.930791242735406 9.84107615657947e-35 0.0692087572645936
1.6625982068736e-08 9.04099302916623e-28 0.952405986023599 8.18483699653644e-28 0.0475939973504194
4.33146819230784e-41 1 2.92279607232792e-31 2.85701771335754e-52 1.40330721643069e-31
1.34157676839507e-46 1 5.63393352661103e-35 6.79585787799898e-55 2.28211751992623e-36
9.13002215123093e-12 2.30105876902959e-38 0.759365343585516 4.00365140809877e-34 0.240634656405354
2.06935627585269e-55 1 3.62769838095232e-39 1.99532779398651e-67 2.61269463741232e-38
1.39186192462711e-45 1 2.99044948202215e-34 4.12941581438125e-62 2.08873471669307e-33
6.11561022375625e-43 5.16114033794178e-60 8.12133043918178e-39 1 3.18969989227074e-41
0.999999991543941 5.3088860554924e-42 8.44709225537926e-09 1.86943423198352e-35 8.96674402075028e-12
8.37286037680177e-52 1 2.57987660455949e-33 6.47614233333312e-58 6.06597756328387e-32
6.18612498358971e-35 8.67413069448762e-56 1.51490005853742e-33 1 2.52517809962382e-36
0.999999999999771 7.25420168081445e-53 1.8098957496675e-13 1.47051203929939e-45 4.7919180583069e-14
0.999999999369898 4.07810255015649e-55 6.29870968229273e-10 1.23681079891662e-43 2.30446579234758e-13
9.08076369408565e-41 3.45904157336642e-65 3.45176933546301e-39 1 2.14697791200354e-41
4.28930402507126e-32 1.49564409763327e-53 1.43865759353876e-28 1 7.09642640977325e-32
0.999999977288081 3.90478533378561e-52 2.26492435963102e-08 1.67058052406471e-47 6.26754311261659e-11
0.999999999999675 1.79308270363381e-47 3.23780445289891e-13 1.8764857913629e-45 7.95547748451273e-16
9.17232757785991e-13 4.73664077141147e-32 0.718732388175802 6.88246686699843e-39 0.281267611823281
5.31862209002328e-50 1 3.52858001555862e-40 8.14269986771999e-65 5.01668048997367e-41
1.55350143390168e-57 1 1.53288337426548e-45 4.12689724995923e-64 4.0704987858709e-43
0.999999999985906 1.23883941597384e-53 1.33295276066033e-11 1.77881409028697e-35 7.6412801705314e-13
1.16776238400081e-08 1.08119266821096e-26 0.920982305105092 1.36034017317031e-31 0.0790176832172843
3.34106306314018e-34 1.23761959701002e-51 4.23952712225703e-31 1 2.75511810303855e-33
9.23554568165842e-40 1.47107092658565e-63 1.48032527018305e-42 1 3.2738605146362e-43
6.62227784109997e-06 1.33243601577028e-42 0.738860431098764 1.4729586248699e-37 0.261132946623395
1.12628876125803e-55 1 1.11060793482751e-40 8.78887918964695e-61 6.17149849817348e-41
3.10968319751956e-38 1 5.15553128119735e-29 2.60672679410916e-50 2.26345885379065e-30
0.999999999993737 8.66403740193051e-48 6.25946719978295e-12 1.55462529937198e-36 3.76049480564046e-15
1.88998403994315e-49 1 6.71541413108966e-36 2.8342328197044e-55 5.75004087494547e-36
1.46023110576926e-43 2.74021228463914e-68 1.42343460070146e-42 1 5.06186844100028e-46
2.08726579524028e-27 1.63400469184306e-55 2.30919832066908e-27 1 4.52559002506505e-30
3.90902391331162e-39 8.62804353665396e-54 1.51117403994136e-34 1 3.21597156469765e-36
1.5772019216934e-39 3.1912670729131e-66 1.20901327999914e-34 1 3.6249505721205e-38
1.12943550163346e-10 9.7287850374006e-39 0.997956821142146 9.85748312046453e-31 0.00204317874491079
1.606049672689e-39 2.57566482668163e-60 3.47813831153791e-37 1 4.50086764127624e-40
3.6897632196717e-42 3.37888665328436e-59 1.51168109022167e-36 1 1.22983961158567e-36
5.3055535930878e-10 2.19372242916065e-36 0.897353854283985 4.30922342534574e-34 0.102646145185459
0.999999997423547 2.3024285574233e-40 2.57618657689177e-09 1.96168312629021e-37 2.65991025357808e-13
1.79104854511711e-46 1 8.60190739955453e-38 2.67335827272438e-53 2.92154367855644e-38
1.4722044553558e-35 3.8911827083717e-67 6.39957660269182e-37 1 4.92616449944311e-39
3.22346680155124e-16 5.08213422008048e-34 0.972700150629797 9.89557613611348e-35 0.0272998493702026
0.999999999999646 3.40627330180731e-44 3.52851279846102e-13 5.41440476975295e-40 9.91645694824804e-16
5.39178889184913e-13 2.49122201889669e-42 0.0349186259756295 9.33954283145445e-45 0.965081374023831
2.75180641544349e-54 1 4.14547833471221e-44 3.33156977412103e-67 2.17304321048306e-45
3.40523720676865e-46 1 7.96774219270667e-37 2.83312820028567e-62 1.00905448869131e-36
0.999999999999982 3.85464869785215e-48 1.75421312378835e-14 6.90578097172018e-38 1.88887813189063e-17
1.22191645998734e-35 3.0699753231321e-61 1.7920743232062e-34 1 1.20775655347146e-37
0.999999999999977 7.05173620690861e-39 2.33473546082306e-14 2.24371141933247e-21 2.72314808800967e-19
1.36647371448738e-11 1.37303526207542e-31 0.862693647644079 1.08960651792135e-27 0.137306352342256
0.999999999999954 7.0295630533946e-67 4.55944493448159e-14 3.39986840143973e-40 2.01764762730223e-17
2.42070622653407e-12 1.2299211018683e-31 0.171170137009701 5.00348743616279e-40 0.828829862987878
0.999999999998483 2.6229138544456e-43 1.49447093293367e-12 2.35788190772098e-37 2.27651515031238e-14
1.20327828861555e-48 5.18349057565537e-62 3.10095946507517e-46 1 1.6003046684282e-48
7.72835770792053e-42 1 5.93497799115701e-31 1.5216359998733e-46 1.21066475806001e-30
7.92036064634467e-43 1 1.25932624622712e-32 2.57729714136263e-54 6.44205637805457e-33
2.67064941379011e-06 3.32769164417223e-40 0.493947841944263 1.0131595017266e-30 0.506049487406323
1.12861101914141e-41 1.59250963408961e-61 1.14753420045932e-39 1 2.35699117122435e-42
0.000115248655727948 1.60388064159759e-33 0.998978082192697 2.71147617518696e-32 0.000906669151574654
3.13961117238483e-09 8.22923967519628e-42 0.937230416451061 2.64633706382635e-27 0.0627695804093274
0.99999999999999 5.24163128896121e-46 1.05158455306893e-14 5.04555398870369e-41 6.4681532053029e-17
4.66974625685979e-31 1 1.02675330071703e-22 1.34117937268628e-34 3.54790462871887e-24
0.999999999989815 1.17022335182847e-49 9.71020865747387e-12 1.61428001498851e-42 4.75266385454891e-13
0.00590700961060909 3.81237499170459e-23 0.968799700718729 1.93559956535284e-32 0.0252932896706624
0.999999999979007 1.00426547817696e-45 2.09792071735401e-11 4.0281009254001e-33 1.35858426639699e-14
3.69903382921912e-12 3.11147835600787e-25 0.996742355903775 2.57046664797587e-38 0.00325764409252614
3.01493841468186e-44 1 1.4104706405409e-34 2.59792618629117e-54 1.0197715186731e-33
2.35567110405436e-32 2.27780653100303e-41 2.05687595950366e-30 1 4.99459226841666e-32
0.99999679023603 4.47458027131044e-33 3.20652600559402e-06 4.59976090079252e-31 3.23796465192993e-09
1.25860248360172e-38 1.20241512840461e-67 1.48617201029235e-35 1 5.98515303476908e-38
5.59853850244697e-42 1 2.55828230227897e-33 1.02133310728129e-53 8.72465222381008e-35
2.09414335128611e-59 1 6.14556253525866e-49 2.26119768059742e-69 1.91078378407598e-46
3.74900397371896e-35 2.74043072484277e-60 1.0841167171305e-34 1 6.28852304741857e-37
2.54003803048028e-35 8.09270595632801e-63 1.39556762408544e-31 1 3.35025466712035e-34
0.999999958270555 5.40685267955708e-40 4.17061728171295e-08 1.46084966875504e-37 2.32727780840182e-11
0.999999998823478 1.01340217078213e-55 1.17218387768933e-09 2.17566236431503e-37 4.33790229708512e-12
1.34844159149695e-10 1.09106369779352e-34 0.838473903665558 9.52551525972232e-39 0.161526096199598
0.999999999999675 1.29659894080927e-37 3.24138578246011e-13 1.66146467639992e-44 6.96060256622635e-16
1.72692967023457e-55 1 7.2123704307279e-45 3.04227667301434e-56 8.70334145529481e-45
2.5073867152552e-32 1.00215483277532e-54 1.4247192708856e-34 1 1.06056196934794e-36
0.999999999998192 1.34744494311068e-43 1.80352866695752e-12 1.827495636324e-34 4.73823753965518e-15
4.81300687383956e-53 1 8.18921066929143e-44 2.64153647368275e-71 2.46975734731759e-43
8.69718597052481e-10 4.04386752311751e-28 0.214398399444533 4.4716514236807e-28 0.785601599685748
1.23607741236684e-36 1 4.84358223100785e-31 1.77705629971899e-62 2.72674561014643e-31
0.999999999970018 3.65621670224933e-52 2.77402556743647e-11 6.67684251581877e-34 2.24152831691246e-12
0.999999999954523 6.38761500017067e-45 4.54717401820533e-11 1.61841347842873e-45 4.77817933057634e-15
4.77290364421157e-43 1.05177720503422e-61 5.51346319124303e-43 1 4.62778072255073e-46
3.35952541873019e-13 2.18759189479855e-38 0.0267097340224972 1.79374782494446e-35 0.973290265977167
2.58312816691549e-12 3.08801255407642e-35 0.603284726312523 1.28976432529453e-40 0.396715273684894
4.90822193665114e-48 1 1.44055183421944e-36 1.2228998238924e-62 1.52744962893078e-36
4.16020137605544e-38 1 6.49005178753568e-29 1.83094804898848e-47 1.03618849135386e-28
8.78970280499499e-46 1 2.38268765341796e-42 5.10298062799396e-55 2.36001269919094e-42
3.19884325908139e-11 6.3593422573481e-38 0.865282922972373 2.7206351930362e-40 0.134717076995638
3.80728468552722e-36 1.29974737038647e-52 8.64370798293034e-30 1 6.68225544457861e-31
0.99999988198089 3.76279091500219e-49 1.16166963875638e-07 3.22597262685646e-46 1.8521464509276e-09
8.82506931366015e-44 1 1.93161165523116e-34 4.11890350187127e-60 8.74638870688431e-34
2.65423206130749e-38 1 3.42448019151454e-27 4.54661319930571e-54 9.40977556120945e-25
9.2889898078335e-40 9.51723401213667e-61 3.77663327467592e-39 1 1.03900653655431e-41
6.77988227529708e-39 3.11800478937414e-61 2.65708029404304e-37 1 2.35671390706086e-39
1.08892385132874e-33 2.7572109817365e-54 3.66659204365864e-34 1 5.07718281722552e-35
0.999999889187217 3.26271328444498e-40 1.106313923663e-07 3.16585906799474e-34 1.81390161411634e-10
3.68378803446665e-37 1 1.50801225377762e-28 1.13812445306913e-39 5.44695996260838e-27
1.55379490595031e-38 4.20234529714776e-69 1.78020928098253e-43 1 2.52163223326247e-44
0.999999993975826 3.64526232638221e-53 3.86005041959614e-09 1.32304450532173e-50 2.16412403035928e-09
0.999999999983058 1.83831698573948e-51 1.69155682362307e-11 2.50892275643641e-43 2.65347936845583e-14
1.40626883146502e-33 3.48438245766909e-50 1.31579178451407e-30 1 1.03572424598656e-31
9.59829519128258e-07 6.46302610192767e-35 0.408978359059655 1.31753959649576e-40 0.591020681110826
0.999999801957359 6.41214788284145e-37 1.9448700882672e-07 3.92247797891691e-33 3.55563165496212e-09
4.07698167844396e-18 3.30424775348102e-43 0.0109033856164549 2.52184692710633e-36 0.989096614383545
9.99725595069542e-45 1 1.92063550053455e-39 7.52969786938946e-58 5.04014886797492e-40
5.70867424035866e-08 1.86133275640564e-43 0.877261269568967 4.07921383682961e-44 0.122738673344291
0.999999992263486 1.72644527066401e-49 7.46851748742748e-09 3.74920488051556e-44 2.67996920927017e-10
0.999999995331704 1.3347198957568e-48 4.66102827242339e-09 3.21356651736798e-38 7.26767607400785e-12
0.999999999990977 9.08324881894617e-53 8.83075231725604e-12 9.46856095667378e-40 1.92653497221167e-13
0.99999837499363 2.93250639834507e-51 1.61651247292792e-06 4.95950314731182e-43 8.49389753763377e-09
8.44298537686289e-14 9.70259004136031e-35 0.963347541689093 5.87076338330731e-43 0.0366524583108227
0.13664233697548 7.4010606069493e-37 0.855897484791359 9.6025907608549e-33 0.0074601782331613
0.99999999964592 1.05239295171277e-42 3.49336333308254e-10 1.90506234353747e-50 4.74348922953592e-12
0.999999999866056 7.29013199881297e-37 1.27079218768882e-10 1.22654515224721e-25 6.86483691634758e-12
4.58542092644608e-34 7.67264653812034e-62 1.01996766146076e-28 1 2.22231912230939e-31
0.99999999987955 2.04747568262402e-46 1.2040632754177e-10 2.88735231604344e-34 4.34667492904431e-14
4.6205452779121e-09 2.421015695375e-42 0.243922162137825 8.78376698432366e-38 0.756077833241629
1.7007340074605e-36 4.12196517975719e-56 4.15043188593739e-34 1 4.55857027019947e-39
9.25579512182946e-13 2.23762906723942e-36 0.119915783546315 3.39670641894383e-41 0.880084216452759
1.44589044548834e-47 5.10928592854714e-66 6.24964391125608e-43 1 4.08068523438994e-46
9.02665019006098e-43 1 6.49849623557833e-31 1.81095184283429e-62 1.93038891547804e-31
5.66355823992099e-39 1 1.95015977674643e-33 7.09246046337605e-66 6.75966277563579e-34
3.11819896912348e-12 8.55234103530493e-27 0.223751786527227 1.86903197079231e-39 0.776248213469655
0.999999999880025 6.13997377410492e-49 1.1925521283476e-10 2.17964587734471e-43 7.20149132777835e-13
9.099045775898e-39 1 4.74826184285438e-31 1.79769819387918e-48 4.94367621953494e-32
2.32131526915251e-50 1 9.33735445566183e-38 2.44851591399298e-63 3.56515173073175e-38
1.75689470145382e-52 1 1.40160431088821e-41 1.62237532578505e-58 5.20730350092826e-41
2.19057256994329e-14 2.49659091008988e-40 0.485915468952866 8.15694920149182e-36 0.514084531047112
2.5701727734616e-51 1 4.1080648193903e-40 1.63045825029606e-66 6.07732360201417e-40
0.999999972619022 1.14094353651514e-47 2.73746165133172e-08 1.83056972934461e-41 6.36183744565142e-12
0.999999999999944 8.72838531311828e-63 5.59612922060742e-14 8.48374810949946e-44 4.93350433700865e-17
4.39666392823399e-17 1.02523849585129e-31 0.010811752689047 6.41847179186084e-46 0.989188247310953
3.19381751748399e-13 2.6075387073672e-33 0.220785161065757 2.10547281020484e-31 0.779214838933923
5.45814625408314e-11 5.28510900442254e-29 0.995340781145835 5.07039679397453e-43 0.00465921879958361
1.3821507357105e-55 1 6.20353708418104e-43 1.79893554632201e-62 2.03618069218687e-41
2.89044801005878e-11 5.02807333187192e-48 0.0240674290357801 3.41450822019639e-38 0.975932570935315
0.999999989511658 2.92340119113459e-40 1.00128212159678e-08 3.50982935006829e-45 4.75521028108901e-10
1.62735636025497e-47 1 4.54891345401787e-39 9.4900622365634e-61 3.49949081499631e-38
0.999999999973007 3.52758252428264e-52 2.69668281204422e-11 4.33221858241447e-44 2.6479928948029e-14
1.59176238049155e-45 1 3.90861999146207e-37 3.99538461151206e-56 1.56921243883499e-37
0.999994988253367 4.6980538180933e-40 4.80461442379552e-06 2.55583399670303e-35 2.07132208907624e-07
7.80523564506717e-43 2.04448698108973e-67 1.74956975881153e-40 1 2.02246697849684e-42
6.20503233865113e-45 4.34616230018334e-64 3.08460235315877e-43 1 2.65852518351367e-44
0.999999999999448 4.85230167383425e-48 5.51393453346515e-13 3.49188906222155e-37 2.25963296955972e-16
4.41979204328366e-10 1.91650881937792e-30 0.829463276871661 3.77843360253432e-37 0.17053672268636
1.61611435878749e-37 3.99366921461271e-63 6.2425584017041e-36 1 4.82444436637295e-38
0.999999999909484 1.85726604644346e-43 9.03738500735472e-11 1.87087831347098e-38 1.42077112972272e-13
5.44091697388551e-10 3.88008870969586e-44 0.884853309432889 1.11551276514316e-31 0.11514669002302
0.999999959264314 3.12678580176976e-50 3.85615354314283e-08 1.68996508954753e-34 2.17415019630869e-09
0.999999999985789 9.86672942143569e-52 1.42037748674802e-11 1.33913311475728e-40 7.54996133428411e-15
2.62465218085601e-45 7.23870835904965e-60 1.58448820146556e-39 1 4.06432134493776e-43
6.60466587588879e-55 1 7.82025073976187e-43 5.84156353546407e-65 6.38332582398665e-41
1.46791915430069e-33 5.506163425824e-49 4.46409590442215e-31 1 4.03018606719758e-33
9.60501942825379e-15 1.964246451129e-42 0.996505924329486 1.78737609662242e-37 0.00349407567050457
1.33851117579921e-36 2.57288373688695e-60 3.68929102212216e-33 1 8.24279721618323e-36
1.8155484356751e-29 3.29078469060574e-57 8.07451330305913e-30 1 6.55644709604297e-32
2.13558988508146e-43 1 1.25002818301173e-35 5.85830800041684e-65 1.63579967952792e-35
1.85214735303373e-53 1 3.12743035811383e-40 2.18127329227242e-60 1.55877959572592e-40
0.999999999925876 2.05921103446068e-50 7.40645356620531e-11 3.49474489796475e-40 5.97191080097365e-14
2.24597388609845e-41 2.32498876610432e-61 1.60413380558414e-40 1 1.66045834836824e-41
0.999999927057527 3.20333562373352e-40 7.28024720016215e-08 2.65590214819125e-33 1.40000777690695e-10
6.5810918976145e-44 1 1.65542356772913e-31 7.7304705009669e-48 9.58707305375733e-32
2.03074891739457e-49 1 6.44749295030638e-37 1.03050284459874e-57 1.14319011698448e-36
4.5385030976807e-52 1 5.20403159548714e-40 1.77822465580491e-74 2.84124601429548e-40
1.1783832393516e-46 1 1.87715446769828e-36 2.55184435032574e-60 1.59648368989694e-36
2.40161697870097e-35 4.87715969418601e-56 2.76953125038863e-34 1 1.35151056310789e-36
2.48766561388962e-31 2.05973688782268e-59 1.06895584582777e-26 1 9.20067687238259e-30
0.999999999857286 3.5821595095877e-52 1.3677661972735e-10 3.14490534138685e-26 5.93759979146567e-12
3.33636521992435e-44 1 1.13320571260548e-28 1.21381810089842e-48 1.56129836773443e-28
6.18907893580456e-49 1 2.51240338168741e-39 2.82177594498073e-69 1.98325075946245e-40
3.54065554360693e-43 1.90615693581394e-61 5.83516637730279e-41 1 9.22209987955605e-45
3.4133246191296e-38 3.57330883073791e-52 4.10793514086922e-32 1 3.36634451941173e-33
1.40979331460504e-38 4.40010283437798e-61 8.63982196487588e-37 1 6.72146342832425e-39
0.999999448135086 2.4817571562981e-52 5.51307159089307e-07 4.20502469639305e-44 5.57754932292758e-10
0.999999999999901 2.33934502295e-46 9.79102151566644e-14 1.17104685102478e-38 1.49783355370014e-15
0.99999997822054 1.79780330249189e-48 2.17318818515022e-08 4.09165186441871e-39 4.75785931195135e-11
5.75267850921304e-59 1 7.06123424808964e-44 2.14988486607226e-67 4.17755320448738e-43
1.99034762088323e-13 1.96763446145703e-43 0.365411590927443 5.01046093726181e-31 0.634588409072358
8.91018179137174e-40 2.90511809032744e-56 1.29446986852116e-34 1 5.72240876558014e-37
5.20312957663338e-34 1.36677996172205e-49 1.38696482902553e-34 1 1.53118495398407e-36
1.289374562336e-39 4.17825367664829e-48 2.48921111166367e-38 1 1.78009019876921e-41
2.64370272770863e-06 3.80380491830042e-43 0.474557489891105 2.01828089657771e-38 0.525439866406167
0.99999999999934 1.03214484652901e-43 6.55898766752799e-13 2.60223137580526e-43 4.47703350076756e-15
2.35956791317565e-34 1.4596177298509e-59 4.04006210831082e-35 1 8.19949328047744e-36
6.08496647876421e-50 8.44295957528308e-64 7.29841628252829e-46 1 8.61553008651106e-48
4.50974512286334e-41 6.67145610230694e-60 6.83117861907543e-36 1 3.0221735596779e-37
1.07093703286012e-41 1 2.48530587230026e-32 1.78062106779205e-58 4.14223728090893e-32
1.22829433859648e-45 1 2.19974578347321e-36 1.46516626096199e-58 7.34188163468604e-37
3.56348283505285e-58 1 1.8006046784398e-42 8.42132764420639e-64 1.82913441247755e-42
3.7472986684722e-08 3.86181253018149e-37 0.990185172812115 5.6082984198287e-36 0.00981478971489818
1.38572470267442e-09 3.49635971010835e-41 0.951749695682277 7.53191737866261e-30 0.0482503029319988
5.68113711586509e-59 1 2.34739086469786e-42 4.84547912266187e-66 6.7828546892276e-42
1.62778023422556e-42 4.90376204324243e-60 2.85224365148692e-42 1 7.82874436126087e-45
0.999999999997174 3.41681710678598e-56 2.82546142200085e-12 1.17632293729538e-38 4.06600225382282e-16
1.22663675034907e-43 1 8.31791923040211e-30 1.31796401895298e-55 1.77747532484402e-28
1.2049249053233e-39 1 1.36387683564893e-31 1.49965682467707e-51 3.57606810306699e-31
2.03304963789434e-11 4.33311159134816e-32 0.986199686796312 1.2032596964503e-28 0.0138003131833573
1.41222288232795e-42 6.86942476355977e-73 7.60196838919528e-41 1 5.83401726173952e-42
9.29202807591991e-51 1 4.71641383884661e-40 8.114573563064e-57 5.81097955126628e-41
8.099634121803e-48 2.38978483952793e-67 1.67444210650701e-40 1 2.73769959305468e-41
0.000414578882163984 6.97259178601091e-41 0.995013666047413 2.96371928987751e-32 0.00457175507042302
0.999999988987741 2.71122223440136e-38 1.05597158577158e-08 1.74565509824804e-34 4.52543578240274e-10
0.999999999934482 2.37591450662086e-38 6.5497241226839e-11 3.02016151773453e-34 2.06738467199896e-14
4.15620277654526e-41 1 8.75173227717955e-35 5.22463811819632e-54 7.69266771029004e-36
3.06414733274268e-57 1 1.68203019674395e-46 4.19557500918826e-60 2.80651144575355e-46
8.43256058673569e-07 7.84452004554069e-39 0.982502763025923 8.96550405342263e-47 0.0174963937180183
1.71127314210721e-38 2.99293126619301e-52 3.38967352841552e-39 1 3.95706330190078e-39
0.999999999999994 7.70624232228116e-57 5.09551271594695e-15 6.34064160211477e-38 3.55726455465061e-16
0.999999999997747 3.56555513830971e-60 2.25236218302617e-12 6.96647433775108e-50 7.57872831460545e-16
7.04415874929897e-42 1 4.99492937013435e-34 1.4120494127127e-57 1.14216955744121e-36
6.14506205029231e-55 1 5.87749389788967e-43 2.45266332186069e-59 2.96588989624067e-43
4.80298775256509e-29 1.48566243555624e-39 2.84989440824465e-23 1 1.04839603269311e-22
0.999999999999999 1.14664016618889e-52 6.93200017272548e-16 1.1266303316553e-37 5.1639833072185e-19
0.999999990155158 1.36151658277566e-45 9.74091345369497e-09 7.2962309336416e-46 1.03928268800709e-10
4.78279905298007e-13 1.26362409821584e-27 0.488751921626926 1.63366586563958e-42 0.511248078372596
3.6193318706937e-15 1.13131765991637e-33 0.165626848498516 1.08181056188145e-30 0.83437315150148
2.27869309401409e-46 1 3.02285400560729e-36 5.11849620210442e-54 2.60565584153905e-36
0.999999999999829 1.3023192173471e-45 1.70419310738586e-13 5.62547047236198e-37 2.79747674791409e-16
0.99999972390586 5.33250197773233e-44 2.7603210062178e-07 1.82789146393595e-33 6.20396584661772e-11
1.33312274684335e-45 8.28814328289955e-58 1.17187868282226e-41 1 4.53082118434643e-45
7.93602370763463e-50 4.19941373718557e-63 2.14006320331778e-48 1 9.96595836477951e-52
6.37235686746298e-11 9.02002461093539e-30 0.576648406663434 1.59145166194828e-24 0.423351593272842
2.14223877098827e-44 1 1.20890077046179e-33 3.77013738876833e-48 6.772140732159e-35
0.999999997950208 6.2069501253797e-49 2.04652552809025e-09 3.6022944391982e-38 3.26617674603651e-12
2.93790260300796e-40 1.22522211369493e-63 1.06064735983825e-36 1 1.05151265509682e-38
3.79074087650342e-45 1 5.14250017916907e-36 1.02188739825143e-56 2.28818691606102e-35
0.99999999994247 8.70570853047729e-48 5.74628180315794e-11 8.52724470895463e-37 6.67682837453596e-14
1.38232295934451e-07 1.40000205360856e-32 0.30563032829239 1.73412864529687e-32 0.694369533475314
4.89632469062416e-43 2.05523030903202e-56 7.01012407935883e-37 1 2.26249299156765e-38
1.25237618060238e-41 1 1.99932122089645e-37 2.02068561261851e-54 9.7620366202264e-39
0.999999982436345 1.11600604380129e-41 1.7516326616231e-08 4.61241941757949e-35 4.73284027032706e-11
2.05072000260257e-11 1.16859869808641e-41 0.979607639116892 2.56302731706944e-38 0.0203923608626007
0.999999998155599 2.04144883110998e-41 1.83790308884244e-09 2.87063518270873e-32 6.49757415095503e-12
4.07444546857406e-12 1.47348883895476e-39 0.971631830224649 3.06168920444565e-31 0.0283681697712768
3.90871677354431e-38 3.92574062884348e-65 1.63479166692097e-29 1 5.21373328679458e-32
2.82867249132301e-41 1 8.36900978921912e-31 5.92792490005841e-58 1.81038041825025e-31
5.06385144349766e-13 1.93556311675435e-36 0.00463610710366534 5.23810770129387e-30 0.995363892895828
2.21419172051678e-14 5.37123185963381e-35 0.0110769777399728 6.05750120120437e-52 0.988923022260005
1.07872928780878e-38 1 8.09499597900115e-31 1.10130103574022e-55 2.44639209351417e-31
0.999999889122915 9.42882457220669e-43 1.10710859358453e-07 6.22509680075465e-41 1.66225698328212e-10
