"LD1" "LD2" "LD3" "LD4"
-10.4104996907624 4.14509278462818 0.44177967036294 0.321623309035426
-0.0126243311718475 -4.74391397163941 -3.5499420119002 -1.33742191434357
8.30700140066044 5.09511174835868 -0.392944593161542 -0.558785299565168
-1.56213313113069 -2.62994181647027 -3.50431602474394 0.798721338804294
-10.1055685460418 3.96250705351325 0.607033849343146 0.999350236225691
-11.6437230414625 4.50727524817155 -0.280119846252816 -0.410636287267289
7.92979983204838 7.18670497452503 -0.582555364144293 0.849662353351865
-10.8333202021235 3.30079896929835 1.92331654120623 -0.696630116958298
1.18134874448779 -6.48518449339 4.35856869640447 0.619804163906939
8.09560953417504 5.85102044524178 -1.4542131809701 0.445761130181733
7.71934162112751 4.32827238524711 0.199406064318266 0.025722074650194
8.36252269858733 5.50375733990348 0.557314063722467 -1.67068422429382
-10.4044651918098 3.47240245623257 0.804492532929741 0.316798971684049
0.964587969809148 -7.01453220858563 2.19245956040916 -0.968295013050486
-1.49312596058939 -4.28806275996637 -3.30933124706645 -2.25080215734315
3.11916360601783 -6.94063076971333 2.36083894757488 0.358165623945779
3.15571467359576 -8.0060985764756 0.957971962510196 -0.49046726500738
2.40278791195396 -6.39948388093243 0.932115880781176 0.273624698211781
-2.26844423960301 -4.32600602236663 -4.73710783024766 -2.82162681266652
3.5831568953456 -8.10537644379912 2.76540597489958 1.18315088199445
-11.3411867894366 3.8853056634501 0.780594513465354 1.08387712819464
-10.7470273142019 3.62722822635814 2.7838309798449 0.0914590348478092
-1.89184011117271 -4.66482202075517 -4.68352597068874 -1.6677420863788
2.9468279718188 -7.16147187881336 0.851586949746987 1.42502002864073
7.21376079420761 5.81502294013939 0.116002299540921 2.25372955957313
-2.36048636858865 -4.30376976487573 -3.68728809359559 -1.41190209211945
7.65493222550856 6.38938370939354 0.258637676020028 2.23556904517816
7.87262383571324 7.13064573580848 1.57856772276345 -1.30461498226494
2.39606518383354 -4.98847297608254 2.67660356178704 0.55439633576664
2.82939228151716 -6.55993037261405 1.75118678424089 2.69660192699317
-9.14955615753109 3.61449056636265 1.10991004333484 0.644701319521447
-1.3812808972905 -5.84692373950221 -4.78612514394499 0.929110960063614
7.96246252787749 6.0733749417643 -1.12101873836903 -1.20363885500039
3.0036796948948 -6.70120951405241 2.03470990053919 -0.45324220964376
8.825428260084 4.29507203403475 -1.43451996302517 1.00498703311863
6.4119738397969 4.34141571395826 1.11999295272255 0.117291340751519
6.98245474054585 5.94930450531521 -0.358177398692956 0.794833217426599
-11.9938573283964 4.73881844743308 0.0821318528666024 0.511154096555575
1.36840348068278 -6.24683952807943 2.92078459184995 0.00849327176236883
8.9511654260989 6.65593029105526 0.0205188018277952 -1.1017270481015
4.09260722403333 -3.13975321889411 5.02571937044237 1.85460540262631
-9.66635356736699 3.30316462270961 0.979297602121802 -0.209325113841011
1.96781604724 -5.71936863125856 2.11416408826548 1.50442927753406
8.78986301423679 5.63646961630205 0.782786190166256 -1.3526285057764
7.8769609354703 4.59865586062685 -0.0200297304136627 0.220283619892539
-10.1878073293161 2.73083829325631 0.887113474647075 1.29496225001238
8.16977463836356 6.40112691922327 0.048334718116965 0.545520030599817
-10.1506085683485 3.17907295461869 1.21591185101453 0.894063120671679
-10.2842076812224 4.41361159454951 0.35352696553774 0.831537686692322
8.07245758813346 4.58696447477044 1.13227716184918 -0.0160606273997895
-1.25440532646444 -3.47917091926984 -2.75407611227776 -0.33059627653316
-1.29927082030655 -3.50215036460376 -2.5927659320461 2.59703646574424
9.37952383450988 6.33626240674163 1.41996099896247 -1.11071519887739
-11.4358107534702 5.16712529888047 1.14850733401648 -1.71068563105578
-2.17327789092022 -5.83703940388293 -2.0954670853512 -1.15777350588882
2.73531378281794 -6.57437401323319 2.22345314374501 -0.518303210474602
-8.46520140424156 4.59205669435065 0.425242723280696 -1.27318949561052
-0.424905456234615 -2.99646957791491 -4.82666135402792 -2.61469648192938
2.67701108041211 -5.60796168677399 2.63475968980846 -0.555430270721391
-11.7588087976728 2.45014886445295 0.0581778259930143 0.417006163038732
-11.7885452753624 4.15586762650231 -0.831503863710174 0.0742011099695963
-11.4816441554882 3.71182053509405 1.27914802349134 -0.144904048990199
-1.35631020588514 -4.32065514935381 -3.99600142173616 0.561912832270395
-11.0837001903168 3.50571052847668 2.5933344498715 0.808543972739779
-0.593169222107927 -2.36214219501289 -4.43776744175698 2.21806902455389
-0.955482795237516 -4.35559826073979 -3.62655109210462 1.32351617188141
6.8008094935619 6.23182146253716 0.108086605248624 -0.053452398964471
-11.0310938293245 5.44781531322775 1.84212793465209 -1.09131321585158
4.46592076758709 -8.58314268707822 2.44358051735934 -0.258988888636009
9.0897171866995 5.98324177646416 -0.24493695310011 -0.019089530742098
2.21159766206054 -5.76448397690105 3.59093281426873 0.181992229313097
1.99365744351918 -5.45265172427979 1.97232967265025 0.904667513471078
2.78572768894002 -6.39656589411465 4.13525161890917 -1.42932852056938
1.98226098302171 -7.59996572335077 2.02357176031362 0.073866254217571
1.01142964655051 -7.18646874102353 3.2018451680046 0.358506382132438
-11.9504600980936 3.81857525339625 0.730733867042509 -2.3630975476972
2.22030935060311 -6.23250532005944 1.6118697494096 -0.16117402122022
8.67388377713722 6.25128164574999 -1.09403761722925 0.0293645988217812
4.50855375402392 -7.24889531884965 1.69138479114809 1.57874179827136
7.53333163903708 7.80118794679564 -0.232208480322377 1.42743812088649
3.01206866722972 -7.25785282921288 2.12413263109914 -1.62194331813455
2.79135989960639 -7.2637417287721 4.05801864276864 0.960814369192553
9.35905405256283 5.43191780110762 0.161528458841302 -0.919424504276139
3.58490360932182 -7.32823696676561 2.89823634983937 -1.56127664556949
8.65444903399536 8.22525211522258 -0.332395215004112 0.480736519724437
8.3083260245414 7.39617900508964 0.735178292141494 -0.443762308189469
7.34023206652845 7.51634786410166 -1.10202278484394 0.399148339104223
9.24278756378328 6.8022771014361 0.437953000466758 0.476817369752139
4.04214054670405 -5.152971378174 3.03183547151857 0.0595035250991121
0.158828340086607 -3.29317247538547 -4.45587124256057 2.63027581927515
-12.4365282953079 2.83338119322704 0.900020817173772 0.458381664584065
-11.4683259438023 2.52678744510177 1.60141623551576 0.121815984128755
0.489183666138233 -3.89861344226522 -5.79376798855621 -0.912520593731411
-11.8068891056073 3.45882856279054 0.77323945284521 -1.19153735946657
-2.2016974174357 -4.56211433836998 -4.69147969455171 -0.654669572562739
-10.6912256234064 2.72989461133699 0.564853713483251 -1.17661436109653
1.80294730582852 -7.45572788335525 1.91318983135266 0.485316288747391
-11.1090993812573 3.8483579996015 1.67974064713354 0.515632034287278
9.09772014098558 7.00890134322257 -1.77279876662259 -1.33656622023124
-10.1448076045281 4.05131971908155 1.57522008555175 1.79722931786547
8.38521120887559 5.41074017326148 1.69403185304811 -0.463511750330018
0.606901560843357 -3.4452575505659 -5.42694049997368 1.63730882821685
2.73111019322048 -7.77729093076573 1.56796511820794 -0.458954727715923
8.89615084454586 6.36588247681213 -0.075189164206404 0.3664663151417
-10.1126888569556 2.87970812727905 2.14539980747969 0.642969052595754
-2.83827731554786 -3.86826381815277 -4.29936781024522 0.439373387252673
-8.92863994465005 2.83542687302157 1.51541438696475 -0.887174826351117
-12.4702534856064 4.23189921887431 -0.44762882153319 -1.30888592692645
8.7773036265079 5.08018971575258 -1.79715481535925 1.66099600298845
-10.7316881946042 5.45481949776255 -0.0396886357610861 0.891849155003415
-10.6651129982193 4.04454418240471 -1.28994903358506 -2.25767223000787
-3.38909408933042 -3.84197863321736 -5.34428204842099 0.211072071206475
1.69953116151104 -8.11932827957073 2.55213041080617 -1.46797463096523
6.70935218147242 7.24345151716351 1.61250869706278 0.159565410867271
3.06383980559632 -6.11526694922433 1.4020409022472 -0.179083609100984
2.45168439830916 -6.72134691580552 3.79874205961071 -0.428715396910381
3.62263511242906 -6.03721136167458 2.31191343853362 -0.427462245526055
-1.46340194022043 -4.62088554226111 -3.16575021585403 0.327522505396992
-1.87753736844792 -5.98459117442903 -3.29990479338435 1.25733336296217
-10.955148340403 3.50254543848855 0.459003718360647 1.0007714433615
1.23137265982131 -5.98327952391388 2.10550681273422 0.199623685425114
3.41831176249224 -8.36097775345782 2.94836184260598 -1.10153239329846
1.32787661998157 -6.7500264593857 2.41881316837863 -0.44358633189304
0.415500035423319 -5.40065520540695 -3.60991917753884 0.503052854542642
8.41132193779959 7.59093024702541 -0.646404327110991 -2.60399150397262
1.42879341517346 -4.81382811937379 2.47617352217577 -0.367492720760859
-0.464841692119114 -4.04482393424911 -4.68196098716885 -2.50169722729586
2.24675655539801 -6.12274983546455 2.29001996199428 0.657672963198978
-3.04286862827287 -4.46337711160577 -4.31610272910961 2.79472373054339
0.504457948831708 -4.82614233665653 -2.88143829533074 2.21821303204312
-11.0127493103623 4.54653218787533 1.15436918282694 -0.648240794526848
8.6722241915075 5.32360656170273 -1.31489423728868 0.808411084044841
8.19622658439071 6.16644527358257 -1.1769387647709 -2.07599903306292
-9.94837102040045 2.94043018458827 1.67907503087477 0.281920188047979
-11.9251248726523 0.76284206825839 1.50953928340831 -0.647342562945508
1.48003559054973 -7.84095493482033 0.987309002644136 0.0099653504613594
-11.2388185637936 2.97135800864218 1.25888050813805 -0.176144981993521
-0.16757846916727 -4.71297608786279 -2.55743760452832 0.0157143808414647
-0.109396956978369 -3.82416294261701 -4.81828920267895 0.174390299176744
-12.2906582869679 5.17877000901362 -0.570842493731694 0.196582072248161
3.01627129719966 -6.63488701476492 2.32871463323287 -0.0798879457348022
-1.18248744309931 -4.99598966908859 -4.61597543323483 0.91280022766103
0.367672752975446 -3.83200425057066 -4.63252289247927 0.527168591248439
10.1488403009672 5.80253786622015 -0.78489060935537 -0.440740438239026
1.16043534609376 -5.22009451755505 -4.80235835411198 -2.33612894364559
-9.59975879516561 4.46726833777683 0.198125020785688 -0.147715905028608
3.69578224652183 -6.4241949968585 1.73608174804659 -1.05896101840858
1.82434067434622 -4.88216197049304 2.01796304767586 0.10890943350385
2.26167856501557 -6.16067490282977 1.54265865256655 0.0012235497937589
8.58509941090297 6.23717797933367 -0.658229680399822 -0.817250716232432
2.84987415838144 -6.01619850509498 2.78722458651585 -1.29749042824393
7.19770289267294 4.34906912544437 -0.376768556629796 1.06711205685529
2.53050939257465 -5.89398586676909 1.4994143804575 -1.09354921669821
8.17061336721122 6.00613099848452 -0.553572026677556 0.150570227393344
1.92253501701098 -6.24737691941041 3.38122148548683 1.00642351431112
7.42166830773892 6.06171135539721 -1.1692117119912 -0.359381846676858
-0.418061506283455 -3.54438491049589 -4.37782533531161 -1.96292265316012
-0.587881369509274 -3.60908294234421 -6.35275650085329 2.39378041882822
-1.51165974338914 -2.81254407999555 -6.8779792069741 1.31100861463614
-2.0722645912599 -2.47736634027283 -6.1920880867365 1.8352422254305
-11.24055928461 1.99390262670658 0.295899019035213 -0.245234786590943
-2.17964212835274 -1.95730724410063 -5.05519932538958 -2.78044106864357
-12.2688402182442 3.16493843401918 1.64490701830345 -0.0143703646159833
3.87477644038843 -5.30125726708693 1.51686914919875 -1.13629046647095
9.10583269565164 5.78571439572791 0.138385501640663 2.16315283450687
-2.38699566283344 -4.33046129724906 -4.68860484266016 -1.13847036716408
8.21066473927938 5.01282699916832 0.262961472574334 -0.860598866399155
2.73291434773286 -7.51907256061489 1.51962207510475 0.622832790495629
8.20830971601694 6.96891355039707 1.10814498172159 -0.175674882316872
9.27308303316593 6.13865545381491 -1.35939439554279 2.05003681182404
-3.68315186974352 -5.77463787597615 -5.00931535658167 -2.57216597261773
-10.4553628513386 2.24186839305611 0.735917842473789 0.924531978049564
1.82632267346326 -6.26986197992651 1.70851309989533 0.739892284031971
-0.716677409606695 -5.41861179582254 -5.1622906320219 2.09233728419601
2.04054400394311 -8.3402613375707 1.02051213129768 -0.668662100874579
-2.75845006747005 -4.80331536089981 -5.08265847902919 -2.33738796846444
7.38526147187402 6.71996780710185 2.23664809191613 -0.98442590113271
9.14613134679775 8.35776340231806 1.47468998167381 1.29624732654581
7.27279720964874 6.09085203235128 0.155263090072717 1.25846084333171
-10.0292699321479 3.19293512248203 0.627237670861574 1.10540232997014
2.26519873065061 -5.10313884998891 2.51380816461613 -0.846636869954851
8.74874233331495 6.9330927868749 0.72043312698508 0.636871613096232
8.62053908993991 6.57644421258129 -2.22124939429714 -1.18554668688181
-2.84421826625111 -2.81963549246386 -3.81115667115967 2.68301772091107
8.70806887463875 5.19269268085226 -3.01859217107192 0.526217880868166
0.118922873150457 -5.86410291061806 2.3409131755356 -0.828849250280973
2.35593480504354 -4.94799933586155 3.31993381392695 0.148653605912748
-10.226073586442 3.54576268576257 1.40495588670365 0.100734806804545
5.78503613762627 5.4651792960299 1.27704381389037 -1.16467160929224
8.61806277989493 7.15571415545586 0.329107227193092 -2.06297608813739
0.533887001567533 -7.59260357512304 0.942411392496734 -1.1250933884815
8.78715979726649 5.69471467950918 0.787699877131825 -0.158199805671354
2.43075087365175 -8.00170707995093 1.39394865717089 0.991204368115439
-1.14250540481648 -3.53058405499658 -7.24160469194458 -1.74943264576243
-9.6463074668658 3.77040204724878 -1.44475423364315 0.126316486011304
-0.805343861813349 -1.92193230554822 -4.28116456909877 0.516943955529876
-11.3098433230932 3.28542294117969 0.801325497547002 0.0690936322698349
-11.4243703308401 4.53886044041088 2.24761242955153 -2.39960216614627
1.67653923979813 -5.74263624940552 2.29096900238081 -0.773406958272729
0.334856694648801 -4.48968773936128 -4.71336056046567 1.01635895311008
-10.6533663071022 1.37743486372091 2.39718766329999 0.13632184406254
2.40968013932922 -6.25061591225413 2.29349808072791 1.04415031420567
8.39067404844734 8.17105416186911 1.01254066458014 0.315564025760828
6.87788309224178 5.59657987752742 0.0548408343472513 -0.957418891587606
-1.01849743447172 -2.1742599506692 -3.20336745389009 -1.29713024118002
-11.4411026173313 4.91633714459664 0.402124063833133 -0.0646627972807907
-11.209565405868 2.81619568163449 1.13872078617945 -0.309420713103556
3.23702772212001 -7.13384057366079 2.60661540254143 -0.59034495696176
8.3647393097623 7.68130052546691 -0.264415333510492 -0.684291649216596
0.98538736790445 -4.2944785884524 -3.49122887030952 -1.28716147956297
-0.444488448295772 -5.91721259670571 -4.49636805145248 0.511983902623183
8.72712324768942 6.56615318583791 -0.129212656889808 0.821599653271906
-1.2579448605282 -3.59426179228483 -3.45946982200067 -0.920419212275761
8.56532148782544 6.84987164009019 -1.59645969485048 1.33313124704385
8.58972735893452 7.66467514720341 1.09852510633964 -0.623264189556331
5.7122500168409 6.81624862089261 -1.97083553449647 0.497734923822767
2.36507315025261 -5.95063409072883 2.87256648414725 -1.07552428422251
8.67003523392034 7.25019893224196 0.869273330296245 1.45580499926132
-10.4270937766649 4.3107131035146 3.18803442601173 -0.311205173184774
-10.2777742663072 4.79645811535067 1.27260967439741 0.713537023724793
6.42933910517986 4.8673451193281 0.375020892504145 2.07133691661084
-12.015728751462 2.5261395486322 1.33254263217621 0.566386890453306
8.66222522488732 5.8752990543749 0.467530155749007 -0.28848861343556
3.36233202292011 -7.13730217157668 2.52321321233619 -0.647257642054656
2.93358232986604 -4.39906492658571 3.66209652750033 -2.57371071546065
0.028422048162315 -5.37776069424044 -4.07565933626776 -1.45446746085694
7.2099209065132 5.64685319043128 1.00839980967919 0.415670973948176
8.1627056927817 6.64432924941525 0.730920151846379 -0.767152061460668
-9.44398892169186 3.07672310539736 0.680068775260271 2.06365839352117
8.39226710094433 6.26967305937777 -1.24692670427116 -0.541008267836371
8.20775716100892 5.92666455073382 0.57481931304462 0.112311568156661
-0.427789214379895 -2.97037057532023 -5.07273567593402 -2.1889784615828
-10.4761512261842 4.59597411827485 1.20321781284418 -0.0759264965996282
-12.5565651756744 3.54953503085035 0.684022348446458 0.649348343662246
-11.5146039458055 4.55526097982407 0.5911981002672 -1.67806515544355
-9.44672337852946 4.00868966049524 -0.0181209639895995 -0.116480788608486
-9.04299132142257 2.5006622180669 0.250226123353697 -2.56985907904356
-0.441385603363112 -3.98761139886588 -3.90765127538999 0.138665734668277
-11.3707347762085 4.47857676822894 2.32042332850174 1.2146491895706
1.857006098801 -6.11124244184844 3.16643746149801 0.830171823175873
2.63274788420035 -6.33174093715685 2.49322477275349 0.952035616956236
-10.7815788910604 5.1371370735317 1.49094531899667 -0.441488711020479
-11.0469940713405 3.67514390971578 1.04695432858023 -0.200585149473193
7.17499748337486 5.81760973932562 0.172216058216616 0.71435909654089
-11.1325978656387 3.0038020304404 1.14077161340594 -0.139066601522789
3.51792735666794 -5.85990581713095 3.67662169469117 1.00088844489423
-11.2728024633312 3.22805113544229 1.14551725437872 2.96028836172636
2.60988261596285 -5.2899253614152 2.22814068724126 1.48294182816411
-1.73540328063944 -2.06880848105994 -5.13540151170575 1.29293030745769
8.03632621746654 6.96294481348765 -0.433718380954782 -0.497626294243657
9.35433673369085 6.59977490080856 0.428245903089099 0.336014542803654
-1.99671630143942 -3.10901778552984 -4.23679347824227 2.38233981875295
-0.510709087738121 -5.41917234453852 -5.06406299360898 -1.51875255198305
-10.7842019293083 4.96330861877876 0.631200946786387 -0.665172486268651
2.08907681998468 -6.72282393007075 2.07445416088211 1.46169672161485
7.47307389837238 6.34065153897854 -0.113202629628063 -1.37126822280415
-0.455894373588669 -3.66202551373259 -5.9434219378041 0.495474257257368
5.72378482067365 5.57038983151592 -0.880065152937684 -1.78724253978033
0.395352192411308 -7.77393173078928 2.30008810894198 0.13722198193469
2.00980241094402 -5.00160204067888 3.70003691100749 0.218816164609764
-10.1962181869893 5.06560498046588 0.238559524331162 1.4294933671566
-10.7495221807478 5.799947983899 1.8900274980173 -0.845091368498424
8.31288907312397 6.04975500939657 1.93025937722043 -0.125222074109031
8.30559711130553 6.83346058820329 -0.0511195513218917 -0.213446608322185
-9.75923415377633 2.97910420724957 -0.352789082310234 -1.31324757063134
7.78059047761281 6.4909362716582 -0.757789330358025 0.249385494366983
2.56428163511885 -7.2292335656863 2.86898928233702 -1.20662733759853
7.13360043532341 5.81461187609308 0.138571950602283 0.0964466190490521
2.06902778506171 -6.85000226641305 3.76492005152385 -0.119564897295426
2.31461496555867 -6.83645286525065 1.28900347865264 -0.415611171888257
5.85398689476324 4.99894654466805 1.66981345171845 0.984053936826352
-10.1404681911513 3.30364498638842 0.995193871096023 -1.48664685565055
3.74002043215581 -6.26177801728277 1.31608521376855 0.357060671096342
3.13572370037305 -7.72252858751367 3.13642739622651 1.25715563990869
-8.25442133660623 3.02022648363076 1.1838292864327 -1.49596357547224
7.22956641243347 5.13496000448663 0.571916525515209 -2.08887618585982
1.97608123460221 -6.24979981547779 3.54451000254217 -0.620197687361953
2.90374237220483 -5.98812124003373 3.28462271608189 0.819285090809551
0.492090838847301 -6.09598773638803 -3.0842463391445 -1.12352285637173
6.71138902880053 5.69506103779894 -1.51959343819358 -0.237590101931312
0.525347389937346 -4.94953392628593 -1.39496957492339 0.879865247225498
3.9678256974005 -8.84033750490182 2.85149887607766 -0.70279123349213
-10.3696794154977 4.28289660009842 0.242427762514353 0.0274376731678235
9.53995265727357 4.90347058340419 0.235722914345907 -0.404459617812961
3.27719121738703 -6.45470221940109 2.38289533106632 1.62415276843546
6.61180543063006 6.86978884574541 -2.79275106820498 -0.442205950544739
3.00362954703174 -6.57936484855503 2.36640353581582 0.10471999621914
-12.4326011643669 2.22710397781783 1.46363819301421 1.1196315395957
-11.2230070289918 4.67236420229217 0.356067101900794 2.49237528264259
3.45501721685538 -5.95594631517105 3.76635808824917 -0.171127324298747
2.18693482279886 -5.53605057362898 2.32565478342836 0.267368930533454
-2.39761074968269 -3.16835245778131 -1.12562364528224 1.33631382498256
3.29410268655562 -6.45177688586744 1.74814904492266 -0.612067403465324
0.479573600556766 -4.25254887935472 -4.45303064994035 0.555902114751425
-11.3874625647532 3.41826754487842 1.57856340677195 -1.11548416931984
-1.72266049776354 -4.39560910668859 -5.00688396451964 1.7474384080758
4.20214163057634 -6.36557047809449 1.71328788728837 -0.643097893741159
-8.29412632935806 3.52603315515691 0.0285055697486026 1.41655455206127
0.194203660503159 -3.85558590511109 -4.66022110607992 0.588298115311102
8.95974908899266 5.71470671059446 0.268186155932599 1.6636346683742
