"LD1" "LD2" "LD3" "LD4"
0.750335464297982 6.08983284611366 -3.67972028072516 -0.111164598094943
0.923095973223493 5.938032545572 -2.26537902946839 -0.954939834055937
-8.75856520211294 -5.23045553263186 -0.562155216754015 -2.22182789736994
-8.32431200965377 -3.39472995303904 -0.966226214522166 -0.475325007029194
-9.68477404659004 -3.97754734430538 -0.730422204441449 0.348560341764984
-5.92689948528651 -5.0661872313767 -0.607493818519354 2.20056923961747
8.89845729411783 -4.55739616140761 -0.214107587833627 -2.50611426698912
-9.19761766769519 -4.664698339127 -1.24507096669885 1.33793827546563
-8.30142262660201 -5.45763482197534 0.370512651696139 -0.308351477981178
-7.80489575382736 -4.94742443139645 -1.54548825746137 -2.14055967092731
0.183601196921265 7.26155432963361 -1.49483623223336 1.13690308475272
-5.81670446248512 -4.01315007558348 -0.238022069146272 -1.15964608177861
8.69659988595976 -4.88228423958686 0.335113647515572 0.707309929054864
-0.275655396247541 3.96896103905711 6.69114983502046 1.89192652057784
7.34512622893424 -4.67723541637269 -0.354571276335546 -2.81458860250026
-0.218477410547771 5.83641525365466 3.12623094584867 0.374777011142506
-2.15009383480046 6.1367636865172 4.39124271008905 -0.829257653453609
-0.0433223452909556 6.13475407162128 -1.7998344351322 -0.599081849873055
-10.702477539881 -3.68730748000115 -0.878920147720086 -1.18887801254135
5.2830877579485 -5.17473743097094 -0.650885721630766 0.39585987657924
-0.681700256583952 4.62289254829446 3.06612797663892 -1.18116712969573
6.83680719242784 -5.127332743479 -1.47000753715353 0.429760868471281
7.72319904107436 -4.42209219782389 -1.69729990268636 0.324365588216995
-0.491523515888996 4.18870450406408 1.41709205846299 -1.69436226081627
-8.33562884185002 -4.11297813256028 1.02200024392365 1.18492286688606
-7.91391373352938 -3.7311289247439 -0.488344337485048 -1.14666061415473
0.506179007662648 4.34842597001717 4.29796847363631 -1.15204314412462
-10.0651677989345 -5.85990875597167 1.20753019489848 -0.386386097462919
1.17387274643591 5.97899942801117 -2.60728235999422 -0.409894571141297
7.13291387030981 -5.23448208593255 1.16210832967431 0.410981029996377
-0.315542177931186 4.74420910875199 2.3253248003768 0.425805299991917
1.05270047570914 6.32539653252539 -1.93947502127906 -0.190415877388081
7.97542276457661 -6.06788562677172 0.637431235502846 -1.59172181170133
1.28277766875541 6.2026874840267 -2.21947481623109 -0.000631648414037642
-3.23393610508316 4.61641349081117 3.98756961532801 -2.77474908105801
-10.7271259596074 -4.0024097611809 -0.576102015236103 -0.420209042847851
-0.878594889602147 3.88958895071508 2.81639848273203 1.27527444445683
7.77353162188785 -5.32243868990671 0.705328607163568 -0.650264489674325
7.01957420786928 -3.87545845950822 0.404702445250857 -1.22950233354913
-0.118379833936688 5.26495621449964 3.95962464316521 0.987494266109531
-2.21192703982163 3.90042828246395 4.98673603286173 2.52090063763669
8.62797275649327 -5.5153899304191 -0.3986027019327 -0.538738605642624
-0.0536379947969312 5.39665800600693 -2.71656648869209 -1.43750703786818
0.872584246578765 6.14759363111624 -2.61005244010036 -1.01655851862275
7.65334723267497 -4.63776417426171 -0.654881417143228 -0.201334300712071
-8.97081516497838 -6.4771794708103 0.336527404197276 -0.649158623021687
9.43157899803066 -4.19324249203923 0.513744222761711 0.0633140260001217
8.94946178602966 -6.96450776694354 -1.23654364189128 -0.727436163732536
6.87104408872631 -3.58211194145885 -0.846101583511476 1.11004862341403
8.51165664157074 -4.95500441467623 -0.423869732926556 0.601801738146148
0.507096327101503 5.32335190168859 -2.36223780127209 -0.287482302432108
0.052292966008416 4.72499743025577 -1.89341710967028 0.651133896364421
0.0420725489772284 5.79466531775358 3.17609877005017 0.69418545755152
-0.237862102914016 6.20535146435901 -3.49873875649039 0.449951851420666
-9.29398345666388 -5.92022050834037 0.00175436694856979 1.04403471687481
-7.51638731255032 -5.04109338639901 0.501669461848205 -0.433255750499329
-8.33545640170311 -4.03521941370327 -1.16011397926327 -1.00847282490769
3.05198055368207 5.31456514644246 -1.85677599341223 1.37473429652633
-0.738384779393031 7.03991887677048 -0.458421578988258 -1.34288572945213
-9.4785603233512 -5.98447827879866 0.62584411497109 0.232975190013645
-8.40022493681579 -6.53854663575452 -0.862027141942415 -0.485488089149107
-0.507567644843314 2.90928162552029 4.02557988023611 -1.78064232660076
0.432900443106275 4.50480956653114 3.29121147724255 1.38581138348305
0.675004186320901 5.04940012207651 -2.24100352228277 -0.116897511749585
8.87451737500805 -4.73915059992378 0.797304067407204 1.3779666037644
6.95046548909682 -4.73452074096759 0.00842721931018559 0.961336493537623
7.25365693023554 -6.41129305047571 1.33885395483748 -0.608406394010197
1.07356399214959 6.82396969967899 -2.60497882482228 -0.56560834483501
8.41090090642341 -6.70095392844134 0.298198005800475 0.282190133048099
-8.669416050746 -5.38380192121806 2.04996120716261 1.080731085328
1.65629104671804 6.60093791842395 -2.72315457881522 1.47063838006029
1.42288668539712 7.3602758328738 -3.24035588551635 -1.41191141525304
7.01839998110614 -4.74957624054454 -0.15982437678883 0.26672977253287
-0.362440645243851 7.05858604809138 -1.65958679964075 -0.061627112719014
8.76705426013116 -5.01847767797417 -0.268901720705483 -0.221232714378158
0.728043808980886 5.13506946712887 -2.38410801859498 0.204346582143722
9.45615386372578 -5.33945880114636 -0.650508159853188 -0.819051284637795
8.28918081058223 -4.27341494762365 -0.874927601128744 2.1035331782808
1.3906831820435 8.25217907511107 -3.22847960408491 -0.22741090929748
6.02006149166494 -4.01016097337159 -2.01330578092402 -0.428603304650538
8.4003124368418 -6.75765880971766 0.459099253619504 -0.871037543201563
-1.57899550744554 7.3052937438309 -2.28962186674729 0.194280045327689
1.01839665073999 7.37220868137093 -1.16291151375155 -0.510817834504726
0.494685138183581 3.75481752964918 3.97389407606323 -2.69410519361851
-0.953063961419547 6.37984264310995 3.79788570050624 -0.43412783661196
-8.57294906966053 -5.22649044885278 0.0711089834509221 -0.0703280407500907
0.813949117332175 5.36647088454467 4.61111670521647 2.2033326885927
-0.563755901632709 2.78159867085202 4.20366897768339 -0.594552423598605
-3.3387108390466 5.41145271219186 4.80698836067925 2.19304306700585
1.10638351264262 7.55714851262739 -1.9857721186245 -0.4621537256458
3.56191814184365 7.91642816898841 -2.80970809061937 -0.079439586614979
8.77010729487236 -5.63442941335913 -0.741730272229805 1.50243606881363
-1.4105689575788 5.56819045976788 5.01579213366549 1.93491248481309
-9.3261753030398 -5.63850161583063 0.0127066597372542 -0.279549436753613
0.121869199616364 7.40660649463328 -1.27058234576885 0.575839780177312
0.660754071253793 7.47389090449128 -0.526870158302491 -0.283365684785936
-0.617384117620668 2.40950849227457 3.94879167898838 0.43305885600576
-1.54082997266784 6.09500931720783 2.62060741766231 -0.991712932848925
0.344434210046255 6.76338524574411 -2.71070735900041 1.22931076763723
-9.91107369747143 -6.0402852308809 0.35393061977712 0.359121005327585
-2.31458890846348 1.7643516624937 5.3282504366305 2.05201872544191
9.76906028273638 -4.31587609549299 0.68054404377057 1.24164535117955
-0.336053967952208 3.33068513151278 6.19174376227034 -1.68784488230103
1.37065244707901 5.99788865996905 -1.44321089156841 -0.152840940053239
-6.90961400232149 -5.13748361675172 -0.257456878398774 0.643001108960701
6.51246608319651 -6.40056226710222 -1.48543620931034 -0.724685950216204
-0.501818625327558 4.06135150945805 3.73770640351367 -0.339949610758377
-7.88638371912685 -4.53344958851225 -0.703261061496602 -0.0243202888133567
8.49766345333102 -3.4732786706411 1.4959944304007 -0.904162363797738
8.11552316825322 -4.05212893187759 0.348366594580746 0.144583804559423
-8.56268747600366 -4.88031251001135 -0.336953730112729 -0.129850717853193
-0.122112920034294 5.46762739594274 -2.10607059026627 1.30052868772116
8.84197920584027 -7.21667572361914 -1.17593752219472 -1.05526789458447
0.279897583835257 7.84671632155931 -1.38531471567318 -0.149722700253869
9.06022405364632 -4.95581820403787 -0.210702374352958 0.200363190665875
8.70898797335929 -4.80457579311894 0.426540533327333 0.638682317400566
-1.36948749019215 2.97109858379293 3.00785669804306 -0.598904594622379
9.09906412734452 -5.7545303792741 1.88886291354501 1.22474837738081
-8.76832925124489 -4.61506616473241 -0.864693425738359 0.0832210493689347
-0.350800308990568 3.88932686588643 4.68955426780568 1.88942445429026
1.06798994172386 3.60224330382538 -3.05373578157006 1.66138251490071
8.14251659227941 -5.19742372259034 1.95975131472043 1.25081436225396
-0.962784967827769 6.4074066047187 -1.98889063731269 0.667484848720884
-2.34132935615948 5.51249289484308 1.8365573118648 1.00515849968567
-8.79950938578217 -4.05455874830591 -0.934591242827317 1.11339946695752
-8.16706998961731 -4.5214432993892 -2.79359415539356 -0.529708783656606
0.708927739057979 6.54461354434188 -1.68203129306564 0.40245762779852
0.0860790673684795 5.95100658789937 -2.52726096330021 -0.608874283342434
8.38618645435717 -4.93429961463285 -0.394959011523928 0.650861330847774
1.27332141421816 6.50262765750661 -2.62192052869075 -0.41251667571991
1.3220812321467 5.51696577602903 -2.73860066268027 -0.756924429005222
-9.89294776458299 -5.38720561456244 -0.00770573543903721 1.60895889660712
7.5755097458054 -6.36033102350482 -0.0160536206896724 -1.42344800345631
-0.271588049805797 4.84748478124051 4.42661866040876 -1.36794113357971
-10.5633472063105 -4.50103768962691 -1.14039041328414 0.0807637458591387
8.70996450323413 -6.97524637192412 -0.632828400910683 -0.160652219124934
8.92252459807501 -3.55429804391659 -0.495654693971742 0.48240819805585
-7.36434198034428 -4.24583894655878 -0.481836316351071 -1.43425352492382
-8.83228701333966 -3.84108629604145 -1.49125095857926 -2.36937165751867
0.723812873772165 5.81350407183931 -1.36076274020355 0.567019533039741
1.78875743939007 5.0312569822324 -3.29326814411737 -0.370324799655665
-9.02477219876205 -3.96963569832983 -1.27959362037567 0.166128076252518
8.73185273250263 -5.05443992465687 -1.45941422225064 1.98170346819423
6.51961010610348 -4.69292616252404 -0.0819054291968117 -0.287713116569611
-0.0826962414509901 4.3649832982261 5.49586060497171 -2.71465126365917
8.31883497887321 -5.69725524884398 2.73973094192431 -0.0235149830664972
-8.95689285705317 -3.41092440474206 -0.162242879980254 -0.573773914057779
-1.61635109686733 5.06494518691608 4.5834876571711 -0.530350206603467
-8.7706311203283 -5.84501301179046 -0.591366380568437 0.348311976316759
7.70724785997034 -5.98494769521783 0.83276779398581 0.60428790405931
-0.309579601709985 6.44492497514489 -2.56623071533096 0.73623115563532
-7.9744674218119 -4.24785825274865 -0.581069019050728 0.176537342363681
8.70921294890231 -3.71020690671588 2.74851737035507 -0.871009080868254
0.935501717027633 6.96231603938576 -2.74064384321393 -0.0154199673154883
-8.46251846970852 -4.64119323936483 -0.886618887212733 0.860836584097864
7.22799104459797 -5.8910411014585 -1.5037174098516 2.88126861600091
0.737704950101498 6.84716840884673 -2.42844027274437 0.962878559041081
1.8178547845624 6.14598409510997 -4.28254315021247 0.156258987410704
1.63609802460761 8.31813909841106 -2.84953716513507 -0.546176176331389
-0.660994061896052 2.37336331730035 2.85667426776211 1.6389796432903
-7.91571793032181 -5.44526530518329 -1.37411052495151 -0.163902440133358
1.17487607927414 4.5048324279733 4.3094160461678 -0.661895984244324
-2.0967605813758 4.51113587511898 4.96128135313636 -1.66937372817018
7.37984266742954 -2.88205798397745 -0.323266875588857 -0.409646577444697
-10.0261238771029 -5.05818421278651 1.21924191209414 0.0612829640883023
-7.28178657126519 -5.47574311551797 -0.635360511998744 -0.926089290733854
0.32854996245754 7.60909398007353 -2.62660619095915 2.21720470093584
-7.90170754003954 -4.6189323808496 1.9042290637641 -0.470857441378894
-1.67001322324406 5.07750260425667 -1.85820062367677 0.560915217845201
-2.74729155236411 3.67238381089333 4.10656418510667 0.0581275232440436
7.9452280681389 -3.01816195534936 1.40421626562124 -1.44152962641544
-7.31335974139167 -4.31279215616969 -1.13914795585196 -0.796535968150917
9.23189793023992 -4.40562927629698 0.930506594116264 -1.44789012802904
0.139721061901032 5.4546129225243 -1.02995706131533 0.772465160533341
-9.71133884325021 -4.91488378663139 -1.2083284024961 -0.178790615178983
8.42286144438379 -5.96061299093853 -1.16905141552742 -0.279859771261262
1.82386544226675 6.32785253634519 -1.86044137745224 1.40853559830792
-8.56755376502071 -4.85307226131725 -0.147274259511925 -1.4829504614592
8.83902685987228 -6.04919715202004 0.458492191478661 -0.849955693503744
-9.42124853924183 -6.33455214688244 -0.524327769156418 2.5286078232144
6.8481237816344 -4.40042087519194 -1.18279498224812 0.828985343872111
-9.57059139209611 -4.76843634475643 -1.2571092883476 -0.666933060027411
8.16874363057847 -4.12008313927611 -0.332709478980353 -0.0172532700456789
0.221250733328419 3.82321646037911 4.70055361392686 -1.37788879174476
0.1303210568051 3.99825958930502 -2.0093095770657 -0.949931395567873
-10.0289579973494 -6.21889678544281 -1.1169824444948 2.36049348603406
0.305955379934953 4.562309069861 -3.58690384435589 -0.546083924884302
0.0172505869278522 6.77074039839895 -3.49814667952508 0.153401851716491
-1.34018740407138 4.35140312866252 3.84234522529138 -0.310785116217325
-9.48640132257576 -5.68049542095521 -1.81212644000069 -0.989269823257892
0.312849177567624 7.48368985328353 -2.25972175713306 -0.27318410313872
0.993681017179245 5.77164132880947 -3.65272763930186 0.836141015563512
-9.9266916881716 -4.49994153249264 0.185286972372884 -0.57124472168715
0.325532905811267 5.28192992476153 2.28638311607925 -1.53623242184034
-0.0173752657037601 5.10569647135606 0.972752757005118 -0.743827152886147
-0.233905436061315 6.40485396977327 -3.60372663037038 0.571764816640068
9.20621521099839 -4.17394745332377 -1.56814475337525 1.87500700225653
-1.51101654482437 3.30193072112073 0.37602554928108 -0.598982517305964
1.79534947542892 6.13348575565025 -1.27810893825945 1.40325105130868
-8.46974391391481 -4.08995314457661 -1.680382070666 -0.565349082382428
8.58176896695703 -3.7579638405756 0.859252320515879 -0.550187437213285
8.48218263797608 -4.26547198842572 -0.430768664188773 -0.738232234028912
-8.47060352465631 -4.80321710829246 -2.59998452547893 0.0853492025535517
6.92673363537727 -4.60795708925497 1.5071310278427 0.539301752737708
7.83711596636758 -5.05123494012168 -0.540812069520397 -1.82244683778565
-0.801099228830334 3.13544083605033 4.81359934421112 0.56941514220039
2.82181789267308 6.55573322908122 -2.00593069014532 0.258914498852036
-2.90960701061295 3.60565993628999 4.06128193402969 0.696035273562384
-0.279943597149848 4.08311795110767 4.59977104888599 -0.321981970820837
8.19062456039869 -5.72000240512295 -1.05786960394032 -0.547887289923328
6.52370325566759 -4.13867043308502 -0.726299135433535 -1.88179978917269
2.43097289978542 4.954185144106 -3.06398422219026 -0.509818061180576
-1.43061290557016 4.45076474266654 4.52135390038951 1.17763023562386
7.03769550318821 -4.29205034070091 -0.638600176740378 1.54369689556732
7.5523475812701 -4.60229919311474 -0.548563616830975 0.127212985991949
-2.2368727737847 4.05661027761912 3.67827441752118 -0.43210984436735
-7.74931417485865 -4.10009962898108 -0.90199185485726 0.675718800600325
1.96642533255584 6.50691429880844 -2.10117398847591 1.51285907002764
-0.066523214010775 6.44708147213935 -3.32809808103791 -1.32685272162919
1.85489387455445 7.04172462251069 -2.5883305222756 -1.01512550254139
-8.22211317402901 -7.05932021575244 -1.38797824170221 0.501609390626888
0.769157638883637 4.18387450322039 4.17462879198491 -0.565471893374645
-9.60650424737266 -3.46529599909092 -1.55751849514183 0.831518954105721
0.53788653690139 5.64975801173938 -3.87480866319618 0.332496134968209
-8.98994576406495 -3.39556590650429 -0.207325627773542 -0.172050281846574
8.16230358247989 -5.75291066109169 0.172388920998136 0.00803404213032355
8.54163197124865 -4.6125877921297 0.674935233341775 0.647886598173632
-9.44692099134414 -5.34267538938468 0.542803436612813 1.34924408575939
8.79683061780824 -6.66050782802678 0.821310161872825 1.88870861946544
6.85694840261918 -5.11488463566273 1.47487509568104 -0.371966823416896
-0.314858559841154 4.12795869217061 5.58784941098139 -0.0612531516507591
0.874984177858542 5.5525391460584 -3.78272251971767 0.208833038703292
1.56434052629543 5.92721809923119 -2.32473251114514 0.563492746313371
-7.74214437687115 -3.52725980430782 0.22831309254466 2.79026194404375
0.708798825622857 5.63979785672129 -1.400129140033 -1.44273148062238
8.42022866115186 -5.83434558131618 -0.655016299354034 -1.30653946517815
7.70099940120626 -5.21386976125698 1.51875972916978 1.70074297675747
9.01561572091105 -6.05273161167644 -0.506445195789673 1.55395208529628
-9.36498263054408 -2.62065712534567 -2.10186713144781 -0.185618488547318
-11.0753853853911 -4.96505103127161 0.0826081948742801 -1.15874614858995
1.16845458241906 4.95671919187457 -3.73984679673236 0.524171727284247
0.852176071185392 6.07884036232563 -0.856146083992683 -0.829098553505216
5.58269987182926 -4.60917941930879 0.899639483896471 2.12224504304438
6.87536064875171 -5.97715457134597 -1.97646165920051 0.679094451501633
8.11679162549919 -5.01548968241631 -0.175341629293597 -0.481591889481732
8.15664766423206 -4.29430114839488 -0.0670666986549974 1.02854904711847
-1.65566814941623 4.41644959641974 4.44568767521374 0.19541196265145
1.79197373115461 6.50644609099621 -2.72031967984693 -1.03333427728971
8.11016372637218 -5.10390386093421 1.16604568821994 0.307180942396405
0.626155251241265 4.10635008320328 5.60310607958307 0.30091538082719
6.20736429549624 -4.16825016251189 -0.143245019545778 -2.7029972347568
0.29221442493225 4.76669264177801 3.13536297569407 0.907412428914878
-8.45621981255439 -4.53587599734749 -0.463881420674213 1.18975739656297
-9.59420183757354 -4.87999074459043 -0.861435871046756 0.328701864701823
-2.64264436521947 3.08324442655693 3.43693257776703 -2.28577319585852
-9.21347403509362 -6.73150201664574 -1.18842735148221 0.658907678600767
8.04534524465937 -5.07026751328402 -0.692173852940569 0.0839007045653198
2.07117514048624 2.94794777210999 -4.79934450119232 -1.94390261442073
-10.6049721037467 -3.50739079249584 -1.04779294572212 0.656719631777307
-8.45954813639224 -5.28812666012511 -3.06688584159091 0.964497692395018
8.7341148639774 -5.61274616409154 1.62690563623576 -1.99122148387611
0.771505934628836 6.47108085247764 -2.05856505792196 -1.07802279808197
8.47620169991508 -4.53480577377716 0.145746631936804 -0.138284082524276
-1.23711460279782 4.99109953401869 2.48971814518833 1.04037088928352
0.451239153379403 7.167248930622 -2.09223987043292 -0.0676310747314372
0.921517581420043 5.61409792518985 -3.55577249030963 0.133334664967007
2.08264280005251 8.28600394928065 -2.49811603368679 -0.407848055795626
0.512683611018368 5.14092205788928 -1.83666039042067 -0.771478390371206
0.28398497750044 4.82755371079914 -2.33612991403254 1.12449326292604
-1.22274305551508 3.08538746517928 5.51566053678341 -1.5228136304562
0.80293049021178 6.57991317489565 -1.49360037523583 -0.379261224404256
7.09560975499444 -4.87344793194749 0.224028297815848 -1.24193377337556
-9.19980657433832 -4.48653324834258 -0.391802519775298 -0.00514475150204433
-8.96813014037493 -6.15070950638256 0.35953852415515 -0.607728585090524
-9.25013483594121 -3.30068794752904 0.0440790077496618 -0.564345496241752
-7.14942657692687 -4.23066639754604 -0.513650932563208 0.55311467671744
-0.428062732962726 2.68408497838996 5.32076518339549 0.431231162138956
0.52702546403359 5.00000895351852 -2.01633128362987 -0.249903317737295
-1.82615090572246 3.88702278816564 3.50129891369147 -0.301180552520258
-0.0703546704244794 6.0666900732777 4.129973093247 -1.60178307838489
-9.39613946493776 -3.88246550696583 -0.0641312209758663 1.01357048114934
-8.27052859900342 -4.28703292109277 -1.10597516500512 -1.06907967088822
1.98194043992887 6.98032046599977 -2.9971291635022 1.77482049850396
-8.48506903229817 -5.75309206357822 -0.828472588610859 -1.07488874988432
-8.66150883915281 -4.66893261428764 -1.07405828197079 -0.341057288972755
0.0491315964240573 8.31135580668523 -1.23406578761805 2.15789275371101
-8.55543237722894 -4.60748199292507 -1.07749183403162 -0.464689379358334
-3.30136925836599 4.17818400607234 5.701517046875 1.75672744659459
7.73091769128446 -3.23775370841675 -0.460859234016095 0.255413944318972
7.64408523908432 -6.39350383352663 -0.448823275391617 -0.12704563867576
1.23326720839593 5.84753851090976 -3.48180015442549 -0.599573912302205
-9.63447310240854 -2.12292212425998 -1.51691915065208 0.219721381374101
-0.171338913825385 5.52124673063285 -2.10503889368941 -0.924828229389895
-0.0111053367559111 5.83079568901968 -2.91223668426189 0.605946514143567
-0.0257923372586178 3.16836216498924 4.54167517306918 2.58505749464088
-1.28914484721932 5.78946260666399 -3.91530834674289 -0.434960454538201
-1.94289565833004 3.95306739286252 4.6112604430796 -0.5312574882639
-1.90162288002362 3.22400371069228 2.94667361390619 -0.460434567791562
-2.3365656689889 4.20817974634924 4.53537244176591 0.603586874218371
7.53121574373125 -5.56431402310534 0.289908845290312 0.35463080496706
