1.04371604233701e-17 3.27029757417669e-45 6.59901190410207e-70 1 1.09755569678834e-17
3.13417071944868e-46 1 2.61873181058628e-75 2.27842714595668e-50 1.77908548578758e-49
2.59218853697213e-41 1 2.47779322904306e-71 1.75903489722971e-37 1.81810164633582e-44
4.20255193396516e-45 1 1.24563910353377e-82 3.47354892100832e-46 5.19544021781602e-47
7.00546146674767e-37 1.66664829099014e-79 1 8.34091203171535e-58 7.18372446667019e-37
2.13656068197818e-50 2.94542556253646e-84 1 5.99610767819459e-69 3.54071306652152e-49
8.16815505999462e-20 3.93836368362238e-46 2.76918604444525e-72 1 1.21973258016946e-18
0.192344521873248 5.97608328712408e-41 3.72564333230647e-49 2.07983609928205e-16 0.807655478126751
3.29384400785608e-41 1 7.73298890850626e-80 2.17332111546055e-43 2.75971720647619e-44
1.96012355503581e-46 9.51752971755516e-77 1 1.51822104780722e-61 6.05455507518157e-48
4.8142826378691e-29 1.60937525711106e-59 1 1.37419211999539e-44 8.28488703460146e-29
3.38513742986061e-34 1.58257457897329e-75 1 1.11655773084869e-54 2.27089530117982e-37
0.00527171386933171 8.04357356092053e-47 2.41271690235941e-37 1.04610801835959e-12 0.994728286129622
6.68435666674448e-20 7.8509905926729e-40 4.9286498304198e-66 1 9.61860641392333e-21
3.67950528475008e-15 3.83610000892619e-43 1.39841058583018e-65 0.999999999999994 2.13659076901855e-15
7.72946023498853e-39 3.54580547321546e-75 1 3.60594136707742e-58 1.20968176096539e-40
1.35921522683998e-46 1 2.10556849474049e-80 2.93202070907356e-38 1.08059584678862e-48
8.43826200997126e-43 1.13971344746718e-83 1 1.56785041652106e-66 8.18452252964291e-46
4.77225640313092e-41 5.10498031521132e-84 1 1.39537305039313e-61 2.26778990745677e-42
7.58750061291402e-47 2.12928196224252e-92 1 3.84145980451212e-68 2.17150764887153e-48
1.10941106199659e-39 4.83879792556246e-74 1 8.05218802085696e-60 9.94286011382825e-44
4.0062680128628e-13 5.45398727207842e-51 1.32116450358169e-67 0.999999999999593 6.04548493167272e-15
3.39639857920387e-11 1.52640927926396e-44 1.62630750083301e-66 0.999999999965921 1.14879880296058e-13
0.0903044949787116 2.29365114441947e-52 4.11481614859332e-36 2.30843935572014e-17 0.909695505021288
4.32621563880613e-17 1.44095054460928e-41 7.03320281969203e-58 1 2.39979795643916e-18
1.570192174491e-09 8.7874468608002e-53 1.61076940705528e-54 0.999999985420985 1.30088228188448e-08
1.97411800830307e-19 1.75142813832424e-46 1.22340417068525e-63 1 8.40623851545141e-20
6.74045811766135e-38 1.83926390247094e-76 1 2.85107496465709e-59 6.44802308681518e-40
1.4356556816121e-37 1.4622600878845e-74 1 7.07597440631825e-57 2.68581919808207e-37
1.33553935915227e-15 7.48198464486037e-52 5.6302194213917e-57 0.999999999999999 8.301268708089e-17
4.79457246607722e-16 3.42394984545442e-42 1.72669546470433e-76 1 8.02835894411591e-19
1.89468770626904e-46 1 9.76918635045043e-90 1.10419740060654e-47 1.17133880069641e-51
5.59696475677049e-37 1 4.05332289148977e-84 1.51393916017799e-36 1.40441820503782e-40
3.4555513623877e-15 2.72685795169865e-43 1.3654202950806e-63 0.999999999999994 2.31347060057594e-15
3.17909037625527e-46 1 6.44728574418855e-90 8.27492975759847e-40 2.8770047240277e-48
1.01843705318574e-49 3.28742047269411e-83 1 1.61670400131024e-72 2.20960006222919e-49
1.68474945981397e-39 1 6.42372388624532e-72 2.25962652407591e-39 5.99376516345904e-45
5.71572830553341e-48 1 4.85491356167576e-89 2.28413465460956e-42 2.02717568752504e-49
1.6439664337952e-42 2.36042202592705e-86 1 2.21585522943249e-71 3.82429643334758e-44
8.70202326057424e-33 1 2.38131566125529e-63 2.90921301296011e-28 2.34503034148819e-35
2.56027714525897e-12 2.99874690764982e-39 6.45823966700029e-59 0.999999999988914 8.52530543688078e-12
0.998847477119845 3.41718609411328e-46 3.8318687869766e-35 9.28660014819458e-24 0.00115252288015541
1.97426380269582e-37 4.02833758492215e-92 1 1.30280675981497e-55 7.72762200148662e-38
2.22075384775644e-20 3.6072734506521e-24 4.32475094220435e-58 1 2.634732052187e-24
9.66639179556733e-51 1 2.67244054179859e-96 2.54230425020427e-47 8.1792672326792e-53
2.31779796436668e-44 6.94104070477135e-85 1 3.27041442794332e-64 1.43216350942804e-44
6.47381950802221e-13 1.66700783477585e-45 2.03680467167878e-60 0.999999999999351 1.50478942872397e-15
5.41617255097141e-34 1.06206526041642e-67 1 1.1968114983282e-56 1.63060930714389e-35
1.40399981449785e-44 6.97018331635436e-78 1 3.48405055358308e-68 1.56842356861072e-45
0.934071876978761 6.16055386823199e-44 9.97984405826532e-45 1.3718224990554e-18 0.0659281230212389
0.999922375513904 7.52446068324969e-47 4.14954297028372e-28 4.1942702157685e-18 7.76244860955166e-05
7.44410233212392e-47 6.23177494583387e-94 1 3.86121126538225e-72 3.25322449635703e-49
5.38057848227825e-44 3.43958753149793e-82 1 1.95862779716459e-64 2.34716291076224e-46
1.6666872489684e-46 1 4.98334117298212e-86 7.68766925999675e-43 2.86696188634022e-51
2.2684286926821e-52 1 4.06412716992354e-78 1.24787478420127e-46 1.2986523915174e-53
3.20323863829294e-41 1 6.32116776353242e-84 1.02865304725326e-41 1.02035033947833e-44
7.17796871990091e-18 5.31598388019785e-48 6.34591895055322e-66 1 4.05293615468353e-17
7.14502427763351e-56 1 1.69175963678317e-86 1.37651047365949e-56 1.98642222107076e-59
0.993687786357873 1.93362496825876e-46 6.62859900621428e-40 3.01395199096474e-24 0.00631221364212737
4.51835713105459e-21 2.97016021469133e-44 2.36655493661169e-64 1 2.97171924049715e-20
0.00230676190823107 1.34802339235834e-57 5.79893053616218e-38 1.56343246729062e-19 0.997693238091769
1.03181538222956e-11 2.59099548072626e-40 2.6667006939609e-55 0.999999999989666 1.53975170901783e-14
0.999910443964271 2.87111206016671e-38 7.48502861984608e-44 8.3331021872806e-15 8.95560357200782e-05
1.18197518936481e-35 1.96988240278256e-81 1 2.17413919264714e-50 2.94621356498695e-37
2.63788618027738e-18 2.20009365884726e-32 4.73916129112065e-56 1 2.77594852661252e-16
2.47545741845779e-39 4.59469793111677e-75 1 4.98362698360746e-63 4.66060749560627e-41
1.48244296179107e-49 1 2.53551879093938e-80 1.46257851345853e-45 2.31045045225819e-51
3.07031807249106e-39 2.84369495556482e-74 1 4.88271577526268e-63 5.13352056491299e-42
4.04442116475218e-50 3.15114435839512e-77 1 7.3754068507059e-71 4.722284084499e-51
4.93783923391325e-19 4.63292106808591e-39 6.45503611937666e-66 1 2.25299523333989e-21
2.96107353150146e-15 1.62172793097213e-41 2.62917219498828e-66 0.999999999999997 3.34893728957978e-18
1.52676550009267e-51 1 6.93883594083405e-81 4.77925684838217e-47 3.55099051347511e-54
0.278407534302019 2.01307161787975e-52 1.95821416651523e-37 1.37245345112266e-16 0.72159246569798
0.244537430600892 3.8985089122735e-42 2.16062437673806e-35 1.46404959316876e-12 0.755462569397644
0.067844170251046 8.36649036611103e-43 4.80681505331757e-45 5.5523538588893e-10 0.932155829193719
0.817740588140405 4.30277529827401e-41 1.1204235269485e-41 5.44577142231008e-07 0.182258867282453
6.88106379464972e-12 5.3190977751689e-37 2.08424192540107e-48 0.999999999991303 1.81536509651402e-12
1.13669080604987e-17 3.2782237729678e-33 2.15868200515911e-65 1 6.89929567048385e-19
1.44153416155654e-44 3.25438774219753e-85 1 2.99103915266591e-66 5.02020916936581e-46
0.946738220132968 7.19086060832932e-47 9.23728836654485e-39 1.2406356309562e-13 0.053261779866908
0.984896404526347 1.88416069845448e-39 2.82208676530249e-31 1.69236314798041e-14 0.0151035954736364
0.00166756509313825 1.16816217041341e-42 8.036088177712e-31 1.26636981601464e-21 0.998332434906862
1.47683251111465e-37 1 4.30929854505058e-76 2.02339120938623e-34 2.87295263874498e-40
8.87995563128919e-17 1.50531648344011e-40 3.75180804028506e-62 1 4.37625685174686e-16
6.26990432832155e-47 1 6.32960556864194e-84 7.81561821100587e-46 1.56564361433019e-48
1.00781551318799e-31 2.24320782707342e-65 1 1.8889243691789e-47 3.11619488067102e-32
7.67084322400238e-33 1 6.76255691979709e-60 1.49227109822116e-35 5.44976195457319e-33
4.99631966152026e-43 5.2905663055167e-76 1 2.12960659342731e-64 9.89855081160678e-45
1.34767836440105e-46 1 2.10397397963409e-80 5.69567091420784e-45 5.46096065724497e-50
0.901803829453992 3.25647602923044e-51 4.73197782140963e-49 6.53179434015383e-12 0.0981961705394763
9.66181755529939e-17 1.25039569089946e-54 1.18517137746527e-64 0.999999999999998 1.77863374902012e-15
6.30820691368123e-53 1 3.79627928248153e-90 1.71411765728155e-48 3.73329188235158e-56
4.96548536084017e-44 1 4.35858953121254e-76 1.94490161425837e-43 1.45344643646624e-49
0.000792124061620996 1.02142898202027e-65 1.93067313370799e-37 5.18790899594179e-20 0.999207875938379
1.18612718048607e-42 6.91537678278055e-91 1 4.70025465356018e-64 7.8453803625957e-45
0.997267177430889 4.63352268858815e-41 1.83190649134179e-24 1.44383912991645e-08 0.00273280813071998
0.951272161245016 3.55727905084776e-40 2.37812344089486e-47 3.32019636641877e-12 0.0487278387516633
0.958254308867942 6.11388897112193e-40 2.68937058737334e-45 1.07239632742457e-13 0.0417456911319512
1.55144143636722e-53 1 9.01244762746826e-85 6.57655290211097e-50 9.33677181738066e-54
8.23820848634886e-27 8.13068112069806e-59 1 8.24852448644031e-48 2.91728168267574e-30
0.999763329731074 6.97774645460083e-37 2.58642734408216e-37 9.97812190559641e-17 0.000236670268926038
0.929762655600017 6.22750297038658e-44 5.4844247215224e-49 1.41498762176822e-08 0.0702373302501062
2.03175606101005e-40 1 1.96025247261938e-74 1.24647753268489e-42 1.70063524507324e-42
8.34758400088087e-13 1.37933067490081e-55 2.03298788112929e-55 0.999999999999018 1.47179056250904e-13
3.07607040267746e-43 1.12100359856738e-81 1 1.31561390215179e-69 3.99081730593533e-48
3.25875693337756e-36 1 2.26760091111694e-59 8.74282276483143e-33 2.68626969358417e-37
0.0506039858528953 1.94609410385318e-50 5.24724091899955e-34 1.454788838817e-14 0.94939601414709
0.998062138086233 1.99379347843777e-38 6.34548201130412e-48 2.96395026250894e-16 0.00193786191376712
1.08861405162767e-35 1.11090567673068e-84 1 6.71458868333792e-58 1.01836280770033e-36
3.6127787081922e-36 1.12602733797498e-73 1 1.056610171523e-53 3.7652629925761e-38
8.41981225717626e-14 8.74860897014242e-33 4.43449782744994e-64 0.999999999999684 2.31918007575673e-13
1.44725218876349e-12 1.55918379015647e-36 3.45164587823348e-57 0.999999999998551 1.85488570620465e-15
1.82002820077833e-40 8.41004060289626e-73 1 1.72748469484756e-65 4.33805018832278e-44
1.30718347853975e-20 2.84112971872376e-52 6.31244779142179e-76 1 7.13220930290951e-20
2.72373584162851e-49 1 7.9583411168337e-77 1.87099781970566e-51 5.91546878130598e-54
0.99963534373888 1.38385998465602e-40 1.12066055506922e-46 8.2590346956332e-08 0.000364573670772475
3.63317284816617e-49 1 2.32797889435899e-86 1.18917224688586e-46 2.40387450070214e-52
1.56966064837731e-41 1 1.10066434456411e-72 5.38981262705843e-41 9.29313893533183e-46
2.52589343278673e-53 1 1.89489399279525e-89 2.49696486342587e-49 9.35559632046806e-57
1.20552946325419e-16 2.80506364144663e-46 3.77873687540847e-68 0.999999999999997 2.51901487750373e-15
8.49038052986423e-16 4.47878445632348e-38 8.1525762305621e-71 0.999999999999998 7.30490740080749e-16
2.96022030885288e-40 1 1.38878563943321e-71 3.06249415681924e-39 9.46011210685366e-44
1.57355147285601e-13 4.72590293738912e-42 8.1915627049815e-59 0.999999999999839 3.01600467005678e-15
1.21047163278678e-44 9.72014058123869e-83 1 3.61494064751671e-62 2.14264813652116e-47
6.9203029550007e-41 1 5.33995397182134e-69 1.06832535356315e-40 1.91428000290557e-43
7.71552205181283e-38 1 8.47902663279961e-85 6.36588959953724e-43 7.75592859993939e-41
0.994476227424874 3.78523107688311e-45 4.01458579967235e-40 2.82034979289063e-12 0.00552377257230563
2.50347138164557e-31 5.53182094034938e-69 1 4.84158780391348e-52 1.5340370147404e-35
9.9353729848013e-19 4.50281075097771e-48 5.66120005537248e-62 1 1.85755765377724e-19
8.2639627141707e-33 1 2.27111700451635e-64 5.37310037303034e-32 6.98831553579723e-38
3.10722974399828e-16 5.72326152415394e-38 2.08645475869955e-53 1 1.21109633772006e-17
2.45218928913782e-40 1 2.94434728250903e-71 3.65105140072847e-39 4.82937403905745e-43
0.922732160154549 3.32476574796188e-51 1.36690944867827e-31 3.08326016056412e-17 0.0772678398454515
1.53106652592455e-37 4.37237138000908e-77 1 1.06751128440892e-64 3.31036823588139e-36
1.46406257881989e-48 1.81841038051628e-89 1 1.21673687266698e-78 1.71680991601601e-50
2.50515396565903e-45 2.00793079474501e-80 1 2.56797793597978e-67 2.84825766135872e-46
6.97088963533276e-19 2.77096162124477e-50 1.23720043714382e-75 1 4.44424936979856e-21
1.83288119779036e-37 2.09237326165752e-73 1 7.69536767758889e-60 2.04480351939042e-40
1.11915760307153e-13 7.24618486692071e-36 6.55203272630153e-55 0.999999999999886 1.8642150951027e-15
3.01150741779892e-39 1 1.0046442353616e-84 3.83262289575564e-41 9.18894934244881e-44
2.24574290761005e-49 1 2.11662770716993e-80 2.39300866149987e-41 5.22800978615144e-52
0.0906735256412898 6.57611316401986e-46 1.27557781364204e-50 2.39942931597628e-06 0.909324074929394
1.48655914343274e-33 3.57317192265507e-66 1 1.93577348421014e-52 4.41560685319851e-36
2.56242949475927e-13 4.78759743427392e-50 6.73896562354358e-62 0.99999999999973 1.38361024273693e-14
9.140553894572e-12 2.05392825002557e-41 1.42282714435599e-58 0.99999999998949 1.36997987133833e-12
1.6281678811921e-11 1.62879965437287e-43 3.36352222429654e-52 0.99999999998243 1.28860103946571e-12
1.34053773876564e-47 1 1.04658331782574e-68 2.0194006816115e-44 1.12641358758043e-50
9.54164334242047e-14 7.68362881674291e-48 2.3437548446515e-56 0.999999999999845 5.96975681869064e-14
1.73255332018073e-40 1 3.4229999095349e-77 1.40249692413215e-33 5.4751936588239e-43
0.0971895094984788 1.15192252167009e-36 1.5741572465033e-47 1.20729545634275e-08 0.902810478428567
3.63919762381584e-50 6.85355994070684e-80 1 5.82939221708342e-71 1.01129001755662e-50
8.28160192414134e-48 1 1.48568096294354e-79 2.1097810901578e-49 1.21572059124498e-51
1.36882151310874e-51 1 4.37794901229625e-87 2.77267051507873e-48 5.93286569146268e-53
0.999911791650697 1.59822358155885e-41 3.62637980075644e-34 2.1085230135901e-11 8.82083282177971e-05
1.05954923796905e-15 7.82295775607313e-43 2.91959865216092e-65 0.999999999999999 1.09368317256906e-16
0.0833268747947691 1.78861467578586e-53 3.02280710897612e-36 6.95575582274304e-08 0.916673055647673
7.31844413791071e-35 1.11350465307977e-70 1 3.86653575630062e-54 3.13162697495755e-36
9.79762834236042e-47 1 8.12250467149145e-85 3.6529171958851e-50 4.35575629410401e-51
2.39243807181111e-33 3.15853075244726e-59 1 2.89729352917347e-53 1.49774308920131e-33
3.30125485809199e-40 6.77378260412628e-84 1 8.34148370902055e-61 2.47832059356819e-41
6.48286815235329e-46 1 3.04749008530508e-85 1.77153729433026e-49 5.51983853023589e-47
1.24031506878681e-12 4.334993325759e-39 6.41657179862631e-63 0.999999999998464 2.9568014163724e-13
2.15929689586307e-46 3.27232261329428e-83 1 6.32481820878986e-72 4.65785220697931e-48
1.05441542713606e-32 1 2.04624512280471e-70 8.42861791320604e-32 2.10457336673332e-36
2.60286662058613e-13 3.47033720892023e-38 2.00762007774262e-67 0.999999999999727 1.29281859501385e-14
9.10136626241945e-16 4.56638099216174e-43 1.48506737351989e-65 0.999999999999999 1.6499666779808e-16
2.58867033533188e-35 1 2.23957243665863e-68 2.73933640500638e-39 1.92967809669662e-37
1.39310205073481e-14 3.24062174836004e-49 1.84628761703424e-68 0.999999999999973 1.28795581506891e-14
1.55793834675051e-38 2.5013384761998e-88 1 4.51773273522606e-63 1.97636811897976e-40
1.1223929526368e-49 1 2.07754036759762e-73 1.72929915066649e-42 2.68951847790234e-51
0.997808354004312 4.60044222478957e-51 2.65681373870841e-40 1.26653934708278e-17 0.00219164599568782
2.54480836933885e-53 1 4.60563069176493e-85 5.9440720322359e-50 4.55842204659616e-58
8.60257202180562e-15 1.68751091808938e-42 4.1776536553322e-62 0.999999999999991 6.95610963773561e-17
0.96536446476908 2.67253715635491e-55 1.13351541503482e-45 1.88312175424204e-14 0.0346355352309009
9.31427539696636e-47 2.80082251142853e-84 1 1.24276487377954e-70 2.47164996814056e-46
2.06116094793781e-54 1 1.18552673971957e-89 4.89739147226869e-46 7.73963872278873e-56
4.04583874953798e-43 1 7.49562224745899e-79 6.08313620182679e-44 3.77004190082422e-44
3.00884204848407e-61 1 6.7429822999416e-90 1.54557657610656e-56 5.21398925569168e-66
1.22775418726508e-39 1 3.94751291478099e-71 3.41094904420262e-35 1.66085545982596e-39
0.99599399020719 7.12238313546022e-41 1.41689289211174e-32 2.34546983184127e-20 0.00400600979280968
2.07042192769059e-47 1 1.09147594975045e-83 8.32626251389188e-43 1.01695205902489e-49
3.30121270813942e-48 1 4.00161685962604e-80 2.85497645552821e-48 2.59333891907186e-50
4.3117797659627e-13 5.30827681232168e-39 6.82427601287143e-56 0.999999999999547 2.14346235356955e-14
1.31715867747611e-13 9.6345584265979e-48 2.67795545599144e-67 0.999999999999864 4.76601778178547e-15
2.31036887101245e-15 1.23817371691615e-39 3.68841382655541e-68 0.999999999999991 7.13282693336005e-15
1.42380761058886e-20 1.91160925464657e-50 1.22246505653926e-82 1 7.01651521689129e-21
3.52563711603581e-40 5.6044780167608e-84 1 5.56752526377288e-63 1.62884403562465e-45
3.03307537027164e-49 1 5.03198698698153e-82 8.68098117731981e-48 9.90064549219266e-52
0.00239351167911423 2.06268311204725e-44 3.44553129866369e-44 1.38307750880919e-15 0.997606488320884
0.998958804158581 4.54004605113068e-52 1.6958116794788e-48 1.42411990697291e-15 0.0010411958414174
2.75097612363131e-44 1 1.03487688814079e-74 3.7462113988144e-43 3.39335733293305e-45
1.15137935277072e-12 2.23657249918741e-53 1.34840916365863e-66 0.999999999996101 2.74800342272084e-12
7.9474512331994e-47 1.0697883314493e-88 1 8.40061865209845e-70 2.01569329306283e-45
4.59692271718157e-53 1 1.62779218057083e-83 7.8657474178141e-53 4.67159578578141e-55
0.0154454857166943 4.88267488358818e-49 6.59582179076301e-45 3.49140207181954e-24 0.984554514283306
3.02220339929883e-36 1 2.03189337197622e-74 2.56285110818568e-32 1.10808951188768e-38
3.87198631352342e-47 8.6276881610139e-88 1 1.51481782288802e-74 1.81842397922756e-49
2.18409518108753e-52 1 1.98250886042059e-85 1.46803411723026e-48 4.84336711469275e-56
3.046722477533e-41 4.55963717125842e-84 1 1.10394692002164e-63 6.93751809433102e-43
0.999709217451134 6.46771964887973e-46 7.47583117349909e-46 5.61791037369086e-21 0.000290782548865622
2.36010333502538e-11 1.25936830182742e-38 3.56596758530465e-54 0.999999999976208 1.91007659039172e-13
4.50976583487962e-12 9.87920657353307e-45 1.05619015484616e-61 0.999999999992537 2.95304129509417e-12
6.9226532066981e-38 1 2.28096466839657e-69 6.7686448431043e-47 8.03650051463407e-40
2.41567608942585e-39 1.24377301126006e-75 1 1.5977734541944e-62 1.95129906032459e-41
0.0194439189865406 2.82815135579106e-52 1.04016923308629e-39 1.29477870062169e-16 0.980556081013459
0.951777584392636 4.47778982931516e-39 7.27100645921108e-46 2.39545531102814e-13 0.048222415607125
0.971226728350143 1.24729367869296e-34 9.72570311905515e-34 3.13975504586257e-16 0.0287732716498564
3.76100197826362e-16 1.0719485232373e-44 3.29228064531592e-58 1 2.32046272238885e-18
5.92072822261801e-47 4.881520077562e-78 1 2.26261966780677e-68 2.81486859931714e-48
1.46226331908712e-33 3.52900178928924e-78 1 3.66563157416135e-54 3.5654436349584e-36
1.53444059925887e-17 9.46926896228322e-45 1.24137147208681e-58 1 1.07108010401783e-17
3.2663554215321e-39 8.65671632063583e-81 1 8.13900875794545e-63 4.65614954973257e-42
0.00789041753119454 6.85343611226213e-40 2.69937823632322e-41 1.72385534905508e-17 0.992109582468805
0.0373056166718088 1.38378051287977e-46 1.06284837548057e-48 6.10586183837322e-11 0.962694383267133
1.35880378044857e-20 6.07575005610517e-49 3.5262310694953e-68 1 1.09658339435809e-22
1.38187411513388e-50 1 2.00958213248897e-89 1.61548231132218e-52 1.41562203036398e-51
9.18821478999343e-42 1 3.75889971538711e-79 3.36563437862578e-37 3.42341990262069e-43
0.00235945225202534 7.48815982050852e-40 3.7794408382322e-41 4.7400749949951e-17 0.997640547747975
8.5045765348051e-45 1 6.86719302989765e-81 4.4370238099264e-45 9.76202500073683e-45
5.66531811715825e-44 1 3.07184193635282e-80 1.88696157213915e-43 9.15369259263138e-47
5.54571321810377e-48 1 2.41447556649128e-84 1.84289797988112e-41 6.20900956256994e-49
2.63652059106904e-12 1.72110657751918e-42 9.06484436126672e-64 0.999999999997363 1.54752781068945e-16
7.00651858834164e-11 8.98897300144584e-46 2.1718883683253e-45 0.999999999814884 1.15050970181939e-10
7.74654697638012e-46 1 5.57371950888396e-80 6.98500343058882e-42 1.18538901654179e-48
0.985023839828696 1.75217007624471e-42 2.5082197195143e-48 3.86116751898335e-13 0.0149761601709181
1.27527713540813e-47 1 2.22130065824972e-84 9.16828265006886e-42 4.24949111898966e-50
3.14849086705679e-47 5.24249675607875e-92 1 2.06464976860054e-75 4.08083210588365e-47
3.91020659446736e-48 1 1.33106444113891e-87 3.41246971870491e-45 9.13978967527236e-51
6.7338050921058e-47 1 2.35573728792447e-87 1.01610170205028e-43 2.64721196975988e-52
0.00302118762263867 2.14028255686792e-43 3.00064871831146e-55 4.03183799504982e-12 0.99697881237333
8.26756437333329e-19 1.19497173962325e-49 1.35111158430699e-71 1 3.67316095951634e-21
3.80055542347208e-53 1 5.79052683025237e-84 7.23729373482703e-53 1.1614992402163e-52
3.06353314672755e-15 1.48816586324072e-38 3.01741755586568e-59 0.999999999999995 1.57300861400009e-15
3.70253788512074e-41 1 2.64036167800008e-80 1.36620022785338e-38 6.1446148823259e-43
2.06380410356676e-44 6.21891552491553e-80 1 1.23347981844611e-60 2.69150526497169e-46
1.51716796739981e-44 5.06907654048339e-85 1 9.76168707932559e-72 1.17253660432172e-45
1.93883541828913e-43 1.12347759107806e-94 1 4.70266141980414e-65 2.84116318241584e-46
4.58862070896295e-12 5.54534660535203e-42 1.0698878678729e-58 0.999999999994288 1.12313926466141e-12
8.27157770564201e-11 6.1495435884802e-52 4.0015786774675e-61 0.999999999892869 2.44151949524156e-11
9.83195769270481e-14 2.26516405092667e-42 2.52127701011389e-60 0.999999999999901 6.24069553920811e-16
4.89104485339378e-34 1 2.91953795699948e-59 6.00529424941605e-30 8.10264422263408e-38
1.39303419523376e-14 9.19505326555638e-41 5.74154575842762e-66 0.999999999999974 1.2143131657303e-14
9.11102354202656e-32 3.17951399843904e-71 1 4.02044314943582e-54 1.37838628482743e-31
2.55002365234932e-11 3.05982423748518e-43 1.19352617902214e-56 0.999999999974039 4.6112554649416e-13
1.4202652649947e-34 1.27412538300691e-73 1 5.59415711363039e-56 1.47246809117356e-37
2.77740028609114e-14 1.57788074632101e-50 1.20593078308652e-63 0.999999999999967 5.05804704220776e-15
0.902426402564394 5.2660312339374e-47 2.40277563963935e-37 5.81456125229225e-11 0.0975735973774602
3.94258855157646e-29 3.91097462143039e-66 1 1.814887842882e-47 2.33069671903946e-27
5.74234920035086e-13 2.55473949147755e-41 7.8982296438349e-54 0.99999999999875 6.75455374992549e-13
2.81097105119606e-53 1 2.53378055533792e-82 4.81597039930804e-50 1.3171904142072e-55
3.62208567543397e-16 2.64691195256424e-38 2.09903417676796e-66 0.999999999999999 1.42257450818978e-16
2.02062041291823e-40 4.58889038860886e-83 1 3.44986809314486e-61 8.61227883912169e-42
0.000723089893601854 3.38962894391396e-53 6.10194607136305e-38 1.45867566138729e-18 0.999276910106398
2.83189361819518e-48 6.37586335866447e-84 1 2.58635833054969e-68 1.20022944672855e-51
1.15009612692568e-36 1.50692296592227e-68 1 2.01936718407687e-59 3.20186988294598e-38
9.87059581534413e-31 5.47997629636493e-69 1 1.09512724788533e-57 2.03720222873185e-32
1.59823811289617e-37 2.78041305006976e-75 1 4.47026277165592e-54 5.54415863953498e-40
0.973978545416281 1.14124563142452e-37 3.57696435593522e-43 0.0115705993045297 0.0144508552791889
0.988425853987964 2.55941513576576e-55 7.45161993580316e-41 6.47577405984009e-11 0.0115741459472785
4.74761021688609e-49 1 3.24704781594931e-85 2.0949904370273e-47 7.96692272167415e-53
1.79257282625619e-45 1 8.42669770516548e-81 5.95082692650446e-40 5.73308251694099e-46
2.56269878039559e-56 1 9.23263541213332e-85 8.3606710281946e-52 1.70899827044758e-58
9.75182656396065e-14 8.46352858773369e-49 1.58211475581544e-71 0.999999999999789 1.13393495265961e-13
3.57084464577664e-42 1.26115474008408e-80 1 2.93832985506091e-60 6.0398435461815e-43
0.0249445596185515 8.0039897010437e-51 6.69122022321033e-49 9.96479876148321e-15 0.975055440381438
0.999894842374671 7.72088745694681e-56 6.53705443852514e-34 4.12003675743359e-18 0.000105157625328875
4.28749405461262e-16 1.92316241437129e-41 4.09166967724152e-59 0.999999999999998 1.1129629740674e-15
0.867448067955789 4.11358093636399e-41 4.35847245823985e-44 1.73620975789845e-14 0.132551932044194
4.29402322006925e-13 6.4001384344031e-50 2.82435967421869e-55 0.999999999998113 1.45752288767921e-12
4.14741647438322e-42 1.33789770777614e-81 1 9.98284016566412e-64 1.71931316129451e-43
3.68993116024668e-41 1.60470875074985e-86 1 1.02677406861816e-60 8.15490956519729e-43
0.153213443000407 1.72797286559913e-34 3.95494322362528e-31 4.95494390905851e-13 0.846786556999098
1.80798654315728e-36 7.069604776816e-75 1 3.12146695176488e-56 3.20210394060283e-39
3.45246389867127e-17 8.19162540828542e-41 1.13144573620637e-62 1 3.15188753123312e-19
4.49849165159402e-39 1 2.24609550209529e-70 4.45748919745633e-40 1.21066971528246e-42
0.999795784167893 2.07990595824416e-45 1.81616779945999e-33 1.46510586802061e-17 0.000204215832107033
3.92541352339837e-16 1.53375794552744e-44 1.58797150474843e-67 1 2.14708371732918e-17
1.68392358543695e-21 1.71082888993165e-53 3.65112210853557e-81 1 3.22726919060273e-21
4.11032110090435e-46 1 7.54224245870082e-85 1.36610300450229e-46 9.15265984824778e-49
0.97339544130872 1.87984879444662e-50 2.68428521529175e-43 1.39457567155381e-14 0.0266045586912655
0.679869070023929 3.39897831346341e-40 2.63729471032491e-33 1.69553644902826e-10 0.320130929806517
7.56086384338386e-14 1.2530633507788e-36 1.50235366634756e-54 0.999999999999842 8.19676953544176e-14
1.78183529291378e-14 1.61569429201594e-45 1.07418540942183e-54 0.99999999999998 2.31439792834644e-15
1.33610019571316e-42 3.40119576622716e-74 1 4.32661053229204e-64 2.39148445635209e-45
0.0142007847393992 5.59697224088184e-41 1.50501279156106e-41 1.09204538608719e-14 0.98579921526059
1.21532861035377e-15 1.96429474024817e-36 6.38366946368674e-55 0.999999999999999 5.90457559884424e-17
5.30692741236185e-11 6.16896946863995e-36 1.06900245423622e-50 0.999999999943233 3.69809906282129e-12
2.28273466783028e-15 7.17534047552164e-44 4.37600824936907e-57 0.999999999999998 2.35436973235547e-17
9.17906209135588e-39 1 5.73431354380421e-69 1.90505169454567e-37 4.39526201131385e-40
4.01269970941275e-57 1 1.0291556064305e-83 3.32957966509984e-54 1.50570488050254e-60
1.50896423741012e-44 8.17499360972795e-94 1 3.91660221876268e-68 1.38494668791438e-46
0.831474810915612 4.44211696350928e-55 1.97991666801723e-31 4.55706231770492e-21 0.168525189084388
3.75852944632487e-44 1 1.1700681638714e-77 2.09074805009536e-45 4.17127945662995e-47
1.00580562773315e-17 1.39011064048705e-45 3.19535553243753e-69 1 8.92093489699115e-18
0.863383108403064 1.8142982692909e-41 3.63581358893149e-41 3.66186144337911e-12 0.136616891593274
1.09479068485772e-43 1.21250718485921e-76 1 1.70802400232238e-70 1.22094243469499e-46
2.64992007093384e-18 7.77135249984509e-49 1.28661101312651e-55 1 4.9680678418776e-20
2.44131757477117e-10 9.87422076423058e-42 4.79935162101489e-60 0.999999999736402 1.94658286979904e-11
1.62833669720062e-44 6.23622738282882e-88 1 2.38991015914981e-67 1.47413629627927e-44
4.03870927994773e-35 1 1.32830464671083e-61 1.49011557644482e-43 2.88151272499767e-38
