"LD1" "LD2" "LD3" "LD4"
1.39068318204372 -8.25217907511102 3.22847960408487 0.227410909297519
-1.90162288002358 -3.22400371069218 -2.94667361390625 0.460434567791916
7.34512622893411 4.67723541637286 0.354571276335503 2.81458860250049
0.769157638883604 -4.18387450322027 -4.17462879198503 0.565471893375024
7.94522806813886 3.0181619553495 -1.40421626562123 1.44152962641539
0.130321056805353 -3.99825958930502 2.00930957706582 0.949931395567621
6.52370325566759 4.13867043308517 0.726299135433579 1.88179978917275
8.386186454357 4.93429961463295 0.394959011523848 -0.65086133084772
-6.90961400232168 5.1374836167515 0.25745687839879 -0.643001108960796
0.802930490212063 -6.57991317489555 1.49360037523588 0.379261224404277
0.675004186321111 -5.0494001220764 2.24100352228278 0.116897511749715
-3.33871083904647 -5.41145271219185 -4.80698836067925 -2.19304306700583
0.852176071185591 -6.07884036232553 0.856146083992684 0.829098553505302
-0.428062732962579 -2.6840849783899 -5.32076518339541 -0.431231162139061
6.92673363537712 4.60795708925507 -1.50713102784275 -0.539301752737662
0.30595537993516 -4.56230906986096 3.58690384435592 0.546083924884308
-2.34132935615928 -5.51249289484315 -1.83655731186472 -1.00515849968601
-1.34018740407136 -4.35140312866255 -3.8423452252914 0.310785116217263
-8.76832925124513 4.61506616473209 0.864693425738372 -0.0832210493691391
-9.19761766769536 4.66469833912682 1.24507096669885 -1.33793827546549
-0.218477410547614 -5.83641525365458 -3.12623094584868 -0.374777011142417
8.70898797335906 4.80457579311915 -0.426540533327503 -0.638682317400098
-0.501818625327509 -4.06135150945803 -3.73770640351369 0.339949610758401
-9.92669168817188 4.49994153249246 -0.185286972372954 0.571244721687476
8.19062456039849 5.7200024051231 1.05786960394021 0.547887289923575
7.64408523908422 6.39350383352681 0.448823275391604 0.12704563867591
1.65629104671825 -6.60093791842393 2.72315457881521 -1.47063838006039
-10.6049721037469 3.50739079249552 1.04779294572213 -0.656719631777452
1.81785478456258 -6.14598409510992 4.28254315021244 -0.156258987410676
1.27332141421847 -6.50262765750656 2.62192052869083 0.412516675719728
1.85489387455452 -7.04172462251064 2.58833052227549 1.01512550254158
8.77010729487225 5.63442941335917 0.741730272229811 -1.5024360688139
8.8745173750079 4.73915059992394 -0.797304067407291 -1.37796660376426
-7.3133597413918 4.31279215616952 1.139147955852 0.796535968150877
7.01957420786922 3.8754584595084 -0.404702445250865 1.22950233354929
7.53121574373125 5.56431402310544 -0.28990884529023 -0.354630804967276
0.183601196921504 -7.26155432963352 1.49483623223335 -1.13690308475262
0.527025464033818 -5.00000895351843 2.01633128362991 0.249903317737339
-8.56755376502088 4.85307226131712 0.147274259511943 1.48295046145942
-0.0173752657036442 -5.10569647135605 -0.97275275700512 0.743827152886094
8.11679162549913 5.0154896824165 0.175341629293589 0.481591889481852
6.85694840261913 5.11488463566282 -1.47487509568099 0.371966823416723
1.7887574393903 -5.0312569822324 3.29326814411743 0.3703247996554
7.09560975499436 4.87344793194761 -0.224028297815841 1.24193377337555
1.07356399214993 -6.82396969967884 2.60497882482234 0.565608344835085
1.05270047570941 -6.32539653252529 1.93947502127909 0.190415877388091
0.325532905811281 -5.28192992476152 -2.28638311607932 1.53623242184042
-2.33656566898883 -4.20817974634918 -4.53537244176593 -0.603586874218232
-8.32431200965395 3.39472995303879 0.966226214522173 0.475325007029098
0.660754071254073 -7.47389090449121 0.526870158302537 0.283365684785863
-9.36498263054411 2.62065712534538 2.10186713144794 0.185618488546934
7.72319904107437 4.42209219782398 1.69729990268642 -0.324365588217219
-0.233905436061166 -6.40485396977313 3.60372663037028 -0.571764816639633
7.57550974580522 6.36033102350498 0.0160536206896137 1.42344800345653
-9.25013483594129 3.30068794752883 -0.0440790077495811 0.564345496241635
0.507096327101693 -5.32335190168853 2.36223780127209 0.287482302432161
-9.68477404659024 3.97754734430524 0.730422204441409 -0.348560341764678
-1.5110165448243 -3.30193072112087 -0.376025549281031 0.598982517305573
8.31883497887313 5.69725524884415 -2.73973094192429 0.0235149830664982
1.28277766875562 -6.20268748402667 2.2194748162311 0.000631648413944639
7.7072478599702 5.98494769521793 -0.832767793985829 -0.604287904059347
-10.7024775398812 3.68730748000096 0.878920147720046 1.18887801254162
0.312849177567924 -7.48368985328334 2.25972175713305 0.273184103139049
-8.66941605074612 5.3838019212179 -2.04996120716253 -1.08073108532806
1.79534947542907 -6.1334857556502 1.27810893825941 -1.40325105130867
-7.80489575382749 4.94742443139619 1.54548825746147 2.14055967092705
7.13291387030966 5.23448208593258 -1.16210832967433 -0.410981029996573
-0.275655396247547 -3.96896103905702 -6.69114983502055 -1.89192652057761
-2.90960701061282 -3.6056599362899 -4.06128193402967 -0.696035273562201
-1.82615090572259 -3.88702278816574 -3.50129891369159 0.301180552520291
-9.63447310240862 2.12292212425987 1.51691915065208 -0.219721381373855
0.935501717027792 -6.96231603938579 2.74064384321391 0.0154199673153466
0.328549962457739 -7.60909398007344 2.62660619095908 -2.21720470093563
8.16874363057848 4.12008313927629 0.332709478980381 0.0172532700456815
-1.65566814941616 -4.41644959641972 -4.44568767521375 -0.195411962651408
8.69659988595969 4.88228423958705 -0.335113647515593 -0.707309929054775
6.95046548909677 4.73452074096766 -0.00842721931015966 -0.961336493537799
0.43290044310639 -4.50480956653111 -3.29121147724254 -1.38581138348316
-7.51638731255051 5.04109338639888 -0.501669461848201 0.433255750499473
8.8419792058401 7.2166757236192 1.17593752219471 1.05526789458434
0.0491315964242666 -8.31135580668525 1.23406578761803 -2.15789275371119
0.221250733328466 -3.82321646037906 -4.70055361392687 1.37788879174481
-0.80109922883024 -3.13544083605024 -4.81359934421111 -0.56941514220027
-9.47856032335147 5.98447827879844 -0.625844114971108 -0.232975190013545
-3.30136925836597 -4.17818400607229 -5.70151704687506 -1.75672744659435
8.11016372637214 5.10390386093436 -1.1660456882199 -0.307180942396481
1.98194043992911 -6.98032046599962 2.99712916350215 -1.77482049850374
-1.36948749019221 -2.97109858379282 -3.00785669804319 0.598904594622881
-9.91107369747165 6.04028523088061 -0.353930619777076 -0.359121005327748
8.73411486397727 5.61274616409167 -1.62690563623576 1.99122148387607
-8.77063112032847 5.84501301179024 0.591366380568482 -0.348311976316816
5.58269987182923 4.60917941930879 -0.899639483896401 -2.12224504304476
-10.0289579973496 6.21889678544252 1.11698244449489 -2.36049348603432
9.20621521099821 4.17394745332392 1.5681447533751 -1.8750070022563
-1.54082997266772 -6.09500931720792 -2.62060741766227 0.991712932848618
2.82181789267335 -6.55573322908126 2.00593069014541 -0.258914498852548
1.63609802460807 -8.31813909841103 2.84953716513524 0.546176176330933
8.94946178602959 6.96450776694364 1.23654364189134 0.727436163732317
0.728043808981142 -5.13506946712881 2.38410801859504 -0.204346582143817
0.292214424932353 -4.76669264177789 -3.13536297569412 -0.90741242891466
-0.314858559841171 -4.12795869217062 -5.58784941098144 0.0612531516507482
-7.74931417485882 4.10009962898088 0.901991854857275 -0.675718800600368
9.43157899803057 4.19324249203935 -0.513744222761729 -0.063314026000236
0.708927739058316 -6.54461354434179 1.68203129306573 -0.402457627798633
-8.16706998961749 4.52144329938901 2.79359415539355 0.529708783656699
-0.617384117620807 -2.40950849227449 -3.94879167898855 -0.433058856005291
-1.22274305551518 -3.08538746517927 -5.5156605367835 1.52281363045641
-0.315542177931147 -4.74420910875196 -2.32532480037686 -0.425805299991816
-8.33545640170322 4.03521941370303 1.16011397926336 1.00847282490746
-3.23393610508319 -4.6164134908112 -3.98756961532807 2.77474908105817
6.20736429549616 4.16825016251194 0.143245019545814 2.70299723475665
0.872584246578952 -6.14759363111614 2.61005244010034 1.0165585186229
0.0860790673686198 -5.95100658789934 2.52726096330017 0.608874283342518
2.08264280005283 -8.28600394928049 2.4981160336868 0.407848055795715
5.28308775794843 5.17473743097108 0.650885721630758 -0.395859876579073
-0.738384779392798 -7.03991887677036 0.45842157898826 1.34288572945236
-8.22211317402919 7.05932021575222 1.38797824170227 -0.501609390626963
8.2891808105822 4.27341494762379 0.874927601128743 -2.10353317828087
1.37065244707932 -5.99788865996893 1.44321089156848 0.152840940053203
0.506179007662693 -4.3484259700171 -4.29796847363635 1.15204314412474
-9.19980657433849 4.48653324834231 0.391802519775349 0.00514475150188969
-8.57294906966077 5.2264904488525 -0.071108983450907 0.0703280407499425
0.750335464298216 -6.08983284611352 3.67972028072514 0.111164598095209
-2.64264436521953 -3.08324442655701 -3.43693257776707 2.2857731958585
-9.44692099134442 5.34267538938447 -0.542803436612868 -1.34924408575924
1.42288668539735 -7.36027583287371 3.24035588551634 1.4119114152531
8.73185273250255 5.054439924657 1.4594142222506 -1.98170346819423
-11.0753853853913 4.96505103127138 -0.0826081948742539 1.15874614859003
0.139721061901241 -5.45461292252423 1.02995706131534 -0.77246516053332
0.34443421004649 -6.763385245744 2.71070735900039 -1.22931076763705
8.51165664157072 4.95500441467638 0.423869732926585 -0.601801738146206
-1.41056895757874 -5.56819045976783 -5.01579213366556 -1.93491248481294
7.37984266742945 2.88205798397758 0.323266875588799 0.409646577444783
-8.45954813639246 5.28812666012496 3.06688584159086 -0.964497692394717
-10.0261238771031 5.05818421278623 -1.21924191209408 -0.061282964088471
-8.75856520211316 5.2304555326316 0.562155216754047 2.22182789736985
0.723812873772339 -5.81350407183934 1.36076274020356 -0.567019533039956
-0.0111053367557932 -5.83079568901959 2.9122366842618 -0.605946514143263
-8.79950938578236 4.05455874830563 0.934591242827318 -1.11339946695764
8.48218263797594 4.26547198842579 0.430768664188731 0.738232234028826
0.626155251241314 -4.10635008320318 -5.60310607958311 -0.30091538082705
1.82386544226687 -6.3278525363451 1.86044137745214 -1.40853559830769
8.79683061780817 6.66050782802698 -0.821310161872829 -1.88870861946534
0.874984177858858 -5.55253914605829 3.78272251971773 -0.208833038703255
-1.23711460279777 -4.99109953401879 -2.48971814518834 -1.04037088928378
-8.40022493681589 6.53854663575423 0.862027141942569 0.485488089148695
0.771505934629121 -6.47108085247762 2.05856505792205 1.07802279808174
-7.88638371912705 4.53344958851197 0.703261061496628 0.024320288813142
-0.279943597149803 -4.08311795110765 -4.599771048886 0.321981970820815
-0.336053967952205 -3.33068513151282 -6.19174376227032 1.68784488230087
9.23189793023979 4.40562927629705 -0.930506594116278 1.44789012802886
-8.9568928570534 3.41092440474187 0.162242879980207 0.573773914057962
8.76705426013106 5.01847767797423 0.268901720705501 0.2212327143779
0.017250586928068 -6.77074039839895 3.49814667952508 -0.153401851716594
-1.94289565833001 -3.95306739286252 -4.61126044307961 0.531257488263915
-8.30142262660221 5.45763482197512 -0.370512651696104 0.308351477981114
-8.55543237722904 4.60748199292483 1.07749183403171 0.464689379358123
8.11552316825312 4.05212893187784 -0.348366594580827 -0.144583804559047
-0.362440645243605 -7.0585860480914 1.6595867996408 0.0616271127187853
-9.32617530304007 5.63850161583045 -0.0127066597372983 0.279549436753855
8.47620169991511 4.53480577377731 -0.145746631936733 0.138284082524121
8.8984572941177 4.55739616140777 0.21410758783359 2.50611426698923
-9.89294776458313 5.38720561456227 0.00770573543907942 -1.60895889660703
0.993681017179486 -5.77164132880949 3.65272763930191 -0.836141015563777
-7.91391373352966 3.73112892474372 0.488344337484968 1.14666061415496
0.921517581420293 -5.61409792518978 3.55577249030966 -0.133334664966981
6.02006149166483 4.01016097337169 2.01330578092397 0.428603304650638
0.0522929660085267 -4.72499743025575 1.89341710967024 -0.651133896364374
8.54163197124854 4.61258779212983 -0.674935233341817 -0.647886598173635
7.77353162188779 5.3224386899068 -0.705328607163524 0.650264489674127
-0.660994061896027 -2.37336331730033 -2.85667426776214 -1.63897964329027
0.708798825623093 -5.63979785672113 1.40012914003301 1.44273148062262
-0.118379833936545 -5.26495621449961 -3.95962464316519 -0.987494266109626
-9.39613946493789 3.88246550696566 0.0641312209758871 -1.01357048114926
9.01561572091105 6.05273161167659 0.506445195789724 -1.55395208529641
0.0420725489772809 -5.79466531775364 -3.17609877005021 -0.694185457551711
9.76906028273623 4.31587609549317 -0.680544043770664 -1.24164535117939
2.07117514048636 -2.94794777210991 4.79934450119231 1.94390261442087
-8.46974391391503 4.08995314457647 1.68038207066595 0.565349082382741
6.8481237816343 4.40042087519194 1.18279498224813 -0.828985343872385
-8.46251846970864 4.64119323936464 0.886618887212783 -0.860836584097908
0.121869199616618 -7.40660649463326 1.27058234576888 -0.575839780177474
-7.7421443768712 3.52725980430759 -0.228313092544569 -2.79026194404407
-7.97446742181202 4.24785825274852 0.581069019050751 -0.176537342363556
8.83902685987225 6.0491971520203 -0.458492191478641 0.849955693503952
1.56434052629567 -5.92721809923114 2.32473251114518 -0.563492746313491
-9.21347403509384 6.73150201664561 1.1884273514822 -0.658907678600485
-8.66150883915294 4.66893261428751 1.07405828197082 0.341057288972919
-2.74729155236396 -3.67238381089336 -4.10656418510658 -0.0581275232442483
-1.28914484721911 -5.78946260666403 3.91530834674293 0.434960454538058
-10.7271259596075 4.00240976118059 0.576102015236198 0.420209042847561
0.494685138183598 -3.75481752964924 -3.97389407606322 2.69410519361829
-5.9268994852867 5.06618723137651 0.607493818519355 -2.20056923961754
-0.507567644843387 -2.9092816255203 -4.02557988023618 1.78064232660085
0.451239153379606 -7.16724893062198 2.09223987043291 0.0676310747313982
0.813949117332342 -5.36647088454465 -4.61111670521643 -2.20333268859293
-9.02477219876218 3.96963569832963 1.27959362037571 -0.166128076252531
-8.48506903229828 5.75309206357804 0.828472588610956 1.07488874988425
-0.237862102913868 -6.20535146435905 3.49873875649037 -0.449951851420767
-9.29398345666402 5.92022050834015 -0.00175436694848485 -1.04403471687494
-10.0651677989346 5.85990875597151 -1.2075301948984 0.386386097462951
8.16230358247977 5.75291066109184 -0.17238892099816 -0.00803404213025027
0.537886536901631 -5.6497580117394 3.87480866319624 -0.332496134968431
1.96642533255601 -6.50691429880835 2.10117398847585 -1.51285907002749
8.04534524465925 5.07026751328421 0.692173852940496 -0.0839007045650481
6.51246608319642 6.40056226710236 1.48543620931035 0.724685950216269
-7.90170754003977 4.61893238084948 -1.90422906376414 0.470857441379163
-7.91571793032202 5.44526530518306 1.37411052495153 0.163902440133308
8.4003124368418 6.75765880971778 -0.459099253619389 0.871037543201296
9.06022405364622 4.95581820403797 0.210702374352939 -0.200363190665975
-2.21192703982157 -3.90042828246392 -4.98673603286176 -2.52090063763662
-0.0536379947967442 -5.39665800600688 2.7165664886921 1.43750703786825
-0.271588049805714 -4.8474847812405 -4.42661866040875 1.36794113357961
8.42022866115178 5.83434558131634 0.655016299354042 1.3065394651782
6.87104408872614 3.582111941459 0.84610158351135 -1.11004862341373
0.279897583835439 -7.84671632155932 1.38531471567316 0.149722700253768
6.51961010610336 4.69292616252411 0.0819054291967884 0.287713116569587
-9.42124853924205 6.33455214688217 0.52432776915643 -2.52860782321449
3.56191814184384 -7.91642816898837 2.80970809061933 0.0794395866148945
-9.71133884325043 4.91488378663118 1.20832840249609 0.178790615179108
1.32208123214685 -5.516965776029 2.73860066268024 0.756924429005244
1.1738727464361 -5.97899942801113 2.60728235999422 0.409894571141258
-10.5633472063107 4.50103768962664 1.1403904132842 -0.0807637458592661
-0.563755901632794 -2.78159867085199 -4.20366897768349 0.59455242359881
-0.122112920034041 -5.46762739594275 2.10607059026634 -1.30052868772142
9.45615386372573 5.33945880114652 0.650508159853196 0.819051284637788
0.737704950101761 -6.84716840884673 2.42844027274442 -0.962878559041298
-8.96813014037517 6.15070950638229 -0.359538524155103 0.607728585090374
-8.98994576406513 3.39556590650408 0.207325627773542 0.172050281846607
-0.0257923372585536 -3.16836216498918 -4.5416751730692 -2.58505749464086
8.92252459807496 3.55429804391681 0.495654693971683 -0.482408198055632
8.70921294890222 3.71020690671604 -2.74851737035509 0.87100908086827
1.16845458241926 -4.95671919187455 3.73984679673237 -0.524171727284359
-1.43061290557005 -4.45076474266654 -4.5213539003895 -1.17763023562397
7.03769550318819 4.29205034070114 0.63860017674035 -1.54369689556705
-1.67001322324386 -5.07750260425668 1.85820062367681 -0.56091521784531
-0.0433223452907425 -6.13475407162127 1.79983443513224 0.599081849872909
8.42286144438375 5.96061299093863 1.16905141552747 0.279859771261086
-0.0826962414509498 -4.36498329822612 -5.49586060497169 2.71465126365901
-9.60650424737285 3.46529599909069 1.55751849514182 -0.831518954105691
7.01839998110602 4.74957624054464 0.159824376788794 -0.266729772532846
-0.309579601709768 -6.44492497514485 2.56623071533096 -0.736231155635296
-2.23687277378468 -4.05661027761909 -3.67827441752123 0.432109844367535
8.49766345333089 3.47327867064116 -1.49599443040072 0.904162363797564
7.22799104459782 5.89104110145857 1.50371740985154 -2.88126861600092
-7.36434198034448 4.24583894655863 0.481836316351054 1.43425352492397
8.41090090642318 6.7009539284415 -0.298198005800582 -0.282190133047831
-8.97081516497846 6.47717947080998 -0.336527404197084 0.649158623021149
1.7919737311548 -6.5064460909962 2.72031967984693 1.03333427728959
8.14251659227922 5.19742372259048 -1.95975131472052 -1.25081436225382
-2.15009383480039 -6.1367636865172 -4.39124271008908 0.829257653453618
0.512683611018528 -5.14092205788929 1.83666039042069 0.771478390371058
7.7309176912844 3.23775370841688 0.460859234016067 -0.255413944318965
6.83680719242776 5.12733274347908 1.47000753715354 -0.429760868471363
0.283984977500641 -4.82755371079912 2.33612991403257 -1.12449326292616
-5.81670446248536 4.01315007558339 0.238022069146192 1.15964608177896
-2.09676058137581 -4.51113587511903 -4.96128135313639 1.66937372817014
7.8371159663674 5.05123494012179 0.540812069520335 1.82244683778575
9.0990641273444 5.75453037927428 -1.88886291354504 -1.22474837738075
7.70099940120617 5.21386976125718 -1.51875972916982 -1.70074297675728
-7.14942657692692 4.23066639754591 0.513650932563285 -0.553114676717473
-7.28178657126542 5.47574311551777 0.635360511998736 0.926089290733896
-0.350800308990449 -3.8893268658864 -4.68955426780565 -1.88942445429035
-0.171338913825157 -5.52124673063278 2.10503889368944 0.924828229389947
1.17487607927416 -4.50483242797336 -4.30941604616781 0.661895984244061
-1.61635109686738 -5.06494518691604 -4.58348765717122 0.530350206603778
-9.57059139209616 4.76843634475626 1.25710928834771 0.666933060027366
8.58176896695695 3.75796384057572 -0.859252320515894 0.550187437213223
7.65334723267482 4.63776417426179 0.654881417143167 0.201334300712073
-9.48640132257594 5.68049542095487 1.81212644000078 0.989269823257555
6.8753606487517 5.97715457134604 1.97646165920058 -0.67909445150185
1.10638351264284 -7.55714851262729 1.98577211862447 0.462153725645944
-8.45621981255454 4.53587599734737 0.463881420674198 -1.18975739656273
7.25365693023541 6.41129305047575 -1.33885395483745 0.608406394009977
-0.681700256583923 -4.62289254829444 -3.06612797663897 1.18116712969581
-0.962784967827484 -6.40740660471871 1.98889063731278 -0.667484848721131
8.62797275649321 5.51538993041919 0.398602701932738 0.538738605642422
0.923095973223659 -5.93803254557196 2.26537902946838 0.954939834055968
-0.953063961419421 -6.37984264310993 -3.79788570050625 0.434127836611915
-1.57899550744531 -7.3052937438309 2.28962186674731 -0.194280045327763
2.43097289978565 -4.9541851441059 3.06398422219029 0.509818061180574
-8.56268747600389 4.88031251001122 0.336953730112684 0.129850717853487
8.70996450323406 6.97524637192422 0.632828400910735 0.160652219124748
-8.33562884185016 4.11297813256007 -1.02200024392361 -1.18492286688616
1.06798994172409 -3.60224330382523 3.05373578157008 -1.66138251490052
1.01839665074018 -7.37220868137097 1.16291151375156 0.510817834504476
-9.5942018375737 4.87999074459015 0.861435871046828 -0.328701864702055
-8.47060352465646 4.80321710829224 2.59998452547897 -0.0853492025536202
1.23326720839614 -5.84753851090973 3.48180015442551 0.599573912302154
-8.83228701333991 3.84108629604124 1.49125095857922 2.36937165751884
7.55234758127003 4.60229919311489 0.548563616830956 -0.127212985991877
-8.27052859900357 4.28703292109264 1.10597516500513 1.06907967088841
-0.491523515889 -4.1887045040641 -1.41709205846305 1.69436226081633
-0.0665232140105073 -6.44708147213939 3.328098081038 1.32685272162887
-2.31458890846347 -1.76435166249361 -5.32825043663054 -2.05201872544163
3.05198055368224 -5.31456514644231 1.85677599341218 -1.37473429652615
8.15664766423192 4.29430114839507 0.0670666986548994 -1.02854904711822
7.97542276457648 6.06788562677188 -0.637431235502865 1.59172181170147
-0.878594889602098 -3.88958895071503 -2.81639848273208 -1.2752744444567
-0.0703546704244326 -6.06669007327772 -4.12997309324704 1.60178307838481
