"LD1" "LD2" "LD3" "LD4"
6.92673363537719 4.60795708925502 1.50713102784273 0.539301752737688
2.08264280005272 -8.28600394928053 -2.4981160336868 -0.407848055795715
-0.336053967952221 -3.33068513151282 6.19174376227034 -1.68784488230086
-2.74729155236401 -3.67238381089335 4.10656418510659 0.0581275232442363
0.80293049021197 -6.57991317489557 -1.49360037523586 -0.379261224404279
-0.118379833936608 -5.26495621449962 3.95962464316519 0.987494266109629
8.28918081058224 4.27341494762373 -0.874927601128757 2.10353317828085
-1.22274305551517 -3.08538746517927 5.51566053678349 -1.52281363045632
6.95046548909682 4.73452074096763 0.00842721931015797 0.96133649353776
-0.0173752657036915 -5.10569647135605 0.972752757005123 -0.743827152886099
-9.44692099134435 5.34267538938455 0.542803436612849 1.34924408575927
-2.21192703982161 -3.90042828246393 4.98673603286172 2.52090063763667
-2.15009383480044 -6.1367636865172 4.39124271008907 -0.829257653453588
-8.46251846970862 4.6411932393647 -0.886618887212772 0.860836584097887
-9.57059139209614 4.76843634475633 -1.25710928834768 -0.666933060027384
6.83680719242782 5.12733274347904 -1.47000753715354 0.429760868471337
8.15664766423199 4.29430114839501 -0.0670666986549299 1.02854904711827
8.84197920584018 7.21667572361916 -1.1759375221947 -1.05526789458438
8.41090090642327 6.70095392844144 0.298198005800559 0.282190133047894
0.0522929660084855 -4.72499743025575 -1.89341710967026 0.651133896364368
-7.31335974139176 4.31279215616958 -1.13914795585198 -0.796535968150896
-8.45621981255451 4.53587599734743 -0.463881420674206 1.18975739656278
-0.218477410547683 -5.8364152536546 3.12623094584867 0.374777011142456
8.70921294890226 3.71020690671598 2.74851737035509 -0.871009080868245
-3.301369258366 -4.17818400607229 5.70151704687503 1.75672744659444
-10.6049721037468 3.50739079249563 -1.04779294572214 0.656719631777412
-0.171338913825236 -5.5212467306328 -2.10503889368943 -0.924828229389952
-7.51638731255046 5.04109338639893 0.501669461848211 -0.433255750499435
-0.563755901632796 -2.781598670852 4.20366897768347 -0.594552423598739
1.5643405262956 -5.92721809923115 -2.32473251114518 0.56349274631345
-0.501818625327544 -4.06135150945804 3.73770640351369 -0.339949610758368
0.750335464298132 -6.08983284611355 -3.67972028072514 -0.111164598095175
0.305955379935099 -4.56230906986096 -3.58690384435591 -0.546083924884331
8.4228614443838 5.96061299093858 -1.16905141552745 -0.279859771261133
-8.76832925124506 4.61506616473219 -0.864693425738368 0.0832210493690863
-8.98994576406509 3.39556590650416 -0.207325627773533 -0.172050281846602
8.92252459807499 3.55429804391674 -0.495654693971698 0.482408198055671
8.94946178602965 6.96450776694359 -1.23654364189132 -0.727436163732378
6.20736429549621 4.16825016251192 -0.143245019545785 -2.70299723475668
8.70996450323411 6.97524637192417 -0.632828400910721 -0.160652219124792
-9.21347403509377 6.73150201664567 -1.1884273514822 0.658907678600539
-0.428062732962632 -2.68408497838992 5.32076518339542 0.431231162139076
-8.48506903229824 5.75309206357811 -0.828472588610921 -1.07488874988427
0.221250733328431 -3.82321646037909 4.70055361392687 -1.37788879174477
7.7231990410744 4.42209219782394 -1.69729990268641 0.324365588217155
0.312849177567822 -7.48368985328338 -2.25972175713306 -0.273184103138992
1.39068318204364 -8.25217907511103 -3.22847960408488 -0.227410909297533
-1.67001322324393 -5.07750260425666 -1.85820062367681 0.560915217845268
-8.56268747600384 4.88031251001128 -0.336953730112687 -0.129850717853432
1.32208123214679 -5.51696577602901 -2.73860066268024 -0.756924429005255
8.11679162549917 5.01548968241643 -0.175341629293586 -0.481591889481824
-7.91571793032195 5.44526530518314 -1.37411052495152 -0.16390244013333
-0.237862102913921 -6.20535146435904 -3.49873875649038 0.449951851420722
0.32553290581125 -5.28192992476153 2.28638311607932 -1.53623242184038
-9.19980657433844 4.4865332483424 -0.391802519775335 -0.00514475150192578
-7.80489575382745 4.94742443139627 -1.54548825746142 -2.14055967092712
8.482182637976 4.26547198842575 -0.430768664188736 -0.738232234028844
2.07117514048633 -2.94794777210993 -4.7993445011923 -1.94390261442088
-0.0536379947968046 -5.39665800600688 -2.71656648869209 -1.43750703786825
1.17387274643604 -5.97899942801114 -2.60728235999422 -0.409894571141284
7.77353162188784 5.32243868990676 0.705328607163539 -0.650264489674166
-3.23393610508321 -4.61641349081119 3.98756961532808 -2.77474908105811
-2.09676058137582 -4.51113587511902 4.96128135313639 -1.66937372817011
-7.1494265769269 4.23066639754596 -0.513650932563271 0.553114676717462
-9.63447310240862 2.12292212425992 -1.51691915065208 0.219721381373893
0.935501717027735 -6.96231603938578 -2.74064384321392 -0.0154199673153994
7.94522806813889 3.01816195534944 1.40421626562124 -1.44152962641539
8.62797275649327 5.51538993041915 -0.398602701932726 -0.538738605642469
-7.28178657126536 5.47574311551784 -0.635360511998724 -0.926089290733892
5.58269987182928 4.60917941930877 0.899639483896398 2.12224504304468
-9.02477219876215 3.9696356983297 -1.2795936203757 0.166128076252514
-2.23687277378471 -4.05661027761909 3.67827441752122 -0.43210984436747
-9.91107369747158 6.04028523088071 0.353930619777081 0.359121005327711
1.07356399214982 -6.82396969967887 -2.60497882482232 -0.565608344835092
-10.7024775398812 3.68730748000104 -0.878920147720043 -1.18887801254156
7.70724785997027 5.98494769521789 0.832767793985819 0.604287904059344
-1.2371146027978 -4.99109953401877 2.48971814518833 1.04037088928374
-9.92669168817181 4.49994153249254 0.185286972372944 -0.571244721687399
-0.362440645243682 -7.05858604809139 -1.65958679964079 -0.0616271127188449
-2.64264436521953 -3.08324442655698 3.43693257776707 -2.28577319585848
3.56191814184377 -7.91642816898839 -2.80970809061934 -0.0794395866149332
-1.6556681494162 -4.41644959641972 4.44568767521375 0.195411962651451
-7.97446742181199 4.24785825274857 -0.581069019050746 0.176537342363578
7.64408523908428 6.39350383352675 -0.448823275391604 -0.127045638675883
-7.9139137335296 3.73112892474379 -0.488344337484974 -1.14666061415491
0.432900443106343 -4.50480956653112 3.29121147724253 1.38581138348315
-0.681700256583959 -4.62289254829445 3.06612797663896 -1.18116712969577
0.130321056805287 -3.99825958930502 -2.00930957706579 -0.949931395567693
-2.31458890846349 -1.76435166249363 5.32825043663051 2.05201872544173
-1.51101654482433 -3.30193072112084 0.376025549281045 -0.598982517305663
-5.81670446248531 4.01315007558342 -0.238022069146193 -1.15964608177888
6.8710440887262 3.58211194145895 -0.846101583511387 1.11004862341379
8.87451737500796 4.73915059992388 0.797304067407263 1.37796660376429
-0.0703546704244723 -6.06669007327772 4.12997309324704 -1.60178307838479
0.708927739058214 -6.54461354434181 -1.68203129306572 0.402457627798594
-9.48640132257587 5.68049542095499 -1.81212644000075 -0.989269823257638
-1.94289565833004 -3.95306739286252 4.61126044307962 -0.531257488263882
1.96642533255594 -6.50691429880837 -2.10117398847587 1.51285907002751
-9.19761766769532 4.66469833912689 -1.24507096669885 1.33793827546551
-0.878594889602134 -3.88958895071504 2.81639848273206 1.27527444445674
0.769157638883579 -4.18387450322031 4.17462879198501 -0.565471893374907
8.40031243684185 6.75765880971773 0.459099253619422 -0.871037543201354
9.76906028273629 4.3158760954931 0.680544043770636 1.24164535117943
0.0860790673685656 -5.95100658789934 -2.52726096330018 -0.608874283342524
7.09560975499441 4.87344793194756 0.224028297815856 -1.24193377337555
1.65629104671818 -6.60093791842393 -2.72315457881523 1.47063838006034
-0.122112920034111 -5.46762739594274 -2.10607059026634 1.30052868772134
-9.32617530304001 5.63850161583052 0.0127066597372953 -0.279549436753804
6.87536064875175 5.97715457134601 -1.97646165920057 0.679094451501789
-8.33545640170318 4.03521941370311 -1.16011397926333 -1.00847282490752
-10.7271259596075 4.0024097611807 -0.576102015236174 -0.420209042847627
7.2279910445979 5.89104110145854 -1.50371740985158 2.8812686160009
9.43157899803062 4.19324249203929 0.513744222761729 0.0633140260002157
0.660754071253978 -7.47389090449123 -0.52687015830253 -0.283365684785881
-7.90170754003972 4.61893238084953 1.90422906376414 -0.47085744137909
-0.96278496782757 -6.4074066047187 -1.98889063731277 0.667484848721057
0.923095973223597 -5.93803254557197 -2.26537902946837 -0.954939834055975
-0.617384117620797 -2.40950849227451 3.94879167898851 0.433058856005419
8.31883497887318 5.69725524884409 2.7397309419243 -0.0235149830664752
-1.34018740407139 -4.35140312866255 3.8423452252914 -0.31078511621725
1.81785478456251 -6.14598409510993 -4.28254315021245 0.15625898741065
-9.59420183757364 4.87999074459024 -0.861435871046815 0.328701864701992
-0.95306396141948 -6.37984264310994 3.79788570050624 -0.434127836611901
-8.40022493681584 6.53854663575433 -0.86202714194253 -0.485488089148793
-0.0826962414509785 -4.36498329822613 5.49586060497171 -2.71465126365901
0.872584246578882 -6.14759363111617 -2.61005244010034 -1.01655851862289
1.82386544226681 -6.32785253634512 -1.86044137745218 1.40853559830773
5.28308775794848 5.17473743097104 -0.65088572163076 0.395859876579107
0.506179007662653 -4.34842597001712 4.29796847363635 -1.15204314412469
-8.7585652021131 5.23045553263169 -0.562155216754019 -2.22182789736987
-8.4595481363924 5.28812666012503 -3.06688584159087 0.964497692394761
3.05198055368218 -5.31456514644235 -1.8567759934122 1.37473429652618
7.03769550318822 4.29205034070107 -0.638600176740362 1.54369689556711
8.79683061780822 6.66050782802691 0.821310161872817 1.88870861946536
0.12186919961654 -7.40660649463326 -1.27058234576889 0.575839780177434
-9.25013483594127 3.3006879475289 0.0440790077496049 -0.56434549624166
-9.89294776458309 5.38720561456234 -0.00770573543907957 1.60895889660705
0.626155251241273 -4.10635008320322 5.6031060795831 0.300915380827119
8.19062456039857 5.72000240512305 -1.05786960394023 -0.547887289923529
1.42288668539727 -7.36027583287374 -3.24035588551633 -1.41191141525311
-0.350800308990498 -3.88932686588641 4.68955426780564 1.88942445429036
1.78875743939023 -5.03125698223241 -3.29326814411742 -0.370324799655477
8.70898797335913 4.80457579311908 0.426540533327466 0.638682317400215
0.507096327101628 -5.32335190168854 -2.36223780127209 -0.287482302432164
-0.314858559841192 -4.12795869217062 5.58784941098143 -0.0612531516507103
0.0420725489772426 -5.79466531775363 3.17609877005019 0.694185457551688
-2.90960701061287 -3.60565993628992 4.06128193402967 0.696035273562269
8.581768966957 3.75796384057567 0.859252320515897 -0.550187437213229
-8.66150883915291 4.66893261428756 -1.0740582819708 -0.34105728897289
9.09906412734446 5.75453037927421 1.88886291354503 1.22474837738078
-8.16706998961745 4.52144329938908 -2.79359415539354 -0.529708783656698
1.37065244707923 -5.99788865996896 -1.44321089156847 -0.152840940053223
1.98194043992902 -6.98032046599966 -2.99712916350218 1.77482049850376
0.874984177858765 -5.55253914605831 -3.78272251971772 0.208833038703243
0.921517581420212 -5.61409792518979 -3.55577249030965 0.133334664966966
6.85694840261918 5.11488463566278 1.474875095681 -0.371966823416751
0.45123915337953 -7.16724893062198 -2.09223987043292 -0.067631074731422
-8.79950938578231 4.05455874830573 -0.934591242827325 1.1133994669576
-8.83228701333985 3.84108629604132 -1.49125095857921 -2.36937165751881
-0.49152351588902 -4.1887045040641 1.41709205846305 -1.6943622608163
-0.0111053367558506 -5.83079568901961 -2.91223668426183 0.605946514143307
-8.5729490696607 5.22649044885259 0.0711089834509115 -0.0703280407499746
-8.95689285705334 3.41092440474194 -0.16224287998021 -0.573773914057919
-9.68477404659019 3.97754734430531 -0.730422204441417 0.348560341764736
8.0453452446593 5.07026751328415 -0.692173852940505 0.0839007045651089
8.76705426013113 5.01847767797419 -0.268901720705496 -0.22123271437796
0.279897583835372 -7.84671632155932 -1.38531471567317 -0.149722700253798
0.537886536901564 -5.64975801173939 -3.87480866319623 0.332496134968352
1.05270047570932 -6.32539653252532 -1.93947502127909 -0.190415877388099
9.45615386372578 5.33945880114646 -0.650508159853185 -0.819051284637793
-9.71133884325036 4.91488378663127 -1.20832840249609 -0.178790615179087
1.10638351264276 -7.55714851262731 -1.98577211862448 -0.462153725645919
9.06022405364628 4.95581820403792 -0.210702374352943 0.200363190665953
1.1684545824192 -4.95671919187455 -3.73984679673238 0.5241717272843
0.73770495010168 -6.84716840884672 -2.42844027274442 0.962878559041233
8.38618645435707 4.93429961463291 -0.394959011523869 0.65086133084773
6.02006149166488 4.01016097337166 -2.01330578092398 -0.428603304650631
-10.0651677989346 5.85990875597157 1.20753019489842 -0.386386097462936
0.70879882562301 -5.63979785672117 -1.400129140033 -1.44273148062258
-5.92689948528665 5.06618723137657 -0.607493818519367 2.20056923961752
7.01957420786926 3.87545845950834 0.404702445250874 -1.22950233354924
1.27332141421838 -6.50262765750657 -2.62192052869081 -0.412516675719787
-0.27565539624758 -3.96896103905705 6.69114983502052 1.89192652057771
7.73091769128444 3.23775370841683 -0.460859234016073 0.25541394431896
-0.507567644843386 -2.9092816255203 4.02557988023618 -1.7806423266008
0.292214424932294 -4.76669264177793 3.1353629756941 0.90741242891473
1.06798994172402 -3.60224330382527 -3.05373578157009 1.66138251490054
8.5416319712486 4.61258779212978 0.674935233341804 0.647886598173633
0.0491315964241875 -8.31135580668525 -1.23406578761806 2.15789275371114
7.13291387030972 5.23448208593255 1.16210832967432 0.410981029996532
0.512683611018476 -5.14092205788929 -1.83666039042069 -0.771478390371101
-1.28914484721917 -5.78946260666401 -3.91530834674293 -0.434960454538115
-6.90961400232163 5.13748361675157 -0.257456878398788 0.643001108960775
-9.6065042473728 3.46529599909077 -1.55751849514182 0.831518954105687
-10.5633472063106 4.50103768962673 -1.14039041328419 0.0807637458592251
-7.88638371912699 4.53344958851206 -0.703261061496622 -0.0243202888131946
0.728043808981066 -5.13506946712883 -2.38410801859504 0.20434658214378
-8.77063112032842 5.84501301179032 -0.591366380568471 0.348311976316796
1.79534947542901 -6.13348575565021 -1.27810893825944 1.40325105130867
-8.22211317402913 7.0593202157523 -1.38797824170226 0.501609390626933
-8.32431200965391 3.39472995303887 -0.966226214522166 -0.475325007029127
1.17487607927414 -4.50483242797336 4.30941604616781 -0.661895984244088
-1.54082997266777 -6.0950093172079 2.62060741766228 -0.991712932848667
0.852176071185516 -6.07884036232556 -0.856146083992679 -0.82909855350529
8.1687436305785 4.12008313927622 -0.332709478980371 -0.0172532700456838
-8.66941605074608 5.38380192121796 2.04996120716254 1.08073108532806
-0.738384779392886 -7.03991887677038 -0.458421578988252 -1.34288572945231
7.70099940120621 5.21386976125711 1.5187597291698 1.70074297675733
0.183601196921411 -7.26155432963354 -1.49483623223336 1.13690308475263
8.11552316825317 4.05212893187776 0.348366594580814 0.144583804559133
1.01839665074012 -7.37220868137096 -1.16291151375156 -0.51081783450454
-2.34132935615935 -5.51249289484313 1.83655731186473 1.00515849968595
-0.660994061896049 -2.37336331730034 2.85667426776212 1.6389796432903
0.328549962457651 -7.60909398007346 -2.62660619095911 2.21720470093565
8.11016372637219 5.10390386093429 1.16604568821991 0.307180942396473
0.527025464033747 -5.00000895351845 -2.0163312836299 -0.24990331773734
7.55234758127008 4.60229919311484 -0.548563616830963 0.127212985991885
-8.46974391391498 4.08995314457654 -1.68038207066595 -0.565349082382683
-10.026123877103 5.05818421278633 1.21924191209409 0.0612829640884398
-11.0753853853912 4.96505103127147 0.0826081948742697 -1.15874614859001
0.675004186321041 -5.04940012207642 -2.24100352228278 -0.116897511749702
6.51961010610342 4.69292616252408 -0.081905429196791 -0.287713116569594
-8.30142262660215 5.45763482197519 0.370512651696117 -0.308351477981126
7.83711596636747 5.05123494012174 -0.540812069520332 -1.82244683778573
0.993681017179419 -5.77164132880948 -3.65272763930192 0.836141015563689
-8.96813014037509 6.15070950638238 0.359538524155118 -0.607728585090407
2.43097289978558 -4.95418514410593 -3.06398422219028 -0.509818061180591
-9.36498263054409 2.62065712534548 -2.10186713144791 -0.18561848854704
-9.4785603233514 5.98447827879852 0.625844114971108 0.232975190013578
-8.33562884185012 4.11297813256014 1.0220002439236 1.18492286688613
8.42022866115183 5.83434558131628 -0.655016299354028 -1.30653946517818
8.69659988595973 4.88228423958698 0.335113647515586 0.707309929054799
0.344434210046409 -6.76338524574402 -2.71070735900041 1.22931076763707
7.25365693023549 6.41129305047572 1.33885395483746 -0.60840639401001
-9.39613946493785 3.88246550696573 -0.0641312209758896 1.01357048114927
8.51165664157075 4.95500441467632 -0.423869732926583 0.601801738146193
6.84812378163436 4.40042087519193 -1.18279498224814 0.828985343872314
0.723812873772285 -5.81350407183933 -1.36076274020357 0.567019533039904
-8.47060352465641 4.80321710829231 -2.59998452547896 0.0853492025535882
7.65334723267488 4.63776417426175 -0.654881417143177 -0.201334300712083
1.63609802460794 -8.31813909841104 -2.8495371651352 -0.546176176331057
-10.0289579973495 6.21889678544262 -1.11698244449489 2.36049348603425
-7.74931417485877 4.10009962898095 -0.901991854857275 0.675718800600349
7.01839998110608 4.7495762405446 -0.159824376788805 0.266729772532852
0.283984977500582 -4.82755371079912 -2.33612991403258 1.12449326292612
-0.309579601709842 -6.44492497514486 -2.56623071533097 0.736231155635279
-0.0433223452908083 -6.13475407162128 -1.79983443513223 -0.599081849872953
8.83902685987229 6.04919715202021 0.458492191478658 -0.849955693503896
2.82181789267327 -6.55573322908127 -2.0059306901454 0.258914498852416
-0.233905436061233 -6.40485396977316 -3.60372663037031 0.571764816639703
8.47620169991514 4.53480577377725 0.145746631936749 -0.138284082524151
8.73411486397734 5.61274616409161 1.62690563623577 -1.99122148387607
0.771505934629043 -6.47108085247763 -2.05856505792203 -1.07802279808179
1.79197373115473 -6.5064460909962 -2.72031967984693 -1.03333427728964
-1.4306129055701 -4.45076474266654 4.52135390038949 1.17763023562398
8.77010729487232 5.63442941335914 -0.741730272229821 1.50243606881384
-8.56755376502084 4.85307226131717 -0.147274259511921 -1.48295046145937
0.494685138183577 -3.75481752964924 3.97389407606324 -2.69410519361831
-2.33656566898888 -4.2081797463492 4.53537244176592 0.603586874218291
7.57550974580529 6.36033102350492 -0.0160536206896112 -1.42344800345648
6.52370325566761 4.13867043308512 -0.726299135433549 -1.88179978917274
-0.0665232140105801 -6.44708147213938 -3.32809808103798 -1.32685272162895
-0.279943597149835 -4.08311795110766 4.599771048886 -0.321981970820788
-8.555432377229 4.60748199292492 -1.07749183403169 -0.464689379358183
-0.0257923372585909 -3.1683621649892 4.54167517306917 2.58505749464089
-1.41056895757879 -5.56819045976784 5.01579213366553 1.93491248481301
-0.801099228830286 -3.13544083605027 4.8135993442111 0.56941514220033
0.813949117332278 -5.36647088454466 4.61111670521642 2.20333268859291
-1.90162288002361 -3.2240037106922 2.94667361390624 -0.460434567791816
8.89845729411776 4.55739616140771 -0.214107587833573 -2.5061142669892
7.97542276457654 6.06788562677182 0.637431235502876 -1.59172181170143
-3.33871083904653 -5.41145271219184 4.80698836067923 2.19304306700587
1.23326720839608 -5.84753851090974 -3.4818001544255 -0.599573912302191
-1.82615090572258 -3.88702278816571 3.50129891369156 -0.301180552520259
0.139721061901174 -5.45461292252424 -1.02995706131535 0.772465160533315
-7.36434198034444 4.24583894655868 -0.481836316351039 -1.43425352492394
6.51246608319648 6.40056226710231 -1.48543620931034 -0.724685950216266
7.37984266742949 2.88205798397753 -0.323266875588806 -0.409646577444771
1.85489387455447 -7.04172462251066 -2.5883305222755 -1.01512550254155
9.01561572091108 6.05273161167652 -0.506445195789722 1.55395208529637
-8.97081516497842 6.47717947081008 0.33652740419713 -0.649158623021264
-1.6163510968674 -5.06494518691605 4.58348765717119 -0.530350206603672
-9.29398345666398 5.92022050834023 0.00175436694849802 1.04403471687491
8.14251659227929 5.19742372259042 1.9597513147205 1.25081436225386
8.16230358247984 5.75291066109178 0.172388920998157 0.00803404213027031
8.7318527325026 5.05443992465695 -1.45941422225062 1.98170346819422
-7.74214437687118 3.52725980430767 0.228313092544566 2.790261944044
-9.42124853924199 6.33455214688227 -0.524327769156446 2.52860782321447
-8.27052859900354 4.2870329210927 -1.10597516500511 -1.06907967088837
1.28277766875555 -6.20268748402667 -2.2194748162311 -0.000631648413978248
9.23189793023985 4.405629276297 0.930506594116286 -1.44789012802889
-1.57899550744539 -7.30529374383089 -2.28962186674731 0.194280045327724
-0.271588049805753 -4.84748478124051 4.42661866040876 -1.36794113357959
-1.36948749019222 -2.97109858379285 3.00785669804316 -0.598904594622743
8.49766345333095 3.47327867064112 1.49599443040072 -0.90416236379759
9.20621521099827 4.17394745332386 -1.56814475337514 1.87500700225634
-0.315542177931182 -4.74420910875197 2.32532480037685 0.425805299991861
0.0172505869279938 -6.77074039839895 -3.49814667952509 0.153401851716541
7.53121574373128 5.5643140231054 0.289908845290246 0.354630804967232
7.34512622893417 4.6772354163728 -0.354571276335485 -2.81458860250044
