"LD1" "LD2" "LD3" "LD4"
5.97893591760433 6.80568579720666 -1.45659496291294 0.712959906066378
-10.3955689581512 4.27299806968758 1.35008990832007 1.27293974861028
1.47274476700247 -5.60265061049649 3.35129381490953 0.0870235209638867
-7.52305069904649 3.42717701582469 0.44186156630466 -0.53322232791653
1.00052825183999 -4.31879962663922 -3.29625435737144 -1.52528211849945
2.02573117928564 -7.44823161456947 1.70272816580795 1.00729009752667
-8.37403317066835 2.36113238243571 -0.732765528465167 -2.49219945040902
1.90763084711213 -6.63107125465923 2.57117521288133 0.609388071993722
1.4106243681184 -4.79905621004488 2.39156863116848 -0.0626507725324168
1.44879616124057 -7.34358194854545 2.72217832854013 -2.31919080215923
5.84303482048745 5.58007826630229 -1.49384170629061 0.353689017254433
1.99852592157369 -8.54981254590927 2.25220497943633 0.825105753909266
-8.51440390248208 3.89224446536373 1.3504923197099 2.13333840417423
8.66281060909814 5.22895796603577 2.07071916501733 -2.381854990664
6.75353561165576 5.45153751749048 0.632581612304086 2.83913121764307
8.42378340999341 4.82748403373297 -0.66794467793048 0.187995679815764
3.78635351145624 -4.82642296752959 1.99329492541136 -1.48956523030341
-7.75626909589856 4.6514502117238 0.562346030600606 1.09552125190145
6.6872683881604 5.88663170650113 -0.63667422070987 0.45557282185886
6.28187657102275 5.52606066576356 0.00402098043882828 1.00592432111441
1.18161241558924 -6.6380427751444 1.62102831855116 1.41643980760001
7.76482337430569 6.38003728670739 -1.4759288524725 1.94115116965647
1.53122467688734 -7.17481631211009 2.35128735146955 0.425780229534553
7.97106365038633 6.85034261887487 -0.340359919078692 1.10159701227779
-9.42155450471299 5.33422277578817 0.621227928065649 0.336303828809452
1.6926442536022 -5.80655577089708 0.943537600586924 0.741169101110904
7.5829995280864 7.56803992954015 -0.00476751370829128 -0.273197325046524
-10.7971943906435 4.97976934350395 0.975578573083634 -2.5967924272896
-0.814072027420337 -4.4868025858818 -4.68192742358637 -1.02572526998005
7.1999230957441 5.83680687369763 -0.954300870513405 -0.608715432779496
-9.56947178217998 5.81492049321908 1.1843093025367 -0.361092461054937
-9.35039765772496 3.49117396459498 0.620478459932647 -0.00370161545866621
7.44529394355111 5.45596102859543 0.2149906392508 -0.221614460073966
-2.42314022521073 -5.55808457973186 -4.98970225924372 -1.89726634892101
-0.401955634018499 -6.55655133373454 1.85507478474516 -0.906737844268776
-8.20117626387738 3.39680742805696 0.462551164097694 0.130476444771471
-10.8873128169549 3.45575420278535 1.28050930100494 -0.569773360345771
8.00997061394556 5.61281343493155 0.207679592113042 -0.195848151618381
0.498405880651684 -6.36803069639761 2.58964282073271 -0.903595052180678
-9.58532484838281 3.17773364421637 0.857340389474388 -0.243945903336035
-0.434965477511961 -2.88953702387777 -5.47234771215947 1.8572157210309
-8.54555712361531 4.29673235199889 0.695728654925252 -0.124253938381862
0.756242527355871 -5.54690804710259 -3.0176255727761 -0.427481787332679
-9.63005801410472 5.07673632466143 -0.511191608447878 0.674542301501274
2.04900765665167 -5.8666001849471 2.12176758801279 -0.505713458810303
7.49172140393725 7.83571568763783 1.2945231685048 0.857436375773058
1.79168664918651 -5.74515041672598 3.41920803879286 0.518721271705422
-9.52393066730208 4.77158380642213 0.0135945966216705 0.527172748514193
6.12716550969457 6.30267548520024 1.39515815568691 -2.70945803662528
-8.57232293963415 2.54821541418569 1.03101595293046 0.186125055434397
0.707461701524549 -4.67535498578629 3.31200697749774 0.894985594252946
1.13144240997763 -6.87546962204324 2.19194627117413 -0.300740536671547
1.73228674120165 -6.23925632700327 1.75233946992727 0.410843440110707
-9.86028809010264 5.00377421967853 -0.699069204216256 -0.0117242968769345
3.1635573215022 -7.83036650820307 2.6945270793915 0.0799158283179936
-8.85802117362074 3.70920482475089 0.835813327611604 -0.918261003505704
0.601938584761819 -5.38495956064994 2.60776298634904 1.63019595930451
0.525296631655867 -5.48092955331955 2.03949293979607 1.02648225679424
0.176740269918529 -3.12726054519796 -6.09423367227218 1.49108285566986
1.09363277506225 -5.27245987012078 1.98460933874666 0.222412732055239
7.39586318677172 6.42743616288357 -2.66270500423134 0.112268861294417
-0.802644957913222 -5.19128379895432 -2.80162158721325 -0.897212024159109
-1.13070624777695 -6.05397615615282 -4.35912754903403 0.845723205798886
8.18721091195956 5.04608516211711 -1.01523865853727 1.56764016538359
0.606701940325537 -5.08077875867564 -3.95319096400626 -1.1042972782972
-9.00119428905077 4.86569299055681 0.921793913850327 0.815594713748628
0.978359373786475 -5.08693448007879 1.81780891960761 0.53722543791083
1.56932370524512 -3.45562446900635 3.01605692682592 -1.50850417353048
0.841913347685822 -8.3871461254284 0.916925987452029 -2.04599254217822
-9.00081014040665 2.69975547771293 0.531462364185361 -0.382478585698155
0.620795291854034 -4.70746867453103 1.7778269712026 -0.510289992404688
0.083584777160728 -4.5030150386131 -3.12111634803218 1.4392525670645
2.90414760680816 -6.69218166469802 1.45582741836523 -0.105662302679942
1.51279261146535 -7.32392689268827 0.451157368008473 0.241419150919848
1.08327659020575 -7.86629153719838 1.10947559556218 0.375228986063357
7.42236135758381 6.0881716561436 0.585272295900137 -1.52472038607884
5.82998659551218 4.69878786053826 0.849328311659909 1.9016179077301
0.365041080137043 -6.26007877410285 3.40704192649398 -0.598663891707198
-1.2822467846922 -3.85762642132906 -3.41719036982892 0.281415140290474
0.461248855570993 -6.75769535377059 0.667583572557552 1.24599351748955
1.11049093654351 -7.18062399077991 1.3209761514169 -0.87042907594938
-6.5156498436339 4.28921586477692 0.44920205943679 -2.12151451886324
6.99918555545955 7.24652001110966 -0.51015847880257 0.807192782310421
7.44053812640851 6.10422383471709 0.437335199459509 0.36353293322399
-10.5456861699326 4.86320264859476 -0.537189516276518 -0.294763112208103
6.87540220345644 3.5989806593775 0.497906974674326 0.341517639918235
-9.25984827687885 4.95770022885521 0.711841930460915 -0.673888512601262
1.33505070387952 -6.93110520896243 2.26441315482184 -0.390513163083412
1.25241384753328 -4.35031247495724 -2.91681759422958 -0.983964599302826
2.82467803076739 -6.67309441780263 2.66190641126922 1.04842746029128
-9.0396066319027 5.96901840095445 1.15992930566928 -0.277358453512723
-0.146031747484274 -3.75420386127182 -2.80376961277741 -1.14741747093508
1.22065429314874 -4.89691755643052 -2.02207336149755 1.25214205290349
0.417024343120001 -3.86327814186584 -5.48513843390605 -0.0235048842584453
7.3191309970421 4.79684420416995 0.740121622593126 -1.93318121383957
7.54051045437339 4.86863650808313 0.396601332499862 0.828729996895476
7.78389597375018 5.47955196411925 -0.528437709583014 -0.149899880813169
-1.16907533549397 -3.8265549108455 -4.45705157752567 0.366415609491265
-1.59344019630424 -1.66430668750659 -5.27214459318586 -1.75129327728471
7.35666426175895 3.81161301347368 -1.17541322631671 1.19781646541685
2.29882091419709 -6.48095205351782 2.4168770698386 1.29297452118213
7.55548573434313 5.5425284338693 0.177336385406795 0.183893071412839
7.46076486107878 5.52633659200335 0.295224595872988 -0.30818306273671
0.171197565307556 -2.59462525140548 -3.74246203241786 1.54876353784913
-0.427155895677314 -4.7361485708226 -4.3491974763912 0.607198475624269
4.63615369693369 5.71521971582134 0.904426024343434 -0.523463165637949
8.24504429894222 5.56534806966484 0.718753400450169 2.00840009553309
5.9236502891263 5.15289369131469 -0.0731089631305194 -0.991759065705807
7.06543716895141 6.06896855774093 -1.20343449982222 -1.86631666734638
1.83283962372437 -5.71731536057412 3.00640519565964 0.465764165240761
6.46521518612277 4.56271398260809 -0.256220215058792 1.33979315961381
-8.97841196898219 3.77857400398446 2.48846135229285 -0.0942009681124128
-9.67510398196395 4.43130951087435 -0.561505578950628 -1.17994711330511
1.59741306277393 -6.40426347944282 1.46762767493908 0.356131299625588
2.44160589489447 -5.97876770869753 1.06599054457202 -1.1562932601296
7.74650591843444 6.58597898593813 0.36586325872916 -1.39682499565978
2.16737359728081 -6.63281355218164 2.31966083555505 -1.09760141934816
7.1786978299846 6.34824739639017 -0.230847467090272 0.324880231371018
-0.295862019307562 -2.56168525033046 -2.63031219587013 0.669369130484656
6.33203165628403 5.97573569187568 -0.41381531351864 -0.294685494218918
-1.11960312771929 -3.84600829189657 -3.47695677762722 0.346697975605653
-8.88077780726572 3.05598461616379 1.62365525863333 2.36439290991094
6.76710523198361 5.22522510506554 0.616170592706976 -0.034438101256347
1.34886502847371 -5.24811267513749 -4.81759211839658 -2.16100335802299
1.09402340696879 -5.31855848515 2.14985072964715 0.606648323057266
1.45442792425535 -5.49180158324866 3.67929772273711 -0.152395920647376
9.11849470618126 5.3215886947759 -0.407825256678286 -1.36798541483534
-0.899510518108604 -4.398937957592 -4.55700009144972 0.0859756924268453
0.858858881896358 -5.81539451929356 3.57968864101064 -0.294252691149611
7.20291574578401 6.54167440124446 1.2633343431108 0.0201137238656979
-8.80331385776433 3.08719348366688 1.16106890361711 0.678699081269607
6.73925312762748 5.14464958146289 0.552910049945557 0.491582949087201
7.08150247025784 3.92344035329499 0.593662493788198 -0.375192916976394
2.31145207644881 -8.09445144442753 3.07545205023472 0.382187699474242
-0.697382042969545 -5.87293298353199 4.00368670708534 -0.0610769043783711
-11.2726926949955 2.61907323821153 0.200661006154246 0.602097969000134
1.35170005029225 -5.79490963434966 3.54162081509112 -1.15538789037642
1.91143604650103 -5.37879022387753 2.6622269040637 0.818375764717249
1.85167645187753 -3.57133845306659 -3.80344434078859 0.523275386118982
7.30879314504052 5.71129215629969 0.257921221610372 0.641085542007921
0.265383618176421 -6.7476992601366 2.89506489524734 1.52114230365998
-0.312143863925644 -2.4432553095587 -3.11667055649737 -1.18638960912338
-7.83038551416737 4.15081772327953 -1.54276559901205 0.252455818408762
5.48215169145486 6.84589841500841 1.52880325644044 0.852217727484339
-8.64042026704253 4.51945579623412 3.22001215522074 -0.972429562748614
6.62991769497576 6.4976865569965 -0.924602336095692 -0.350231253812751
1.79621833226483 -5.83174041409656 2.58266820409979 0.291809009359538
6.47038982977803 4.31151225507214 1.04255503817468 -0.996469334847303
0.306716333382885 -4.15366364334969 1.79650864368604 0.919999633928669
-2.09899219670712 -4.35371681327858 -3.47962817908026 2.2570851917071
5.28880985287156 4.51916295927948 0.0488254139307418 2.85700769019009
0.40534470492333 -3.85266651997189 -4.51117767335389 0.233926858458882
6.69443415293 7.02246384788983 0.536269920676783 0.311979540425174
-9.42183493050116 3.7242779203892 1.20132492321813 -1.20322628749192
-2.29841360289844 -3.90806000018834 -4.29566195375279 0.0265784219850912
0.658026003496716 -4.92600324302074 2.09947190714375 -1.02955376157275
3.0159572757463 -6.5023679589183 3.23715721337531 -2.06578763407923
1.76046681339943 -6.52062904026563 2.35537245494487 0.510718665850554
1.65653408104511 -5.71742515630667 2.35279692986615 0.767322277418643
-0.697639903317107 -7.3612096862095 2.29162258958318 -0.447728183563993
-1.36500453596973 -3.99521742421043 -4.25361900592996 -0.8582419783819
7.53297626958646 7.53549311537171 1.29894882718455 0.496245368095541
1.62573402871416 -4.26057216457988 -4.28016990085368 0.367837366412791
0.21080824344573 -2.42164183924935 -3.90751469465236 0.460054747446209
7.78674536718658 5.50047198813235 -0.304675672330244 -1.1352153193449
-2.01459800450462 -3.52939709224223 -3.91143843242041 -0.687597269386357
7.3727058423893 4.97710852905595 -0.435790860207636 0.56295754727068
7.3721097020715 5.84493204206105 0.860934594490315 0.0895646121827469
1.51259034580651 -3.60764350210007 -5.33186315864291 -0.466442939733822
4.42560103234914 4.79236116962998 -1.0816978488578 -2.2570805770145
-10.0919019846286 5.17644816956522 0.307679385198439 -2.41096783279565
-2.22119372556403 -4.05642940963655 -5.54152325362329 -1.69584555339343
-9.19081241825092 4.30997198587872 -2.40701878914702 -0.583486586272534
0.795780968343388 -7.51249854029538 0.919124652495871 -0.325925413139918
7.48779784277213 6.13656677939962 -1.55179819115048 -1.61365820424135
8.29317628552398 5.81779576781868 -0.124722736116706 -0.416149178983396
0.159444020533941 -3.93497698768353 -3.78582970394007 0.515847744579355
8.41406412375787 6.04837040689275 0.655209369010079 0.962559486249853
-8.53461978957538 3.79391754103947 0.548267914871083 -1.10153922127525
-2.09748216183296 -3.21434803406903 -3.51418008728841 2.48850538843807
8.15177453741348 6.52880774186986 -1.85093434505606 -1.05479171346468
-8.92608658822266 2.62203864115696 0.225597298496271 0.66014272059561
-9.67966726448132 3.38321298170056 0.196241767693102 0.0753219385234964
0.509371217883796 -6.21846321762869 1.58299316791372 0.676256069842846
-8.39916522915495 3.51382851253107 1.16189068642096 1.18657712758829
1.05698646389029 -5.44615685084209 3.30075897767321 -1.01408091943307
-9.26052872337412 3.06650625523601 1.34016484742777 -0.36761728895566
-9.92112756865157 3.98827176193284 1.28855744754094 0.136699743378307
1.19410742695134 -5.78901810487292 1.24791694414967 -0.76878287726126
-8.78743171099967 3.95796615026879 1.33460430311251 0.053242087532565
-7.49762942491362 4.25133452015874 0.0671482605697244 -0.495116008214279
0.606028073130142 -2.85890922188838 -4.34697874126218 -2.86993217555209
0.100815300417575 -4.17965184055348 -1.58636353714539 2.08407225249497
-10.3780579286836 4.94642547084759 -1.06125265127999 0.187273056679429
7.79817631579015 5.80434626833965 1.67144418549199 -2.30133443010015
1.72077064524866 -5.75196010608967 3.914235696934 -0.0830608928708602
-1.30677580217765 -4.43788757759438 -4.87977593474884 1.59150720921076
7.44202494836504 6.54687814408622 1.35004973448632 0.512024695000052
2.87547497149591 -4.74686289192851 2.9888631425865 0.532681232322635
-7.88312615939808 3.10774503601699 0.673556953334032 1.12444570343017
1.52060424766187 -7.00083065004671 2.45143312880853 0.183044497051193
-9.55752763311727 2.8995710645025 -0.0731680556796561 -0.765970824973195
-10.2456511366938 3.59361489838225 0.486345334154337 -0.0754684339236737
6.10626061444594 5.77745982894121 -1.05565541406766 -0.696635390104634
0.355762737998157 -1.93990488058156 -3.58924737158748 -0.361577803232703
7.10002717755004 6.79642725600798 -0.480374767241314 1.72038200306448
-7.65927801727265 3.57731073940685 1.25309970504745 0.519033134435292
6.12821265568015 5.18996614322991 0.00967820219108139 0.123952005162312
-1.42996413266159 -3.61850954995153 -0.607130541179603 0.457700740942965
-8.50129139260734 3.4731211599957 0.426279037396113 0.16298435364887
0.0488298212220095 -2.47002370406324 -5.16204403990682 -0.739490232439156
2.81476789174553 -5.83348165193291 2.13447968587862 -1.71961895191818
0.808666407934238 -5.38402360597735 0.943427628574282 -0.706856157633974
-10.5332332518579 2.84177885328772 1.10444211652253 1.11581570354469
-7.52586824035743 3.56489020811945 0.547410079096977 1.52994429558709
1.42101583443245 -6.36527963116169 1.7649356596874 -0.803835461181854
2.42884338417038 -2.66279040006411 4.99123872872199 1.72858523605772
7.77483904965206 7.41986829629678 -0.704249753998484 -1.83632944342407
7.65431967808654 4.14797877531033 -1.4701207194539 0.823854878114566
5.54302252042603 6.19534491672332 1.73389455127621 -0.491243368255004
0.942026668704172 -3.48486699962998 -4.53551243228061 1.29505018819684
-0.379525379510154 -5.41863911705567 -5.07896473103182 -1.63277036721469
-11.2631431041239 3.90370310076825 -0.0523789186192553 1.19421870415603
-9.83919353683024 4.9472684967192 0.0725330741467067 -1.40291526369139
-9.25690462713213 2.9263004864396 0.611918482212755 -0.827549968278126
2.83667553296378 -6.14540872137241 2.16799154798439 -1.58654498018311
-0.0451831093370263 -2.82917927443421 -4.56489595978869 -0.764787881742732
0.92336152005495 -3.52746472937079 -3.83858177952984 2.32249291015505
7.77601336353051 5.06428190490964 0.0750855861740377 -0.243557601499061
-10.0725039839907 5.15677500883552 -0.669093383054982 0.514715545252097
0.658524790514589 -6.83522439796737 3.32693088002369 -0.164919452578202
4.23354923556913 -7.66684269775848 2.5452251596933 0.290744859297342
1.00323292063335 -6.00698005348602 3.98142588714178 -0.822519669193083
5.83648004885457 5.58313940770243 1.51634508908957 -0.543638109051783
1.46756961602529 -5.05902627310776 3.40933960112819 -0.269552879143593
-9.09122950184202 4.28164610245005 -0.0819545932103612 -0.129252255558646
-0.940186684573088 -2.9714727923257 -2.6804628865548 0.51412116068658
-9.99419783586307 3.66559152562379 1.10911853753644 0.790199475194315
-10.9549862068171 2.22518445786623 0.742613330414858 -0.454144817569593
-8.07333321375016 3.28526755121982 0.921946711734439 -0.839922350666867
-1.90898343277956 -5.88432844282772 -2.22154792731383 -0.870944779970425
5.74800382566496 5.31243216136007 0.352626336770063 -0.074962126083715
-8.46818966056648 3.66296219245628 2.8269098269814 0.502595725098511
-10.4711002170781 3.98474825012272 -1.27418711429499 -0.20295861428927
1.42633170046993 -3.81163578143343 -3.88119585956682 0.735130941708408
1.95453526891111 -5.11529773516688 2.97167291133158 0.449752047184438
2.0062040742189 -5.83981066376866 1.34749998929539 0.188040754794372
2.4295618795017 -5.99672212801576 4.18522691236199 -0.119257441708054
-9.53645912084895 2.22887539728689 -0.267086024485409 0.746954929691799
-5.72539443938132 3.73936370370819 0.644196138494616 0.935414227507289
-0.699838584500574 -4.34602164908708 -3.93376033107629 0.434735074570881
7.09804174275597 5.8629887955413 0.902939841495609 1.52327429807977
6.54413069503452 5.07772925806026 0.954514874315602 -1.68729767422381
7.39596819033404 6.45976973007169 0.665091247234095 1.51962197700075
0.200370175912033 -3.77918748510161 -4.75541573781224 -1.8832154055282
-9.8628757879026 1.38424389748356 1.83882064266391 0.013479461398668
0.292053819356243 -5.54344743135765 2.01552597717961 -1.62604540975168
-9.37911841422182 1.32218248677666 1.63715199736278 -0.228969810994178
-1.46354783303031 -3.92915965220676 -5.12066390859394 -2.21391287057466
-8.66319912590248 4.15514652937368 0.346587356525332 1.43726766094318
5.69915826152563 4.66107934653219 0.955190180380244 -0.743084755598479
1.78931287965492 -6.23452147550239 1.86744105424311 0.354299933517306
-8.6970355422192 3.16271003575202 -1.20339853205827 -1.05353185996501
0.620654621228615 -4.99995769504428 -1.00025823268433 0.713846701898444
0.404595780501957 -4.67054722090599 -2.50105913078833 -0.0175748005108268
0.378809144114845 -4.73112366805583 -4.51056286834475 1.47823941629232
0.687339626001385 -3.55827825277749 -6.52515505956438 -1.81228746578704
5.37391197684388 4.53125841763473 2.17132654798777 0.36185655608647
-10.1378678616527 4.48734635369728 0.150798993976431 -1.83014832829597
-9.1006622618887 3.58815657972887 0.996522342284016 0.280825443688613
-9.82397084851989 3.73113157035657 0.00303073824150209 0.655888820108301
-0.995735165982114 -6.33132125630347 -2.97216648454281 1.20307132705129
1.54048254930626 -7.50641566520459 0.669541050329044 0.933477202143877
-8.78528789583309 4.55465279414777 -0.406337922107126 0.281035728456975
-1.0749850599638 -5.16236497128655 1.91402007919294 -0.924758510778461
2.43869875727291 -6.88271315197045 3.66624027617378 0.687749194234973
7.35061634501521 7.56470142322997 0.720460562356397 -0.0798371198178696
-9.27379255023682 4.20567127473429 0.433074127046805 2.35035918195167
1.64241419246299 -5.30635176019051 1.56515854641336 1.43792082282922
6.2185578818126 5.26791679778273 -1.34578881375622 -0.617170950809594
7.77591836800294 4.46051219621137 -0.82267257438946 0.566094492014748
-8.45220268945629 4.53557871015995 1.337716851942 0.104320923527948
6.64901452526139 4.90564714252038 1.7200250041694 -0.582172667325783
0.700378069834294 -5.9777222263494 -4.34268606965013 1.94298771315878
0.937271755197748 -5.71228158745422 2.75507285760532 0.235120473838386
8.42991462279926 4.50928278667272 0.798388231248363 -0.601290921312777
0.517136131671884 -4.16725675454805 -5.4575334167296 2.62258814806217
1.35038506983974 -6.76291427627223 2.42215656126423 -1.38761910851253
1.0968731210976 -4.94970556069325 1.88590634324149 0.428030597415695
0.717598252980749 -5.65208807655076 -3.19575900572648 -0.90606680119923
8.04365563343376 4.52578645853186 -2.67038555530515 0.984706178028393
8.12706206430808 5.53251218580821 -0.742216909205623 -1.15511943937889
6.78973008740914 7.16486160449582 0.360868315705092 1.32379199547974
7.40936564160258 4.86619945214947 0.538002467139468 -0.208073140870274
0.00115475228607714 -6.20604423649654 -3.74582273937061 0.330230368427107
-8.41034802841598 3.44121470542455 1.92700076217525 0.495021270243571
0.311294574240092 -7.08001050743752 1.60626432983235 -0.26108030153464
7.57438478805838 5.08650397093254 0.196455234374745 -0.827879416365654
-9.85627901961337 2.3083336899519 1.23002979648295 -0.375417871309346
-7.71228359664246 4.43630996237929 -0.281364275348565 0.250610056465627
