"LD1" "LD2" "LD3" "LD4"
1.85489387455449 -7.04172462251066 2.58833052227551 1.01512550254154
-8.4562198125545 4.53587599734741 0.463881420674202 -1.18975739656278
-8.56755376502084 4.85307226131715 0.147274259511942 1.48295046145937
-9.32617530304 5.6385016158305 -0.0127066597372822 0.279549436753807
-0.017375265703667 -5.10569647135606 -0.972752757005118 0.743827152886106
-0.314858559841163 -4.12795869217063 -5.58784941098143 0.0612531516507602
9.20621521099825 4.17394745332389 1.56814475337514 -1.87500700225634
-8.47060352465643 4.8032171082923 2.59998452547896 -0.0853492025536157
-1.67001322324392 -5.07750260425668 1.85820062367679 -0.560915217845283
1.23326720839609 -5.84753851090974 3.4818001544255 0.599573912302158
-6.90961400232164 5.13748361675156 0.257456878398784 -0.643001108960788
9.06022405364624 4.95581820403795 0.210702374352941 -0.200363190665955
8.38618645435703 4.93429961463293 0.394959011523867 -0.650861330847732
0.0522929660084905 -4.72499743025576 1.89341710967024 -0.65113389636438
6.83680719242777 5.12733274347906 1.47000753715353 -0.429760868471351
8.15664766423197 4.29430114839503 0.0670666986549308 -1.02854904711827
-8.46251846970861 4.64119323936469 0.886618887212771 -0.8608365840979
7.34512622893415 4.67723541637282 0.354571276335523 2.81458860250044
-2.74729155236399 -3.67238381089335 -4.1065641851066 -0.0581275232442058
1.06798994172403 -3.60224330382528 3.05373578157008 -1.66138251490056
7.01839998110606 4.74957624054462 0.159824376788807 -0.266729772532856
1.07356399214985 -6.82396969967887 2.60497882482233 0.565608344835071
-8.30142262660217 5.45763482197517 -0.370512651696117 0.308351477981128
-0.681700256583923 -4.62289254829445 -3.06612797663895 1.1811671296958
-9.02477219876214 3.96963569832969 1.2795936203757 -0.166128076252525
-8.46974391391497 4.08995314457651 1.68038207066596 0.565349082382678
-8.95689285705335 3.41092440474191 0.162242879980214 0.57377391405792
-11.0753853853912 4.96505103127144 -0.0826081948742576 1.15874614859001
1.42288668539728 -7.36027583287374 3.24035588551634 1.4119114152531
0.935501717027742 -6.96231603938579 2.74064384321391 0.0154199673153739
1.17487607927416 -4.50483242797334 -4.3094160461678 0.661895984244119
-0.617384117620763 -2.40950849227452 -3.9487916789885 -0.433058856005366
8.77010729487226 5.63442941335916 0.741730272229799 -1.50243606881385
6.85694840261914 5.11488463566281 -1.474875095681 0.371966823416762
-7.88638371912701 4.53344958851204 0.703261061496618 0.0243202888131829
0.432900443106366 -4.50480956653112 -3.29121147724255 -1.38581138348313
7.37984266742948 2.88205798397755 0.32326687558882 0.409646577444772
7.73091769128441 3.23775370841685 0.460859234016074 -0.255413944318959
1.79534947542901 -6.13348575565023 1.27810893825941 -1.40325105130868
0.708798825623042 -5.63979785672117 1.40012914003302 1.44273148062257
-5.8167044624853 4.01315007558341 0.238022069146215 1.15964608177889
-9.59420183757367 4.87999074459022 0.861435871046803 -0.328701864702003
-0.0703546704244347 -6.06669007327772 -4.12997309324703 1.60178307838482
8.54163197124858 4.61258779212982 -0.674935233341804 -0.647886598173625
-7.974467421812 4.24785825274855 0.581069019050743 -0.17653734236358
2.82181789267327 -6.55573322908126 2.00593069014538 -0.258914498852444
6.92673363537716 4.60795708925504 -1.50713102784274 -0.539301752737674
-2.6426443652195 -3.083244426557 -3.43693257776705 2.28577319585851
8.42286144438375 5.96061299093862 1.16905141552746 0.27985977126112
0.750335464298154 -6.08983284611355 3.67972028072514 0.111164598095152
2.43097289978559 -4.95418514410593 3.06398422219029 0.509818061180562
-8.97081516497845 6.47717947081006 -0.336527404197138 0.649158623021252
-1.94289565833 -3.95306739286252 -4.6112604430796 0.531257488263924
-8.40022493681587 6.53854663575432 0.862027141942524 0.485488089148776
7.64408523908425 6.39350383352677 0.448823275391615 0.127045638675881
3.0519805536822 -5.31456514644235 1.85677599341219 -1.37473429652619
9.4315789980306 4.19324249203933 -0.513744222761719 -0.0633140260002201
-0.118379833936579 -5.26495621449962 -3.9596246431652 -0.987494266109594
7.94522806813887 3.01816195534947 -1.40421626562123 1.44152962641541
-1.82615090572256 -3.88702278816572 -3.50129891369156 0.301180552520289
-8.66941605074608 5.38380192121794 -2.04996120716255 -1.08073108532806
8.87451737500794 4.7391505999239 -0.797304067407266 -1.37796660376428
8.79683061780819 6.66050782802694 -0.821310161872824 -1.88870861946536
7.70099940120619 5.21386976125713 -1.51875972916981 -1.70074297675731
8.19062456039854 5.72000240512306 1.05786960394024 0.547887289923528
0.328549962457679 -7.60909398007347 2.62660619095909 -2.21720470093567
0.494685138183591 -3.75481752964923 -3.97389407606322 2.69410519361834
-1.34018740407137 -4.35140312866256 -3.8423452252914 0.310785116217285
-1.51101654482432 -3.30193072112083 -0.376025549281047 0.598982517305657
8.16874363057848 4.12008313927625 0.332709478980379 0.0172532700456816
0.344434210046432 -6.76338524574404 2.7107073590004 -1.2293107676371
-0.082696241450945 -4.36498329822612 -5.49586060497169 2.71465126365905
8.11679162549915 5.01548968241646 0.175341629293597 0.481591889481827
0.527025464033757 -5.00000895351846 2.0163312836299 0.249903317737322
-0.279943597149807 -4.08311795110766 -4.599771048886 0.321981970820832
7.65334723267485 4.63776417426178 0.654881417143182 0.201334300712079
-9.6065042473728 3.46529599909075 1.55751849514182 -0.831518954105708
-9.44692099134435 5.34267538938453 -0.54280343661286 -1.34924408575926
-10.026123877103 5.0581842127863 -1.2192419120941 -0.0612829640884355
1.01839665074012 -7.37220868137097 1.16291151375155 0.510817834504525
0.813949117332304 -5.36647088454466 -4.61111670521645 -2.20333268859288
-8.55543237722901 4.6074819929249 1.07749183403169 0.464689379358169
8.73185273250256 5.05443992465697 1.45941422225061 -1.98170346819423
1.05270047570934 -6.32539653252532 1.93947502127909 0.190415877388079
6.02006149166486 4.01016097337167 2.01330578092399 0.428603304650616
0.923095973223606 -5.93803254557198 2.26537902946837 0.95493983405596
8.11552316825316 4.05212893187778 -0.348366594580799 -0.144583804559122
0.512683611018474 -5.14092205788929 1.83666039042068 0.771478390371085
-3.33871083904648 -5.41145271219185 -4.80698836067925 -2.19304306700583
-8.77063112032843 5.8450130117903 0.591366380568465 -0.348311976316801
-0.362440645243682 -7.05858604809141 1.65958679964077 0.0616271127188313
-8.33562884185013 4.11297813256013 -1.02200024392362 -1.18492286688613
5.58269987182923 4.6091794193088 -0.899639483896424 -2.12224504304468
7.25365693023544 6.41129305047575 -1.33885395483746 0.608406394010017
-8.76832925124508 4.61506616473217 0.864693425738362 -0.0832210493691019
1.28277766875556 -6.20268748402669 2.21947481623109 0.000631648413952566
8.14251659227928 5.19742372259045 -1.95975131472049 -1.25081436225384
8.31883497887315 5.69725524884411 -2.7397309419243 0.0235149830665016
-8.48506903229825 5.7530920635781 0.828472588610936 1.07488874988426
9.09906412734442 5.75453037927423 -1.88886291354503 -1.22474837738076
6.52370325566759 4.13867043308514 0.726299135433573 1.88179978917273
-0.218477410547646 -5.83641525365461 -3.12623094584868 -0.374777011142423
9.01561572091105 6.05273161167657 0.506445195789715 -1.55395208529638
0.0860790673685863 -5.95100658789935 2.52726096330018 0.608874283342511
1.37065244707924 -5.99788865996896 1.44321089156847 0.152840940053214
8.70996450323406 6.9752463719242 0.63282840091072 0.160652219124787
3.56191814184379 -7.91642816898838 2.80970809061934 0.0794395866149037
0.723812873772281 -5.81350407183934 1.36076274020355 -0.56701953303992
0.660754071253995 -7.47389090449124 0.526870158302523 0.283365684785877
0.121869199616548 -7.40660649463328 1.27058234576887 -0.57583978017745
1.5643405262956 -5.92721809923115 2.32473251114516 -0.563492746313473
0.771505934629046 -6.47108085247763 2.05856505792202 1.07802279808177
0.0420725489772618 -5.79466531775363 -3.17609877005021 -0.694185457551662
-8.33545640170319 4.0352194137031 1.16011397926334 1.00847282490751
-0.660994061896025 -2.37336331730034 -2.85667426776213 -1.63897964329028
8.84197920584012 7.21667572361919 1.17593752219471 1.05526789458437
0.993681017179413 -5.77164132880949 3.65272763930189 -0.836141015563721
-0.738384779392854 -7.0399188767704 0.458421578988262 1.34288572945231
-2.31458890846345 -1.76435166249364 -5.32825043663052 -2.05201872544168
7.70724785997023 5.98494769521791 -0.832767793985827 -0.604287904059334
-2.23687277378467 -4.05661027761909 -3.67827441752121 0.432109844367506
1.17387274643605 -5.97899942801114 2.60728235999422 0.409894571141259
8.1623035824798 5.75291066109181 -0.172388920998151 -0.00803404213026957
0.221250733328459 -3.82321646037909 -4.70055361392686 1.37788879174482
7.72319904107437 4.42209219782397 1.69729990268641 -0.324365588217174
7.97542276457652 6.06788562677185 -0.637431235502851 1.59172181170144
-7.9139137335296 3.73112892474376 0.488344337484985 1.14666061415492
1.65629104671819 -6.60093791842393 2.72315457881521 -1.47063838006037
1.32208123214681 -5.51696577602901 2.73860066268025 0.756924429005231
8.70898797335911 4.80457579311909 -0.426540533327458 -0.638682317400204
7.77353162188781 5.32243868990678 -0.705328607163531 0.650264489674171
-10.0289579973495 6.2188967854426 1.11698244449485 -2.36049348603427
8.76705426013108 5.01847767797422 0.268901720705496 0.221232714377956
0.769157638883622 -4.18387450322031 -4.174628791985 0.565471893374954
-9.29398345666399 5.92022050834021 -0.00175436694851004 -1.04403471687491
1.79197373115474 -6.50644609099621 2.72031967984693 1.03333427728961
-0.428062732962607 -2.68408497838992 -5.32076518339543 -0.431231162139029
8.51165664157072 4.95500441467635 0.423869732926579 -0.601801738146199
8.70921294890225 3.71020690671601 -2.74851737035507 0.87100908086827
0.802930490212001 -6.57991317489557 1.49360037523587 0.379261224404263
-8.32431200965391 3.39472995303885 0.966226214522169 0.475325007029114
6.84812378163432 4.40042087519195 1.18279498224812 -0.82898534387233
-8.16706998961745 4.52144329938906 2.79359415539356 0.52970878365667
-9.89294776458309 5.38720561456232 0.00770573543906963 -1.60895889660705
0.32553290581128 -5.28192992476153 -2.2863831160793 1.53623242184041
1.1684545824192 -4.95671919187455 3.73984679673237 -0.524171727284338
-0.801099228830254 -3.13544083605027 -4.81359934421111 -0.569415142200284
8.28918081058221 4.27341494762376 0.874927601128745 -2.10353317828087
7.53121574373125 5.56431402310543 -0.289908845290246 -0.354630804967236
0.451239153379545 -7.16724893062199 2.0922398704329 0.0676310747314109
-7.90170754003971 4.6189323808495 -1.90422906376412 0.470857441379113
-2.15009383480039 -6.13676368651721 -4.39124271008906 0.82925765345363
-0.271588049805722 -4.84748478124051 -4.42661866040875 1.36794113357962
7.03769550318821 4.29205034070109 0.638600176740364 -1.54369689556712
0.62615525124131 -4.10635008320321 -5.60310607958309 -0.300915380827062
0.506179007662687 -4.34842597001712 -4.29796847363634 1.15204314412474
0.279897583835377 -7.84671632155934 1.38531471567315 0.149722700253791
-9.19980657433845 4.48653324834238 0.39180251977533 0.00514475150191458
-1.65566814941617 -4.41644959641973 -4.44568767521375 -0.195411962651414
-0.171338913825215 -5.5212467306328 2.10503889368943 0.92482822938994
-9.36498263054411 2.62065712534546 2.1018671314479 0.185618488547012
-7.36434198034443 4.24583894655866 0.481836316351059 1.43425352492394
-3.30136925836597 -4.17818400607231 -5.70151704687505 -1.75672744659439
8.89845729411774 4.55739616140774 0.214107587833603 2.5061142669892
7.13291387030969 5.23448208593258 -1.16210832967432 -0.410981029996526
1.82386544226683 -6.32785253634513 1.86044137745216 -1.40853559830774
6.51961010610339 4.6929261625241 0.0819054291967904 0.287713116569597
-0.0257923372585558 -3.16836216498919 -4.54167517306919 -2.58505749464085
-0.122112920034119 -5.46762739594275 2.10607059026631 -1.30052868772136
0.852176071185536 -6.07884036232557 0.856146083992682 0.829098553505288
-2.90960701061284 -3.60565993628993 -4.06128193402967 -0.696035273562228
-10.0651677989346 5.85990875597155 -1.20753019489842 0.386386097462947
-9.91107369747161 6.04028523088068 -0.353930619777096 -0.359121005327709
1.98194043992905 -6.98032046599966 2.99712916350216 -1.77482049850378
-9.42124853924201 6.33455214688224 0.524327769156417 -2.52860782321448
-7.74931417485878 4.10009962898093 0.901991854857268 -0.675718800600357
-8.7585652021131 5.23045553263168 0.562155216754044 2.22182789736986
0.728043808981067 -5.13506946712883 2.38410801859502 -0.204346582143803
8.73411486397731 5.61274616409164 -1.62690563623575 1.99122148387609
7.22799104459785 5.89104110145856 1.50371740985155 -2.88126861600092
7.55234758127005 4.60229919311486 0.548563616830964 -0.127212985991882
-0.0433223452907972 -6.13475407162128 1.79983443513223 0.599081849872932
-9.25013483594127 3.30068794752889 -0.0440790077495978 0.564345496241652
8.4202286611518 5.8343455813163 0.655016299354048 1.30653946517818
-2.34132935615932 -5.51249289484313 -1.83655731186474 -1.00515849968594
-10.6049721037468 3.5073907924956 1.04779294572212 -0.656719631777432
-0.309579601709821 -6.44492497514486 2.56623071533095 -0.736231155635297
-9.71133884325036 4.91488378663123 1.2083284024961 0.178790615179077
-2.21192703982158 -3.90042828246394 -4.98673603286175 -2.52090063763663
-8.27052859900353 4.28703292109267 1.10597516500513 1.06907967088836
7.09560975499438 4.87344793194759 -0.224028297815837 1.24193377337555
8.48218263797596 4.26547198842577 0.430768664188739 0.738232234028844
-1.61635109686736 -5.06494518691607 -4.58348765717119 0.530350206603721
-9.4864013225759 5.68049542095496 1.81212644000075 0.98926982325761
-7.80489575382746 4.94742443139626 1.54548825746144 2.1405596709271
-0.962784967827561 -6.40740660471871 1.98889063731275 -0.667484848721076
-0.233905436061207 -6.40485396977317 3.6037266303703 -0.571764816639723
-0.315542177931158 -4.74420910875198 -2.32532480037685 -0.425805299991843
8.11016372637216 5.10390386093433 -1.16604568821991 -0.307180942396466
-1.57899550744537 -7.3052937438309 2.2896218667473 -0.194280045327741
7.83711596636744 5.05123494012176 0.540812069520353 1.82244683778573
0.18360119692145 -7.26155432963354 1.49483623223335 -1.13690308475264
-1.22274305551513 -3.08538746517928 -5.51566053678347 1.52281363045637
-0.0111053367558295 -5.83079568901962 2.91223668426182 -0.605946514143321
-0.33605396795219 -3.33068513151281 -6.19174376227032 1.68784488230091
0.537886536901567 -5.64975801173939 3.87480866319622 -0.332496134968392
0.507096327101643 -5.32335190168855 2.36223780127209 0.287482302432141
-0.507567644843364 -2.90928162552031 -4.02557988023616 1.78064232660084
-8.56268747600382 4.88031251001126 0.336953730112698 0.129850717853434
2.07117514048632 -2.94794777210994 4.79934450119231 1.94390261442084
8.62797275649323 5.51538993041918 0.398602701932728 0.538738605642465
0.0172505869280037 -6.77074039839896 3.49814667952507 -0.153401851716571
0.283984977500589 -4.82755371079913 2.33612991403256 -1.12449326292614
0.312849177567854 -7.48368985328339 2.25972175713306 0.273184103138983
-9.39613946493785 3.88246550696571 0.0641312209758832 -1.01357048114928
-8.79950938578233 4.0545587483057 0.934591242827309 -1.11339946695762
-1.23711460279778 -4.99109953401877 -2.48971814518835 -1.04037088928373
-8.6615088391529 4.66893261428755 1.07405828197082 0.341057288972878
0.130321056805281 -3.99825958930502 2.00930957706579 0.949931395567675
8.41090090642324 6.70095392844147 -0.298198005800552 -0.282190133047884
-7.91571793032196 5.44526530518312 1.37411052495152 0.163902440133313
-9.19761766769532 4.66469833912687 1.24507096669884 -1.33793827546551
-1.28914484721918 -5.78946260666403 3.91530834674291 0.434960454538081
0.874984177858777 -5.55253914605832 3.78272251971772 -0.208833038703281
1.10638351264279 -7.55714851262732 1.98577211862448 0.4621537256459
-9.68477404659018 3.97754734430528 0.730422204441422 -0.348560341764736
6.20736429549617 4.16825016251193 0.143245019545806 2.70299723475668
-9.57059139209614 4.76843634475631 1.25710928834769 0.666933060027365
2.08264280005275 -8.28600394928054 2.4981160336868 0.407848055795702
1.81785478456253 -6.14598409510993 4.28254315021245 -0.156258987410689
5.28308775794845 5.17473743097105 0.650885721630759 -0.395859876579104
-1.90162288002358 -3.22400371069221 -2.94667361390623 0.460434567791852
0.0491315964242005 -8.31135580668526 1.23406578761803 -2.15789275371116
8.92252459807498 3.55429804391677 0.495654693971704 -0.482408198055668
6.87104408872618 3.58211194145896 0.846101583511378 -1.11004862341379
-1.54082997266774 -6.0950093172079 -2.62060741766228 0.991712932848684
-10.5633472063106 4.50103768962671 1.14039041328418 -0.0807637458592373
-1.43061290557007 -4.45076474266654 -4.5213539003895 -1.17763023562394
8.69659988595971 4.88228423958701 -0.33511364751558 -0.707309929054799
-2.33656566898883 -4.2081797463492 -4.53537244176592 -0.603586874218247
-1.36948749019217 -2.97109858379285 -3.00785669804314 0.598904594622779
0.139721061901184 -5.45461292252425 1.02995706131533 -0.772465160533321
-0.878594889602091 -3.88958895071504 -2.81639848273206 -1.27527444445672
1.39068318204366 -8.25217907511104 3.22847960408488 0.227410909297505
8.9494617860296 6.96450776694362 1.23654364189133 0.727436163732366
-10.7271259596075 4.00240976118067 0.576102015236171 0.42020904284761
9.45615386372574 5.33945880114649 0.650508159853204 0.819051284637787
1.2733214142184 -6.50262765750657 2.62192052869081 0.412516675719757
-0.953063961419432 -6.37984264310993 -3.79788570050624 0.434127836611935
-8.57294906966073 5.22649044885257 -0.0711089834509201 0.0703280407499728
-9.92669168817181 4.49994153249251 -0.185286972372936 0.571244721687409
8.58176896695698 3.7579638405757 -0.859252320515886 0.550187437213233
-9.21347403509378 6.73150201664565 1.18842735148221 -0.65890767860055
-5.92689948528665 5.06618723137656 0.607493818519352 -2.20056923961753
-0.275655396247527 -3.96896103905705 -6.69114983502052 -1.89192652057765
9.76906028273626 4.31587609549313 -0.680544043770644 -1.24164535117942
-8.83228701333984 3.8410862960413 1.49125095857924 2.36937165751881
8.83902685987226 6.04919715202024 -0.458492191478636 0.849955693503901
-8.4595481363924 5.288126660125 3.06688584159087 -0.964497692394786
-0.0536379947967992 -5.3966580060069 2.7165664886921 1.43750703786823
0.872584246578904 -6.14759363111617 2.61005244010034 1.01655851862288
8.47620169991511 4.53480577377728 -0.145746631936745 0.138284082524148
6.95046548909678 4.73452074096765 -0.00842721931016885 -0.961336493537764
-8.22211317402915 7.05932021575228 1.38797824170225 -0.501609390626952
-10.7024775398812 3.68730748000101 0.878920147720056 1.18887801254156
7.01957420786924 3.87545845950835 -0.404702445250857 1.22950233354926
-0.066523214010597 -6.44708147213939 3.32809808103797 1.32685272162892
-0.491523515888985 -4.1887045040641 -1.41709205846303 1.69436226081631
0.675004186321055 -5.04940012207643 2.24100352228278 0.11689751174969
9.23189793023982 4.40562927629703 -0.930506594116273 1.4478901280289
0.708927739058231 -6.54461354434182 1.6820312930657 -0.40245762779861
-8.98994576406509 3.39556590650414 0.207325627773539 0.1720502818466
-7.14942657692691 4.23066639754595 0.513650932563266 -0.553114676717469
1.78875743939024 -5.0312569822324 3.29326814411742 0.370324799655438
-9.4785603233514 5.9844782787985 -0.625844114971101 -0.232975190013582
-0.501818625327516 -4.06135150945805 -3.73770640351369 0.339949610758404
-7.31335974139176 4.31279215616957 1.13914795585199 0.796535968150883
0.921517581420228 -5.6140979251898 3.55577249030965 -0.133334664967002
0.737704950101683 -6.84716840884673 2.4284402727444 -0.962878559041257
8.40031243684181 6.75765880971777 -0.459099253619409 0.871037543201354
8.04534524465929 5.07026751328418 0.692173852940522 -0.0839007045651154
6.51246608319645 6.40056226710234 1.48543620931035 0.724685950216252
0.292214424932341 -4.76669264177792 -3.1353629756941 -0.907412428914699
-1.41056895757875 -5.56819045976785 -5.01579213366554 -1.93491248481297
6.8753606487517 5.97715457134604 1.97646165920057 -0.679094451501811
8.49766345333092 3.47327867064115 -1.49599443040072 0.904162363797604
-0.563755901632753 -2.781598670852 -4.20366897768346 0.59455242359878
-2.0967605813758 -4.51113587511903 -4.96128135313638 1.66937372817015
7.57550974580527 6.36033102350495 0.016053620689638 1.42344800345649
-3.23393610508317 -4.6164134908112 -3.98756961532805 2.77474908105816
0.305955379935109 -4.56230906986097 3.58690384435591 0.546083924884296
-0.23786210291392 -6.20535146435905 3.49873875649037 -0.449951851420755
-0.350800308990469 -3.88932686588641 -4.68955426780566 -1.88942445429033
1.63609802460796 -8.31813909841104 2.8495371651352 0.54617617633102
-8.96813014037511 6.15070950638236 -0.359538524155116 0.607728585090406
1.96642533255597 -6.50691429880837 2.10117398847586 -1.51285907002753
-7.7421443768712 3.52725980430765 -0.2283130925446 -2.79026194404401
-7.28178657126536 5.47574311551783 0.635360511998741 0.926089290733883
-9.63447310240859 2.1229221242599 1.51691915065208 -0.219721381373907
-7.51638731255047 5.04109338639891 -0.501669461848203 0.433255750499441
