"LD1" "LD2" "LD3" "LD4"
-10.0292699321479 3.19293512248202 -0.627237670861577 1.10540232997014
-10.7842019293083 4.96330861877874 -0.631200946786388 -0.665172486268651
8.16977463836354 6.40112691922327 -0.0483347181169587 0.545520030599819
2.04054400394314 -8.34026133757069 -1.02051213129768 -0.668662100874578
8.1706133672112 6.00613099848451 0.553572026677566 0.150570227393347
8.67222419150748 5.32360656170273 1.31489423728868 0.80841108404484
-11.1090993812573 3.84835799960149 -1.67974064713355 0.515632034287277
-1.46340194022042 -4.62088554226112 3.16575021585403 0.327522505396995
3.01206866722974 -7.25785282921287 -2.12413263109914 -1.62194331813454
-2.83827731554785 -3.86826381815277 4.29936781024521 0.439373387252671
0.479573600556767 -4.25254887935472 4.45303064994035 0.555902114751425
9.53995265727355 4.90347058340418 -0.235722914345906 -0.404459617812963
8.58509941090295 6.23717797933367 0.658229680399828 -0.817250716232432
9.08971718669947 5.98324177646416 0.244936953100114 -0.0190895307420995
-9.1495561575311 3.61449056636265 -1.10991004333485 0.644701319521446
-2.36048636858864 -4.30376976487573 3.68728809359558 -1.41190209211944
-11.0310938293245 5.44781531322773 -1.84212793465209 -1.09131321585158
2.0890768199847 -6.72282393007074 -2.07445416088212 1.46169672161485
8.2077571610089 5.92666455073383 -0.574819313044617 0.11231156815666
-12.2688402182442 3.16493843401917 -1.64490701830345 -0.0143703646159895
3.58315689534562 -8.10537644379911 -2.76540597489958 1.18315088199445
9.14613134679772 8.35776340231807 -1.4746899816738 1.2962473265458
-11.4243703308401 4.53886044041087 -2.24761242955153 -2.39960216614627
1.42879341517347 -4.81382811937378 -2.47617352217577 -0.367492720760859
-1.56213313113069 -2.62994181647028 3.50431602474394 0.798721338804295
-11.4411026173313 4.91633714459663 -0.40212406383314 -0.0646627972807926
2.43075087365177 -8.00170707995092 -1.39394865717089 0.991204368115442
1.97608123460223 -6.24979981547778 -3.54451000254216 -0.620197687361948
-12.5565651756744 3.54953503085034 -0.684022348446462 0.649348343662246
-0.510709087738108 -5.41917234453853 5.06406299360898 -1.51875255198305
-0.593169222107929 -2.3621421950129 4.43776744175697 2.21806902455389
-11.0837001903168 3.50571052847666 -2.5933344498715 0.808543972739782
3.51792735666796 -5.85990581713093 -3.67662169469118 1.00088844489423
7.96246252787747 6.0733749417643 1.12101873836904 -1.20363885500039
-0.167578469167258 -4.71297608786279 2.55743760452832 0.0157143808414676
2.06902778506173 -6.85000226641303 -3.76492005152385 -0.119564897295429
6.98245474054582 5.94930450531522 0.358177398692961 0.794833217426598
7.20992090651319 5.64685319043128 -1.00839980967919 0.415670973948177
-10.2842076812224 4.4136115945495 -0.353526965537742 0.831537686692322
1.23137265982132 -5.98327952391387 -2.10550681273422 0.199623685425116
-1.2579448605282 -3.59426179228483 3.45946982200067 -0.920419212275766
8.67003523392031 7.25019893224196 -0.869273330296242 1.45580499926132
0.158828340086608 -3.29317247538548 4.45587124256057 2.63027581927515
9.35905405256281 5.43191780110763 -0.161528458841292 -0.919424504276136
9.09772014098557 7.00890134322257 1.7727987666226 -1.33656622023124
-10.2777742663072 4.79645811535067 -1.27260967439741 0.713537023724793
-11.4358107534702 5.16712529888046 -1.14850733401647 -1.71068563105578
-10.3696794154977 4.2828966000984 -0.242427762514355 0.0274376731678225
1.98226098302173 -7.59996572335076 -2.02357176031363 0.0738662542175698
-10.4044651918098 3.47240245623256 -0.804492532929743 0.316798971684051
-10.6912256234064 2.72989461133697 -0.564853713483256 -1.17661436109654
0.53388700156756 -7.59260357512303 -0.942411392496735 -1.12509338848149
7.47307389837236 6.34065153897853 0.11320262962807 -1.37126822280415
0.0284220481623323 -5.37776069424045 4.07565933626776 -1.45446746085694
-9.66635356736699 3.3031646227096 -0.979297602121805 -0.209325113841016
8.38521120887556 5.41074017326148 -1.6940318530481 -0.463511750330019
1.96781604724002 -5.71936863125855 -2.11416408826549 1.50442927753406
4.04214054670406 -5.15297137817399 -3.03183547151857 0.0595035250991125
3.74002043215583 -6.26177801728277 -1.31608521376855 0.357060671096345
0.415500035423328 -5.40065520540695 3.60991917753884 0.503052854542642
-1.99671630143942 -3.10901778552985 4.23679347824227 2.38233981875295
8.09560953417502 5.85102044524177 1.45421318097011 0.445761130181737
-11.8068891056073 3.45882856279053 -0.773239452845211 -1.19153735946656
-0.716677409606688 -5.41861179582254 5.1622906320219 2.09233728419601
8.82542826008399 4.29507203403476 1.43451996302517 1.00498703311863
8.16270569278169 6.64432924941525 -0.73092015184637 -0.767152061460669
3.13572370037307 -7.72252858751366 -3.13642739622652 1.25715563990869
0.118922873150477 -5.86410291061805 -2.34091317553561 -0.828849250280972
2.56428163511887 -7.22923356568629 -2.86898928233702 -1.20662733759853
-10.1506085683485 3.17907295461868 -1.21591185101454 0.894063120671677
2.36507315025263 -5.95063409072882 -2.87256648414725 -1.0755242842225
1.32787661998159 -6.75002645938569 -2.41881316837864 -0.443586331893042
3.62263511242907 -6.03721136167457 -2.31191343853362 -0.427462245526054
0.395352192411334 -7.77393173078927 -2.30008810894199 0.137221981934688
9.10583269565162 5.78571439572791 -0.138385501640657 2.16315283450687
-8.46520140424157 4.59205669435064 -0.425242723280688 -1.27318949561052
7.34023206652842 7.51634786410166 1.10202278484394 0.399148339104225
8.6180627798949 7.15571415545586 -0.329107227193084 -2.06297608813739
8.30700140066042 5.09511174835869 0.392944593161546 -0.55878529956517
7.78059047761279 6.4909362716582 0.757789330358028 0.249385494366983
7.22956641243345 5.13496000448663 -0.571916525515203 -2.08887618585982
7.71934162112749 4.32827238524711 -0.199406064318262 0.0257220746501928
1.18134874448781 -6.48518449338998 -4.35856869640447 0.61980416390694
8.74874233331492 6.9330927868749 -0.720433126985077 0.636871613096232
0.964587969809171 -7.01453220858562 -2.19245956040917 -0.968295013050487
-0.455894373588666 -3.66202551373259 5.9434219378041 0.495474257257368
7.21376079420759 5.8150229401394 -0.116002299540924 2.25372955957313
0.492090838847312 -6.09598773638803 3.0842463391445 -1.12352285637173
4.09260722403334 -3.13975321889409 -5.02571937044238 1.85460540262631
2.40968013932923 -6.25061591225411 -2.29349808072791 1.04415031420567
8.95974908899264 5.71470671059446 -0.268186155932596 1.6636346683742
2.45168439830918 -6.7213469158055 -3.79874205961072 -0.42871539691038
-2.20169741743569 -4.56211433836999 4.69147969455171 -0.65466957256274
-10.4553628513386 2.2418683930561 -0.735917842473793 0.924531978049562
6.80080949356188 6.23182146253716 -0.10808660524862 -0.0534523989644687
2.93358232986606 -4.3990649265857 -3.66209652750033 -2.57371071546065
3.00367969489482 -6.7012095140524 -2.03470990053919 -0.45324220964376
2.35593480504356 -4.94799933586154 -3.31993381392695 0.148653605912749
-11.4816441554882 3.71182053509404 -1.27914802349135 -0.144904048990201
8.1962265843907 6.16644527358257 1.17693876477091 -2.07599903306292
-11.1325978656387 3.00380203044039 -1.14077161340594 -0.139066601522788
2.67701108041213 -5.60796168677398 -2.63475968980846 -0.555430270721392
-0.464841692119109 -4.04482393424912 4.68196098716886 -2.50169722729586
-1.01849743447172 -2.17425995066921 3.20336745389009 -1.29713024118002
-11.9251248726523 0.762842068258383 -1.50953928340831 -0.647342562945508
-11.3411867894366 3.88530566345009 -0.780594513465358 1.08387712819464
1.01142964655053 -7.18646874102352 -3.20184516800461 0.358506382132437
-1.49312596058939 -4.28806275996637 3.30933124706645 -2.25080215734315
8.3922671009443 6.26967305937777 1.24692670427117 -0.541008267836369
-11.0469940713405 3.67514390971577 -1.04695432858023 -0.20058514947319
0.367672752975448 -3.83200425057067 4.63252289247927 0.527168591248441
2.82939228151718 -6.55993037261404 -1.75118678424089 2.69660192699317
-11.2728024633312 3.22805113544228 -1.14551725437873 2.96028836172636
7.1336004353234 5.81461187609308 -0.138571950602279 0.096446619049053
1.92253501701099 -6.24737691941039 -3.38122148548683 1.00642351431113
-11.209565405868 2.81619568163448 -1.13872078617946 -0.309420713103559
-0.42490545623461 -2.99646957791491 4.82666135402792 -2.61469648192939
-11.3874625647532 3.41826754487841 -1.57856340677196 -1.11548416931984
-1.14250540481647 -3.5305840549966 7.24160469194459 -1.74943264576243
-11.9938573283964 4.73881844743306 -0.0821318528666064 0.511154096555574
5.85398689476322 4.99894654466805 -1.66981345171844 0.984053936826354
2.73291434773287 -7.51907256061488 -1.51962207510475 0.622832790495632
6.70935218147239 7.24345151716351 -1.61250869706278 0.159565410867269
-0.109396956978368 -3.82416294261701 4.81828920267895 0.174390299176743
1.48003559054975 -7.84095493482032 -0.987309002644141 0.00996535046136065
-10.7470273142019 3.62722822635813 -2.7838309798449 0.0914590348478098
2.94682797181882 -7.16147187881335 -0.851586949746989 1.42502002864073
-0.587881369509279 -3.60908294234422 6.35275650085329 2.39378041882822
-1.51165974338914 -2.81254407999556 6.8779792069741 1.31100861463614
2.79135989960642 -7.26374172877208 -4.05801864276864 0.960814369192557
-11.7885452753624 4.1558676265023 0.831503863710169 0.0742011099695967
7.19770289267292 4.34906912544437 0.376768556629798 1.06711205685529
-11.0127493103623 4.54653218787532 -1.15436918282695 -0.648240794526851
8.30832602454138 7.39617900508964 -0.73517829214149 -0.443762308189472
-3.6831518697435 -5.77463787597616 5.00931535658166 -2.57216597261772
8.6622252248873 5.8752990543749 -0.467530155749002 -0.28848861343556
3.29410268655564 -6.45177688586743 -1.74814904492265 -0.612067403465322
1.3684034806828 -6.24683952807942 -2.92078459184995 0.00849327176236742
-9.6463074668658 3.77040204724877 1.44475423364315 0.126316486011303
3.06383980559634 -6.11526694922433 -1.4020409022472 -0.179083609100987
3.69578224652185 -6.42419499685848 -1.73608174804659 -1.05896101840858
-9.44672337852947 4.00868966049523 0.0181209639895984 -0.116480788608486
-11.3707347762085 4.47857676822893 -2.32042332850174 1.2146491895706
2.39606518383355 -4.98847297608253 -2.67660356178704 0.554396335766644
-10.6651129982194 4.04454418240469 1.28994903358505 -2.25767223000787
1.16043534609377 -5.22009451755506 4.80235835411199 -2.33612894364558
-11.2388185637936 2.97135800864217 -1.25888050813805 -0.176144981993521
-1.38128089729049 -5.84692373950222 4.78612514394498 0.929110960063611
1.85700609880102 -6.11124244184843 -3.16643746149802 0.830171823175873
8.03632621746651 6.96294481348765 0.433718380954787 -0.497626294243657
3.23702772212003 -7.13384057366078 -2.60661540254144 -0.590344956961758
1.80294730582854 -7.45572788335523 -1.91318983135267 0.485316288747392
-10.4270937766649 4.31071310351459 -3.18803442601173 -0.311205173184775
8.62053908993989 6.57644421258128 2.22124939429714 -1.18554668688181
-0.0126243311718399 -4.74391397163942 3.54994201190021 -1.33742191434356
-12.4326011643669 2.22710397781782 -1.46363819301422 1.1196315395957
-9.75923415377633 2.97910420724956 0.352789082310236 -1.31324757063134
8.77730362650788 5.08018971575258 1.79715481535926 1.66099600298845
4.50855375402394 -7.24889531884964 -1.69138479114809 1.57874179827137
1.82632267346328 -6.2698619799265 -1.70851309989534 0.739892284031972
8.56532148782541 6.84987164009019 1.59645969485048 1.33313124704384
8.6738837771372 6.25128164574999 1.09403761722926 0.0293645988217769
-2.39761074968268 -3.16835245778132 1.12562364528224 1.33631382498257
-0.444488448295771 -5.91721259670572 4.49636805145248 0.511983902623183
8.07245758813345 4.58696447477044 -1.13227716184918 -0.01606062739979
2.7311101932205 -7.77729093076572 -1.56796511820794 -0.458954727715923
-8.29412632935806 3.5260331551569 -0.0285055697486087 1.41655455206127
-9.44398892169186 3.07672310539735 -0.680068775260279 2.06365839352117
-1.72266049776353 -4.3956091066886 5.00688396451964 1.7474384080758
10.1488403009671 5.80253786622015 0.784890609355377 -0.440740438239028
-1.25440532646444 -3.47917091926984 2.75407611227775 -0.330596276533159
2.00980241094403 -5.00160204067887 -3.70003691100749 0.218816164609767
7.27279720964872 6.09085203235128 -0.155263090072712 1.25846084333171
3.87477644038845 -5.30125726708692 -1.51686914919875 -1.13629046647095
8.95116542609887 6.65593029105526 -0.0205188018277854 -1.1017270481015
-1.29927082030655 -3.50215036460376 2.5927659320461 2.59703646574424
8.72712324768939 6.56615318583791 0.129212656889811 0.821599653271905
7.385261471874 6.71996780710185 -2.23664809191613 -0.984425901132708
-10.1404681911513 3.30364498638841 -0.995193871096024 -1.48664685565055
8.89615084454584 6.36588247681214 0.0751891642064104 0.366466315141702
7.65493222550854 6.38938370939355 -0.258637676020029 2.23556904517816
-11.2230070289918 4.67236420229216 -0.356067101900798 2.4923752826426
-1.35631020588513 -4.32065514935382 3.99600142173616 0.561912832270396
-9.94837102040045 2.94043018458826 -1.67907503087478 0.281920188047979
8.36473930976227 7.6813005254669 0.2644153335105 -0.684291649216596
0.489183666138234 -3.89861344226523 5.79376798855621 -0.912520593731411
-10.226073586442 3.54576268576257 -1.40495588670365 0.100734806804545
8.21066473927936 5.01282699916833 -0.262961472574328 -0.860598866399156
5.78503613762626 5.4651792960299 -1.27704381389037 -1.16467160929224
3.4550172168554 -5.95594631517103 -3.76635808824917 -0.171127324298745
-10.7815788910604 5.13713707353169 -1.49094531899667 -0.441488711020475
-10.955148340403 3.50254543848854 -0.459003718360656 1.0007714433615
-11.3098433230932 3.28542294117968 -0.801325497547004 0.0690936322698379
-12.290658286968 5.1787700090136 0.570842493731696 0.196582072248163
5.71225001684088 6.8162486208926 1.97083553449647 0.497734923822767
3.11916360601785 -6.94063076971332 -2.36083894757488 0.358165623945781
3.15571467359578 -8.00609857647559 -0.957971962510193 -0.490467265007376
2.63274788420036 -6.33174093715683 -2.4932247727535 0.952035616956233
-0.427789214379898 -2.97037057532023 5.07273567593402 -2.1889784615828
-9.04299132142257 2.50066221806689 -0.250226123353693 -2.56985907904356
2.21159766206055 -5.76448397690103 -3.59093281426873 0.181992229313099
2.40278791195398 -6.39948388093242 -0.932115880781179 0.273624698211782
9.27308303316591 6.13865545381491 1.35939439554279 2.05003681182404
-11.24055928461 1.99390262670656 -0.295899019035219 -0.245234786590943
-2.17327789092021 -5.83703940388293 2.0954670853512 -1.15777350588881
-12.4365282953079 2.83338119322702 -0.90002081717378 0.458381664584064
0.985387367904455 -4.2944785884524 3.49122887030953 -1.28716147956298
6.42933910517985 4.8673451193281 -0.375020892504147 2.07133691661084
-0.805343861813347 -1.92193230554823 4.28116456909877 0.516943955529871
8.30559711130551 6.8334605882033 0.0511195513218965 -0.213446608322186
-11.5146039458055 4.55526097982406 -0.591198100267199 -1.67806515544355
2.31461496555868 -6.83645286525064 -1.28900347865264 -0.415611171888253
0.194203660503163 -3.8555859051111 4.66022110607992 0.5882981153111
8.65444903399534 8.22525211522258 0.332395215004118 0.480736519724435
-2.75845006747004 -4.80331536089983 5.08265847902919 -2.33738796846444
7.53333163903705 7.80118794679564 0.232208480322379 1.42743812088649
8.70806887463874 5.19269268085226 3.01859217107192 0.526217880868167
8.5897273589345 7.66467514720341 -1.09852510633964 -0.623264189556333
-1.73540328063944 -2.06880848105995 5.13540151170575 1.29293030745769
-12.4702534856064 4.23189921887429 0.447628821533183 -1.30888592692645
0.60690156084335 -3.44525755056591 5.42694049997368 1.63730882821685
-11.4683259438023 2.52678744510176 -1.60141623551576 0.121815984128756
0.50445794883171 -4.82614233665653 2.88143829533074 2.21821303204312
-3.38909408933042 -3.84197863321737 5.34428204842099 0.211072071206472
3.96782569740053 -8.84033750490181 -2.85149887607766 -0.702791233492127
7.87696093547029 4.59865586062685 0.0200297304136622 0.220283619892536
-10.1126888569556 2.87970812727905 -2.1453998074797 0.642969052595752
-9.59975879516562 4.46726833777682 -0.198125020785688 -0.147715905028607
-10.1962181869893 5.06560498046587 -0.238559524331167 1.4294933671566
1.82434067434624 -4.88216197049303 -2.01796304767586 0.108909433503849
7.42166830773889 6.06171135539721 1.16921171199121 -0.35938184667686
-10.7495221807478 5.79994798389898 -1.8900274980173 -0.845091368498422
-11.7588087976728 2.45014886445294 -0.0581778259930182 0.41700616303873
1.69953116151107 -8.11932827957072 -2.55213041080617 -1.46797463096523
6.71138902880051 5.69506103779894 1.51959343819359 -0.237590101931313
-3.04286862827287 -4.46337711160577 4.3161027291096 2.79472373054339
3.27719121738705 -6.45470221940108 -2.38289533106633 1.62415276843546
-2.8442182662511 -2.81963549246387 3.81115667115966 2.68301772091107
3.00362954703176 -6.57936484855502 -2.36640353581582 0.104719996219143
-2.17964212835273 -1.95730724410064 5.05519932538958 -2.78044106864358
2.73531378281796 -6.57437401323318 -2.22345314374501 -0.518303210474598
2.84987415838145 -6.01619850509497 -2.78722458651585 -1.29749042824393
-11.6437230414625 4.50727524817153 0.280119846252809 -0.410636287267292
8.36252269858732 5.50375733990349 -0.557314063722455 -1.67068422429382
-1.1824874430993 -4.99598966908859 4.61597543323483 0.912800227661027
2.78572768894005 -6.39656589411464 -4.13525161890916 -1.42932852056938
2.24675655539803 -6.12274983546454 -2.29001996199428 0.65767296319898
6.41197383979688 4.34141571395827 -1.11999295272254 0.117291340751523
-10.1448076045281 4.05131971908154 -1.57522008555175 1.79722931786547
3.01627129719967 -6.6348870147649 -2.32871463323287 -0.0798879457347977
1.9936574435192 -5.45265172427978 -1.97232967265025 0.904667513471078
8.31288907312395 6.04975500939658 -1.93025937722042 -0.125222074109032
-1.87753736844791 -5.98459117442904 3.29990479338435 1.25733336296217
-2.268444239603 -4.32600602236664 4.73710783024766 -2.82162681266652
8.78715979726647 5.69471467950919 -0.787699877131824 -0.158199805671357
-2.38699566283343 -4.33046129724908 4.68860484266015 -1.13847036716409
-0.955482795237514 -4.3555982607398 3.62655109210462 1.32351617188141
8.41132193779957 7.5909302470254 0.646404327111001 -2.60399150397262
-0.418061506283447 -3.5443849104959 4.37782533531161 -1.96292265316013
6.87788309224176 5.59657987752742 -0.0548408343472466 -0.957418891587608
-11.9504600980936 3.81857525339623 -0.730733867042511 -2.3630975476972
5.72378482067364 5.57038983151592 0.880065152937689 -1.78724253978033
8.20830971601692 6.96891355039708 -1.10814498172158 -0.175674882316873
4.46592076758711 -8.5831426870782 -2.44358051735934 -0.25898888863601
1.67653923979815 -5.74263624940552 -2.29096900238081 -0.773406958272729
-10.4761512261842 4.59597411827484 -1.20321781284419 -0.0759264965996289
0.525347389937356 -4.94953392628593 1.39496957492339 0.879865247225498
2.53050939257467 -5.89398586676908 -1.4994143804575 -1.09354921669822
6.61180543063004 6.86978884574541 2.79275106820498 -0.442205950544743
3.58490360932184 -7.3282369667656 -2.89823634983937 -1.56127664556949
-1.8918401111727 -4.66482202075518 4.68352597068875 -1.6677420863788
-10.1878073293161 2.7308382932563 -0.88711347464708 1.29496225001238
9.37952383450987 6.33626240674164 -1.41996099896246 -1.11071519887739
3.36233202292013 -7.13730217157666 -2.52321321233619 -0.647257642054657
-2.0722645912599 -2.47736634027284 6.19208808673649 1.83524222543049
-10.1055685460418 3.96250705351324 -0.607033849343147 0.999350236225691
7.87262383571322 7.13064573580848 -1.57856772276344 -1.30461498226494
2.22030935060313 -6.23250532005943 -1.6118697494096 -0.161174021220221
-0.44138560336311 -3.98761139886589 3.90765127538999 0.138665734668278
7.17499748337485 5.81760973932563 -0.172216058216617 0.714359096540886
2.18693482279887 -5.53605057362897 -2.32565478342836 0.267368930533458
-8.25442133660623 3.02022648363076 -1.1838292864327 -1.49596357547224
-12.015728751462 2.52613954863219 -1.33254263217621 0.566386890453306
9.35433673369083 6.59977490080856 -0.42824590308909 0.336014542803653
2.60988261596287 -5.28992536141518 -2.22814068724126 1.48294182816411
9.24278756378326 6.8022771014361 -0.437953000466753 0.476817369752139
2.26519873065063 -5.10313884998891 -2.51380816461612 -0.846636869954851
2.26167856501559 -6.16067490282975 -1.54265865256656 0.0012235497937603
8.39067404844731 8.17105416186911 -1.01254066458013 0.315564025760828
4.20214163057636 -6.36557047809448 -1.71328788728837 -0.643097893741157
0.334856694648809 -4.48968773936128 4.71336056046566 1.01635895311008
-10.4104996907624 4.14509278462817 -0.441779670362948 0.321623309035423
8.78986301423678 5.63646961630205 -0.782786190166247 -1.3526285057764
-10.8333202021236 3.30079896929834 -1.92331654120623 -0.6966301169583
-8.92863994465005 2.83542687302156 -1.51541438696475 -0.887174826351116
-10.7316881946042 5.45481949776254 0.0396886357610825 0.891849155003416
-10.6533663071022 1.37743486372091 -2.3971876633 0.136321844062539
3.41831176249225 -8.3609777534578 -2.94836184260598 -1.10153239329847
2.90374237220485 -5.98812124003372 -3.28462271608189 0.819285090809554
7.92979983204835 7.18670497452503 0.582555364144296 0.849662353351866
