"LD1" "LD2" "LD3" "LD4"
-9.57059139209614 -4.76843634475634 1.25710928834765 -0.666933060027391
8.4109009064233 -6.70095392844142 -0.29819800580052 0.282190133047974
0.221250733328457 3.82321646037908 -4.70055361392687 -1.37788879174477
0.4512391533795 7.16724893062199 2.09223987043291 -0.0676310747314311
-10.0651677989346 -5.85990875597158 -1.20753019489844 -0.386386097462929
-8.48506903229823 -5.75309206357813 0.828472588610896 -1.07488874988429
6.87104408872622 -3.58211194145892 0.846101583511425 1.11004862341389
9.06022405364627 -4.95581820403793 0.210702374352949 0.200363190665923
-0.362440645243738 7.05858604809139 1.65958679964077 -0.061627112718913
1.85489387455449 7.04172462251067 2.58833052227554 -1.0151255025415
7.09560975499441 -4.87344793194756 -0.224028297815852 -1.24193377337555
-1.22274305551511 3.08538746517926 -5.51566053678347 -1.52281363045628
0.872584246578857 6.1475936311162 2.61005244010035 -1.01655851862284
-0.80109922883028 3.13544083605029 -4.8135993442111 0.569415142200353
7.83711596636749 -5.05123494012174 0.540812069520354 -1.8224468377857
1.56434052629554 5.92721809923117 2.32473251114516 0.56349274631342
-8.4706035246564 -4.80321710829234 2.59998452547895 0.0853492025535727
-1.4306129055701 4.45076474266653 -4.5213539003895 1.17763023562393
8.94946178602962 -6.96450776694359 1.2365436418913 -0.727436163732438
-1.67001322324397 5.07750260425668 1.85820062367679 0.560915217845244
8.11016372637217 -5.10390386093428 -1.16604568821992 0.307180942396451
8.84197920584018 -7.21667572361917 1.1759375221947 -1.05526789458441
0.130321056805218 3.99825958930503 2.00930957706575 -0.949931395567765
-10.7024775398811 -3.68730748000105 0.878920147720057 -1.18887801254149
8.83902685987227 -6.04919715202016 -0.458492191478651 -0.84995569350383
8.1906245603986 -5.72000240512303 1.05786960394027 -0.547887289923454
8.73185273250259 -5.05443992465693 1.45941422225063 1.98170346819422
-1.36948749019216 2.97109858379287 -3.00785669804311 -0.598904594622606
2.07117514048629 2.94794777210996 4.7993445011923 -1.94390261442083
-0.0433223452908484 6.13475407162128 1.79983443513222 -0.599081849872989
0.737704950101622 6.84716840884673 2.4284402727444 0.962878559041179
-8.66150883915288 -4.66893261428757 1.07405828197081 -0.34105728897283
-9.42124853924195 -6.3345521468823 0.524327769156437 2.52860782321445
-8.95689285705329 -3.41092440474195 0.162242879980227 -0.573773914057867
-8.30142262660212 -5.45763482197523 -0.370512651696128 -0.308351477981148
-0.3508003089905 3.88932686588641 -4.68955426780565 1.88942445429033
-8.57294906966066 -5.22649044885264 -0.071108983450919 -0.0703280407500186
1.42288668539723 7.36027583287376 3.24035588551633 -1.41191141525309
-1.41056895757876 5.56819045976785 -5.0157921336655 1.93491248481304
6.51961010610342 -4.69292616252408 0.0819054291967968 -0.287713116569599
1.63609802460783 8.31813909841104 2.84953716513514 -0.546176176331181
-1.54082997266776 6.09500931720786 -2.6206074176623 -0.99171293284877
-9.59420183757363 -4.87999074459029 0.861435871046788 0.328701864701922
-8.56268747600378 -4.88031251001128 0.336953730112709 -0.129850717853341
9.43157899803062 -4.1932424920393 -0.513744222761718 0.0633140260001855
-0.0536379947968448 5.39665800600691 2.71656648869208 -1.43750703786823
-11.0753853853912 -4.96505103127149 -0.0826081948742759 -1.15874614858999
-9.71133884325032 -4.91488378663128 1.2083284024961 -0.178790615179047
-5.92689948528662 -5.0661872313766 0.607493818519369 2.2005692396175
-2.2119270398216 3.90042828246393 -4.98673603286173 2.52090063763668
7.94522806813888 -3.01816195534943 -1.40421626562124 -1.44152962641541
-8.16706998961741 -4.5214432993891 2.79359415539355 -0.52970878365666
0.923095973223572 5.93803254557199 2.26537902946838 -0.954939834055963
0.728043808981004 5.13506946712885 2.38410801859501 0.204346582143758
1.07356399214975 6.82396969967892 2.60497882482231 -0.565608344835061
-7.36434198034439 -4.24583894655869 0.481836316351053 -1.43425352492389
0.328549962457628 7.6090939800735 2.62660619095913 2.21720470093572
-1.34018740407136 4.35140312866253 -3.84234522529139 -0.310785116217282
0.935501717027711 6.96231603938578 2.74064384321392 -0.0154199673154373
-1.51101654482433 3.30193072112079 -0.376025549281065 -0.598982517305778
7.55234758127007 -4.60229919311482 0.548563616830969 0.127212985991906
-0.315542177931159 4.74420910875198 -2.32532480037683 0.425805299991885
-9.92669168817174 -4.49994153249255 -0.185286972372921 -0.571244721687306
7.34512622893418 -4.67723541637277 0.35457127633551 -2.81458860250037
1.98194043992898 6.98032046599971 2.99712916350219 1.77482049850384
-2.15009383480041 6.13676368651719 -4.39124271008906 -0.829257653453602
9.09906412734446 -5.75453037927419 -1.88886291354502 1.22474837738079
-0.738384779392914 7.03991887677043 0.458421578988254 -1.34288572945224
-7.74214437687119 -3.52725980430771 -0.2283130925446 2.79026194404391
-3.30136925836597 4.17818400607231 -5.70151704687502 1.7567274465945
-8.96813014037505 -6.15070950638243 -0.359538524155133 -0.607728585090452
-0.0111053367558576 5.83079568901965 2.91223668426185 0.605946514143403
7.70724785997027 -5.98494769521789 -0.832767793985815 0.604287904059331
-0.279943597149811 4.08311795110765 -4.599771048886 -0.321981970820812
0.292214424932311 4.76669264177795 -3.13536297569408 0.907412428914787
-0.0173752657036925 5.10569647135605 -0.972752757005124 -0.743827152886118
-8.76832925124502 -4.61506616473225 0.864693425738359 0.0832210493690267
0.312849177567768 7.48368985328345 2.25972175713306 -0.27318410313889
8.76705426013111 -5.01847767797421 0.268901720705486 -0.221232714378039
-2.74729155236403 3.67238381089334 -4.10656418510662 0.0581275232441656
-9.44692099134428 -5.34267538938458 -0.542803436612831 1.34924408575932
0.802930490211922 6.5799131748956 1.49360037523585 -0.379261224404265
-7.1494265769269 -4.23066639754597 0.51365093256325 0.553114676717456
1.05270047570927 6.32539653252535 1.93947502127908 -0.19041587738809
6.85694840261916 -5.11488463566279 -1.47487509568102 -0.371966823416806
1.27332141421832 6.50262765750659 2.62192052869079 -0.412516675719828
3.05198055368215 5.31456514644239 1.85677599341222 1.37473429652623
-9.19761766769528 -4.6646983391269 1.24507096669886 1.33793827546555
-8.27052859900351 -4.2870329210927 1.10597516500512 -1.06907967088831
6.95046548909679 -4.73452074096763 -0.00842721931017193 0.961336493537707
-8.45621981255448 -4.53587599734743 0.463881420674215 1.18975739656286
7.53121574373124 -5.56431402310539 -0.289908845290272 0.354630804967169
-8.5675537650208 -4.85307226131717 0.147274259511924 -1.4829504614593
-9.29398345666397 -5.92022050834026 -0.00175436694852456 1.04403471687487
-0.237862102913948 6.20535146435904 3.49873875649038 0.449951851420704
-0.12211292003418 5.46762739594275 2.10607059026631 1.30052868772128
6.83680719242779 -5.12733274347904 1.47000753715354 0.429760868471319
7.57550974580532 -6.3603310235049 0.0160536206896396 -1.42344800345641
0.325532905811287 5.28192992476152 -2.28638311607929 -1.53623242184037
-2.09676058137578 4.511135875119 -4.96128135313638 -1.66937372817014
9.01561572091104 -6.05273161167652 0.506445195789708 1.55395208529634
-1.57899550744543 7.3052937438309 2.2896218667473 0.194280045327708
1.32208123214677 5.51696577602902 2.73860066268025 -0.756924429005242
1.78875743939018 5.0312569822324 3.29326814411739 -0.370324799655546
-2.23687277378467 4.05661027761909 -3.6782744175212 -0.432109844367427
-2.64264436521948 3.08324442655696 -3.43693257776706 -2.2857731958585
-8.7706311203284 -5.84501301179034 0.591366380568457 0.34831197631678
0.183601196921384 7.26155432963356 1.49483623223336 1.13690308475267
0.432900443106342 4.50480956653112 -3.29121147724254 1.38581138348311
-9.89294776458308 -5.38720561456235 0.00770573543906598 1.60895889660707
8.04534524465932 -5.07026751328412 0.692173852940536 0.0839007045651951
7.70099940120621 -5.21386976125708 -1.51875972916978 1.70074297675739
-0.66099406189603 2.37336331730034 -2.85667426776211 1.6389796432903
-8.75856520211305 -5.23045553263173 0.562155216754014 -2.2218278973699
7.6533472326749 -4.63776417426175 0.654881417143199 -0.201334300712081
0.769157638883636 4.18387450322033 -4.17462879198496 -0.565471893374811
8.15664766423201 -4.29430114839498 0.0670666986549619 1.02854904711835
8.70921294890227 -3.71020690671597 -2.74851737035508 -0.871009080868246
-7.91571793032192 -5.44526530518317 1.37411052495152 -0.16390244013334
-7.28178657126531 -5.47574311551787 0.635360511998736 -0.926089290733875
1.17487607927417 4.50483242797331 -4.30941604616781 -0.66189598424418
-9.02477219876212 -3.96963569832972 1.27959362037569 0.166128076252513
0.527025464033696 5.00000895351848 2.01633128362989 -0.249903317737323
-7.91391373352952 -3.73112892474381 0.488344337485002 -1.14666061415485
1.06798994172397 3.60224330382532 3.05373578157009 1.6613825149006
7.73091769128443 -3.23775370841682 0.460859234016083 0.255413944318962
8.69659988595973 -4.88228423958696 -0.335113647515575 0.707309929054826
8.11552316825318 -4.05212893187771 -0.348366594580779 0.144583804559247
-8.3356288418501 -4.11297813256017 -1.02200024392362 1.1849228668861
-7.31335974139174 -4.3127921561696 1.13914795585197 -0.796535968150901
-8.97081516497844 -6.47717947081014 -0.336527404197198 -0.649158623021422
-0.218477410547683 5.83641525365462 -3.12623094584867 0.374777011142473
0.0420725489772643 5.7946653177536 -3.17609877005019 0.694185457551623
8.49766345333096 -3.47327867064114 -1.49599443040072 -0.904162363797647
0.283984977500535 4.82755371079913 2.33612991403256 1.12449326292609
-1.61635109686734 5.06494518691606 -4.58348765717116 -0.530350206603597
-9.68477404659014 -3.97754734430531 0.730422204441433 0.348560341764826
7.01839998110609 -4.7495762405446 0.159824376788814 0.266729772532862
0.506179007662683 4.34842597001713 -4.29796847363633 -1.15204314412466
8.51165664157072 -4.9550044146763 0.423869732926574 0.601801738146177
0.723812873772244 5.81350407183933 1.36076274020355 0.567019533039843
0.708927739058142 6.54461354434184 1.68203129306569 0.402457627798571
8.62797275649324 -5.51538993041915 0.398602701932713 -0.538738605642527
-1.28914484721923 5.78946260666403 3.91530834674291 -0.434960454538145
0.139721061901132 5.45461292252427 1.02995706131534 0.772465160533323
-0.30957960170988 6.44492497514487 2.56623071533096 0.736231155635292
-10.0289579973495 -6.21889678544266 1.11698244449485 2.36049348603418
5.28308775794846 -5.17473743097101 0.650885721630765 0.395859876579158
-0.491523515888981 4.18870450406408 -1.41709205846303 -1.6943622608163
-8.46251846970859 -4.64119323936473 0.88661888721276 0.860836584097879
-8.66941605074606 -5.38380192121798 -2.04996120716257 1.08073108532804
-0.507567644843333 2.90928162552029 -4.02557988023616 -1.78064232660079
-0.617384117620718 2.40950849227453 -3.94879167898845 0.433058856005537
8.42286144438377 -5.96061299093859 1.16905141552744 -0.279859771261181
8.73411486397734 -5.61274616409161 -1.62690563623577 -1.99122148387609
-8.83228701333978 -3.84108629604134 1.49125095857923 -2.36937165751876
-0.953063961419464 6.37984264310992 -3.79788570050624 -0.434127836611927
6.9267336353772 -4.60795708925502 -1.50713102784272 0.539301752737698
0.494685138183607 3.7548175296492 -3.97389407606324 -2.69410519361839
-8.555432377229 -4.60748199292495 1.07749183403166 -0.464689379358241
0.6261552512413 4.10635008320322 -5.60310607958308 0.300915380827142
-0.428062732962646 2.68408497838992 -5.32076518339544 0.431231162139032
1.65629104671814 6.60093791842394 2.72315457881522 1.47063838006032
-0.233905436061244 6.40485396977321 3.60372663037034 0.57176481663984
2.08264280005266 8.28600394928058 2.49811603368679 -0.407848055795685
-8.46974391391493 -4.08995314457653 1.68038207066597 -0.565349082382591
0.0860790673685536 5.95100658789936 2.52726096330019 -0.608874283342495
8.92252459807499 -3.55429804391671 0.495654693971721 0.482408198055741
1.79534947542898 6.13348575565023 1.27810893825944 1.40325105130867
6.51246608319646 -6.40056226710229 1.48543620931034 -0.724685950216239
-10.6049721037468 -3.50739079249568 1.04779294572213 0.656719631777375
0.675004186320998 5.04940012207646 2.24100352228278 -0.11689751174966
-0.314858559841145 4.12795869217061 -5.58784941098141 -0.0612531516507287
-0.271588049805737 4.8474847812405 -4.42661866040876 -1.36794113357963
-10.026123877103 -5.05818421278637 -1.21924191209411 0.0612829640883901
0.507096327101596 5.32335190168857 2.36223780127209 -0.287482302432138
-10.7271259596075 -4.00240976118075 0.576102015236138 -0.420209042847711
-7.51638731255042 -5.04109338639894 -0.501669461848205 -0.433255750499393
1.7919737311547 6.50644609099621 2.72031967984693 -1.03333427728967
8.16230358247983 -5.75291066109176 -0.172388920998147 0.00803404213029301
9.7690602827363 -4.31587609549308 -0.680544043770605 1.24164535117948
-8.79950938578228 -4.05455874830577 0.934591242827321 1.11339946695757
1.96642533255593 6.5069142988084 2.10117398847589 1.51285907002757
8.54163197124861 -4.61258779212978 -0.674935233341792 0.647886598173633
0.813949117332266 5.36647088454465 -4.61111670521644 2.20333268859283
8.87451737500798 -4.73915059992386 -0.797304067407234 1.37796660376433
8.89845729411777 -4.55739616140769 0.214107587833595 -2.50611426698916
-9.36498263054411 -2.62065712534552 2.10186713144787 -0.185618488547145
-0.962784967827632 6.4074066047187 1.98889063731273 0.667484848720989
-7.97446742181197 -4.24785825274857 0.581069019050742 0.176537342363616
7.97542276457655 -6.0678856267718 -0.637431235502862 -1.59172181170139
7.13291387030974 -5.23448208593258 -1.16210832967432 0.410981029996474
-0.0257923372585738 3.1683621649892 -4.54167517306917 2.58505749464088
8.42022866115182 -5.83434558131626 0.65501629935403 -1.30653946517817
2.43097289978553 4.95418514410596 3.06398422219028 -0.509818061180584
-0.0826962414509459 4.3649832982261 -5.49586060497171 -2.71465126365908
0.344434210046367 6.76338524574407 2.71070735900042 1.22931076763713
-1.65566814941618 4.41644959641972 -4.44568767521375 0.195411962651449
-1.94289565833001 3.9530673928625 -4.61126044307961 -0.531257488263894
1.17387274643601 5.97899942801115 2.60728235999422 -0.409894571141288
-7.90170754003966 -4.61893238084953 -1.90422906376412 -0.470857441379015
-0.336053967952185 3.33068513151278 -6.19174376227034 -1.68784488230093
0.537886536901504 5.64975801173939 3.87480866319621 0.332496134968299
-10.5633472063106 -4.50103768962677 1.14039041328416 0.0807637458591895
-0.501818625327522 4.06135150945804 -3.73770640351368 -0.339949610758374
7.77353162188783 -5.32243868990676 -0.705328607163553 -0.650264489674226
-2.34132935615937 5.5124928948431 -1.83655731186476 1.00515849968584
-9.48640132257586 -5.68049542095504 1.81212644000072 -0.989269823257735
-9.32617530303994 -5.63850161583054 -0.0127066597372762 -0.279549436753734
8.581768966957 -3.75796384057567 -0.859252320515889 -0.550187437213247
6.52370325566759 -4.13867043308509 0.726299135433544 -1.88179978917271
-9.19980657433841 -4.48653324834244 0.391802519775319 -0.00514475150196704
8.70996450323408 -6.97524637192417 0.632828400910704 -0.160652219124846
-9.60650424737277 -3.4652959990908 1.55751849514183 0.831518954105701
1.28277766875551 6.20268748402669 2.21947481623109 -0.00063164841399686
7.72319904107436 -4.42209219782394 1.69729990268639 0.324365588217097
5.58269987182924 -4.6091794193088 -0.899639483896429 2.12224504304457
-8.22211317402911 -7.05932021575233 1.38797824170224 0.501609390626919
0.121869199616488 7.40660649463327 1.27058234576886 0.575839780177386
-1.23711460279779 4.99109953401873 -2.48971814518833 1.04037088928366
9.45615386372576 -5.33945880114645 0.650508159853187 -0.819051284637796
7.01957420786925 -3.87545845950831 -0.404702445250868 -1.22950233354921
0.512683611018442 5.14092205788929 1.83666039042067 -0.771478390371141
8.14251659227932 -5.19742372259042 -1.95975131472047 1.25081436225389
1.37065244707916 5.99788865996899 1.44321089156844 -0.152840940053233
-0.171338913825276 5.52124673063282 2.10503889368942 -0.924828229389935
-0.681700256583922 4.62289254829445 -3.06612797663894 -1.18116712969576
-6.90961400232159 -5.13748361675161 0.257456878398781 0.64300110896075
6.84812378163435 -4.40042087519195 1.18279498224813 0.828985343872238
1.82386544226681 6.32785253634515 1.8604413774522 1.4085355983078
0.993681017179354 5.77164132880948 3.65272763930189 0.83614101556362
-5.81670446248524 -4.01315007558342 0.238022069146228 -1.15964608177878
-8.32431200965387 -3.39472995303891 0.966226214522162 -0.475325007029154
-9.25013483594125 -3.30068794752893 -0.0440790077496314 -0.564345496241695
0.279897583835343 7.84671632155932 1.38531471567317 -0.149722700253831
8.7701072948723 -5.63442941335916 0.741730272229811 1.50243606881376
0.852176071185491 6.07884036232559 0.856146083992682 -0.829098553505261
7.37984266742951 -2.88205798397752 0.323266875588828 -0.409646577444745
0.305955379935052 4.56230906986098 3.5869038443559 -0.546083924884317
7.25365693023548 -6.41129305047574 -1.33885395483747 -0.608406394010078
0.0522929660084682 4.72499743025577 1.89341710967026 0.651133896364385
-7.74931417485874 -4.10009962898098 0.901991854857267 0.675718800600334
-9.91107369747155 -6.04028523088076 -0.353930619777102 0.359121005327659
6.02006149166489 -4.01016097337164 2.013305780924 -0.428603304650595
1.39068318204361 8.25217907511105 3.22847960408489 -0.227410909297515
-0.118379833936609 5.26495621449962 -3.95962464316519 0.98749426610959
-0.070354670424435 6.0666900732777 -4.12997309324703 -1.60178307838483
0.771505934628973 6.47108085247763 2.05856505792199 -1.07802279808186
8.47620169991509 -4.53480577377724 -0.145746631936768 -0.138284082524195
-7.80489575382743 -4.94742443139632 1.5454882574614 -2.14055967092719
7.2279910445979 -5.89104110145854 1.50371740985159 2.88126861600091
0.708798825622975 5.63979785672122 1.400129140033 -1.4427314806225
8.48218263797601 -4.26547198842576 0.430768664188746 -0.738232234028873
8.31883497887317 -5.69725524884407 -2.7397309419243 -0.0235149830664818
7.0376955031882 -4.29205034070102 0.638600176740378 1.5436968955672
8.16874363057847 -4.1200831392762 0.332709478980367 -0.0172532700456788
0.921517581420159 5.61409792518983 3.55577249030965 0.133334664966988
-9.21347403509374 -6.73150201664567 1.18842735148221 0.658907678600629
1.10638351264273 7.55714851262734 1.98577211862449 -0.462153725645874
8.7968306178082 -6.66050782802688 -0.821310161872811 1.88870861946539
-8.33545640170317 -4.03521941370315 1.1601139792633 -1.00847282490759
9.23189793023986 -4.40562927629702 -0.930506594116281 -1.44789012802895
-8.98994576406505 -3.39556590650418 0.207325627773537 -0.172050281846591
6.2073642954962 -4.16825016251192 0.143245019545775 -2.70299723475672
-3.33871083904652 5.41145271219184 -4.80698836067924 2.19304306700586
1.16845458241915 4.95671919187456 3.73984679673237 0.524171727284281
-2.31458890846346 1.76435166249365 -5.3282504366305 2.0520187254418
-2.33656566898885 4.2081797463492 -4.53537244176592 0.603586874218317
8.11679162549915 -5.0154896824164 0.175341629293593 -0.481591889481787
0.0172505869279536 6.77074039839896 3.49814667952508 0.153401851716517
-9.63447310240858 -2.12292212425991 1.51691915065209 0.219721381373976
2.82181789267321 6.55573322908124 2.00593069014537 0.25891449885227
8.40031243684181 -6.75765880971773 -0.459099253619455 -0.871037543201432
8.38618645435709 -4.93429961463291 0.394959011523895 0.650861330847747
-8.45954813639236 -5.28812666012502 3.06688584159089 0.964497692394861
-1.82615090572251 3.88702278816568 -3.50129891369153 -0.30118055252026
3.56191814184375 7.91642816898839 2.80970809061935 -0.0794395866149495
0.0491315964241547 8.31135580668525 1.23406578761805 2.15789275371109
-7.88638371912696 -4.53344958851211 0.70326106149661 -0.024320288813261
-0.0665232140106538 6.44708147213938 3.32809808103794 -1.32685272162904
-9.39613946493783 -3.88246550696574 0.0641312209758825 1.0135704811493
-0.275655396247526 3.96896103905705 -6.69114983502049 1.89192652057776
-1.90162288002359 3.22400371069223 -2.94667361390621 -0.460434567791721
0.874984177858687 5.55253914605836 3.7827225197177 0.208833038703271
-3.23393610508315 4.61641349081118 -3.98756961532805 -2.77474908105808
1.01839665074009 7.37220868137095 1.16291151375155 -0.510817834504614
0.750335464298092 6.0898328461136 3.67972028072515 -0.111164598095087
8.70898797335918 -4.80457579311904 -0.426540533327406 0.638682317400353
9.2062152109983 -4.17394745332385 1.56814475337519 1.87500700225641
6.8753606487517 -5.97715457134601 1.97646165920055 0.679094451501731
1.81785478456248 6.14598409510995 4.28254315021246 0.156258987410672
1.23326720839604 5.84753851090975 3.4818001544255 -0.599573912302192
7.64408523908427 -6.39350383352672 0.448823275391614 -0.127045638675833
-0.563755901632727 2.781598670852 -4.20366897768344 -0.59455242359869
-9.47856032335134 -5.98447827879855 -0.625844114971096 0.23297519001361
8.28918081058222 -4.27341494762372 0.874927601128758 2.10353317828084
-0.878594889602106 3.88958895071505 -2.81639848273204 1.27527444445677
0.660754071253927 7.47389090449126 0.526870158302514 -0.2833656847859
-8.40022493681585 -6.53854663575438 0.862027141942478 -0.485488089148911
-2.90960701061287 3.60565993628994 -4.06128193402967 0.696035273562314
