"LD1" "LD2" "LD3" "LD4"
-8.67003523392033 7.25019893224195 0.869273330296224 1.45580499926132
-2.93358232986604 -4.39906492658569 3.66209652750034 -2.57371071546065
-8.66222522488731 5.87529905437489 0.467530155748992 -0.288488613435558
1.25794486052819 -3.59426179228483 -3.45946982200065 -0.920419212275762
-3.29410268655563 -6.45177688586742 1.74814904492267 -0.612067403465324
-3.01206866722972 -7.25785282921285 2.12413263109916 -1.62194331813454
9.44672337852946 4.00868966049523 -0.0181209639896153 -0.116480788608485
-8.1962265843907 6.16644527358256 -1.17693876477092 -2.07599903306292
-0.504457948831715 -4.82614233665653 -2.88143829533072 2.21821303204312
-1.99365744351918 -5.45265172427977 1.97232967265027 0.904667513471077
-7.7805904776128 6.49093627165819 -0.757789330358042 0.249385494366983
10.6533663071022 1.37743486372092 2.39718766329998 0.136321844062538
11.7885452753624 4.1558676265023 -0.831503863710189 0.0742011099695966
-7.92979983204836 7.18670497452502 -0.582555364144311 0.849662353351867
11.3874625647532 3.41826754487841 1.57856340677193 -1.11548416931984
-3.58490360932183 -7.32823696676559 2.89823634983939 -1.56127664556949
-1.42879341517346 -4.81382811937377 2.47617352217579 -0.367492720760856
-8.31288907312396 6.04975500939656 1.93025937722041 -0.125222074109034
2.17327789092021 -5.83703940388292 -2.09546708535118 -1.15777350588881
-1.96781604724001 -5.71936863125855 2.1141640882655 1.50442927753406
10.7495221807478 5.79994798389899 1.89002749801728 -0.845091368498423
-0.367672752975453 -3.83200425057067 -4.63252289247925 0.527168591248446
-4.46592076758709 -8.58314268707819 2.44358051735937 -0.258988888636008
-1.18134874448779 -6.48518449338997 4.35856869640449 0.619804163906936
-1.98226098302172 -7.59996572335074 2.02357176031365 0.0738662542175701
10.0292699321479 3.19293512248202 0.627237670861557 1.10540232997014
-8.39067404844732 8.17105416186909 1.01254066458012 0.315564025760826
8.46520140424156 4.59205669435063 0.42524272328067 -1.27318949561052
1.51165974338913 -2.81254407999556 -6.87797920697408 1.31100861463614
-6.80080949356189 6.23182146253715 0.108086605248603 -0.0534523989644708
-8.36473930976229 7.68130052546689 -0.264415333510512 -0.684291649216593
-2.08907681998468 -6.72282393007073 2.07445416088213 1.46169672161485
-7.27279720964872 6.09085203235127 0.155263090072697 1.25846084333171
0.4648416921191 -4.04482393424912 -4.68196098716884 -2.50169722729585
-0.415500035423335 -5.40065520540695 -3.60991917753882 0.503052854542641
12.4326011643669 2.22710397781783 1.4636381930142 1.1196315395957
11.4683259438023 2.52678744510177 1.60141623551575 0.121815984128752
-2.40968013932922 -6.2506159122541 2.29349808072793 1.04415031420567
-3.27719121738703 -6.45470221940107 2.38289533106634 1.62415276843546
-9.09772014098557 7.00890134322255 -1.77279876662262 -1.33656622023124
-5.72378482067365 5.57038983151591 -0.8800651529377 -1.78724253978033
-9.35433673369084 6.59977490080855 0.42824590308908 0.336014542803652
9.04299132142257 2.50066221806689 0.250226123353681 -2.56985907904355
9.59975879516561 4.46726833777682 0.198125020785666 -0.14771590502861
10.7815788910604 5.13713707353169 1.49094531899665 -0.441488711020476
8.25442133660623 3.02022648363075 1.18382928643269 -1.49596357547223
-2.04054400394312 -8.34026133757068 1.0205121312977 -0.668662100874582
-1.92253501701098 -6.24737691941038 3.38122148548684 1.00642351431112
-7.19770289267293 4.34906912544436 -0.376768556629808 1.06711205685528
11.3707347762085 4.47857676822894 2.32042332850172 1.21464918957059
-6.7093521814724 7.2434515171635 1.61250869706276 0.15956541086727
8.29412632935806 3.52603315515689 0.0285055697485874 1.41655455206126
-8.58972735893451 7.6646751472034 1.09852510633962 -0.623264189556332
0.455894373588654 -3.6620255137326 -5.94342193780408 0.495474257257371
-8.30700140066043 5.09511174835868 -0.392944593161555 -0.558785299565168
-2.24675655539801 -6.12274983546453 2.29001996199429 0.657672963198977
-9.27308303316592 6.13865545381489 -1.35939439554281 2.05003681182404
12.015728751462 2.5261395486322 1.33254263217619 0.566386890453302
10.4270937766649 4.3107131035146 3.18803442601171 -0.311205173184779
1.29927082030654 -3.50215036460376 -2.59276593204608 2.59703646574424
11.9938573283964 4.73881844743306 0.0821318528665832 0.511154096555572
-2.73291434773286 -7.51907256061487 1.51962207510477 0.62283279049563
2.75845006747004 -4.80331536089982 -5.08265847902917 -2.33738796846443
3.04286862827287 -4.46337711160577 -4.31610272910959 2.79472373054339
2.8442182662511 -2.81963549246386 -3.81115667115965 2.68301772091107
-6.87788309224177 5.59657987752741 0.0548408343472335 -0.957418891587608
-0.479573600556774 -4.25254887935473 -4.45303064994033 0.555902114751428
1.01849743447171 -2.17425995066921 -3.20336745389008 -1.29713024118002
-6.71138902880052 5.69506103779893 -1.5195934381936 -0.237590101931312
11.209565405868 2.81619568163449 1.13872078617944 -0.309420713103559
-2.94682797181881 -7.16147187881333 0.851586949747009 1.42502002864073
10.1126888569556 2.87970812727905 2.14539980747968 0.64296905259575
11.24055928461 1.99390262670657 0.295899019035205 -0.245234786590942
10.1448076045281 4.05131971908154 1.57522008555173 1.79722931786546
-5.85398689476323 4.99894654466804 1.66981345171843 0.984053936826348
-2.35593480504354 -4.94799933586152 3.31993381392696 0.148653605912746
10.1404681911513 3.30364498638841 0.995193871096007 -1.48664685565055
-7.1336004353234 5.81461187609307 0.138571950602265 0.0964466190490511
2.20169741743569 -4.56211433836998 -4.69147969455169 -0.654669572562734
-7.96246252787748 6.07337494176429 -1.12101873836905 -1.20363885500039
-2.26167856501557 -6.16067490282974 1.54265865256658 0.00122354979376273
-1.23137265982131 -5.98327952391386 2.10550681273424 0.199623685425115
-2.18693482279886 -5.53605057362896 2.32565478342837 0.267368930533457
11.3098433230932 3.28542294117968 0.801325497546985 0.0690936322698357
10.2777742663072 4.79645811535066 1.27260967439739 0.713537023724789
0.424905456234604 -2.99646957791492 -4.8266613540279 -2.61469648192938
12.5565651756744 3.54953503085034 0.684022348446443 0.649348343662245
-8.03632621746653 6.96294481348764 -0.433718380954804 -0.497626294243656
9.44398892169186 3.07672310539735 0.680068775260258 2.06365839352117
1.99671630143941 -3.10901778552985 -4.23679347824226 2.38233981875295
0.109396956978362 -3.82416294261702 -4.81828920267893 0.174390299176746
-3.9678256974005 -8.84033750490179 2.85149887607769 -0.702791233492123
11.8068891056073 3.45882856279053 0.773239452845191 -1.19153735946656
-8.41132193779958 7.59093024702539 -0.646404327111017 -2.60399150397262
11.7588087976728 2.45014886445294 0.0581778259930002 0.417006163038728
-0.158828340086614 -3.29317247538548 -4.45587124256056 2.63027581927515
0.58788136950927 -3.60908294234423 -6.35275650085327 2.39378041882822
-7.17499748337485 5.81760973932562 0.172216058216601 0.714359096540887
-7.2099209065132 5.64685319043127 1.00839980967917 0.415670973948173
-1.32787661998158 -6.75002645938568 2.41881316837865 -0.44358633189304
10.4044651918098 3.47240245623256 0.804492532929727 0.316798971684051
-3.06383980559633 -6.11526694922431 1.40204090224721 -0.17908360910099
11.5146039458054 4.55526097982406 0.591198100267181 -1.67806515544355
-8.20830971601693 6.96891355039706 1.10814498172157 -0.175674882316874
-6.61180543063005 6.86978884574539 -2.792751068205 -0.442205950544743
1.49312596058938 -4.28806275996637 -3.30933124706643 -2.25080215734315
-3.36233202292011 -7.13730217157665 2.52321321233621 -0.647257642054653
10.1962181869893 5.06560498046587 0.238559524331141 1.4294933671566
-3.41831176249223 -8.36097775345779 2.94836184260601 -1.10153239329846
10.4761512261842 4.59597411827484 1.20321781284417 -0.0759264965996287
10.7470273142019 3.62722822635814 2.78383097984487 0.0914590348478059
-3.00362954703174 -6.579364848555 2.36640353581584 0.104719996219142
-0.334856694648809 -4.48968773936128 -4.71336056046564 1.01635895311008
-1.16043534609377 -5.22009451755506 -4.80235835411196 -2.33612894364558
11.0127493103623 4.54653218787533 1.15436918282692 -0.648240794526851
-1.69953116151105 -8.1193282795707 2.55213041080619 -1.46797463096523
-8.09560953417503 5.85102044524176 -1.45421318097012 0.445761130181734
-2.63274788420035 -6.33174093715682 2.49322477275351 0.952035616956233
-8.2077571610089 5.92666455073381 0.574819313044594 0.112311568156652
10.4553628513386 2.2418683930561 0.735917842473778 0.924531978049562
-4.50855375402393 -7.24889531884963 1.69138479114811 1.57874179827136
10.1878073293161 2.7308382932563 0.887113474647061 1.29496225001237
-8.36252269858732 5.50375733990347 0.557314063722446 -1.67068422429382
-3.45501721685538 -5.95594631517102 3.76635808824918 -0.17112732429875
-2.26519873065062 -5.10313884998889 2.51380816461614 -0.846636869954852
-7.4216683077389 6.06171135539719 -1.16921171199122 -0.359381846676857
-2.84987415838144 -6.01619850509496 2.78722458651587 -1.29749042824393
-7.65493222550855 6.38938370939353 0.258637676020011 2.23556904517815
-2.22030935060312 -6.23250532005942 1.61186974940961 -0.161174021220222
-1.80294730582852 -7.45572788335522 1.91318983135269 0.48531628874739
-2.39606518383353 -4.98847297608252 2.67660356178705 0.55439633576664
-0.964587969809153 -7.01453220858561 2.19245956040919 -0.968295013050485
-7.53333163903707 7.80118794679562 -0.232208480322398 1.42743812088649
-9.35905405256282 5.43191780110761 0.161528458841287 -0.919424504276134
-8.95974908899264 5.71470671059444 0.268186155932582 1.66363466837419
-0.525347389937353 -4.94953392628592 -1.39496957492337 0.879865247225499
9.75923415377632 2.97910420724956 -0.352789082310249 -1.31324757063134
2.07226459125989 -2.47736634027285 -6.19208808673648 1.83524222543049
11.4411026173313 4.91633714459663 0.402124063833115 -0.0646627972807923
-6.98245474054584 5.94930450531521 -0.358177398692972 0.794833217426598
-3.11916360601783 -6.9406307697133 2.3608389475749 0.358165623945782
-8.70806887463874 5.19269268085224 -3.01859217107193 0.526217880868168
1.25440532646444 -3.47917091926984 -2.75407611227774 -0.330596276533155
-4.04214054670405 -5.15297137817398 3.03183547151859 0.0595035250991122
11.0469940713405 3.67514390971577 1.04695432858021 -0.20058514947319
2.26844423960299 -4.32600602236664 -4.73710783024764 -2.82162681266651
10.955148340403 3.50254543848853 0.459003718360634 1.0007714433615
-3.74002043215581 -6.26177801728275 1.31608521376856 0.357060671096345
10.7842019293083 4.96330861877875 0.631200946786368 -0.665172486268648
-2.73111019322049 -7.77729093076571 1.56796511820796 -0.458954727715923
11.0310938293245 5.44781531322773 1.84212793465207 -1.09131321585158
0.510709087738104 -5.41917234453853 -5.06406299360896 -1.51875255198304
-2.31461496555867 -6.83645286525064 1.28900347865266 -0.415611171888253
-3.01627129719966 -6.6348870147649 2.32871463323289 -0.079887945734798
-7.7193416211275 4.3282723852471 0.199406064318253 0.0257220746501922
-10.1488403009671 5.80253786622013 -0.784890609355388 -0.440740438239029
-8.95116542609888 6.65593029105525 0.0205188018277763 -1.1017270481015
1.73540328063943 -2.06880848105996 -5.13540151170574 1.29293030745769
-0.395352192411316 -7.77393173078925 2.300088108942 0.137221981934689
-6.42933910517986 4.8673451193281 0.375020892504135 2.07133691661085
-8.77730362650789 5.08018971575257 -1.79715481535927 1.66099600298845
-7.34023206652843 7.51634786410164 -1.10202278484396 0.399148339104224
-1.82632267346326 -6.26986197992649 1.70851309989535 0.739892284031972
1.46340194022042 -4.62088554226112 -3.16575021585402 0.327522505396992
3.68315186974349 -5.77463787597615 -5.00931535658164 -2.57216597261772
-0.0284220481623285 -5.37776069424045 -4.07565933626774 -1.45446746085693
-8.6205390899399 6.57644421258127 -2.22124939429715 -1.1855466868818
-3.87477644038844 -5.30125726708691 1.51686914919876 -1.13629046647095
-5.71225001684089 6.81624862089259 -1.97083553449649 0.497734923822763
-2.78572768894003 -6.39656589411463 4.13525161890918 -1.42932852056938
1.8918401111727 -4.66482202075518 -4.68352597068873 -1.66774208637879
-1.01142964655051 -7.18646874102349 3.20184516800462 0.358506382132436
-1.97608123460221 -6.24979981547777 3.54451000254218 -0.620197687361949
2.39761074968268 -3.16835245778131 -1.12562364528223 1.33631382498256
-9.37952383450988 6.33626240674163 1.41996099896245 -1.11071519887739
-7.87696093547029 4.59865586062684 -0.0200297304136705 0.22028361989254
11.4358107534702 5.16712529888046 1.14850733401645 -1.71068563105578
10.1055685460418 3.96250705351323 0.607033849343127 0.999350236225687
-8.16977463836355 6.40112691922326 0.0483347181169416 0.545520030599815
-2.73531378281795 -6.57437401323317 2.22345314374502 -0.518303210474601
-0.118922873150462 -5.86410291061804 2.34091317553562 -0.828849250280972
-8.07245758813345 4.58696447477043 1.13227716184917 -0.0160606273997935
9.94837102040045 2.94043018458826 1.67907503087476 0.281920188047979
1.8775373684479 -5.98459117442904 -3.29990479338433 1.25733336296217
1.72266049776352 -4.3956091066886 -5.00688396451962 1.7474384080758
-3.5831568953456 -8.10537644379909 2.7654059748996 1.18315088199445
0.167578469167257 -4.7129760878628 -2.5574376045283 0.0157143808414679
-2.21159766206054 -5.76448397690102 3.59093281426875 0.181992229313097
-8.7271232476894 6.5661531858379 -0.129212656889827 0.821599653271904
-2.06902778506171 -6.85000226641302 3.76492005152387 -0.11956489729543
-1.67653923979813 -5.7426362494055 2.29096900238083 -0.773406958272726
-3.23702772212002 -7.13384057366077 2.60661540254145 -0.590344956961761
1.56213313113068 -2.62994181647029 -3.50431602474393 0.798721338804294
1.1824874430993 -4.99598966908859 -4.61597543323481 0.91280022766103
-9.10583269565162 5.7857143957279 0.138385501640645 2.16315283450687
10.226073586442 3.54576268576257 1.40495588670363 0.100734806804544
-8.30832602454138 7.39617900508964 0.735178292141472 -0.443762308189469
-8.82542826008399 4.29507203403474 -1.43451996302517 1.00498703311863
-0.985387367904456 -4.2944785884524 -3.49122887030951 -1.28716147956297
-2.82939228151716 -6.55993037261404 1.75118678424091 2.69660192699317
11.2230070289918 4.67236420229216 0.356067101900778 2.49237528264259
-3.15571467359577 -8.00609857647558 0.957971962510221 -0.490467265007375
-8.89615084454585 6.36588247681212 -0.0751891642064246 0.3664663151417
-0.492090838847307 -6.09598773638803 -3.08424633914448 -1.12352285637173
-8.65444903399535 8.22525211522257 -0.332395215004137 0.480736519724433
10.3696794154977 4.28289660009841 0.242427762514336 0.0274376731678223
-5.78503613762626 5.46517929602989 1.27704381389036 -1.16467160929224
-8.74874233331493 6.93309278687489 0.720433126985063 0.636871613096232
0.427789214379889 -2.97037057532025 -5.072735675934 -2.18897846158279
-4.09260722403333 -3.13975321889408 5.02571937044238 1.8546054026263
-8.38521120887557 5.41074017326148 1.69403185304809 -0.463511750330021
-7.22956641243346 5.13496000448662 0.571916525515194 -2.08887618585982
-2.53050939257465 -5.89398586676906 1.49941438045752 -1.09354921669821
-3.69578224652183 -6.42419499685847 1.73608174804661 -1.05896101840858
-2.40278791195396 -6.39948388093241 0.932115880781197 0.273624698211784
11.9251248726523 0.762842068258392 1.5095392834083 -0.647342562945506
-2.7913598996064 -7.26374172877206 4.05801864276866 0.960814369192556
11.9504600980936 3.81857525339623 0.730733867042492 -2.3630975476972
-3.13572370037305 -7.72252858751364 3.13642739622654 1.25715563990869
-1.48003559054973 -7.84095493482031 0.987309002644163 0.00996535046136406
0.955482795237511 -4.3555982607398 -3.6265510921046 1.32351617188141
-8.58509941090296 6.23717797933366 -0.65822968039984 -0.81725071623243
-0.489183666138241 -3.89861344226524 -5.79376798855619 -0.912520593731406
-3.51792735666794 -5.85990581713093 3.67662169469119 1.00088844489423
0.593169222107922 -2.3621421950129 -4.43776744175696 2.21806902455389
-8.30559711130552 6.83346058820328 -0.051119551321911 -0.213446608322184
2.83827731554785 -3.86826381815278 -4.2993678102452 0.439373387252674
-7.47307389837237 6.34065153897852 -0.113202629628082 -1.37126822280415
12.4365282953079 2.83338119322703 0.900020817173762 0.458381664584064
-7.21376079420759 5.81502294013939 0.116002299540909 2.25372955957313
2.17964212835273 -1.95730724410065 -5.05519932538957 -2.78044106864357
-9.14613134679773 8.35776340231806 1.47468998167378 1.2962473265458
8.92863994465005 2.83542687302157 1.51541438696473 -0.887174826351114
12.2688402182442 3.16493843401918 1.64490701830343 -0.0143703646159893
-8.61806277989491 7.15571415545584 0.32910722719307 -2.06297608813739
-6.41197383979688 4.34141571395826 1.11999295272253 0.117291340751524
9.64630746686579 3.77040204724876 -1.44475423364316 0.126316486011304
-2.90374237220484 -5.9881212400337 3.2846227160819 0.819285090809551
2.38699566283343 -4.33046129724907 -4.68860484266013 -1.13847036716408
-2.56428163511885 -7.22923356568627 2.86898928233704 -1.20662733759853
-8.67222419150749 5.32360656170272 -1.31489423728869 0.80841108404484
-2.67701108041211 -5.60796168677397 2.63475968980847 -0.555430270721391
12.2906582869679 5.17877000901359 -0.570842493731717 0.196582072248159
1.14250540481646 -3.5305840549966 -7.24160469194457 -1.74943264576243
-2.60988261596285 -5.28992536141518 2.22814068724128 1.48294182816411
0.418061506283446 -3.5443849104959 -4.3778253353116 -1.96292265316012
-1.36840348068279 -6.24683952807941 2.92078459184996 0.00849327176236485
-8.21066473927936 5.01282699916831 0.262961472574319 -0.860598866399154
0.0126243311718376 -4.74391397163942 -3.54994201190019 -1.33742191434356
10.4104996907624 4.14509278462817 0.441779670362926 0.321623309035423
11.2728024633312 3.22805113544229 1.1455172543787 2.96028836172636
-3.0036796948948 -6.70120951405239 2.03470990053922 -0.453242209643758
-8.56532148782542 6.84987164009018 -1.59645969485049 1.33313124704385
11.4243703308401 4.53886044041088 2.24761242955151 -2.39960216614627
-1.82434067434623 -4.88216197049302 2.01796304767587 0.108909433503849
-4.20214163057635 -6.36557047809447 1.71328788728839 -0.643097893741158
10.6651129982193 4.04454418240469 -1.28994903358507 -2.25767223000786
-0.194203660503169 -3.8555859051111 -4.6602211060799 0.588298115311103
10.7316881946042 5.45481949776254 -0.0396886357611046 0.891849155003414
10.2842076812224 4.4136115945495 0.353526965537721 0.831537686692319
2.36048636858864 -4.30376976487573 -3.68728809359556 -1.41190209211944
9.1495561575311 3.61449056636265 1.10991004333483 0.644701319521446
-8.17061336721121 6.0061309984845 -0.553572026677581 0.150570227393342
-0.533887001567543 -7.59260357512302 0.942411392496754 -1.12509338848149
-7.38526147187401 6.71996780710184 2.23664809191611 -0.98442590113271
1.38128089729049 -5.84692373950221 -4.78612514394496 0.929110960063615
-2.45168439830916 -6.72134691580549 3.79874205961073 -0.428715396910381
-8.1627056927817 6.64432924941524 0.730920151846353 -0.767152061460672
10.6912256234064 2.72989461133698 0.564853713483239 -1.17661436109653
-9.53995265727355 4.90347058340418 0.235722914345893 -0.404459617812962
-7.87262383571323 7.13064573580847 1.57856772276342 -1.30461498226494
10.1506085683485 3.17907295461869 1.21591185101452 0.894063120671676
0.444488448295767 -5.91721259670572 -4.49636805145246 0.511983902623185
-9.24278756378327 6.80227710143609 0.43795300046674 0.476817369752139
10.8333202021235 3.30079896929835 1.92331654120622 -0.696630116958296
-0.606901560843362 -3.44525755056592 -5.42694049997366 1.63730882821685
11.1090993812573 3.84835799960149 1.67974064713353 0.515632034287274
11.0837001903168 3.50571052847667 2.59333444987148 0.808543972739775
9.66635356736699 3.30316462270961 0.979297602121786 -0.209325113841017
-8.67388377713722 6.25128164574998 -1.09403761722927 0.0293645988217766
-2.00980241094402 -5.00160204067886 3.7000369110075 0.218816164609764
0.80534386181334 -1.92193230554824 -4.28116456909876 0.516943955529873
12.4702534856064 4.2318992188743 -0.447628821533203 -1.30888592692645
1.35631020588512 -4.32065514935382 -3.99600142173614 0.561912832270398
-9.08971718669948 5.98324177646414 -0.244936953100126 -0.0190895307421013
-2.36507315025261 -5.9506340907288 2.87256648414727 -1.0755242842225
11.4816441554882 3.71182053509405 1.27914802349133 -0.1449040489902
-8.78715979726647 5.69471467950918 0.787699877131812 -0.158199805671355
11.6437230414625 4.50727524817154 -0.280119846252835 -0.410636287267291
3.38909408933041 -3.84197863321736 -5.34428204842097 0.211072071206478
-8.39226710094432 6.26967305937775 -1.24692670427118 -0.541008267836373
11.3411867894366 3.88530566345009 0.780594513465335 1.08387712819464
0.716677409606688 -5.41861179582254 -5.16229063202188 2.09233728419601
-2.43075087365175 -8.00170707995091 1.39394865717091 0.99120436811544
-1.857006098801 -6.11124244184841 3.16643746149803 0.830171823175873
11.1325978656387 3.00380203044039 1.14077161340592 -0.139066601522791
-8.78986301423678 5.63646961630204 0.782786190166237 -1.3526285057764
-3.62263511242906 -6.03721136167456 2.31191343853364 -0.427462245526054
11.2388185637936 2.97135800864217 1.25888050813803 -0.176144981993523
0.441385603363103 -3.98761139886589 -3.90765127538997 0.13866573466828
