"LD1" "LD2" "LD3" "LD4"
0.00115475228608413 -6.20604423649655 -3.74582273937061 -0.330230368427108
6.10626061444594 5.77745982894122 -1.05565541406766 0.696635390104638
-8.78743171099969 3.95796615026879 1.33460430311251 -0.0532420875325738
-7.65927801727267 3.57731073940685 1.25309970504746 -0.519033134435293
1.09687312109762 -4.94970556069325 1.88590634324149 -0.428030597415694
7.40936564160259 4.86619945214948 0.538002467139466 0.208073140870273
1.00323292063336 -6.00698005348602 3.98142588714178 0.822519669193087
1.41062436811841 -4.79905621004488 2.39156863116848 0.0626507725324166
-7.8831261593981 3.10774503601698 0.673556953334035 -1.12444570343017
-10.9549862068172 2.22518445786622 0.742613330414863 0.454144817569595
1.59741306277395 -6.40426347944282 1.46762767493908 -0.356131299625597
-1.46354783303032 -3.92915965220677 -5.12066390859393 2.21391287057466
0.0488298212220094 -2.47002370406325 -5.16204403990682 0.739490232439145
-8.07333321375019 3.28526755121981 0.921946711734444 0.839922350666871
-9.19081241825095 4.30997198587872 -2.40701878914702 0.58348658627253
0.923361520054959 -3.52746472937081 -3.83858177952984 -2.32249291015504
-9.67510398196398 4.43130951087435 -0.561505578950627 1.17994711330512
-9.67966726448135 3.38321298170055 0.196241767693102 -0.0753219385234984
4.23354923556916 -7.66684269775848 2.5452251596933 -0.290744859297338
7.42236135758382 6.08817165614361 0.585272295900136 1.52472038607884
7.77591836800294 4.46051219621137 -0.822672574389459 -0.566094492014747
8.18721091195956 5.04608516211711 -1.01523865853727 -1.56764016538359
-9.42183493050119 3.7242779203892 1.20132492321813 1.20322628749191
7.10002717755005 6.796427256008 -0.480374767241317 -1.72038200306448
1.08327659020577 -7.86629153719839 1.10947559556218 -0.37522898606336
-8.92608658822269 2.62203864115696 0.225597298496277 -0.660142720595609
0.306716333382896 -4.15366364334968 1.79650864368604 -0.919999633928667
8.04365563343377 4.52578645853186 -2.67038555530516 -0.984706178028394
8.15177453741348 6.52880774186987 -1.85093434505606 1.05479171346468
-9.58532484838283 3.17773364421637 0.857340389474391 0.243945903336039
4.42560103234914 4.79236116962999 -1.0816978488578 2.2570805770145
0.601938584761833 -5.38495956064994 2.60776298634904 -1.63019595930451
0.292053819356255 -5.54344743135765 2.01552597717961 1.62604540975167
0.978359373786488 -5.08693448007879 1.81780891960761 -0.537225437910828
6.75353561165578 5.45153751749049 0.632581612304087 -2.83913121764307
0.26538361817644 -6.7476992601366 2.89506489524735 -1.52114230365998
0.365041080137054 -6.26007877410285 3.40704192649398 0.598663891707198
6.87540220345645 3.59898065937751 0.497906974674326 -0.34151763991823
-5.72539443938134 3.73936370370819 0.644196138494618 -0.935414227507288
-8.97841196898221 3.77857400398446 2.48846135229285 0.0942009681124107
-2.09899219670711 -4.3537168132786 -3.47962817908026 -2.2570851917071
-7.75626909589858 4.6514502117238 0.562346030600607 -1.09552125190146
0.620795291854046 -4.70746867453103 1.77782697120259 0.51028999240469
0.687339626001386 -3.55827825277749 -6.52515505956438 1.81228746578705
0.210808243445732 -2.42164183924937 -3.90751469465236 -0.460054747446203
1.99852592157371 -8.54981254590927 2.25220497943633 -0.825105753909266
1.65653408104512 -5.71742515630667 2.35279692986615 -0.767322277418639
7.7648233743057 6.3800372867074 -1.4759288524725 -1.94115116965647
5.48215169145486 6.84589841500841 1.52880325644045 -0.852217727484336
-9.0011942890508 4.86569299055681 0.92179391385033 -0.815594713748634
7.46076486107879 5.52633659200337 0.295224595872987 0.308183062736711
-0.940186684573085 -2.9714727923257 -2.68046288655481 -0.514121160686586
-8.80331385776435 3.08719348366688 1.16106890361711 -0.678699081269608
6.12821265568015 5.18996614322992 0.00967820219108115 -0.123952005162309
0.498405880651699 -6.36803069639762 2.58964282073271 0.903595052180678
-0.401955634018488 -6.55655133373454 1.85507478474516 0.906737844268778
1.0940234069688 -5.31855848515 2.14985072964715 -0.606648323057268
-0.29586201930756 -2.56168525033047 -2.63031219587013 -0.669369130484664
7.78674536718659 5.50047198813235 -0.304675672330243 1.1352153193449
5.83648004885457 5.58313940770244 1.51634508908957 0.543638109051778
6.54413069503452 5.07772925806027 0.954514874315605 1.6872976742238
6.6490145252614 4.90564714252039 1.7200250041694 0.582172667325785
1.13144240997765 -6.87546962204323 2.19194627117413 0.300740536671549
7.53297626958647 7.53549311537173 1.29894882718455 -0.49624536809554
7.97106365038634 6.85034261887489 -0.340359919078695 -1.10159701227779
-0.802644957913219 -5.19128379895433 -2.80162158721325 0.897212024159106
8.41406412375787 6.04837040689276 0.655209369010081 -0.962559486249849
1.42101583443247 -6.36527963116169 1.7649356596874 0.803835461181854
1.73228674120166 -6.23925632700327 1.75233946992727 -0.410843440110708
2.31145207644883 -8.09445144442753 3.07545205023472 -0.382187699474236
2.87547497149593 -4.74686289192851 2.98886314258651 -0.532681232322637
-9.9941978358631 3.66559152562378 1.10911853753644 -0.790199475194318
2.8366755329638 -6.14540872137241 2.16799154798439 1.58654498018311
-8.50129139260737 3.47312115999569 0.426279037396115 -0.162984353648872
2.16737359728083 -6.63281355218163 2.31966083555504 1.09760141934817
2.00620407421892 -5.83981066376866 1.34749998929539 -0.188040754794375
1.83283962372439 -5.71731536057413 3.00640519565964 -0.465764165240759
-8.45220268945633 4.53557871015994 1.33771685194201 -0.10432092352795
0.46124885557101 -6.75769535377059 0.667583572557551 -1.24599351748955
-2.01459800450462 -3.52939709224223 -3.91143843242041 0.687597269386351
-7.49762942491364 4.25133452015874 0.0671482605697292 0.495116008214282
6.62991769497576 6.49768655699651 -0.924602336095696 0.350231253812751
-0.899510518108603 -4.39893795759201 -4.55700009144972 -0.0859756924268441
-9.55752763311729 2.89957106450249 -0.0731680556796535 0.765970824973195
6.28187657102276 5.52606066576357 0.00402098043882843 -1.0059243211144
1.34886502847372 -5.2481126751375 -4.81759211839659 2.16100335802299
7.06543716895141 6.06896855774094 -1.20343449982222 1.86631666734637
6.12716550969458 6.30267548520026 1.39515815568691 2.70945803662528
-9.03960663190273 5.96901840095445 1.15992930566928 0.277358453512724
-0.69983858450057 -4.34602164908709 -3.93376033107629 -0.434735074570877
-9.83919353683027 4.94726849671919 0.0725330741467074 1.40291526369139
0.620654621228627 -4.99995769504428 -1.00025823268433 -0.713846701898444
7.44529394355111 5.45596102859545 0.214990639250797 0.221614460073966
8.12706206430808 5.53251218580822 -0.742216909205625 1.15511943937888
-1.2822467846922 -3.85762642132907 -3.41719036982892 -0.281415140290473
-1.36500453596973 -3.99521742421044 -4.25361900592996 0.858241978381906
1.33505070387953 -6.93110520896243 2.26441315482184 0.390513163083408
7.57438478805839 5.08650397093255 0.196455234374744 0.82787941636565
2.8246780307674 -6.67309441780264 2.66190641126922 -1.04842746029128
0.404595780501963 -4.670547220906 -2.50105913078833 0.0175748005108261
-9.10066226188873 3.58815657972886 0.996522342284016 -0.280825443688614
1.09363277506227 -5.27245987012078 1.98460933874666 -0.222412732055236
0.52529663165588 -5.48092955331955 2.03949293979607 -1.02648225679424
-0.697382042969535 -5.872932983532 4.00368670708534 0.0610769043783696
-10.0725039839907 5.15677500883551 -0.669093383054981 -0.514715545252098
-8.57232293963418 2.54821541418567 1.03101595293047 -0.186125055434393
5.82998659551219 4.69878786053828 0.849328311659907 -1.9016179077301
-10.3780579286836 4.94642547084759 -1.06125265127999 -0.187273056679437
0.658524790514603 -6.83522439796737 3.32693088002369 0.16491945257821
7.08150247025785 3.923440353295 0.593662493788196 0.375192916976394
-9.86287578790262 1.38424389748355 1.83882064266391 -0.0134794613986654
-1.30677580217764 -4.43788757759439 -4.87977593474884 -1.59150720921077
1.52060424766188 -7.00083065004671 2.45143312880852 -0.183044497051188
-9.42155450471302 5.33422277578818 0.621227928065646 -0.336303828809458
1.51279261146537 -7.32392689268827 0.45115736800847 -0.241419150919848
6.76710523198362 5.22522510506555 0.616170592706974 0.034438101256346
-8.5144039024821 3.89224446536372 1.3504923197099 -2.13333840417423
-2.42314022521073 -5.55808457973186 -4.98970225924372 1.897266348921
0.937271755197763 -5.71228158745423 2.75507285760532 -0.235120473838384
0.17674026991853 -3.12726054519797 -6.09423367227218 -1.49108285566987
2.04900765665169 -5.8666001849471 2.12176758801279 0.505713458810299
7.35061634501522 7.56470142322998 0.720460562356396 0.0798371198178706
1.42633170046994 -3.81163578143344 -3.88119585956683 -0.735130941708407
0.517136131671893 -4.16725675454806 -5.4575334167296 -2.62258814806218
1.54048254930628 -7.5064156652046 0.669541050329045 -0.933477202143869
-7.71228359664249 4.43630996237928 -0.281364275348563 -0.25061005646563
0.355762737998156 -1.93990488058157 -3.58924737158748 0.361577803232702
0.717598252980757 -5.65208807655077 -3.19575900572648 0.906066801199237
6.73925312762748 5.14464958146289 0.552910049945556 -0.491582949087193
7.3721097020715 5.84493204206107 0.860934594490315 -0.0895646121827498
-9.8562790196134 2.30833368995189 1.23002979648296 0.375417871309347
7.35666426175896 3.81161301347368 -1.17541322631671 -1.19781646541686
7.74650591843444 6.58597898593815 0.365863258729158 1.39682499565978
1.35038506983975 -6.76291427627224 2.42215656126423 1.38761910851252
6.99918555545955 7.24652001110968 -0.510158478802573 -0.807192782310422
-9.27379255023685 4.20567127473429 0.433074127046808 -2.35035918195167
1.18161241558926 -6.6380427751444 1.62102831855116 -1.41643980760002
2.42884338417039 -2.66279040006411 4.99123872872199 -1.72858523605772
-9.56947178218002 5.81492049321908 1.1843093025367 0.361092461054935
-10.4711002170781 3.98474825012272 -1.27418711429499 0.202958614289268
7.17869782998461 6.34824739639018 -0.230847467090274 -0.324880231371019
-8.66319912590251 4.15514652937367 0.346587356525335 -1.43726766094319
7.5829995280864 7.56803992954016 -0.00476751370828933 0.273197325046525
-10.0919019846287 5.17644816956521 0.307679385198441 2.41096783279566
1.19410742695135 -5.78901810487292 1.24791694414967 0.768782877261264
-10.8873128169549 3.45575420278533 1.28050930100495 0.569773360345777
7.37270584238931 4.97710852905597 -0.435790860207639 -0.562957547270685
7.5405104543734 4.86863650808314 0.396601332499863 -0.828729996895479
8.66281060909814 5.22895796603578 2.07071916501733 2.38185499066401
-0.81407202742034 -4.4868025858818 -4.68192742358637 1.02572526998005
-7.52586824035745 3.56489020811945 0.547410079096979 -1.52994429558708
2.44160589489448 -5.97876770869753 1.06599054457202 1.1562932601296
-1.59344019630425 -1.6643066875066 -5.27214459318586 1.75129327728471
8.24504429894223 5.56534806966485 0.718753400450172 -2.00840009553309
-1.11960312771929 -3.84600829189659 -3.47695677762722 -0.346697975605646
5.84303482048746 5.58007826630229 -1.49384170629061 -0.353689017254434
-10.2456511366938 3.59361489838225 0.486345334154335 0.0754684339236725
-9.82397084851991 3.73113157035656 0.00303073824150554 -0.655888820108309
7.44053812640852 6.1042238347171 0.437335199459507 -0.363532933223994
-8.39916522915497 3.51382851253107 1.16189068642096 -1.18657712758828
-8.53461978957541 3.79391754103947 0.548267914871085 1.10153922127525
-1.42996413266159 -3.61850954995154 -0.607130541179603 -0.457700740942957
0.100815300417582 -4.17965184055349 -1.58636353714539 -2.08407225249498
-8.64042026704256 4.51945579623412 3.22001215522075 0.972429562748612
1.25241384753328 -4.35031247495725 -2.91681759422958 0.983964599302825
1.69264425360221 -5.80655577089708 0.943537600586921 -0.741169101110902
-1.13070624777694 -6.05397615615284 -4.35912754903403 -0.845723205798883
-9.37911841422184 1.32218248677666 1.63715199736278 0.228969810994183
6.47038982977804 4.31151225507215 1.04255503817468 0.996469334847304
-9.00081014040668 2.69975547771292 0.531462364185367 0.382478585698157
-6.51564984363393 4.28921586477692 0.449202059436791 2.12151451886324
-9.26052872337415 3.06650625523601 1.34016484742777 0.367617288955656
-2.29841360289844 -3.90806000018834 -4.2956619537528 -0.0265784219851022
0.311294574240105 -7.08001050743753 1.60626432983235 0.261080301534638
9.11849470618127 5.32158869477591 -0.407825256678286 1.36798541483534
0.200370175912034 -3.77918748510162 -4.75541573781224 1.8832154055282
7.30879314504053 5.71129215629971 0.25792122161037 -0.641085542007924
6.46521518612278 4.5627139826081 -0.256220215058792 -1.33979315961381
-7.8303855141674 4.15081772327952 -1.54276559901205 -0.25245581840876
1.90763084711215 -6.63107125465923 2.57117521288132 -0.60938807199372
1.45442792425537 -5.49180158324865 3.67929772273711 0.152395920647372
0.509371217883812 -6.21846321762869 1.58299316791372 -0.676256069842846
-1.90898343277956 -5.88432844282772 -2.22154792731383 0.870944779970428
-8.88077780726575 3.05598461616378 1.62365525863333 -2.36439290991095
5.97893591760433 6.80568579720667 -1.45659496291294 -0.712959906066384
0.75624252735588 -5.5469080471026 -3.01762557277611 0.427481787332679
8.00997061394556 5.61281343493156 0.20767959211304 0.195848151618376
-0.434965477511959 -2.88953702387778 -5.47234771215946 -1.8572157210309
-9.350397657725 3.49117396459497 0.620478459932651 0.0037016154586707
7.77483904965206 7.4198682962968 -0.704249753998487 1.83632944342408
1.62573402871417 -4.2605721645799 -4.28016990085368 -0.367837366412787
8.42378340999342 4.82748403373298 -0.667944677930481 -0.187995679815762
-8.54555712361533 4.29673235199888 0.695728654925254 0.124253938381865
-9.25984827687888 4.95770022885521 0.711841930460918 0.673888512601265
5.74800382566496 5.31243216136008 0.352626336770064 0.0749621260837124
7.55548573434314 5.5425284338693 0.177336385406795 -0.183893071412842
7.77601336353052 5.06428190490965 0.0750855861740388 0.243557601499064
1.72077064524868 -5.75196010608966 3.914235696934 0.0830608928708564
0.658026003496729 -4.92600324302074 2.09947190714375 1.02955376157275
1.76046681339945 -6.52062904026562 2.35537245494487 -0.510718665850559
7.31913099704211 4.79684420416996 0.740121622593127 1.93318121383956
0.606701940325542 -5.08077875867565 -3.95319096400626 1.1042972782972
2.90414760680818 -6.69218166469801 1.45582741836522 0.105662302679946
5.69915826152563 4.6610793465322 0.955190180380244 0.743084755598479
-0.995735165982108 -6.33132125630347 -2.97216648454281 -1.20307132705129
-8.4681896605665 3.66296219245628 2.8269098269814 -0.502595725098507
-7.52305069904651 3.42717701582469 0.44186156630466 0.533222327916525
-10.533233251858 2.84177885328772 1.10444211652253 -1.11581570354468
1.53122467688736 -7.17481631211009 2.35128735146955 -0.425780229534554
5.28880985287157 4.51916295927949 0.0488254139307396 -2.8570076901901
7.39596819033405 6.45976973007171 0.665091247234094 -1.51962197700076
7.20291574578401 6.54167440124447 1.2633343431108 -0.0201137238656973
-10.5456861699326 4.86320264859476 -0.537189516276516 0.294763112208101
-2.22119372556403 -4.05642940963656 -5.5415232536233 1.69584555339343
-11.2631431041239 3.90370310076825 -0.0523789186192502 -1.19421870415603
0.707461701524564 -4.67535498578628 3.31200697749774 -0.894985594252944
5.37391197684388 4.53125841763474 2.17132654798777 -0.361856556086469
1.91143604650104 -5.37879022387753 2.6622269040637 -0.818375764717252
1.79621833226485 -5.83174041409656 2.58266820409979 -0.291809009359533
4.63615369693369 5.71521971582135 0.904426024343431 0.523463165637943
7.19992309574411 5.83680687369763 -0.954300870513404 0.608715432779498
6.69443415293001 7.02246384788984 0.536269920676783 -0.311979540425168
7.39586318677173 6.42743616288358 -2.66270500423134 -0.112268861294422
0.858858881896371 -5.81539451929356 3.57968864101064 0.294252691149612
-9.25690462713216 2.9263004864396 0.611918482212756 0.827549968278131
-0.697639903317091 -7.3612096862095 2.29162258958318 0.447728183563996
-11.2726926949955 2.61907323821152 0.20066100615425 -0.60209796900014
-0.0451831093370238 -2.82917927443422 -4.56489595978869 0.764787881742735
2.81476789174555 -5.83348165193292 2.13447968587862 1.71961895191819
-10.3955689581512 4.27299806968757 1.35008990832007 -1.27293974861028
-10.7971943906435 4.97976934350394 0.975578573083635 2.5967924272896
5.9236502891263 5.1528936913147 -0.0731089631305185 0.991759065705808
0.808666407934251 -5.38402360597735 0.94342762857428 0.706856157633973
-1.16907533549397 -3.82655491084551 -4.45705157752567 -0.366415609491263
2.02573117928566 -7.44823161456947 1.70272816580795 -1.00729009752667
7.48779784277213 6.13656677939963 -1.55179819115048 1.61365820424136
-1.07498505996379 -5.16236497128655 1.91402007919294 0.924758510778463
-9.53645912084897 2.22887539728688 -0.267086024485406 -0.746954929691797
7.79817631579016 5.80434626833966 1.67144418549199 2.30133443010015
7.09804174275598 5.8629887955413 0.902939841495609 -1.52327429807978
-8.37403317066838 2.3611323824357 -0.732765528465168 2.49219945040902
1.05698646389031 -5.44615685084209 3.30075897767321 1.01408091943307
1.44879616124058 -7.34358194854545 2.72217832854013 2.31919080215923
1.22065429314875 -4.89691755643053 -2.02207336149755 -1.25214205290349
-8.85802117362077 3.70920482475089 0.835813327611604 0.918261003505707
1.35170005029226 -5.79490963434966 3.54162081509112 1.15538789037642
0.795780968343403 -7.51249854029538 0.919124652495873 0.325925413139916
1.47274476700249 -5.60265061049648 3.35129381490953 -0.0870235209638879
1.51259034580651 -3.60764350210008 -5.33186315864292 0.466442939733823
1.00052825184 -4.31879962663923 -3.29625435737144 1.52528211849945
-9.86028809010267 5.00377421967853 -0.69906920421625 0.0117242968769285
7.65431967808655 4.14797877531034 -1.4701207194539 -0.823854878114566
0.94202666870418 -3.48486699962999 -4.53551243228061 -1.29505018819684
2.42956187950172 -5.99672212801576 4.18522691236199 0.11925744170806
3.78635351145626 -4.82642296752959 1.99329492541137 1.48956523030342
6.2185578818126 5.26791679778273 -1.34578881375622 0.61717095080959
3.16355732150222 -7.83036650820307 2.6945270793915 -0.0799158283179938
1.78931287965494 -6.23452147550238 1.86744105424311 -0.3542999335173
-8.410348028416 3.44121470542455 1.92700076217525 -0.495021270243573
6.78973008740915 7.16486160449583 0.360868315705092 -1.32379199547974
7.44202494836505 6.54687814408623 1.35004973448632 -0.512024695000049
1.85167645187754 -3.57133845306659 -3.80344434078859 -0.523275386118982
7.49172140393726 7.83571568763784 1.2945231685048 -0.857436375773055
5.54302252042603 6.19534491672333 1.73389455127621 0.491243368254993
1.64241419246301 -5.30635176019051 1.56515854641336 -1.43792082282923
1.11049093654353 -7.1806239907799 1.3209761514169 0.870429075949383
1.95453526891113 -5.11529773516688 2.97167291133158 -0.449752047184438
2.43869875727293 -6.88271315197046 3.66624027617378 -0.687749194234967
0.60602807313014 -2.85890922188839 -4.34697874126218 2.86993217555209
-9.63005801410475 5.07673632466142 -0.511191608447878 -0.674542301501279
-2.09748216183296 -3.21434803406905 -3.5141800872884 -2.48850538843806
-8.78528789583312 4.55465279414777 -0.406337922107125 -0.281035728456973
-9.92112756865159 3.98827176193284 1.28855744754094 -0.136699743378311
-8.2011762638774 3.39680742805696 0.462551164097693 -0.130476444771471
1.56932370524513 -3.45562446900634 3.01605692682592 1.50850417353048
-0.427155895677311 -4.73614857082261 -4.34919747639119 -0.607198475624266
2.29882091419711 -6.48095205351782 2.4168770698386 -1.29297452118213
-10.1378678616527 4.48734635369728 0.150798993976436 1.83014832829597
-9.09122950184204 4.28164610245004 -0.0819545932103593 0.129252255558644
0.378809144114853 -4.73112366805585 -4.51056286834475 -1.47823941629232
0.0835847771607345 -4.50301503861311 -3.12111634803218 -1.43925256706449
6.33203165628404 5.9757356918757 -0.413815313518641 0.294685494218915
8.29317628552398 5.8177957678187 -0.124722736116705 0.416149178983396
0.171197565307556 -2.59462525140549 -3.74246203241786 -1.54876353784914
3.01595727574632 -6.5023679589183 3.23715721337531 2.06578763407923
0.417024343120006 -3.86327814186585 -5.48513843390605 0.0235048842584464
7.78389597375019 5.47955196411927 -0.528437709583016 0.149899880813163
8.42991462279927 4.50928278667274 0.798388231248361 0.60129092131278
1.79168664918653 -5.74515041672598 3.41920803879286 -0.518721271705419
0.700378069834301 -5.97772222634941 -4.34268606965013 -1.94298771315878
0.159444020533946 -3.93497698768353 -3.78582970394007 -0.515847744579355
0.405344704923333 -3.8526665199719 -4.51117767335389 -0.233926858458882
1.46756961602531 -5.05902627310775 3.40933960112819 0.269552879143603
0.841913347685833 -8.3871461254284 0.916925987452031 2.04599254217822
-9.52393066730211 4.77158380642213 0.0135945966216732 -0.527172748514189
-0.379525379510152 -5.41863911705568 -5.07896473103182 1.63277036721469
-0.146031747484274 -3.75420386127183 -2.80376961277741 1.14741747093509
-0.312143863925644 -2.44325530955871 -3.11667055649737 1.18638960912338
6.6872683881604 5.88663170650114 -0.636674220709872 -0.455572821858863
-8.69703554221923 3.16271003575202 -1.20339853205827 1.05353185996501
