4.15620277654537e-41 5.22463811819669e-54 8.75173227717918e-35 7.69266771028949e-36 1
3.61933187069372e-15 1.0818105618814e-30 0.165626848498517 0.834373151501479 1.13131765991629e-33
1.75689470145404e-52 1.62237532578524e-58 1.40160431088823e-41 5.20730350092826e-41 1
7.30987592469356e-27 1 2.17796097335621e-29 2.36686116082874e-32 2.38845993162183e-45
2.05072000260252e-11 2.56302731706944e-38 0.979607639116892 0.0203923608626012 1.16859869808639e-41
0.999999669557904 9.53150320920932e-40 3.09420402034129e-07 2.10216942343212e-08 3.37255116144678e-31
3.11819896912345e-12 1.86903197079231e-39 0.223751786527227 0.776248213469655 8.55234103530457e-27
1.04659480198606e-07 3.23672968331082e-32 0.179289149542113 0.820710745798407 4.96102703223889e-40
2.40161697870107e-35 1 2.7695312503884e-34 1.35151056310781e-36 4.87715969418615e-56
3.74729866847231e-08 5.60829841982878e-36 0.990185172812115 0.00981478971489814 3.86181253018132e-37
3.22346680155128e-16 9.89557613611376e-35 0.972700150629797 0.0272998493702027 5.08213422008048e-34
6.58109189761506e-44 7.73047050096723e-48 1.65542356772913e-31 9.58707305375719e-32 1
0.999999999999994 6.34064160211603e-38 5.09551271594702e-15 3.55726455465063e-16 7.70624232228138e-57
2.57017277346193e-51 1.6304582502962e-66 4.10806481939053e-40 6.07732360201434e-40 1
1.59176238049164e-45 3.99538461151268e-56 3.90861999146213e-37 1.56921243883499e-37 1
1.23607741236691e-36 1.77705629971919e-62 4.84358223100785e-31 2.72674561014639e-31 1
8.4325605867356e-07 8.96550405342314e-47 0.982502763025923 0.0174963937180183 7.84452004554069e-39
1.8155484356752e-29 1 8.07451330305867e-30 6.55644709604287e-32 3.29078469060593e-57
0.999999999998483 2.35788190772131e-37 1.49447093293365e-12 2.27651515031236e-14 2.62291385444571e-43
4.1602013760558e-38 1.83094804898858e-47 6.49005178753577e-29 1.03618849135386e-28 1
5.51010542294631e-37 1 2.48745384260128e-29 3.15251790558132e-31 3.02101381243787e-50
1.61611435878747e-37 1 6.24255840170339e-36 4.82444436637254e-38 3.99366921461248e-63
2.50738671525535e-32 1 1.42471927088552e-34 1.06056196934788e-36 1.00215483277532e-54
8.09963412180393e-48 1 1.67444210650705e-40 2.73769959305483e-41 2.38978483952807e-67
1.38232295934453e-07 1.73412864529693e-32 0.305630328292387 0.694369533475317 1.40000205360852e-32
5.20312957663353e-34 1 1.38696482902541e-34 1.53118495398398e-36 1.36677996172205e-49
0.99999999994247 8.52724470895572e-37 5.7462818031579e-11 6.67682837453598e-14 8.70570853047778e-48
0.999999448135086 4.20502469639311e-44 5.51307159089296e-07 5.57754932292752e-10 2.48175715629817e-52
1.22663675034924e-43 1.31796401895309e-55 8.31791923040258e-30 1.77747532484411e-28 1
0.999999999998801 3.5776121514631e-37 1.19732534938938e-12 1.45200135620703e-15 6.49128655912884e-46
5.30555359308779e-10 4.30922342534562e-34 0.897353854283985 0.102646145185459 2.19372242916055e-36
8.9101817913725e-40 1 1.29446986852114e-34 5.72240876558022e-37 2.9051180903276e-56
0.99999988198089 3.22597262685683e-46 1.16166963875639e-07 1.85214645092762e-09 3.76279091500241e-49
0.9999999994447 2.55545630813073e-36 5.55009096152011e-10 2.90611725800913e-13 1.8314979792398e-46
3.56348283505325e-58 8.42132764420735e-64 1.80060467843985e-42 1.82913441247755e-42 1
0.999999999998192 1.82749563632421e-34 1.80352866695744e-12 4.73823753965498e-15 1.34744494311072e-43
5.75267850921369e-59 2.14988486607238e-67 7.06123424808974e-44 4.17755320448738e-43 1
3.69903382921918e-12 2.57046664797595e-38 0.996742355903775 0.00325764409252618 3.11147835600793e-25
5.68113711586558e-59 4.84547912266215e-66 2.34739086469792e-42 6.7828546892276e-42 1
1.22191645998741e-35 1 1.79207432320615e-34 1.20775655347142e-37 3.06997532313218e-61
1.55350143390194e-57 4.12689724995981e-64 1.53288337426557e-45 4.07049878587107e-43 1
0.999999982436345 4.61241941757981e-35 1.75163266162306e-08 4.73284027032699e-11 1.11600604380131e-41
1.88998403994342e-49 2.83423281970464e-55 6.71541413108994e-36 5.75004087494563e-36 1
1.24293785255106e-05 3.68078966508376e-34 0.887066111746961 0.112921458874513 2.50980760424006e-37
2.35567110405443e-32 1 2.05687595950354e-30 4.99459226841645e-32 2.27780653100303e-41
7.65423719960168e-44 3.56266102970229e-60 4.2615895403499e-36 4.4850142808756e-36 1
6.37235686746321e-11 1.59145166194831e-24 0.576648406663437 0.423351593272839 9.02002461093517e-30
1.20492490532339e-39 1.49965682467718e-51 1.36387683564889e-31 3.57606810306679e-31 1
8.82506931366153e-44 4.11890350187197e-60 1.93161165523129e-34 8.74638870688468e-34 1
0.999999995331704 3.21356651736844e-38 4.66102827242341e-09 7.26767607400801e-12 1.33471989575693e-48
1.25860248360174e-38 1 1.48617201029227e-35 5.98515303476874e-38 1.20241512840458e-67
2.27869309401448e-46 5.11849620210551e-54 3.0228540056075e-36 2.6056558415392e-36 1
1.22829433859651e-45 1.46516626096199e-58 2.19974578347309e-36 7.34188163468552e-37 1
1.39186192462717e-45 4.12941581438137e-62 2.99044948202211e-34 2.08873471669301e-33 1
1.44589044548832e-47 1 6.24964391125555e-43 4.0806852343896e-46 5.10928592854743e-66
9.17232757785984e-13 6.88246686699842e-39 0.718732388175801 0.281267611823281 4.73664077141126e-32
9.09904577589826e-39 1.7976981938793e-48 4.74826184285425e-31 4.94367621953466e-32 1
0.999999889122915 6.22509680075509e-41 1.10710859358453e-07 1.66225698328213e-10 9.42882457220723e-43
9.02665019006098e-43 1.81095184283429e-62 6.49849623557814e-31 1.93038891547793e-31 1
0.999994988253367 2.55583399670314e-35 4.80461442379549e-06 2.07132208907624e-07 4.6980538180935e-40
9.9972559506957e-45 7.52969786938989e-58 1.92063550053447e-39 5.0401488679745e-40 1
0.999999999999977 2.24371141933263e-21 2.33473546082295e-14 2.72314808800957e-19 7.05173620690911e-39
1.19779867754052e-10 3.58624705953189e-48 0.904825710724727 0.0951742891554935 8.68850281407258e-40
1.71127314210726e-38 1 3.38967352841532e-39 3.95706330190066e-39 2.99293126619293e-52
4.6205452779121e-09 8.78376698432365e-38 0.243922162137826 0.756077833241629 2.42101569537486e-42
1.0709370328602e-41 1.78062106779226e-58 2.48530587230029e-32 4.14223728090893e-32 1
1.14236425934608e-38 2.11240975850144e-47 8.5391802811437e-29 1.59904856883231e-30 1
3.80728468552744e-36 1 8.64370798292997e-30 6.68225544457842e-31 1.29974737038643e-52
4.53850309768102e-52 1.77822465580511e-74 5.20403159548721e-40 2.84124601429552e-40 1
6.2050323386514e-45 1 3.08460235315859e-43 2.65852518351351e-44 4.34616230018334e-64
2.32131526915261e-50 2.44851591399312e-63 9.33735445566183e-38 3.56515173073165e-38 1
0.999999998222894 1.17840186839157e-39 1.73809110146545e-09 3.90146141816373e-11 9.58384599810148e-48
3.33636521992459e-44 1.21381810089846e-48 1.1332057126055e-28 1.56129836773445e-28 1
0.999999989511658 3.50982935006864e-45 1.00128212159677e-08 4.75521028108898e-10 2.92340119113468e-40
0.999999992263486 3.74920488051625e-44 7.46851748742772e-09 2.67996920927025e-10 1.72644527066413e-49
8.37286037680213e-52 6.4761423333333e-58 2.57987660455949e-33 6.06597756328387e-32 1
1.12943550163349e-10 9.85748312046439e-31 0.997956821142146 0.00204317874491084 9.72878503740046e-39
2.82867249132309e-41 5.92792490005858e-58 8.36900978921877e-31 1.81038041825015e-31 1
2.58312816691547e-12 1.28976432529453e-40 0.603284726312523 0.396715273684894 3.08801255407638e-35
1.46566098660093e-43 1 6.92052011964671e-35 4.28325440462608e-37 3.50179056869923e-52
3.79074087650385e-45 1.02188739825157e-56 5.14250017916921e-36 2.28818691606102e-35 1
0.999999999953139 3.01126210645967e-43 4.65604316397305e-11 3.00970604049227e-13 3.58054186920984e-50
7.80523564506717e-43 1 1.74956975881138e-40 2.02246697849673e-42 2.04448698108973e-67
9.29202807591991e-51 8.114573563064e-57 4.71641383884628e-40 5.8109795512657e-41 1
2.65423206130779e-38 4.54661319930604e-54 3.42448019151469e-27 9.40977556120985e-25 1
3.19381751748398e-13 2.10547281020476e-31 0.220785161065753 0.779214838933928 2.6075387073671e-33
0.99999999999999 5.04555398870455e-41 1.0515845530689e-14 6.46815320530281e-17 5.24163128896158e-46
3.68976321967196e-42 1 1.51168109022163e-36 1.22983961158567e-36 3.37888665328427e-59
0.999999999999771 1.47051203929956e-45 1.8098957496675e-13 4.7919180583069e-14 7.25420168081455e-53
5.70867424035852e-08 4.07921383682972e-44 0.877261269568967 0.122738673344291 1.86133275640561e-43
0.99999999998949 5.33314086343134e-29 1.05056472313394e-11 4.29108241193079e-15 2.21291981105121e-48
0.999999927057527 2.65590214819147e-33 7.28024720016207e-08 1.40000777690693e-10 3.20333562373366e-40
7.26038599116553e-10 1.59733214640591e-42 0.994528257201716 0.00547174207224525 4.34789528814694e-47
0.999999999997747 6.96647433775237e-50 2.25236218302618e-12 7.57872831460551e-16 3.56555513830991e-60
4.1756356351638e-17 9.84107615657877e-35 0.930791242735407 0.0692087572645933 2.87689144283767e-38
4.33146819230809e-41 2.85701771335774e-52 2.92279607232788e-31 1.40330721643065e-31 1
0.999999997423547 1.96168312629046e-37 2.57618657689177e-09 2.65991025357805e-13 2.30242855742353e-40
1.87816270645328e-44 1 1.94510000683127e-41 5.84619023685195e-44 5.45139905473602e-57
0.999999999999994 1.14922017934105e-41 5.64639756169641e-15 9.85013540048503e-19 4.11701085997259e-56
2.56784503295788e-36 1 1.18707628022976e-32 1.16425040793156e-35 5.51571178739132e-53
1.12628876125809e-55 8.78887918964695e-61 1.11060793482748e-40 6.17149849817321e-41 1
1.64730667528934e-29 1 1.5093629459869e-30 4.31153058124495e-32 3.96058514089686e-53
2.4207062265341e-12 5.0034874361628e-40 0.1711701370097 0.828829862987879 1.22992110186827e-31
2.67064941379004e-06 1.01315950172663e-30 0.493947841944262 0.506049487406324 3.32769164417209e-40
1.36647371448741e-11 1.08960651792138e-27 0.862693647644077 0.137306352342258 1.37303526207538e-31
0.136642336975479 9.60259076085573e-33 0.855897484791359 0.00746017823316136 7.40106060694952e-37
8.69718597052464e-10 4.47165142368074e-28 0.214398399444532 0.78560159968575 4.04386752311732e-28
1.25237618060239e-41 2.02068561261869e-54 1.99932122089634e-37 9.7620366202257e-39 1
0.99999972390586 1.82789146393616e-33 2.76032100621779e-07 6.20396584661774e-11 5.33250197773278e-44
1.5537949059504e-38 1 1.78020928098243e-43 2.52163223326232e-44 4.20234529714753e-69
6.11561022375659e-43 1 8.12133043918144e-39 3.18969989227065e-41 5.16114033794178e-60
1.57720192169358e-39 1 1.20901327999914e-34 3.62495057212055e-38 3.19126707291338e-66
4.66974625685992e-31 1.34117937268638e-34 1.02675330071702e-22 3.54790462871882e-24 1
8.44298537686264e-14 5.87076338330705e-43 0.963347541689092 0.0366524583108233 9.70259004136003e-35
0.999999999949359 1.0308390257625e-38 5.06351182586703e-11 6.21719978294963e-15 9.45310537521259e-53
1.49120560793517e-56 2.01663880158529e-62 2.94941404057665e-41 8.59848612917549e-41 1
1.46791915430083e-33 1 4.46409590442209e-31 4.03018606719758e-33 5.50616342582415e-49
0.999999999954415 9.74441548644829e-43 4.46234715191296e-11 9.61839007112831e-13 3.68810389653133e-44
0.999999999999675 1.87648579136322e-45 3.23780445289879e-13 7.95547748451245e-16 1.79308270363388e-47
0.999999999909484 1.87087831347117e-38 9.03738500735459e-11 1.42077112972271e-13 1.85726604644353e-43
0.999999998155599 2.87063518270902e-32 1.8379030888424e-09 6.49757415095489e-12 2.04144883111006e-41
0.999999999985906 1.7788140902873e-35 1.33295276066036e-11 7.64128017053153e-13 1.2388394159739e-53
0.999999936408849 4.13818576887426e-35 6.33928421217711e-08 1.98309067480668e-10 7.95660944739535e-48
2.24597388609861e-41 1 1.60413380558409e-40 1.66045834836817e-41 2.32498876610432e-61
0.999999999990977 9.468560956675e-40 8.83075231725607e-12 1.92653497221165e-13 9.08324881894643e-53
2.03074891739483e-49 1.03050284459882e-57 6.44749295030675e-37 1.14319011698452e-36 1
4.41979204328366e-10 3.7784336025343e-37 0.829463276871657 0.170536722686363 1.91650881937781e-30
3.40523720676865e-46 2.83312820028575e-62 7.9677421927061e-37 1.00905448869123e-36 1
0.99999679023603 4.59976090079271e-31 3.2065260055939e-06 3.23796465192982e-09 4.47458027131044e-33
2.88496421115929e-46 1 6.05864044158863e-36 1.83456178469799e-37 4.18659402663915e-62
0.999999999989815 1.61428001498865e-42 9.71020865747411e-12 4.75266385454901e-13 1.17022335182855e-49
2.47632813976629e-39 1 2.79278274826257e-37 9.14471018372217e-40 6.1866297427339e-62
2.64370272770863e-06 2.01828089657767e-38 0.474557489891101 0.525439866406171 3.80380491830002e-43
4.89632469062486e-43 1 7.01012407935923e-37 2.26249299156775e-38 2.05523030903208e-56
0.999999999954523 1.61841347842885e-45 4.54717401820535e-11 4.77817933057637e-15 6.38761500017112e-45
9.60501942825359e-15 1.78737609662234e-37 0.996505924329486 0.00349407567050461 1.96424645112892e-42
0.000115248655727948 2.71147617518723e-32 0.998978082192697 0.000906669151574651 1.60388064159766e-33
1.70073400746059e-36 1 4.15043188593727e-34 4.55857027019941e-39 4.12196517975754e-56
9.25579512182954e-13 3.39670641894387e-41 0.119915783546317 0.880084216452758 2.23762906723932e-36
4.39666392823387e-17 6.41847179186066e-46 0.0108117526890469 0.989188247310953 1.02523849585119e-31
3.54065554360703e-43 1 5.83516637730238e-41 9.22209987955552e-45 1.90615693581404e-61
3.90902391331206e-39 1 1.5111740399414e-34 3.21597156469779e-36 8.6280435366547e-54
8.76537336743363e-46 1 4.14196683359795e-38 1.00594846498499e-41 2.0455249128551e-64
0.999999813971101 9.46177172293921e-37 1.79948819167415e-07 6.08007965360738e-09 8.20893264146449e-44
0.99999791601744 2.66570097926958e-35 2.08103766056704e-06 2.94489949228513e-09 6.46566092495504e-46
4.90822193665156e-48 1.22289982389247e-62 1.44055183421948e-36 1.52744962893078e-36 1
6.62227784109988e-06 1.47295862486999e-37 0.738860431098764 0.261132946623395 1.33243601577022e-42
1.24830071172425e-15 2.20271776851412e-42 0.00611880181320465 0.993881198186794 1.55680616569269e-33
1.72692967023467e-55 3.04227667301455e-56 7.21237043072769e-45 8.70334145529457e-45 1
1.46023110576926e-43 1 1.42343460070129e-42 5.06186844099978e-46 2.74021228463921e-68
4.80298775256578e-29 1 2.84989440824479e-23 1.04839603269317e-22 1.48566243555628e-39
4.074445468574e-12 3.06168920444552e-31 0.971631830224648 0.0283681697712771 1.47348883895472e-39
3.68378803446701e-37 1.13812445306924e-39 1.50801225377764e-28 5.44695996260838e-27 1
1.67135612509425e-29 1 2.12809065404239e-29 5.03960464709006e-31 5.37607615403315e-48
3.01493841468198e-44 2.59792618629139e-54 1.41047064054088e-34 1.01977151867307e-33 1
5.59853850244705e-42 1.02133310728135e-53 2.55828230227886e-33 8.72465222380971e-35 1
1.17838323935173e-46 2.55184435032603e-60 1.87715446769831e-36 1.59648368989694e-36 1
0.999999999934482 3.020161517735e-34 6.54972412268385e-11 2.06738467199897e-14 2.37591450662113e-38
0.999999999999675 1.66146467640009e-44 3.24138578246007e-13 6.9606025662263e-16 1.29659894080935e-37
0.999999972619022 1.83056972934474e-41 2.73746165133171e-08 6.36183744565137e-12 1.14094353651524e-47
1.62778023422574e-42 1 2.85224365148692e-42 7.82874436126109e-45 4.90376204324285e-60
1.40626883146502e-33 1 1.31579178451394e-30 1.0357242459865e-31 3.48438245766889e-50
9.23554568165894e-40 1 1.48032527018297e-42 3.27386051463611e-43 1.47107092658573e-63
0.999999999985789 1.33913311475753e-40 1.42037748674801e-11 7.54996133428417e-15 9.86672942143681e-52
0.999999999999646 5.41440476975356e-40 3.52851279846094e-13 9.91645694824783e-16 3.4062733018074e-44
7.72835770792086e-42 1.52163599987339e-46 5.93497799115676e-31 1.21066475805995e-30 1
2.62465218085624e-45 1 1.58448820146556e-39 4.06432134493788e-43 7.23870835905027e-60
3.70387540910431e-30 1 9.28126346031901e-29 8.18434223902096e-33 5.84343572031151e-49
1.34844159149696e-10 9.52551525972191e-39 0.838473903665557 0.161526096199599 1.09106369779348e-34
4.77290364421198e-43 1 5.51346319124272e-43 4.62778072255073e-46 1.05177720503428e-61
0.999999999999999 1.12663033165546e-37 6.93200017272533e-16 5.1639833072185e-19 1.14664016618898e-52
3.13961117238483e-09 2.6463370638264e-27 0.937230416451061 0.0627695804093276 8.22923967519628e-42
5.3186220900232e-50 8.14269986771999e-65 3.52858001555832e-40 5.01668048997325e-41 1
0.999999999999982 6.90578097172136e-38 1.75421312378839e-14 1.88887813189064e-17 3.85464869785248e-48
0.999999999999944 8.4837481095003e-44 5.5961292206074e-14 4.93350433700865e-17 8.72838531311902e-63
9.28898980783324e-40 1 3.77663327467543e-39 1.03900653655421e-41 9.51723401213586e-61
1.08892385132869e-33 1 3.66659204365817e-34 5.07718281722494e-35 2.75721098173642e-54
1.79104854511713e-46 2.67335827272438e-53 8.60190739955391e-38 2.92154367855619e-38 1
5.2345139165996e-10 1.36130972993219e-37 0.806952543184537 0.193047456292012 1.01368563592995e-29
0.999999998823478 2.17566236431522e-37 1.1721838776893e-09 4.33790229708505e-12 1.01340217078213e-55
0.999999999979007 4.02810092540056e-33 2.09792071735395e-11 1.35858426639695e-14 1.00426547817702e-45
0.99999999400843 1.82159236932474e-38 5.11293644968188e-09 8.78633792134189e-10 3.21566769227311e-39
2.48766561388983e-31 1 1.06895584582774e-26 9.20067687238259e-30 2.05973688782268e-59
2.54003803048039e-35 1 1.39556762408538e-31 3.35025466712035e-34 8.09270595632801e-63
4.07698167844387e-18 2.52184692710637e-36 0.0109033856164547 0.989096614383545 3.30424775348065e-43
2.21419172051667e-14 6.05750120120462e-52 0.011076977739973 0.988923022260005 5.37123185963343e-35
3.1988432590814e-11 2.72063519303628e-40 0.865282922972372 0.13471707699564 6.35934225734791e-38
6.18907893580473e-49 2.82177594498098e-69 2.51240338168734e-39 1.98325075946237e-40 1
0.999999977288081 1.6705805240648e-47 2.26492435963101e-08 6.26754311261643e-11 3.90478533378561e-52
6.62747311769123e-51 4.47820365488741e-64 1.3816525884816e-41 7.02581506973928e-42 1
3.35952541873014e-13 1.79374782494448e-35 0.0267097340224972 0.973290265977167 2.18759189479839e-38
4.19107366671638e-53 1.32909073146055e-61 2.93636660790138e-39 8.31740996550229e-38 1
0.999999999999984 1.32706079102214e-47 1.61420991824526e-14 7.48597401506418e-18 2.67849621453153e-60
4.5854209264466e-34 1 1.01996766146079e-28 2.22231912230949e-31 7.672646538121e-62
1.12861101914147e-41 1 1.14753420045927e-39 2.35699117122428e-42 1.5925096340897e-61
0.999999959264314 1.68996508954757e-34 3.85615354314284e-08 2.1741501963087e-09 3.12678580176972e-50
0.999999999866056 1.22654515224732e-25 1.27079218768877e-10 6.86483691634729e-12 7.29013199881307e-37
1.33312274684354e-45 1 1.17187868282229e-41 4.53082118434669e-45 8.2881432829005e-58
0.999999993975826 1.32304450532195e-50 3.8600504195962e-09 2.16412403035933e-09 3.64526232638231e-53
0.999999999857286 3.14490534138708e-26 1.36776619727346e-10 5.9375997914655e-12 3.58215950958786e-52
1.25372406187827e-40 1 1.09090457661591e-39 4.05769858607142e-44 1.0817506648332e-66
3.34106306314008e-34 1 4.23952712225655e-31 2.75511810303832e-33 1.23761959700998e-51
5.44091697388549e-10 1.11551276514314e-31 0.884853309432886 0.115146690023022 3.88008870969568e-44
0.99999997822054 4.09165186441918e-39 2.17318818515032e-08 4.75785931195157e-11 1.79780330249202e-48
0.999999801957359 3.92247797891724e-33 1.94487008826715e-07 3.55563165496205e-09 6.41214788284145e-37
2.0693562758529e-55 1.99532779398651e-67 3.62769838095247e-39 2.61269463741243e-38 1
0.0059070096106093 1.93559956535298e-32 0.968799700718728 0.0252932896706625 3.81237499170453e-23
9.08076369408668e-41 1 3.45176933546301e-39 2.14697791200357e-41 3.45904157336681e-65
5.39178889184883e-13 9.33954283145419e-45 0.0349186259756289 0.965081374023832 2.49122201889644e-42
2.75180641544373e-54 3.33156977412141e-67 4.14547833471215e-44 2.173043210483e-45 1
9.59829519128252e-07 1.31753959649577e-40 0.408978359059657 0.591020681110824 6.4630261019272e-35
1.42416672025535e-49 3.56382188908567e-59 2.32890027489546e-37 1.57252983174186e-39 1
4.50974512286372e-41 1 6.83117861907543e-36 3.02217355967803e-37 6.67145610230732e-60
2.2140351397474e-48 1 2.14290880550792e-47 2.05511625686093e-50 3.75141800664775e-63
1.38215073571064e-55 1.79893554632206e-62 6.20353708418104e-43 2.03618069218684e-41 1
1.45145067484906e-41 1 4.90559602314413e-38 4.27526885029958e-39 3.81492527471201e-66
2.03304963789437e-11 1.20325969645025e-28 0.986199686796312 0.0138003131833575 4.3331115913481e-32
6.95048420921416e-44 1 1.76822731501359e-37 9.31002820669547e-38 2.68892010577298e-62
4.78279905297984e-13 1.63366586563949e-42 0.488751921626925 0.511248078372597 1.26362409821575e-27
7.92036064634568e-43 2.57729714136292e-54 1.25932624622716e-32 6.44205637805466e-33 1
9.13002215123092e-12 4.00365140809865e-34 0.759365343585516 0.240634656405354 2.30105876902949e-38
0.99999999964592 1.90506234353774e-50 3.49336333308257e-10 4.74348922953604e-12 1.05239295171284e-42
0.999999999970018 6.67684251581962e-34 2.77402556743641e-11 2.24152831691242e-12 3.65621670224927e-52
2.55624591241912e-50 1 2.67927423333976e-45 1.30796237655634e-45 3.51799638747926e-65
0.000414578882163984 2.96371928987759e-32 0.995013666047413 0.00457175507042304 6.97259178601082e-41
6.08496647876456e-50 1 7.29841628252788e-46 8.61553008651081e-48 8.44295957528308e-64
6.60466587588916e-55 5.8415635354644e-65 7.82025073976176e-43 6.38332582398637e-41 1
1.60604967268909e-39 1 3.47813831153781e-37 4.50086764127611e-40 2.57566482668185e-60
5.47784230868794e-42 6.62464714062682e-57 1.23709401038461e-33 1.36601044889754e-34 1
0.999999999369898 1.23681079891678e-43 6.29870968229278e-10 2.30446579234758e-13 4.07810255015684e-55
3.87325012704808e-40 1 1.50546366017683e-37 1.04316271754057e-38 1.24006799643365e-63
1.38572470267444e-09 7.5319173786624e-30 0.951749695682276 0.0482503029319991 3.49635971010815e-41
7.93602370763553e-50 1 2.14006320331778e-48 9.9659583647798e-52 4.19941373718581e-63
0.999999988987741 1.74565509824826e-34 1.05597158577157e-08 4.52543578240274e-10 2.71122223440147e-38
5.20183794699393e-44 2.88801678063075e-54 4.67597946017217e-35 2.01845481088082e-37 1
1.33851117579933e-36 1 3.68929102212205e-33 8.24279721618311e-36 2.5728837368871e-60
8.94662406916163e-58 2.52386190398602e-73 1.04370124909079e-43 2.16798966810427e-44 1
3.25722635412003e-36 1 1.30231341170574e-36 1.29805773210424e-38 5.6706368689986e-48
3.06414733274286e-57 4.19557500918862e-60 1.68203019674393e-46 2.80651144575347e-46 1
0.999999999999448 3.49188906222195e-37 5.51393453346509e-13 2.25963296955973e-16 4.85230167383453e-48
1.20327828861572e-48 1 3.10095946507517e-46 1.6003046684282e-48 5.18349057565581e-62
5.06385144349768e-13 5.23810770129379e-30 0.00463610710366529 0.995363892895828 1.93556311675415e-36
6.18612498359015e-35 1 1.51490005853734e-33 2.52517809962375e-36 8.67413069448737e-56
1.34157676839507e-46 6.79585787799927e-55 5.63393352661079e-35 2.28211751992607e-36 1
7.04415874929877e-42 1.4120494127127e-57 4.99492937013393e-34 1.14216955744109e-36 1
4.81300687384004e-53 2.64153647368305e-71 8.18921066929143e-44 2.46975734731756e-43 1
2.21286413839515e-47 1 1.95061371881707e-41 3.8468155755773e-44 1.57658466297333e-59
1.16776238400079e-08 1.36034017317034e-31 0.920982305105092 0.0790176832172841 1.08119266821095e-26
2.14223877098849e-44 3.7701373887686e-48 1.20890077046181e-33 6.772140732159e-35 1
0.99999999987955 2.88735231604372e-34 1.2040632754177e-10 4.34667492904428e-14 2.04747568262411e-46
0.999999997950208 3.60229443919856e-38 2.04652552809025e-09 3.26617674603658e-12 6.20695012537997e-49
5.66355823992164e-39 7.09246046337726e-66 1.95015977674649e-33 6.75966277563598e-34 1
1.81136081368931e-48 1.15629268890678e-72 8.34846181594614e-39 2.57929128693386e-38 1
2.89044801005868e-11 3.41450822019624e-38 0.0240674290357798 0.975932570935316 5.02807333187156e-48
0.999999999880025 2.17964587734511e-43 1.19255212834759e-10 7.2014913277783e-13 6.13997377410562e-49
3.10968319751978e-38 2.60672679410934e-50 5.15553128119735e-29 2.26345885379068e-30 1
1.62735636025506e-47 9.49006223656448e-61 4.54891345401787e-39 3.49949081499621e-38 1
5.4581462540831e-11 5.07039679397431e-43 0.995340781145835 0.00465921879958364 5.28510900442239e-29
3.74900397371907e-35 1 1.08411671713046e-34 6.28852304741848e-37 2.74043072484285e-60
1.99034762088321e-13 5.01046093726162e-31 0.365411590927441 0.63458840907236 1.96763446145693e-43
1.47220445535585e-35 1 6.39957660269154e-37 4.92616449944297e-39 3.89118270837181e-67
1.66259820687358e-08 8.18483699653714e-28 0.952405986023599 0.0475939973504192 9.04099302916648e-28
5.19176160939229e-37 1 7.95317103726144e-36 2.10245271068472e-37 1.06195483987941e-61
0.999999999999901 1.17104685102486e-38 9.79102151566633e-14 1.49783355370013e-15 2.33934502295003e-46
0.999982854349708 6.67937989563075e-43 1.71318760552211e-05 1.37742366052572e-08 3.9220564394331e-44
6.14506205029301e-55 2.4526633218609e-59 5.87749389788992e-43 2.96588989624067e-43 1
0.999999999983058 2.5089227564367e-43 1.69155682362303e-11 2.65347936845576e-14 1.83831698573956e-51
2.48251615545026e-05 5.12065202858947e-46 0.44495972610511 0.555015448733336 7.38687482917348e-32
0.999999999999829 5.6254704723631e-37 1.70419310738586e-13 2.79747674791413e-16 1.30231921734721e-45
0.999999958270555 1.46084966875523e-37 4.17061728171296e-08 2.32727780840179e-11 5.40685267955747e-40
0.999999990155158 7.29623093364202e-46 9.74091345369497e-09 1.03928268800708e-10 1.3615165827757e-45
3.41332461912994e-38 1 4.10793514086922e-32 3.36634451941183e-33 3.57330883073791e-52
0.999999999925876 3.49474489796529e-40 7.40645356620547e-11 5.97191080097382e-14 2.05921103446082e-50
0.99999999999934 2.60223137580541e-43 6.55898766752789e-13 4.47703350076753e-15 1.03214484652903e-43
1.8521473530338e-53 2.18127329227254e-60 3.12743035811365e-40 1.55877959572583e-40 1
1.40979331460508e-38 1 8.63982196487539e-37 6.72146342832387e-39 4.40010283437811e-61
1.07872928780884e-38 1.10130103574025e-55 8.09499597900081e-31 2.44639209351406e-31 1
2.19057256994326e-14 8.15694920149137e-36 0.485915468952866 0.514084531047113 2.49659091008967e-40
0.99999837499363 4.95950314731203e-43 1.61651247292793e-06 8.49389753763389e-09 2.93250639834511e-51
8.78970280499524e-46 5.10298062799461e-55 2.38268765341782e-42 2.36001269919078e-42 1
3.68661547547052e-39 1 6.96654632349194e-38 9.69214623051474e-42 8.08797091652259e-59
2.09414335128647e-59 2.2611976805978e-69 6.14556253525909e-49 1.91078378407609e-46 1
2.08726579524031e-27 1 2.30919832066888e-27 4.52559002506479e-30 1.63400469184306e-55
3.90871677354464e-38 1 1.63479166692097e-29 5.21373328679472e-32 3.92574062884359e-65
1.02343392944183e-28 1 1.23351475601784e-24 2.89632019837094e-29 3.65186044813726e-45
0.999999999997174 1.17632293729548e-38 2.82546142200076e-12 4.06600225382268e-16 3.41681710678608e-56
4.28930402507145e-32 1 1.4386575935387e-28 7.09642640977305e-32 1.49564409763335e-53
0.999999999719331 6.49549122516369e-36 2.78457683840935e-10 2.21125387145084e-12 9.38381841063426e-49
2.93790260300784e-40 1 1.0606473598381e-36 1.05151265509673e-38 1.22522211369486e-63
0.999999991543941 1.86943423198371e-35 8.4470922553792e-09 8.96674402075025e-12 5.30888605549263e-42
2.13558988508161e-43 5.85830800041768e-65 1.25002818301173e-35 1.63579967952792e-35 1
0.999999999999954 3.39986840144021e-40 4.55944493448161e-14 2.01764762730223e-17 7.029563053395e-67
1.28937456233593e-39 1 2.48921111166321e-38 1.78009019876896e-41 4.17825367664805e-48
5.402322413528e-18 2.58295183186644e-33 0.0113015054999333 0.988698494500067 2.09730288204682e-25
1.41222288232799e-42 1 7.60196838919485e-41 5.83401726173919e-42 6.86942476355918e-73
0.999999889187217 3.16585906799501e-34 1.10631392366299e-07 1.81390161411634e-10 3.26271328444512e-40
0.999999999993737 1.55462529937211e-36 6.25946719978277e-12 3.76049480564036e-15 8.66403740193076e-48
0.999999999973007 4.33221858241539e-44 2.6966828120443e-11 2.64799289480299e-14 3.52758252428314e-52
6.77988227529746e-39 1 2.65708029404293e-37 2.3567139070608e-39 3.11800478937414e-61
2.35956791317565e-34 1 4.04006210831047e-35 8.19949328047686e-36 1.45961772985082e-59
