"LD1" "LD2" "LD3" "LD4"
7.97446742181192 -4.24785825274863 0.581069019050734 0.176537342363641
-8.62797275649328 -5.5153899304191 0.398602701932712 -0.538738605642557
-6.84812378163438 -4.40042087519192 1.18279498224812 0.828985343872206
-0.813949117332199 5.36647088454466 -4.61111670521647 2.20333268859274
-8.40031243684183 -6.75765880971767 -0.459099253619464 -0.871037543201483
0.362440645243808 7.05858604809139 1.65958679964076 -0.0616271127189301
-8.49766345333099 -3.47327867064109 -1.4959944304007 -0.904162363797689
-0.0420725489772142 5.79466531775359 -3.17609877005019 0.694185457551561
9.42124853924188 -6.33455214688239 0.524327769156407 2.52860782321443
0.233905436061297 6.40485396977323 3.60372663037035 0.571764816639951
8.16706998961735 -4.52144329938917 2.79359415539356 -0.529708783656617
-8.11679162549919 -5.01548968241634 0.175341629293597 -0.481591889481768
8.46251846970854 -4.6411932393648 0.886618887212747 0.860836584097881
-0.874984177858614 5.55253914605837 3.78272251971768 0.208833038703311
-5.2830877579485 -5.17473743097097 0.650885721630763 0.395859876579191
0.314858559841181 4.12795869217061 -5.58784941098141 -0.0612531516507885
9.5705913920961 -4.76843634475641 1.25710928834764 -0.666933060027387
8.45621981255442 -4.53587599734748 0.463881420674204 1.1897573965629
-7.13291387030978 -5.23448208593254 -1.16210832967432 0.410981029996431
-0.305955379934999 4.56230906986099 3.5869038443559 -0.546083924884283
9.19761766769522 -4.66469833912697 1.24507096669885 1.33793827546559
-7.37984266742953 -2.88205798397746 0.32326687558884 -0.409646577444727
-8.14251659227938 -5.19742372259036 -1.95975131472046 1.2508143622539
7.51638731255036 -5.04109338639899 -0.501669461848201 -0.433255750499374
2.21192703982163 3.90042828246393 -4.98673603286174 2.52090063763664
7.28178657126523 -5.47574311551793 0.635360511998744 -0.926089290733859
-7.34512622893422 -4.67723541637271 0.354571276335546 -2.81458860250032
0.738384779392989 7.03991887677044 0.458421578988264 -1.3428857294522
0.428062732962694 2.68408497838993 -5.32076518339547 0.431231162138956
0.617384117620717 2.40950849227454 -3.94879167898843 0.43305885600558
-0.0491315964240758 8.31135580668524 1.23406578761803 2.15789275371107
10.6049721037467 -3.50739079249577 1.04779294572212 0.656719631777359
-0.0860790673685025 5.95100658789936 2.5272609633002 -0.60887428334245
9.68477404659008 -3.97754734430537 0.730422204441438 0.348560341764883
-8.79683061780824 -6.66050782802681 -0.821310161872835 1.8887086194654
-7.25365693023553 -6.41129305047569 -1.33885395483747 -0.608406394010133
2.34132935615944 5.51249289484308 -1.83655731186478 1.00515849968577
9.59420183757357 -4.87999074459037 0.861435871046778 0.328701864701898
-8.41090090642337 -6.70095392844136 -0.298198005800511 0.282190133048011
7.74931417485869 -4.10009962898104 0.901991854857264 0.675718800600337
1.28914484721928 5.78946260666401 3.9153083467429 -0.434960454538127
9.44692099134421 -5.34267538938465 -0.542803436612838 1.34924408575934
1.36948749019217 2.97109858379289 -3.00785669804309 -0.598904594622557
-7.64408523908431 -6.39350383352666 0.448823275391611 -0.127045638675808
3.33871083904658 5.41145271219183 -4.80698836067926 2.19304306700581
-0.769157638883609 4.18387450322035 -4.17462879198494 -0.565471893374788
10.7271259596074 -4.00240976118084 0.576102015236137 -0.420209042847751
8.57294906966059 -5.22649044885272 -0.0711089834509185 -0.0703280407500428
3.23393610508319 4.61641349081117 -3.98756961532802 -2.77474908105809
7.91571793032185 -5.44526530518324 1.37411052495152 -0.163902440133333
1.51101654482437 3.30193072112076 -0.376025549281065 -0.59898251730584
-0.52702546403364 5.0000089535185 2.01633128362989 -0.249903317737292
-6.92673363537725 -4.60795708925497 -1.50713102784272 0.53930175273769
-8.42022866115186 -5.8343455813162 0.655016299354045 -1.30653946517816
9.25013483594122 -3.300687947529 -0.0440790077496301 -0.564345496241716
9.47856032335126 -5.98447827879862 -0.625844114971092 0.232975190013614
-8.16874363057849 -4.12008313927614 0.332709478980361 -0.0172532700456772
-8.51165664157075 -4.95500441467624 0.423869732926563 0.601801738146168
-1.10638351264266 7.55714851262736 1.98577211862449 -0.46215372564583
-6.95046548909683 -4.73452074096759 -0.00842721931018089 0.961336493537679
7.31335974139169 -4.31279215616966 1.13914795585198 -0.796535968150895
-0.32553290581125 5.28192992476153 -2.28638311607927 -1.53623242184038
-1.17387274643594 5.97899942801116 2.60728235999422 -0.409894571141265
-0.0172505869278891 6.77074039839895 3.49814667952508 0.153401851716545
-0.626155251241258 4.10635008320325 -5.60310607958308 0.300915380827104
9.32617530303986 -5.6385016158306 -0.0127066597372634 -0.279549436753696
-8.04534524465936 -5.07026751328406 0.692173852940549 0.0839007045652445
8.83228701333971 -3.84108629604141 1.49125095857927 -2.36937165751871
-0.0522929660084283 4.72499743025577 1.89341710967026 0.651133896364415
-1.42288668539716 7.36027583287378 3.24035588551635 -1.41191141525304
-1.56434052629548 5.92721809923118 2.32473251114515 0.563492746313424
-7.77353162188786 -5.32243868990671 -0.705328607163552 -0.650264489674268
-8.11016372637219 -5.10390386093423 -1.16604568821993 0.307180942396423
-8.38618645435713 -4.93429961463286 0.394959011523899 0.650861330847759
-1.82386544226676 6.32785253634517 1.86044137745221 1.40853559830785
0.0703546704244863 6.0666900732777 -4.12997309324701 -1.60178307838488
-0.312849177567685 7.48368985328348 2.25972175713306 -0.273184103138815
8.98994576406499 -3.39556590650425 0.207325627773544 -0.172050281846582
-1.28277766875545 6.2026874840267 2.21947481623109 -0.000631648413988596
0.11837983393667 5.26495621449963 -3.95962464316521 0.987494266109535
7.90170754003959 -4.61893238084958 -1.90422906376411 -0.470857441378995
7.74214437687116 -3.52725980430778 -0.228313092544648 2.79026194404385
5.81670446248518 -4.01315007558346 0.238022069146252 -1.15964608177872
-3.56191814184368 7.91642816898841 2.80970809061936 -0.0794395866149314
8.97081516497838 -6.47717947081022 -0.336527404197214 -0.649158623021517
9.36498263054408 -2.62065712534561 2.10186713144785 -0.185618488547183
-8.19062456039866 -5.72000240512296 1.05786960394029 -0.547887289923403
-0.802930490211843 6.57991317489562 1.49360037523585 -0.379261224404248
7.88638371912689 -4.53344958851218 0.703261061496614 -0.0243202888132866
2.3365656689889 4.2081797463492 -4.53537244176592 0.603586874218292
-1.01839665074001 7.37220868137095 1.16291151375155 -0.51081783450464
-7.70099940120624 -5.21386976125702 -1.5187597291698 1.7007429767574
8.95689285705323 -3.41092440474202 0.162242879980244 -0.573773914057831
-9.43157899803065 -4.19324249203924 -0.513744222761718 0.0633140260001593
-8.73185273250262 -5.05443992465688 1.45941422225061 1.98170346819423
0.491523515889009 4.18870450406408 -1.417092058463 -1.6943622608163
-7.73091769128446 -3.23775370841676 0.460859234016085 0.255413944318972
0.279943597149851 4.08311795110766 -4.59977104888599 -0.321981970820861
-8.47620169991511 -4.53480577377718 -0.145746631936782 -0.138284082524229
8.30142262660205 -5.45763482197529 -0.370512651696125 -0.308351477981161
8.48506903229818 -5.75309206357819 0.828472588610897 -1.0748887498843
0.878594889602149 3.88958895071505 -2.81639848273205 1.27527444445677
9.29398345666391 -5.92022050834033 -0.00175436694854596 1.04403471687484
-1.79534947542893 6.13348575565024 1.27810893825943 1.40325105130869
-6.87536064875173 -5.97715457134597 1.97646165920053 0.679094451501712
-8.58176896695702 -3.75796384057561 -0.859252320515884 -0.550187437213267
9.21347403509366 -6.73150201664573 1.18842735148221 0.658907678600683
-9.2318979302399 -4.40562927629696 -0.930506594116262 -1.44789012802899
-1.39068318204353 8.25217907511107 3.22847960408489 -0.227410909297472
0.237862102914001 6.20535146435903 3.49873875649038 0.449951851420721
10.5633472063105 -4.50103768962685 1.14039041328416 0.0807637458591834
0.315542177931198 4.74420910875197 -2.32532480037682 0.425805299991878
-7.53121574373127 -5.56431402310534 -0.289908845290286 0.354630804967124
-1.32208123214672 5.51696577602903 2.73860066268026 -0.756924429005209
-8.11552316825321 -4.05212893187764 -0.348366594580773 0.144583804559302
0.350800308990552 3.88932686588641 -4.68955426780568 1.88942445429026
-1.85489387455444 7.04172462251069 2.58833052227557 -1.01512550254143
-9.76906028273634 -4.31587609549301 -0.680544043770606 1.24164535117949
-8.8390268598723 -6.04919715202009 -0.458492191478651 -0.849955693503806
-0.708798825622908 5.63979785672124 1.40012914003301 -1.44273148062245
-0.221250733328417 3.8232164603791 -4.70055361392685 -1.37788879174481
-1.63609802460772 8.31813909841105 2.84953716513512 -0.546176176331225
8.96813014037498 -6.1507095063825 -0.359538524155131 -0.60772858509048
2.90960701061293 3.60565993628995 -4.06128193402969 0.696035273562295
-8.77010729487234 -5.63442941335911 0.741730272229799 1.50243606881372
0.962784967827711 6.4074066047187 1.98889063731271 0.667484848720971
7.91391373352945 -3.73112892474387 0.488344337485028 -1.1466606141548
0.271588049805789 4.8474847812405 -4.42661866040875 -1.36794113357969
-0.99368101717929 5.77164132880948 3.65272763930187 0.836141015563615
-7.22799104459795 -5.8910411014585 1.50371740985157 2.88126861600092
-8.94946178602967 -6.96450776694354 1.2365436418913 -0.72743616373246
-0.872584246578798 6.14759363111621 2.61005244010036 -1.01655851862278
1.5789955074455 7.30529374383089 2.28962186674729 0.194280045327726
1.61635109686737 5.06494518691606 -4.58348765717113 -0.530350206603592
8.56755376502074 -4.85307226131723 0.147274259511941 -1.48295046145927
-8.69659988595976 -4.88228423958689 -0.33511364751558 0.707309929054835
-8.70921294890229 -3.7102069067159 -2.74851737035507 -0.871009080868275
2.09676058137582 4.51113587511898 -4.96128135313636 -1.66937372817019
-8.3188349788732 -5.69725524884401 -2.73973094192431 -0.0235149830665142
-0.737704950101544 6.84716840884673 2.42844027274438 0.962878559041165
8.33562884185005 -4.11297813256024 -1.02200024392364 1.18492286688607
-6.51961010610346 -4.69292616252404 0.0819054291968022 -0.2877131165696
7.14942657692686 -4.23066639754602 0.513650932563231 0.553114676717451
0.0826962414509876 4.3649832982261 -5.49586060497169 -2.71465126365915
-0.344434210046299 6.76338524574408 2.7107073590004 1.22931076763719
0.0433223452909157 6.13475407162128 1.79983443513221 -0.599081849872993
-0.506179007662641 4.34842597001714 -4.29796847363632 -1.15204314412468
-1.98194043992891 6.98032046599973 2.99712916350218 1.7748204985039
1.82615090572252 3.88702278816566 -3.50129891369151 -0.301180552520292
9.92669168817167 -4.49994153249262 -0.185286972372899 -0.571244721687257
8.45954813639228 -5.28812666012509 3.06688584159089 0.964497692394941
-0.935501717027654 6.96231603938578 2.74064384321392 -0.0154199673154258
-8.73411486397738 -5.61274616409155 -1.62690563623575 -1.99122148387611
1.23711460279783 4.99109953401871 -2.48971814518834 1.04037088928359
8.22211317402904 -7.0593202157524 1.38797824170223 0.501609390626921
-8.76705426013115 -5.01847767797416 0.268901720705491 -0.221232714378075
-9.45615386372579 -5.33945880114638 0.650508159853198 -0.819051284637791
-8.16230358247988 -5.75291066109171 -0.172388920998144 0.00803404213030282
8.47060352465633 -4.80321710829241 2.59998452547895 0.0853492025535906
8.40022493681579 -6.53854663575446 0.862027141942467 -0.48548808914897
1.41056895757881 5.56819045976785 -5.01579213366552 1.93491248481301
0.0536379947968953 5.39665800600692 2.7165664886921 -1.43750703786819
-2.82181789267313 6.55573322908124 2.00593069014535 0.258914498852214
-0.72804380898094 5.13506946712886 2.384108018595 0.20434658214377
-7.9754227645766 -6.06788562677174 -0.637431235502844 -1.59172181170138
9.6065042473727 -3.46529599909088 1.55751849514182 0.83151895410572
-0.451239153379435 7.167248930622 2.09223987043292 -0.0676310747314091
-0.512683611018393 5.14092205788929 1.83666039042068 -0.771478390371143
7.36434198034432 -4.24583894655875 0.481836316351072 -1.43425352492386
0.309579601709945 6.44492497514488 2.56623071533095 0.736231155635327
9.02477219876207 -3.96963569832979 1.27959362037568 0.166128076252526
-9.06022405364631 -4.95581820403787 0.21070237435295 0.20036319066591
-8.87451737500803 -4.7391505999238 -0.797304067407234 1.37796660376435
-8.15664766423204 -4.29430114839492 0.0670666986549641 1.02854904711838
-7.5523475812701 -4.60229919311476 0.548563616830968 0.127212985991924
2.31458890846349 1.76435166249366 -5.32825043663052 2.05201872544178
-6.02006149166492 -4.0101609733716 2.01330578092401 -0.42860330465056
-6.83680719242783 -5.12733274347899 1.47000753715353 0.429760868471317
-8.84197920584024 -7.21667572361912 1.17593752219472 -1.05526789458442
-8.89845729411781 -4.55739616140763 0.214107587833622 -2.50611426698914
-7.72319904107438 -4.4220921978239 1.69729990268638 0.324365588217075
-8.54163197124864 -4.61258779212972 -0.674935233341793 0.647886598173624
0.171338913825337 5.52124673063283 2.10503889368942 -0.924828229389904
0.275655396247563 3.96896103905707 -6.6911498350205 1.89192652057772
-8.28918081058224 -4.27341494762367 0.874927601128733 2.10353317828083
-1.1684545824191 4.95671919187456 3.73984679673235 0.524171727284303
-8.4228614443838 -5.96061299093853 1.16905141552743 -0.279859771261199
-1.81785478456242 6.14598409510996 4.28254315021246 0.15625898741072
8.27052859900345 -4.28703292109276 1.10597516500513 -1.06907967088827
-1.17487607927413 4.50483242797332 -4.3094160461678 -0.661895984244267
8.32431200965381 -3.39472995303898 0.966226214522172 -0.475325007029158
-7.65334723267494 -4.63776417426171 0.654881417143206 -0.20133430071207
-7.01957420786928 -3.87545845950824 -0.404702445250851 -1.22950233354918
0.218477410547749 5.83641525365463 -3.12623094584867 0.374777011142454
-7.03769550318823 -4.29205034070096 0.638600176740365 1.54369689556724
-8.70996450323413 -6.97524637192412 0.632828400910698 -0.160652219124869
0.507567644843346 2.90928162552029 -4.02557988023612 -1.78064232660081
-1.65629104671807 6.60093791842395 2.72315457881521 1.47063838006033
9.63447310240855 -2.12292212425998 1.51691915065208 0.219721381374033
-1.78875743939012 5.03125698223241 3.29326814411739 -0.370324799655556
1.90162288002362 3.22400371069224 -2.9466736139062 -0.460434567791695
-0.279897583835278 7.84671632155932 1.38531471567317 -0.149722700253829
-3.0519805536821 5.31456514644242 1.85677599341221 1.37473429652628
-9.0990641273445 -5.75453037927413 -1.88886291354503 1.22474837738078
-1.23326720839597 5.84753851090976 3.48180015442549 -0.599573912302165
-0.183601196921307 7.26155432963357 1.49483623223335 1.1369030847527
0.953063961419531 6.37984264310993 -3.79788570050624 -0.434127836611976
-6.85694840261918 -5.11488463566274 -1.47487509568102 -0.371966823416853
-9.20621521099835 -4.17394745332379 1.56814475337519 1.87500700225646
-7.9452280681389 -3.01816195534938 -1.40421626562123 -1.44152962641543
0.801099228830321 3.1354408360503 -4.81359934421112 0.569415142200321
0.0111053367559027 5.83079568901966 2.91223668426186 0.605946514143486
-0.771505934628898 6.47108085247764 2.05856505792199 -1.07802279808188
-7.70724785997032 -5.98494769521784 -0.83276779398582 0.604287904059315
0.0665232140107234 6.44708147213937 3.32809808103794 -1.32685272162906
9.19980657433835 -4.48653324834252 0.391802519775313 -0.00514475150198959
0.0173752657037437 5.10569647135605 -0.972752757005115 -0.743827152886134
1.43061290557015 4.45076474266652 -4.52135390038951 1.17763023562387
2.74729155236408 3.67238381089332 -4.10656418510664 0.058127523244089
0.660994061896057 2.37336331730033 -2.85667426776213 1.63897964329027
-8.48218263797605 -4.26547198842571 0.430768664188764 -0.738232234028881
-2.43097289978547 4.95418514410598 3.06398422219028 -0.509818061180551
9.71133884325025 -4.91488378663136 1.20832840249611 -0.178790615179015
-0.923095973223518 5.938032545572 2.26537902946839 -0.95493983405593
6.90961400232152 -5.13748361675167 0.257456878398778 0.643001108960734
-0.494685138183569 3.7548175296492 -3.97389407606322 -2.69410519361846
-0.852176071185426 6.0788403623256 0.856146083992682 -0.829098553505235
8.55543237722895 -4.60748199292502 1.07749183403165 -0.464689379358263
11.0753853853911 -4.96505103127157 -0.0826081948742645 -1.15874614858998
-7.83711596636755 -5.05123494012168 0.540812069520388 -1.82244683778568
0.681700256583961 4.62289254829445 -3.06612797663892 -1.18116712969577
-6.51246608319651 -6.40056226710225 1.48543620931034 -0.724685950216216
-5.58269987182927 -4.60917941930878 -0.899639483896461 2.1222450430445
2.15009383480046 6.13676368651719 -4.39124271008905 -0.829257653453644
-0.507096327101539 5.32335190168858 2.36223780127209 -0.287482302432108
10.0651677989345 -5.85990875597165 -1.20753019489845 -0.386386097462935
8.77063112032833 -5.84501301179042 0.59136638056845 0.348311976316779
-2.08264280005257 8.28600394928061 2.49811603368679 -0.407848055795641
1.22274305551512 3.08538746517927 -5.51566053678343 -1.5228136304563
-0.708927739058051 6.54461354434185 1.68203129306566 0.402457627798566
0.336053967952219 3.33068513151279 -6.19174376227032 -1.68784488230101
-1.0527004757092 6.32539653252537 1.93947502127907 -0.19041587738807
-7.01839998110612 -4.74957624054455 0.159824376788817 0.266729772532861
-0.328549962457559 7.60909398007351 2.62660619095912 2.21720470093578
-1.27332141421823 6.5026276575066 2.62192052869077 -0.412516675719833
-1.07356399214966 6.82396969967895 2.6049788248223 -0.565608344835023
-0.13972106190107 5.45461292252428 1.02995706131533 0.772465160533339
-1.06798994172391 3.60224330382534 3.05373578157006 1.66138251490066
-0.72381287377219 5.81350407183933 1.36076274020355 0.567019533039824
-9.01561572091108 -6.05273161167645 0.506445195789684 1.55395208529632
-0.13032105680516 3.99825958930503 2.00930957706574 -0.94993139556778
-0.43290044310629 4.50480956653113 -3.29121147724255 1.38581138348306
-6.20736429549623 -4.16825016251188 0.143245019545801 -2.70299723475674
0.122112920034247 5.46762739594274 2.10607059026628 1.30052868772125
0.025792337258617 3.16836216498921 -4.5416751730692 2.58505749464084
9.39613946493778 -3.88246550696581 0.06413122097587 1.01357048114931
1.3401874040714 4.35140312866252 -3.84234522529138 -0.310785116217329
-1.37065244707908 5.99788865996902 1.44321089156843 -0.152840940053223
8.56268747600371 -4.88031251001134 0.336953730112715 -0.129850717853289
9.48640132257579 -5.68049542095513 1.81212644000073 -0.989269823257771
-7.09560975499444 -4.87344793194751 -0.224028297815844 -1.24193377337556
8.66150883915282 -4.66893261428763 1.0740582819708 -0.341057288972795
3.30136925836601 4.17818400607231 -5.70151704687503 1.75672744659447
-0.283984977500478 4.82755371079913 2.33612991403254 1.12449326292609
5.92689948528655 -5.06618723137666 0.607493818519344 2.20056923961749
-2.07117514048627 2.94794777210998 4.79934450119232 -1.94390261442075
1.65566814941623 4.41644959641972 -4.44568767521374 0.195411962651413
-6.87104408872627 -3.58211194145887 0.84610158351143 1.11004862341394
0.501818625327561 4.06135150945804 -3.73770640351368 -0.33994961075841
8.46974391391486 -4.08995314457659 1.68038207066599 -0.565349082382518
10.702477539881 -3.68730748000113 0.878920147720084 -1.18887801254143
1.54082997266782 6.09500931720784 -2.62060741766229 -0.991712932848843
0.563755901632745 2.781598670852 -4.20366897768341 -0.594552423598698
10.0261238771029 -5.05818421278645 -1.21924191209412 0.061282964088346
-6.52370325566761 -4.13867043308504 0.726299135433558 -1.8817997891727
-8.92252459807501 -3.55429804391663 0.495654693971718 0.482408198055778
1.67001322324403 5.07750260425666 1.85820062367677 0.560915217845244
7.80489575382738 -4.94742443139639 1.54548825746141 -2.14055967092721
-0.660754071253842 7.47389090449127 0.526870158302503 -0.283365684785911
-0.675004186320943 5.04940012207648 2.24100352228278 -0.116897511749615
-0.537886536901442 5.64975801173939 3.87480866319619 0.332496134968305
8.33545640170312 -4.03521941370322 1.16011397926331 -1.00847282490761
-0.121869199616411 7.40660649463327 1.27058234576886 0.575839780177372
1.94289565833005 3.9530673928625 -4.6112604430796 -0.531257488263931
9.89294776458301 -5.38720561456242 0.00770573543904883 1.60895889660708
2.64264436521949 3.08324442655694 -3.43693257776703 -2.28577319585853
9.91107369747147 -6.04028523088084 -0.353930619777107 0.35912100532763
-7.57550974580537 -6.36033102350484 0.0160536206896608 -1.42344800345638
-0.750335464298029 6.08983284611362 3.67972028072515 -0.111164598095004
2.23687277378471 4.05661027761909 -3.67827441752119 -0.432109844367433
8.79950938578221 -4.05455874830585 0.934591242827312 1.11339946695757
10.0289579973494 -6.21889678544275 1.11698244449481 2.36049348603415
-8.70898797335924 -4.80457579311897 -0.426540533327387 0.638682317400419
-1.96642533255587 6.50691429880842 2.10117398847588 1.51285907002761
-0.921517581420096 5.61409792518984 3.55577249030964 0.133334664967028
-0.29221442493226 4.76669264177797 -3.13536297569409 0.907412428914788
8.76832925124494 -4.61506616473234 0.864693425738364 0.0832210493690053
8.75856520211297 -5.23045553263181 0.562155216754039 -2.2218278973699
-1.79197373115464 6.50644609099622 2.72031967984694 -1.03333427728965
8.66941605074602 -5.38380192121804 -2.04996120716259 1.080731085328
