"LD1" "LD2" "LD3" "LD4"
5.28308775794847 -5.17473743097105 -0.650885721630757 0.395859876579093
8.15664766423197 -4.29430114839502 -0.0670666986549153 1.02854904711825
-0.218477410547662 5.83641525365459 3.12623094584867 0.374777011142421
-10.5633472063106 -4.50103768962671 -1.14039041328419 0.0807637458592483
-0.660994061896039 2.37336331730034 2.85667426776213 1.63897964329027
-8.27052859900354 -4.28703292109269 -1.10597516500513 -1.06907967088838
6.85694840261917 -5.1148846356628 1.47487509568099 -0.371966823416744
9.43157899803061 -4.19324249203931 0.513744222761723 0.0633140260002234
-8.57294906966072 -5.22649044885257 0.0711089834509119 -0.0703280407499624
-8.45621981255451 -4.53587599734742 -0.4638814206742 1.18975739656276
-9.89294776458309 -5.38720561456233 -0.00770573543907771 1.60895889660704
-9.02477219876215 -3.96963569832969 -1.2795936203757 0.166128076252525
6.8368071924278 -5.12733274347905 -1.47000753715353 0.429760868471357
-8.22211317402914 -7.05932021575228 -1.38797824170226 0.501609390626952
8.42286144438379 -5.9606129909386 -1.16905141552746 -0.279859771261106
-0.962784967827556 6.40740660471871 -1.98889063731276 0.667484848721101
1.78875743939025 5.03125698223241 -3.29326814411742 -0.370324799655422
0.121869199616549 7.40660649463327 -1.27058234576887 0.575839780177463
8.76705426013111 -5.0184776779742 -0.268901720705498 -0.221232714377931
1.17487607927415 4.50483242797335 4.3094160461678 -0.661895984244095
1.63609802460797 8.31813909841105 -2.84953716513521 -0.546176176330979
9.76906028273627 -4.31587609549312 0.680544043770653 1.2416453511794
8.11552316825316 -4.05212893187778 0.348366594580812 0.144583804559091
-2.2119270398216 3.90042828246392 4.98673603286174 2.52090063763662
7.55234758127007 -4.60229919311485 -0.548563616830962 0.127212985991883
-7.90170754003972 -4.61893238084952 1.90422906376413 -0.470857441379137
0.660754071253997 7.47389090449123 -0.526870158302526 -0.283365684785869
-8.56268747600384 -4.88031251001127 -0.336953730112693 -0.129850717853459
-1.57899550744538 7.3052937438309 -2.2896218667473 0.194280045327753
-0.336053967952214 3.33068513151281 6.19174376227032 -1.68784488230089
8.92252459807498 -3.55429804391676 -0.495654693971692 0.482408198055652
-0.563755901632788 2.781598670852 4.20366897768346 -0.594552423598794
6.52370325566761 -4.13867043308514 -0.72629913543357 -1.88179978917274
-2.2368727737847 4.05661027761908 3.67827441752121 -0.432109844367518
7.0956097549944 -4.87344793194758 0.224028297815839 -1.24193377337555
6.87536064875173 -5.97715457134602 -1.97646165920057 0.679094451501828
7.13291387030971 -5.23448208593256 1.16210832967432 0.410981029996542
-10.0651677989346 -5.85990875597157 1.20753019489841 -0.386386097462949
0.305955379935112 4.56230906986097 -3.58690384435591 -0.5460839248843
7.64408523908427 -6.39350383352676 -0.448823275391609 -0.127045638675893
8.69659988595973 -4.882284239587 0.335113647515588 0.707309929054789
-8.98994576406509 -3.39556590650414 -0.20732562777354 -0.172050281846607
-0.0536379947967987 5.39665800600689 -2.71656648869209 -1.43750703786824
3.56191814184378 7.91642816898839 -2.80970809061933 -0.0794395866149002
-9.25013483594127 -3.30068794752889 0.0440790077495892 -0.564345496241647
-9.63447310240861 -2.12292212425991 -1.51691915065208 0.219721381373882
-0.309579601709831 6.44492497514486 -2.56623071533095 0.736231155635299
-9.60650424737281 -3.46529599909075 -1.55751849514182 0.831518954105697
-7.31335974139176 -4.31279215616957 -1.139147955852 -0.796535968150881
7.22799104459787 -5.89104110145855 -1.50371740985155 2.88126861600091
-8.4595481363924 -5.28812666012502 -3.06688584159086 0.964497692394753
-7.51638731255046 -5.04109338639892 0.501669461848201 -0.433255750499456
-8.83228701333986 -3.8410862960413 -1.49125095857923 -2.36937165751882
8.70898797335912 -4.8045757931191 0.426540533327482 0.638682317400156
1.56434052629561 5.92721809923116 -2.32473251114517 0.563492746313483
-0.082696241450966 4.36498329822612 5.49586060497168 -2.71465126365903
0.279897583835374 7.84671632155933 -1.38531471567315 -0.149722700253777
1.37065244707925 5.99788865996895 -1.44321089156847 -0.152840940053204
1.2733214142184 6.50262765750657 -2.62192052869081 -0.412516675719742
-11.0753853853912 -4.96505103127145 0.0826081948742556 -1.15874614859002
-0.507567644843385 2.9092816255203 4.02557988023616 -1.78064232660084
8.7099645032341 -6.97524637192418 -0.632828400910726 -0.160652219124769
8.31883497887317 -5.69725524884411 2.73973094192429 -0.0235149830664991
-1.54082997266776 6.0950093172079 2.62060741766227 -0.991712932848654
9.09906412734444 -5.75453037927423 1.88886291354504 1.22474837738075
-8.95689285705336 -3.41092440474192 -0.162242879980213 -0.573773914057939
-1.28914484721917 5.78946260666403 -3.91530834674291 -0.434960454538069
-3.2339361050832 4.61641349081119 3.98756961532805 -2.77474908105816
8.16230358247982 -5.7529106610918 0.172388920998156 0.00803404213026222
-0.237862102913919 6.20535146435905 -3.49873875649036 0.44995185142076
-0.0703546704244636 6.06669007327772 4.12997309324703 -1.60178307838481
-9.47856032335141 -5.98447827879851 0.625844114971105 0.23297519001356
0.626155251241293 4.1063500832032 5.60310607958309 0.300915380827056
-5.81670446248531 -4.01315007558342 -0.238022069146201 -1.15964608177892
8.73185273250258 -5.05443992465696 -1.4594142222506 1.98170346819423
2.82181789267328 6.55573322908127 -2.00593069014539 0.25891449885249
0.921517581420228 5.6140979251898 -3.55577249030965 0.133334664966994
0.0172505869280023 6.77074039839896 -3.49814667952508 0.153401851716583
-2.747291552364 3.67238381089334 4.10656418510658 0.0581275232442262
-0.491523515889011 4.18870450406409 1.41709205846304 -1.69436226081632
-1.94289565833003 3.95306739286251 4.6112604430796 -0.531257488263919
0.344434210046429 6.76338524574402 -2.71070735900039 1.22931076763708
7.65334723267486 -4.63776417426175 -0.654881417143176 -0.201334300712077
0.328549962457667 7.60909398007346 -2.62660619095908 2.21720470093565
-9.19980657433844 -4.48653324834238 -0.391802519775338 -0.00514475150190763
6.84812378163433 -4.40042087519192 -1.18279498224812 0.828985343872352
-0.953063961419461 6.37984264310993 3.79788570050624 -0.434127836611925
-0.23390543606122 6.40485396977316 -3.60372663037029 0.571764816639687
0.494685138183579 3.75481752964923 3.97389407606321 -2.69410519361831
-0.0257923372585768 3.16836216498919 4.54167517306918 2.58505749464085
-8.96813014037511 -6.15070950638236 0.359538524155108 -0.607728585090393
-1.22274305551517 3.08538746517927 5.51566053678348 -1.52281363045638
-2.33656566898886 4.20817974634919 4.53537244176592 0.60358687421824
0.708927739058236 6.54461354434181 -1.68203129306571 0.402457627798621
-1.67001322324392 5.07750260425668 -1.8582006236768 0.560915217845294
0.45123915337954 7.16724893062199 -2.0922398704329 -0.0676310747314028
6.02006149166487 -4.01016097337166 -2.01330578092398 -0.428603304650627
-9.3649826305441 -2.62065712534545 -2.10186713144792 -0.18561848854698
-8.97081516497843 -6.47717947081006 0.336527404197112 -0.64915862302121
-9.39613946493786 -3.88246550696572 -0.0641312209758869 1.01357048114927
-7.74214437687119 -3.52725980430764 0.228313092544582 2.79026194404403
0.872584246578898 6.14759363111616 -2.61005244010034 -1.01655851862288
-3.30136925836599 4.17818400607229 5.70151704687504 1.75672744659437
-9.48640132257589 -5.68049542095496 -1.81212644000076 -0.989269823257588
9.20621521099825 -4.17394745332388 -1.56814475337512 1.87500700225632
0.723812873772282 5.81350407183935 -1.36076274020355 0.567019533039936
-8.30142262660216 -5.45763482197518 0.370512651696108 -0.308351477981124
-1.6163510968674 5.06494518691605 4.58348765717119 -0.530350206603744
8.48218263797598 -4.26547198842576 -0.430768664188733 -0.738232234028835
0.506179007662668 4.34842597001711 4.29796847363634 -1.15204314412474
-8.76832925124508 -4.61506616473217 -0.864693425738367 0.0832210493691134
-2.34132935615933 5.51249289484314 1.83655731186473 1.00515849968597
-0.350800308990479 3.8893268658864 4.68955426780565 1.88942445429033
7.53121574373128 -5.56431402310541 0.28990884529024 0.354630804967252
5.58269987182926 -4.60917941930878 0.899639483896409 2.12224504304472
1.79197373115474 6.50644609099621 -2.72031967984693 -1.0333342772896
0.769157638883589 4.1838745032203 4.17462879198501 -0.565471893374983
-8.79950938578233 -4.0545587483057 -0.934591242827314 1.11339946695762
1.1684545824192 4.95671919187456 -3.73984679673236 0.524171727284346
9.06022405364626 -4.95581820403794 -0.210702374352937 0.200363190665964
-3.33871083904651 5.41145271219184 4.80698836067924 2.19304306700583
8.11679162549916 -5.01548968241645 -0.175341629293592 -0.481591889481835
-9.19761766769533 -4.66469833912687 -1.24507096669884 1.3379382754655
-2.15009383480042 6.1367636865172 4.39124271008906 -0.829257653453622
0.0491315964241949 8.31135580668526 -1.23406578761803 2.15789275371117
1.10638351264278 7.55714851262731 -1.98577211862447 -0.462153725645915
8.87451737500795 -4.73915059992389 0.797304067407276 1.37796660376427
9.23189793023983 -4.40562927629701 0.930506594116277 -1.44789012802888
7.01839998110607 -4.74957624054461 -0.159824376788799 0.26672977253285
-9.57059139209613 -4.76843634475631 -1.2571092883477 -0.666933060027365
0.0860790673685746 5.95100658789935 -2.52726096330017 -0.60887428334251
0.325532905811259 5.28192992476153 2.28638311607931 -1.53623242184041
8.40031243684184 -6.75765880971774 0.459099253619398 -0.871037543201327
7.83711596636745 -5.05123494012176 -0.540812069520343 -1.82244683778574
-1.65566814941619 4.41644959641972 4.44568767521374 0.195411962651412
2.07117514048633 2.94794777210994 -4.7993445011923 -1.94390261442085
0.708798825623036 5.63979785672116 -1.40012914003301 -1.44273148062259
3.05198055368219 5.31456514644235 -1.85677599341218 1.37473429652617
2.4309728997856 4.95418514410593 -3.06398422219029 -0.509818061180564
7.01957420786925 -3.87545845950835 0.404702445250861 -1.22950233354926
8.58176896695699 -3.75796384057568 0.859252320515889 -0.550187437213228
-0.681700256583945 4.62289254829445 3.06612797663895 -1.1811671296958
2.08264280005274 8.28600394928053 -2.4981160336868 -0.407848055795702
0.139721061901182 5.45461292252425 -1.02995706131534 0.772465160533324
0.0522929660084858 4.72499743025576 -1.89341710967024 0.651133896364379
1.07356399214985 6.82396969967887 -2.60497882482233 -0.565608344835072
-8.77063112032844 -5.8450130117903 -0.591366380568475 0.348311976316805
-0.315542177931174 4.74420910875197 2.32532480037685 0.425805299991831
8.04534524465929 -5.07026751328417 -0.692173852940505 0.0839007045650843
-0.617384117620796 2.4095084922745 3.94879167898852 0.433058856005336
0.675004186321058 5.04940012207642 -2.24100352228277 -0.116897511749697
0.52702546403376 5.00000895351845 -2.0163312836299 -0.249903317737326
-7.36434198034444 -4.24583894655867 -0.481836316351054 -1.43425352492396
1.3220812321468 5.51696577602901 -2.73860066268024 -0.756924429005235
-7.91571793032196 -5.44526530518313 -1.37411052495153 -0.163902440133314
-9.92669168817182 -4.49994153249253 0.185286972372945 -0.571244721687438
-8.33545640170319 -4.03521941370309 -1.16011397926335 -1.00847282490749
-0.314858559841188 4.12795869217062 5.58784941098143 -0.061253151650756
-10.7024775398812 -3.68730748000102 -0.878920147720051 -1.18887801254159
0.728043808981075 5.13506946712883 -2.38410801859503 0.204346582143812
9.01561572091108 -6.05273161167655 -0.506445195789717 1.55395208529639
-8.46974391391498 -4.08995314457652 -1.68038207066595 -0.565349082382705
-0.0433223452908027 6.13475407162128 -1.79983443513223 -0.59908184987292
-8.16706998961745 -4.52144329938907 -2.79359415539355 -0.529708783656687
0.31284917756785 7.48368985328337 -2.25972175713305 -0.273184103139006
6.9504654890968 -4.73452074096763 0.00842721931016338 0.961336493537778
8.42022866115182 -5.83434558131629 -0.655016299354043 -1.30653946517818
6.51246608319647 -6.40056226710232 -1.48543620931035 -0.724685950216259
7.25365693023546 -6.41129305047573 1.33885395483745 -0.60840639401
1.28277766875556 6.20268748402669 -2.21947481623109 -0.000631648413949016
-8.33562884185013 -4.11297813256013 1.02200024392361 1.18492286688614
8.38618645435704 -4.93429961463292 -0.394959011523855 0.650861330847725
8.83902685987229 -6.04919715202023 0.458492191478639 -0.84995569350392
-8.6615088391529 -4.66893261428756 -1.07405828197081 -0.341057288972897
8.14251659227928 -5.19742372259044 1.9597513147205 1.25081436225383
-9.71133884325038 -4.91488378663124 -1.20832840249609 -0.178790615179092
0.292214424932319 4.76669264177791 3.1353629756941 0.90741242891468
-0.428062732962608 2.6840849783899 5.32076518339541 0.431231162139043
-10.6049721037468 -3.5073907924956 -1.04779294572213 0.656719631777436
0.53788653690157 5.6497580117394 -3.87480866319622 0.332496134968411
-1.36948749019221 2.97109858379283 3.00785669804316 -0.598904594622821
-1.43061290557008 4.45076474266653 4.52135390038949 1.17763023562395
-8.48506903229824 -5.7530920635781 -0.828472588610945 -1.07488874988426
0.874984177858785 5.55253914605831 -3.78272251971771 0.208833038703271
-8.66941605074608 -5.38380192121795 2.04996120716254 1.08073108532805
1.39068318204365 8.25217907511104 -3.22847960408487 -0.227410909297508
8.47620169991514 -4.53480577377727 0.14574663193674 -0.138284082524135
6.20736429549619 -4.16825016251192 -0.143245019545807 -2.70299723475666
0.85217607118553 6.07884036232556 -0.856146083992681 -0.829098553505289
1.85489387455448 7.04172462251066 -2.5883305222755 -1.01512550254155
-2.09676058137582 4.51113587511902 4.96128135313637 -1.66937372817015
-8.40022493681585 -6.5385466357543 -0.862027141942545 -0.485488089148744
7.70724785997025 -5.98494769521789 0.832767793985827 0.604287904059339
-0.122112920034104 5.46762739594275 -2.10607059026632 1.30052868772139
8.84197920584016 -7.21667572361917 -1.17593752219471 -1.05526789458436
-8.56755376502084 -4.85307226131717 -0.14727425951194 -1.48295046145939
-7.886383719127 -4.53344958851204 -0.703261061496622 -0.0243202888131685
-0.118379833936594 5.26495621449962 3.95962464316519 0.987494266109607
0.923095973223605 5.93803254557197 -2.26537902946837 -0.954939834055961
-5.92689948528665 -5.06618723137656 -0.607493818519354 2.20056923961753
-0.801099228830268 3.13544083605026 4.8135993442111 0.569415142200279
0.802930490211996 6.57991317489557 -1.49360037523587 -0.379261224404266
8.79683061780821 -6.66050782802693 0.821310161872825 1.88870861946534
-7.74931417485878 -4.10009962898093 -0.901991854857273 0.675718800600358
1.42288668539729 7.36027583287374 -3.24035588551633 -1.4119114152531
-8.55543237722901 -4.6074819929249 -1.0774918340317 -0.464689379358151
-0.275655396247567 3.96896103905703 6.69114983502053 1.89192652057763
0.771505934629054 6.47108085247763 -2.05856505792203 -1.07802279808175
-0.738384779392866 7.03991887677038 -0.458421578988257 -1.34288572945233
-8.47060352465642 -4.8032171082923 -2.59998452547896 0.0853492025536151
8.51165664157075 -4.95500441467634 -0.423869732926581 0.601801738146202
7.7231990410744 -4.42209219782395 -1.69729990268641 0.324365588217193
1.82386544226682 6.32785253634512 -1.86044137745215 1.40853559830772
-6.90961400232164 -5.13748361675156 -0.257456878398787 0.643001108960785
-0.501818625327531 4.06135150945804 3.73770640351368 -0.339949610758402
-9.21347403509378 -6.73150201664566 -1.18842735148221 0.658907678600519
-9.32617530304001 -5.63850161583051 0.0127066597372877 -0.27954943675383
1.65629104671819 6.60093791842394 -2.7231545788152 1.47063838006038
-8.32431200965392 -3.39472995303885 -0.966226214522171 -0.475325007029111
-7.28178657126537 -5.47574311551783 -0.635360511998736 -0.926089290733892
8.19062456039855 -5.72000240512306 -1.05786960394023 -0.547887289923546
0.993681017179424 5.77164132880949 -3.65272763930189 0.836141015563745
-2.31458890846348 1.76435166249362 5.32825043663052 2.05201872544166
-9.59420183757366 -4.87999074459022 -0.861435871046817 0.328701864702025
-1.2371146027978 4.99109953401878 2.48971814518834 1.04037088928375
-0.362440645243677 7.0585860480914 -1.65958679964078 -0.0616271127188082
1.01839665074012 7.37220868137098 -1.16291151375156 -0.510817834504502
0.0420725489772437 5.79466531775364 3.1760987700502 0.694185457551681
6.5196101061034 -4.69292616252409 -0.0819054291967879 -0.287713116569591
-1.41056895757878 5.56819045976784 5.01579213366554 1.93491248481295
-0.878594889602117 3.88958895071504 2.81639848273206 1.27527444445671
0.432900443106356 4.50480956653112 3.29121147724253 1.38581138348314
8.49766345333093 -3.47327867064113 1.49599443040072 -0.904162363797585
7.77353162188783 -5.32243868990677 0.705328607163528 -0.650264489674152
-8.7585652021131 -5.23045553263168 -0.562155216754044 -2.22182789736986
8.94946178602964 -6.9645077669436 -1.23654364189133 -0.727436163732345
8.41090090642325 -6.70095392844146 0.298198005800566 0.282190133047861
-7.91391373352961 -3.73112892474377 -0.488344337484976 -1.14666061415494
-2.64264436521953 3.08324442655699 3.43693257776705 -2.2857731958585
0.813949117332293 5.36647088454466 4.61111670521643 2.2033326885929
7.7009994012062 -5.21386976125713 1.51875972916981 1.7007429767573
0.512683611018476 5.1409220578893 -1.83666039042068 -0.771478390371071
8.73411486397732 -5.61274616409163 1.62690563623575 -1.99122148387608
-1.82615090572259 3.88702278816572 3.50129891369157 -0.301180552520293
7.97542276457653 -6.06788562677184 0.637431235502859 -1.59172181170145
-9.29398345666397 -5.92022050834021 0.00175436694849361 1.04403471687492
8.11016372637218 -5.10390386093431 1.1660456882199 0.307180942396472
1.06798994172404 3.60224330382527 -3.05373578157007 1.66138251490054
6.87104408872618 -3.58211194145896 -0.846101583511361 1.11004862341376
-7.80489575382745 -4.94742443139626 -1.54548825746145 -2.14055967092708
1.17387274643605 5.97899942801114 -2.60728235999421 -0.409894571141258
-8.46251846970861 -4.64119323936469 -0.886618887212776 0.860836584097898
0.28398497750059 4.82755371079913 -2.33612991403256 1.12449326292615
8.54163197124858 -4.61258779212979 0.674935233341809 0.647886598173628
-9.42124853924201 -6.33455214688224 -0.524327769156427 2.52860782321448
7.94522806813888 -3.01816195534946 1.40421626562123 -1.4415296264154
-1.9016228800236 3.22400371069219 2.94667361390623 -0.460434567791877
-0.0665232140105808 6.44708147213939 -3.32809808103797 -1.32685272162889
-9.6847740465902 -3.97754734430529 -0.730422204441417 0.348560341764709
0.737704950101691 6.84716840884673 -2.4284402727444 0.962878559041274
-2.90960701061285 3.60565993628991 4.06128193402967 0.696035273562219
-9.44692099134437 -5.34267538938453 0.54280343661286 1.34924408575925
-10.026123877103 -5.05818421278631 1.21924191209409 0.061282964088447
7.34512622893415 -4.67723541637282 -0.35457127633551 -2.81458860250046
-0.171338913825211 5.52124673063279 -2.10503889368943 -0.924828229389939
-7.1494265769269 -4.23066639754595 -0.513650932563275 0.553114676717469
1.96642533255595 6.50691429880837 -2.10117398847585 1.51285907002751
6.92673363537717 -4.60795708925504 1.50713102784274 0.539301752737669
-0.017375265703682 5.10569647135605 0.972752757005118 -0.743827152886099
-10.7271259596075 -4.00240976118067 -0.576102015236184 -0.42020904284759
1.23326720839609 5.84753851090974 -3.4818001544255 -0.599573912302156
-1.34018740407138 4.35140312866255 3.84234522529139 -0.310785116217275
0.935501717027733 6.9623160393858 -2.7406438432139 -0.0154199673153612
0.221250733328441 3.82321646037907 4.70055361392686 -1.37788879174481
8.62797275649326 -5.51538993041916 -0.39860270193273 -0.538738605642445
8.89845729411775 -4.55739616140773 -0.214107587833593 -2.50611426698921
1.81785478456252 6.14598409510994 -4.28254315021243 0.156258987410683
1.79534947542901 6.13348575565022 -1.2781089382594 1.40325105130867
0.507096327101641 5.32335190168854 -2.36223780127208 -0.287482302432148
1.05270047570935 6.32539653252532 -1.93947502127909 -0.190415877388081
8.1687436305785 -4.12008313927624 -0.332709478980378 -0.017253270045681
-9.91107369747161 -6.04028523088069 0.353930619777083 0.359121005327724
-7.97446742181199 -4.24785825274856 -0.581069019050748 0.176537342363569
8.28918081058223 -4.27341494762374 -0.874927601128742 2.10353317828086
8.77010729487229 -5.63442941335914 -0.741730272229806 1.50243606881387
-1.51101654482433 3.30193072112085 0.376025549281035 -0.598982517305622
7.73091769128443 -3.23775370841684 -0.460859234016071 0.255413944318963
0.750335464298153 6.08983284611354 -3.67972028072513 -0.111164598095174
-0.0111053367558411 5.83079568901961 -2.91223668426181 0.605946514143297
0.183601196921433 7.26155432963353 -1.49483623223334 1.13690308475263
7.57550974580528 -6.36033102350494 -0.0160536206896235 -1.4234480034565
9.45615386372577 -5.33945880114648 -0.650508159853201 -0.819051284637787
8.70921294890225 -3.710206906716 2.74851737035508 -0.871009080868269
-10.0289579973495 -6.21889678544259 -1.11698244449487 2.36049348603429
7.03769550318822 -4.29205034070109 -0.638600176740355 1.54369689556709
7.37984266742948 -2.88205798397754 -0.32326687558881 -0.409646577444777
1.98194043992904 6.98032046599965 -2.99712916350215 1.77482049850376
-0.279943597149825 4.08311795110765 4.59977104888599 -0.321981970820823
0.130321056805299 3.99825958930503 -2.0093095770658 -0.949931395567648
-0.271588049805744 4.8474847812405 4.42661866040874 -1.36794113357962
