4.58189825665266e-77 4.47461721311583e-65 1.34597600327741e-36 1
7.9440566158531e-42 0.999999999999999 1.12178738086754e-15 1.2337284460455e-66
2.98074394048081e-53 0.999999999992197 7.80295686523995e-12 1.01764827831072e-66
2.88756992631962e-94 2.5960979342966e-72 4.29017357481109e-47 1
1.23039016281619e-41 1 6.93247682029101e-17 4.49338911977762e-58
7.78649144324979e-40 1 1.49693714232064e-19 3.13566349771466e-66
1 5.9762481983315e-40 1.50743076621014e-39 1.70167878681974e-70
4.77907655857983e-38 1 4.39251875430486e-16 1.35029996565882e-53
1 5.47728866766234e-33 4.19720320379971e-36 1.18099535874886e-59
1.78077268815203e-36 9.51608917086177e-09 0.999999990483911 1.25822379153424e-47
7.74297390416703e-42 1.44002729476773e-12 0.99999999999856 1.21481402736219e-41
1.34425412053249e-51 2.83342682901681e-12 0.999999999997166 1.59902095442909e-49
1 6.72592718052794e-36 1.66934847390055e-32 2.94939403385211e-60
5.81397504469998e-38 0.999999999999996 3.83318805348526e-15 5.58639132642599e-71
1 5.65132647842516e-39 2.06869133648593e-40 6.81079747099475e-72
2.95149307305143e-42 6.69461178988185e-13 0.999999999999331 1.06025631886376e-35
1.27703027332078e-44 0.999999999999999 6.30418520732513e-16 9.40120577652824e-68
3.57830033271908e-82 1.29706365050989e-69 2.97118017481001e-44 1
1 2.51380673105084e-32 1.89425892701373e-36 1.20882148246174e-74
2.71819561797371e-92 7.52902755126041e-56 4.97321976807349e-37 1
1 1.02845364502953e-38 3.16692792328156e-41 1.32862027287039e-80
1 1.33196280058577e-46 1.38549441215119e-49 1.44812226798251e-86
4.02476701169582e-94 2.59409875370117e-68 1.1159151727143e-44 1
1 7.20384320072583e-42 3.68072540879717e-46 3.40637750155754e-80
2.87245012027547e-44 6.4131357886983e-19 1 3.85458513765972e-45
2.10764079978912e-75 2.49698326185691e-58 7.05853636758787e-39 1
1 8.46848354664549e-42 7.15415882956666e-48 1.23209074501694e-84
3.32864250757698e-41 1.18751784321993e-10 0.999999999881248 1.14173871068445e-33
1 3.28851413925507e-51 4.70822265837846e-50 7.02060525780617e-77
9.87940686175253e-46 1.87933822066535e-20 1 1.48143899256001e-45
1 9.33927179638269e-30 1.52370830937259e-34 2.50839713806271e-59
3.45390078480552e-42 0.999999999999826 1.74203089797026e-13 4.86222289960934e-59
1.70922019404468e-45 1 4.52437782243794e-17 2.22116253998866e-69
2.24849183927396e-47 2.54600900252545e-11 0.99999999997454 8.90961250270593e-38
1.56312030242636e-55 5.94732599503641e-11 0.999999999940527 4.90699495512303e-41
1.62279196991259e-50 1 4.90294014592292e-19 6.01270488490493e-76
1.28344589133253e-74 3.67264910155861e-57 5.88339993750911e-37 1
3.50995174356198e-80 8.47441926824231e-61 1.70470732058377e-44 1
1.32750662860896e-86 1.3502572576364e-71 1.65073660584716e-42 1
1.79670182815863e-41 2.07141175175143e-07 0.999999792858825 3.53868617772507e-42
2.72942471213299e-83 7.35849091014132e-73 3.97550585144803e-49 1
1 4.84545427156649e-43 5.62557434893694e-45 4.54407096281063e-76
1 2.69645664661509e-56 4.49655878874708e-62 5.46994587398542e-90
5.93254996709386e-32 1 7.05364306361998e-17 4.91806574854739e-56
1 1.96831123677931e-47 6.56526058505562e-51 1.25304977900307e-96
1 1.25784838256562e-31 1.30617715878904e-33 2.38220266936786e-64
1.28600497841856e-52 5.70187327041956e-17 1 8.77032137875288e-38
1 2.45821223447734e-38 9.39884490208814e-47 1.12329749241189e-80
5.44749089246043e-36 0.999999999999883 1.1742524288739e-13 3.97441421729907e-55
1.15766853276768e-81 1.55399579590129e-50 1.27934788761184e-35 1
6.14886032535372e-52 0.999999999739807 2.60193415105834e-10 2.76654470044975e-61
1.54839908157175e-46 2.35162638789708e-17 1 1.42539335110886e-27
8.97602339819742e-87 6.82172298402599e-61 3.68505365393547e-41 1
5.7607607541175e-77 1.26668259879425e-70 4.22480122334364e-44 1
8.70097355480565e-81 1.72558560561111e-60 6.67299421077056e-42 1
2.02379096594419e-41 0.999999999977853 2.21469644827543e-11 9.61936881938298e-59
1.34384847320002e-80 1.46305463722659e-67 4.03560697269722e-45 1
9.44592828347472e-90 7.31167750924845e-79 1.13261794937141e-48 1
6.52699121651532e-45 1 2.6693494623582e-16 1.82939075960853e-58
1 2.13737529007289e-34 7.91291964042542e-38 2.66284451243549e-76
1 2.29933836204164e-39 1.92588712566295e-35 1.31919788118178e-68
2.20771069318408e-53 1 9.81212634437737e-21 2.42592751201446e-81
2.16686750388592e-77 4.08064320850124e-71 6.32831492969533e-50 1
1 2.10746838216201e-36 1.87581233896322e-37 2.77408426084923e-84
1 2.86793819704602e-49 2.2531373578113e-48 1.10012474758327e-79
1.22805896167868e-39 1.37122154921422e-14 0.999999999999986 1.84773744941494e-31
4.94947551602212e-80 3.0530257689436e-71 7.45912513036524e-50 1
5.41215527188165e-41 1.04690930303207e-16 1 1.89864393073822e-49
4.6798335231985e-39 0.999999999980293 1.97067633024478e-11 5.28379675278158e-59
4.647713479769e-39 0.999999999996449 3.55093315565302e-12 4.31655771399287e-63
4.23711599059669e-51 2.04517495456352e-17 1 2.93281371240544e-40
1 3.8125979813458e-54 1.26127191980508e-57 6.84065428036684e-84
4.47459922250772e-42 2.64719030337803e-11 0.999999999973528 2.41486531786245e-54
1.29017607392189e-55 1.13309048531515e-14 0.999999999999989 5.19202997899903e-46
1.61522924328312e-42 5.36561866281421e-10 0.999999999463438 4.97307676536492e-45
1 6.46669469623905e-52 1.57711650426381e-56 4.82859462126356e-85
1.7003185656705e-36 0.999999999999622 3.77895639466257e-13 1.18578894592171e-54
1.45024750956235e-46 3.11916238388896e-24 1 5.29299763895153e-40
1 2.83781911861732e-47 1.31940167778952e-49 2.27584091415348e-85
4.91285875579669e-44 1 4.19022008736e-20 1.93624355032827e-64
4.55245836071136e-39 0.999999999999316 6.84193611592913e-13 4.39787820453194e-56
1.99331567218153e-66 1.55486313955591e-52 8.42652092222946e-34 1
4.04815698053124e-59 7.8437078240078e-48 2.5362089318412e-27 1
2.84724139729863e-41 0.999999999999997 2.91923379630704e-15 3.29090176819096e-59
4.13198586665866e-45 1 5.00436757452947e-17 4.61137515928257e-70
1 8.90717986782295e-41 3.6353270153804e-42 9.25112412030256e-73
1.20511386243881e-45 0.999999999581375 4.18625363648512e-10 1.88960568449575e-45
1.7877973987509e-38 0.999999999999988 1.14516539080825e-14 2.19130717617893e-59
1.03715466581209e-88 3.35018850177764e-70 6.82979595121173e-46 1
6.18673047276922e-41 2.96190646066182e-20 1 1.37826808267595e-32
2.72141041641055e-53 6.04151799152967e-08 0.99999993958482 2.92098467373543e-36
7.05411136423571e-68 8.05110511708499e-57 6.2989695631163e-34 1
1.19944630573658e-36 3.72672488292376e-16 1 5.84163557053933e-37
5.43727649450783e-41 1 2.81439073446558e-17 6.22194474141584e-63
3.02653705970874e-33 1 1.87535132164274e-17 1.30791801404548e-65
1.46610692976133e-24 1 3.47707235609384e-21 1.87989336512876e-58
3.11025016235438e-50 1.71253663546328e-14 0.999999999999983 1.32324720728039e-48
1 1.49786935357747e-42 5.52597530702488e-48 2.14666753174339e-89
1.51058716229921e-45 0.99999999999996 4.0064629714547e-14 7.41892908325727e-55
3.63650978664346e-73 1.46674590414922e-65 4.45181075686053e-41 1
1 1.03278565220464e-41 6.9939973791655e-48 1.00960288480753e-84
8.08373021281376e-37 0.999999999999413 5.86736523413716e-13 1.75276586781904e-57
1.61703040088938e-84 6.1649371416641e-63 2.52774892626645e-41 1
1 1.0218469773304e-40 3.91928610213767e-41 3.39014370044125e-69
8.53964952222459e-45 0.99999999997999 2.00101080780944e-11 8.15778823139397e-67
8.83103870375658e-48 0.999999999999611 3.885460914758e-13 1.76250752831647e-56
3.53460961618011e-75 2.51390039695512e-56 8.52639815207695e-37 1
1.24532336853244e-55 0.999999999997868 2.13192977702756e-12 1.42306354114378e-55
1 5.02562334816346e-47 5.59247615982765e-38 1.28652548486164e-69
2.77446609530278e-75 3.28445341875377e-63 2.38544411497898e-39 1
1 1.90752415868508e-43 2.76586977088177e-44 1.86538587164384e-80
2.08480265654809e-38 5.06468118587926e-16 1 6.85706415283586e-48
1.97897044590897e-51 2.23758747747844e-17 1 1.51004522140988e-36
1 1.1982257524262e-42 9.77930654729678e-50 1.0710861612636e-73
4.26733574927483e-84 5.13133331120697e-61 4.86302581527425e-40 1
8.86851248114442e-42 0.999999999527665 4.72335188691185e-10 3.08383048365029e-60
2.82343528915121e-39 1 3.06082629277054e-19 3.31441319398604e-66
1 1.08655962726518e-49 4.07695693787025e-54 3.86945787482294e-85
2.78013314090628e-83 2.19191848642793e-61 2.49081537563692e-40 1
1.76637752041119e-41 6.76109929573856e-15 0.999999999999993 1.43225053741362e-44
5.36975245955058e-49 1 2.80307914758679e-18 7.81899548236348e-56
1.48882417086607e-50 0.999999999999929 7.09742643249498e-14 7.93234028407629e-64
6.11207892324911e-38 4.54431914308747e-14 0.999999999999954 2.1747169448452e-43
1 2.57020285990338e-46 3.25610931859576e-45 6.30282912966849e-83
3.49551148408828e-69 7.48171803640835e-58 1.04677406552611e-30 1
1.38076080129159e-55 2.06189057741349e-17 1 1.95231579130252e-33
1.33293339049751e-40 0.999999999995542 4.45774107466022e-12 1.38737320354555e-55
3.38115794968995e-41 0.999999999997021 2.97942968261366e-12 6.30113165132356e-54
1 2.53388733567496e-50 1.18032066849234e-46 1.79777068853341e-75
1 2.28181628307999e-37 9.43101147783369e-42 1.78830981524791e-79
8.3580072834402e-39 0.999999999980752 1.92481536977528e-11 2.0797676461253e-54
1.76460062311691e-42 1 2.09070673868472e-16 7.66882851070151e-77
1 4.03266639373474e-39 1.02269620714016e-40 1.02797492661034e-71
1 3.07774255054487e-28 5.21833882032474e-33 1.58329272022768e-63
1 1.25803880490577e-31 3.46538167473402e-33 1.58750792258826e-70
1.71103878890384e-74 3.2750122295611e-64 6.02636867219035e-43 1
1 3.09556184228773e-46 1.9201820446785e-54 5.19307118435523e-90
3.89617182505975e-49 0.999999999999935 6.52258280503208e-14 1.29439532509016e-68
1.46277166024904e-75 3.51091163499742e-54 9.21858112986151e-38 1
6.98498359283038e-76 1.11447714370387e-62 1.78788288661601e-39 1
5.9025818701883e-77 9.81456032233566e-62 2.08525792766086e-46 1
3.20502423890952e-40 6.08111129734495e-14 0.999999999999939 1.17157786279643e-45
3.59257021703219e-51 0.999999999999593 4.06847412568399e-13 7.21343087783058e-68
4.92379705009135e-52 3.0848572001465e-15 0.999999999999997 2.21285199451233e-48
2.81582160841808e-71 2.16051269028527e-54 3.65647141648617e-31 1
7.28077376793544e-76 9.67020195024698e-55 1.20060422429984e-34 1
2.87179206554889e-44 7.0055882810431e-09 0.999999992994412 2.01539549617322e-49
1 5.24488334366093e-46 5.63478196357969e-47 2.99614523019429e-84
1 9.69768563913546e-50 7.7990540987211e-46 1.29357572530553e-85
1 1.6915710427666e-43 1.74884087405081e-35 9.96340769532855e-62
4.21840904474924e-88 9.95063748216692e-75 2.27708883786158e-47 1
1.06580405404833e-45 4.82065007136703e-12 0.999999999995179 1.5204464382142e-36
1 1.24370707757537e-37 1.02210442025286e-38 2.89477803275548e-69
1 2.33412474051902e-41 1.14377648495568e-49 1.24652910421106e-80
1 1.05210127162883e-45 1.17041922635989e-49 1.28215252221471e-80
5.48313501188998e-43 0.999999999999662 3.37881896859392e-13 3.60760622345711e-64
3.27894138012458e-43 0.999999999999986 1.42710700195662e-14 9.74530866634791e-64
4.73995519314621e-95 3.57734228205429e-65 8.16264889950046e-44 1
1.11740058193729e-42 3.17159943148559e-13 0.999999999999683 1.44126289999379e-48
1 1.68715477679567e-48 1.34758522219704e-51 1.93407039029602e-87
1.0403163212297e-76 2.01838951739676e-59 5.3185188556822e-38 1
1 3.71001697391075e-39 1.28935224880693e-40 1.88750004814219e-71
6.55409035566042e-74 7.7708290122079e-54 2.96761389455437e-36 1
1 3.22819897481462e-45 2.01277016801492e-48 7.40804654446626e-88
1.39757559464612e-32 0.999999999999403 5.96729002978541e-13 3.4437735238599e-64
1.82998519461671e-65 1.18066339244166e-47 2.46625428127497e-31 1
4.73213587384733e-44 0.999999999999998 1.97561741342877e-15 2.53288555057787e-57
1.67182750197802e-55 1.58252485159748e-21 1 6.8619606969732e-32
7.22774591693247e-43 0.999999999999998 2.16530707030309e-15 1.83039107827142e-65
7.43312083005937e-71 2.59497668461747e-54 9.43311240279555e-35 1
1.44115760275862e-43 0.999999999968874 3.11265344326303e-11 2.29665674819737e-52
1 2.19625012132155e-45 1.67993143973677e-44 7.47233784929372e-78
7.07995547300415e-85 4.16769954482145e-58 1.77912883255877e-35 1
1 2.42170069455271e-43 7.98678575751231e-48 2.19646365733886e-87
2.45944373516715e-40 0.999999999999999 7.64411071821408e-16 3.06707336134597e-62
1 2.31351907634403e-53 9.89191785331355e-53 1.86107601916358e-84
5.06865326761341e-84 1.20974315524379e-66 3.13930721009608e-43 1
1.94048052209888e-34 2.90292918855886e-13 0.99999999999971 2.67547561321498e-31
4.7516243695623e-78 1.97374066044515e-68 2.26252963375082e-44 1
7.21733286237615e-46 1 1.03963626109842e-18 2.24140872628919e-72
1 8.41087349442524e-53 1.67296251304461e-50 8.13428402139191e-90
3.392681946452e-91 3.28020176271648e-64 8.03807935079213e-43 1
1.42188972711678e-74 3.74231656903706e-63 1.3917684444809e-39 1
2.20914289666844e-69 4.96947408939154e-52 4.30582636120484e-32 1
9.88034780298489e-69 1.33587463341457e-59 1.27836171170398e-36 1
8.35546446903688e-48 1 6.44641084186938e-17 5.08016035943925e-66
1 1.39140114962845e-33 1.01507038885067e-40 2.01678746395242e-77
3.18437085993026e-76 1.38418711307769e-64 4.75268973081885e-43 1
1 1.40618857860218e-35 2.94083172845982e-39 1.49746710326738e-71
1.76432872865126e-78 2.94099057391631e-54 7.79367209404137e-34 1
3.71879401800417e-49 1 1.02998647160383e-20 1.84330434063578e-68
9.21504757964165e-50 0.999999999996691 3.30887289937957e-12 2.38019824249621e-55
1 2.09888592994155e-37 1.0652824898615e-41 1.72501332197962e-71
4.34717179058408e-48 1 2.47653412882205e-18 3.77890341844006e-62
3.61922150127032e-40 2.66512970577175e-14 0.999999999999973 4.63796483053069e-41
1.92561564527671e-46 1 6.65888677283459e-19 8.48554118513029e-64
4.06136331654452e-81 6.31136806560958e-63 1.40910090477795e-39 1
7.02529205153034e-39 5.94338869482392e-17 1 1.24898174666295e-40
1 1.28720133798759e-46 2.12545084601767e-46 4.30559838747788e-85
8.18042297024353e-82 6.22906383942068e-64 5.00212642056551e-42 1
1.87462835444391e-83 3.85587061079682e-72 2.0545547341299e-46 1
2.29770825757974e-39 1.29603419120447e-13 0.99999999999987 3.02898959873893e-46
7.35115544052488e-35 1.989443824678e-16 1 5.15908608261043e-34
1.90757284943666e-85 1.84993890732918e-66 1.61536751060733e-44 1
3.40711203484314e-47 6.47446609563258e-14 0.999999999999935 3.95790402075941e-39
4.29804175932561e-52 1 1.13448399487994e-19 4.66386976780025e-76
4.84050026510377e-66 8.17324408003251e-48 5.06437059229767e-28 1
4.08547693616931e-46 8.43023082822694e-11 0.999999999915698 1.60000864738927e-48
1.80613923326757e-40 1.8059824222366e-12 0.999999999998194 9.76450656865522e-48
1.57790163708148e-59 7.89147567637668e-45 2.05447616485357e-28 1
1.31534297775768e-51 2.55939571161574e-16 1 2.62097745827364e-39
1 6.93277409848246e-45 4.68123959239451e-47 1.42624128041511e-80
1 1.89379069502939e-48 6.30757126450318e-53 1.35643746687428e-85
4.57034856348665e-83 2.77960323545996e-62 5.35475582023413e-45 1
9.95406280335271e-51 9.20421737584238e-15 0.999999999999991 1.35212679114694e-43
9.96248519632656e-46 2.00603881007807e-06 0.99999799396119 1.04185648794096e-50
1 6.95478310870387e-41 6.090813101697e-40 8.10785623456552e-85
1.08645955256721e-42 0.999999999999993 6.82791827739334e-15 2.29013179559404e-62
1.17093518717232e-44 0.999999999981074 1.8925666539756e-11 7.63962823460855e-62
1.42531092241245e-51 1.38329005524919e-17 1 5.61440003878992e-32
1.9152934482229e-74 7.5956848382135e-60 2.01266464737725e-40 1
4.65140740222623e-88 1.19602812301799e-67 5.04077728068117e-44 1
1 1.6148612270179e-56 2.11588283233025e-56 1.1271924395891e-86
7.37544687078983e-48 0.999999999999815 1.848433741032e-13 1.54782005292362e-67
6.16169383004431e-74 4.66755285515304e-56 5.75250396993185e-35 1
1 7.67265872308015e-48 1.67210083224178e-49 2.84759857283508e-82
1.17103076542004e-40 0.999999999999936 6.3802719441312e-14 4.08933503339869e-66
4.42024672652138e-50 1.62014356160583e-14 0.999999999999984 7.20603808188835e-34
5.68654433775693e-36 0.999999999902875 9.71247158407598e-11 7.32696748142738e-51
2.20944863691145e-54 0.999999999999999 1.36219207291178e-15 1.03154572516723e-64
1.44693091311612e-40 5.70892523314937e-11 0.999999999942911 8.47591087105967e-34
1 1.73356012701572e-45 1.88374634198425e-44 2.44607779118767e-81
1.05487285550537e-48 0.999999999999499 5.00779740958144e-13 1.09855140600855e-71
3.17287466191391e-85 5.50387168971239e-72 2.18016877024542e-44 1
5.88108885812497e-37 0.999999999979419 2.05805948768219e-11 1.58023004099049e-48
1 7.21713040044686e-43 1.27263065059075e-47 5.89973668935391e-84
3.10292745946677e-78 1.34996949981402e-68 7.1759490584487e-47 1
2.19725803808006e-43 0.999999999971897 2.81029854905319e-11 7.17888865793307e-57
3.81152351390554e-50 0.999999999999581 4.1864043634771e-13 4.16544882524837e-62
2.99484848376855e-38 0.999999999999588 4.12184355934391e-13 1.18237552897169e-67
1 2.39169830047767e-47 2.50408723131564e-47 8.62099724381114e-90
5.12034229152391e-43 1.0231150169283e-14 0.99999999999999 3.5505198454248e-43
1 7.39211220538525e-47 2.36723264715608e-52 1.88296620891135e-78
1 2.21747461660719e-48 2.24794773103924e-48 2.1415283736209e-80
2.08069560016001e-50 1 5.02742427666307e-20 7.37726446017204e-83
3.88526694830909e-41 1.12153421751126e-20 1 1.17990635981826e-29
4.52515325849572e-43 0.999999999999986 1.44109668144192e-14 9.74010616485178e-66
1 1.49411714972332e-42 2.78979296093773e-47 4.16891955463775e-86
1 5.85460765944926e-50 2.03910113666279e-47 6.35501224976566e-85
1 1.00259015729963e-42 1.49197489670334e-40 1.09111709822965e-74
1.74649271917803e-82 1.39867868283496e-64 3.16911193831362e-44 1
1 6.72864054795216e-40 2.27171342155104e-46 3.1602673429535e-90
1.16153556997506e-92 2.36993734275932e-68 7.8568208930892e-47 1
1.40548876668947e-52 0.999999982628293 1.73717070143975e-08 1.44365147662588e-54
8.77353998670616e-46 0.999999999999673 3.27045803672674e-13 1.0467134775857e-60
1 2.71352915361949e-50 2.76451723173409e-53 3.28051248647906e-85
2.77941955406047e-48 7.50818687418065e-24 1 1.86898895560627e-44
1 3.43252771126531e-44 5.07949641244959e-43 3.32023135671921e-79
2.34376430264281e-84 5.66871111764254e-71 3.96198226332761e-46 1
7.60588350840892e-38 0.0104175375507477 0.989582462449252 2.1579315354477e-43
1 4.45940136152157e-47 7.64387153075054e-52 4.07131587020131e-81
2.64756161179216e-84 2.0723442015743e-68 7.79833800735343e-49 1
1.1324781829737e-44 1 6.31969341506269e-17 9.23358850661423e-59
3.89877235112859e-92 9.48747709340405e-76 1.06720480209792e-46 1
1 6.91509479869472e-43 3.54074617454627e-38 5.16234959883494e-85
1 2.22434542922976e-44 5.46911302237997e-48 7.32971889918491e-69
4.56407053123633e-43 0.999999999999998 2.29507803721715e-15 9.62118863779341e-66
6.67937580383476e-50 1 5.08291186930562e-19 6.62561986720047e-72
1 2.4142442539269e-43 1.4116028509212e-41 4.96624829056042e-80
1 3.97177522224574e-50 1.63260501944343e-53 1.38951354924224e-82
3.06639139655395e-38 0.999999999999999 1.21594237370335e-15 1.41763423739091e-66
1.34099592278295e-79 4.46217082676228e-58 2.39298514900341e-36 1
3.09685672719999e-84 8.77874971537651e-62 6.05600080591836e-41 1
2.09145204107727e-40 2.81362863542829e-07 0.999999718637136 2.05638834541827e-46
2.86127398462512e-59 1.65609701456518e-53 7.20283421797833e-33 1
5.04060777471952e-64 7.43009931437519e-19 1 4.50346502535104e-36
1 5.68285502971225e-53 3.19875011009424e-53 8.30989626722479e-84
3.31408364336009e-52 1.77522650054925e-17 1 3.77401604280047e-36
1 2.90458486569904e-40 2.93892684290614e-45 3.32897800451898e-81
1.41019787077392e-42 0.999999999999928 7.18698087589532e-14 1.38046794441187e-60
1.71309565230055e-36 0.999999999999998 1.87432145973677e-15 4.13930134934412e-55
3.46109553104901e-45 5.74487004618256e-17 1 4.42577849836053e-33
1 1.32923539477957e-41 1.09751782040876e-41 4.25031904303028e-84
1.90580461643021e-39 0.999999999999983 1.68811062599291e-14 2.79440833988482e-68
1.0195763071564e-73 6.20166085818609e-60 7.42599916825377e-38 1
3.10627507619512e-56 1.14776383520167e-18 1 6.43525562484248e-37
1 2.97561112499331e-49 8.1537781930859e-54 1.20563433688254e-89
1 1.92294207633359e-48 2.27653071972588e-53 2.31335935566494e-90
5.14121056027092e-85 1.71767320752494e-64 6.37723978408832e-44 1
1.94760713073299e-38 3.49790421699665e-16 1 4.02781213483964e-40
5.9924891206276e-52 0.999999999999998 2.25931722366035e-15 3.64830534028927e-57
2.95581943984898e-45 3.36704205353205e-12 0.999999999996633 3.33434269040287e-40
2.8567401416207e-84 2.47200406615267e-69 1.56375715177538e-49 1
5.38700812376899e-46 0.999999999999998 1.78349060624447e-15 3.22577374690899e-68
1 2.04340794336117e-43 3.65186474341183e-44 4.62893781418378e-75
4.38637107521418e-41 2.30474124399494e-08 0.999999976952588 2.13697573863206e-24
3.79020170133342e-46 1.81685892727755e-23 1 5.37690295604505e-35
1.31926808697259e-88 3.05062744015743e-63 1.33571097809472e-38 1
5.83458372696431e-42 0.999999999986674 1.33262149665915e-11 7.4507441258847e-59
2.60602683293343e-84 7.1531205045556e-64 3.06916528058868e-41 1
