6.55409035566247e-74 7.7708290122089e-54 1 2.96761389455492e-36
1.17093518717262e-44 0.999999999981074 7.63962823460963e-62 1.89256665397567e-11
3.81152351390667e-50 0.999999999999581 4.16544882524896e-62 4.18640436347725e-13
4.34717179058526e-48 1 3.77890341844028e-62 2.47653412882217e-18
5.76076075411946e-77 1.2666825987945e-70 1 4.2248012233446e-44
9.87940686175478e-46 1.87933822066543e-20 1.48143899256031e-45 1
3.32864250757755e-41 1.18751784321991e-10 1.14173871068453e-33 0.999999999881248
1.23039016281643e-41 1 4.493389119778e-58 6.9324768202914e-17
3.27894138012533e-43 0.999999999999986 9.74530866634874e-64 1.42710700195667e-14
1.15766853276808e-81 1.55399579590145e-50 1 1.27934788761206e-35
1 2.13737529007344e-34 2.66284451243625e-76 7.912919640427e-38
1 7.20384320072757e-42 3.4063775015586e-80 3.68072540879826e-46
3.6365097866449e-73 1.46674590414956e-65 1 4.45181075686173e-41
1 5.65132647842645e-39 6.8107974709963e-72 2.06869133648637e-40
4.47459922250867e-42 2.64719030337812e-11 2.41486531786296e-54 0.999999999973528
2.60602683293432e-84 7.15312050455682e-64 1 3.06916528058934e-41
1 1.68715477679617e-48 1.93407039029662e-87 1.34758522219744e-51
1.87462835444439e-83 3.85587061079737e-72 1 2.05455473413022e-46
2.77446609530372e-75 3.28445341875423e-63 1 2.38544411497935e-39
4.92379705009261e-52 3.08485720014648e-15 2.21285199451277e-48 0.999999999999997
1.76460062311721e-42 1 7.66882851070216e-77 2.09070673868481e-16
1.3329333904978e-40 0.999999999995542 1.38737320354571e-55 4.45774107466047e-12
1.6718275019784e-55 1.58252485159751e-21 6.86196069697427e-32 1
2.71819561797472e-92 7.52902755126148e-56 1 4.97321976807455e-37
1 1.89379069502995e-48 1.3564374668747e-85 6.30757126450497e-53
1 5.97624819833337e-40 1.70167878682032e-70 1.50743076621063e-39
7.05411136423731e-68 8.05110511708613e-57 1 6.29896956311738e-34
1.22805896167889e-39 1.37122154921422e-14 1.8477374494152e-31 0.999999999999986
9.95406280335526e-51 9.20421737584283e-15 1.35212679114715e-43 0.999999999999991
1.61703040088988e-84 6.1649371416648e-63 1 2.52774892626699e-41
1.31926808697304e-88 3.05062744015778e-63 1 1.33571097809497e-38
1 1.03278565220488e-41 1.00960288480782e-84 6.99399737916689e-48
1.38076080129196e-55 2.06189057741345e-17 1.95231579130279e-33 1
2.2077106931847e-53 1 2.42592751201473e-81 9.81212634437716e-21
1 3.07774255054544e-28 1.58329272022791e-63 5.21833882032563e-33
2.45944373516778e-40 0.999999999999999 3.06707336134632e-62 7.6441107182143e-16
5.12034229152493e-43 1.02311501692831e-14 3.55051984542551e-43 0.99999999999999
7.60588350841044e-38 0.0104175375507475 2.15793153544801e-43 0.989582462449253
3.31408364336094e-52 1.77522650054933e-17 3.77401604280112e-36 1
1 6.93277409848394e-45 1.42624128041539e-80 4.68123959239551e-47
1.44115760275897e-43 0.999999999968874 2.2966567481977e-52 3.11265344326318e-11
1 1.02845364502982e-38 1.32862027287073e-80 3.16692792328237e-41
6.5269912165169e-45 1 1.82939075960868e-58 2.66934946235831e-16
2.24849183927444e-47 2.54600900252551e-11 8.90961250270707e-38 0.99999999997454
1 2.42170069455336e-43 2.19646365733948e-87 7.98678575751435e-48
1.79670182815901e-41 2.07141175175141e-07 3.53868617772563e-42 0.999999792858825
1.42531092241283e-51 1.38329005524919e-17 5.61440003879064e-32 1
2.78013314090675e-83 2.19191848642806e-61 1 2.49081537563716e-40
4.91285875579794e-44 1 1.93624355032844e-64 4.19022008736024e-20
1 5.24488334366265e-46 2.99614523019557e-84 5.63478196358153e-47
2.86127398462545e-59 1.65609701456521e-53 1 7.20283421797904e-33
2.20944863691236e-54 0.999999999999999 1.03154572516738e-64 1.36219207291186e-15
1 8.46848354664753e-42 1.23209074501729e-84 7.15415882956839e-48
1 2.86793819704675e-49 1.10012474758359e-79 2.25313735781188e-48
4.08547693617053e-46 8.43023082822697e-11 1.60000864738956e-48 0.999999999915698
1 6.95478310870564e-41 8.10785623456852e-85 6.09081310169838e-40
2.82343528915181e-39 1 3.31441319398641e-66 3.06082629277074e-19
6.67937580383694e-50 1 6.6256198672016e-72 5.08291186930583e-19
1 1.73356012701609e-45 2.44607779118851e-81 1.88374634198462e-44
2.72942471213392e-83 7.35849091014257e-73 1 3.97550585144905e-49
1.82998519461728e-65 1.18066339244183e-47 1 2.46625428127542e-31
3.11025016235531e-50 1.7125366354633e-14 1.32324720728069e-48 0.999999999999983
1.42188972711694e-74 3.74231656903716e-63 1 1.39176844448102e-39
2.08069560016075e-50 1 7.37726446017308e-83 5.02742427666317e-20
1.11740058193759e-42 3.17159943148574e-13 1.4412628999941e-48 0.999999999999683
3.88526694831014e-41 1.12153421751134e-20 1.17990635981838e-29 1
1.03715466581235e-88 3.35018850177802e-70 1 6.82979595121261e-46
4.75162436956459e-78 1.97374066044582e-68 1 2.26252963375146e-44
1 3.81259798134721e-54 6.84065428036917e-84 1.26127191980554e-57
1.94048052209929e-34 2.90292918855892e-13 2.67547561321532e-31 0.99999999999971
1 2.22434542923036e-44 7.32971889918678e-69 5.46911302238152e-48
1.74649271917852e-82 1.39867868283516e-64 1 3.16911193831425e-44
1 1.08655962726546e-49 3.86945787482404e-85 4.07695693787129e-54
9.21504757964467e-50 0.999999999996691 2.38019824249642e-55 3.30887289937962e-12
8.53964952222641e-45 0.99999999997999 8.1577882313949e-67 2.00101080780941e-11
8.35800728344139e-39 0.999999999980752 2.07976764612541e-54 1.92481536977528e-11
1 2.33412474051958e-41 1.24652910421135e-80 1.14377648495596e-49
1 1.69157104276703e-43 9.96340769533166e-62 1.74884087405125e-35
1 4.45940136152284e-47 4.07131587020247e-81 7.64387153075261e-52
1 3.22819897481544e-45 7.40804654446858e-88 2.01277016801547e-48
3.02653705970925e-33 1 1.30791801404563e-65 1.87535132164279e-17
8.77353998670803e-46 0.999999999999673 1.04671347758576e-60 3.27045803672678e-13
9.88034780298629e-69 1.33587463341472e-59 1 1.27836171170416e-36
8.08373021281559e-37 0.999999999999413 1.75276586781929e-57 5.86736523413741e-13
1 1.00259015729992e-42 1.09111709823003e-74 1.49197489670368e-40
1 5.68285502971411e-53 8.30989626722786e-84 3.19875011009524e-53
1.97897044590953e-51 2.23758747747857e-17 1.51004522141022e-36 1
1 4.84545427156787e-43 4.54407096281218e-76 5.62557434893854e-45
1.90580461643059e-39 0.999999999999983 2.79440833988529e-68 1.68811062599293e-14
5.93254996709495e-32 1 4.91806574854753e-56 7.05364306361998e-17
1 1.96831123677981e-47 1.25304977900343e-96 6.5652605850572e-51
1.29017607392227e-55 1.1330904853152e-14 5.19202997900014e-46 0.999999999999989
3.38115794969081e-41 0.999999999997021 6.30113165132419e-54 2.97942968261369e-12
2.10764079978978e-75 2.4969832618572e-58 1 7.05853636758908e-39
7.2173328623782e-46 1 2.24140872628944e-72 1.0396362610985e-18
1 5.85460765945075e-50 6.35501224976746e-85 2.03910113666326e-47
1 2.04340794336172e-43 4.62893781418523e-75 3.65186474341271e-44
1 2.5338873356755e-50 1.79777068853387e-75 1.18032066849254e-46
8.18042297024655e-82 6.22906383942209e-64 1 5.002126420567e-42
4.42024672652276e-50 1.62014356160592e-14 7.20603808188927e-34 0.999999999999984
2.08480265654833e-38 5.06468118587944e-16 6.85706415283742e-48 1
7.78649144325156e-40 1 3.13566349771493e-66 1.4969371423207e-19
1 1.33196280058613e-46 1.44812226798304e-86 1.38549441215156e-49
1 2.39169830047832e-47 8.62099724381359e-90 2.5040872313162e-47
1.62279196991291e-50 1 6.01270488490561e-76 4.90294014592299e-19
5.68654433775814e-36 0.999999999902875 7.32696748142822e-51 9.71247158407635e-11
3.71879401800539e-49 1 1.84330434063599e-68 1.02998647160385e-20
7.3754468707915e-48 0.999999999999815 1.54782005292384e-67 1.84843374103206e-13
1 8.41087349442716e-53 8.13428402139422e-90 1.67296251304494e-50
5.43727649450915e-41 1 6.22194474141637e-63 2.8143907344657e-17
1 5.47728866766343e-33 1.18099535874902e-59 4.19720320380049e-36
1 1.19822575242648e-42 1.07108616126381e-73 9.77930654729914e-50
1 2.90458486569979e-40 3.32897800451993e-81 2.93892684290689e-45
2.87245012027612e-44 6.41313578869848e-19 3.85458513766049e-45 1
1 3.7100169739117e-39 1.88750004814267e-71 1.28935224880721e-40
1 1.90752415868552e-43 1.86538587164442e-80 2.76586977088248e-44
4.02476701169742e-94 2.59409875370162e-68 1 1.11591517271447e-44
4.57034856348795e-83 2.77960323546036e-62 1 5.35475582023535e-45
1 2.28181628308051e-37 1.78830981524842e-79 9.43101147783584e-42
4.6798335231997e-39 0.999999999980293 5.28379675278233e-59 1.9706763302448e-11
1 1.40618857860242e-35 1.49746710326768e-71 2.94083172846037e-39
6.16169383004606e-74 4.66755285515357e-56 1 5.75250396993283e-35
3.49551148408927e-69 7.48171803640877e-58 1 1.04677406552626e-30
1 3.2885141392561e-51 7.02060525780856e-77 4.70822265838e-50
1 9.33927179638482e-30 2.50839713806342e-59 1.523708309373e-34
4.23711599059778e-51 2.04517495456355e-17 2.93281371240603e-40 1
1.56312030242676e-55 5.94732599503662e-11 4.90699495512386e-41 0.999999999940527
1.24532336853296e-55 0.999999999997868 1.42306354114393e-55 2.13192977702763e-12
2.88756992632036e-94 2.59609793429675e-72 1 4.29017357481158e-47
1.78779739875126e-38 0.999999999999988 2.19130717617905e-59 1.14516539080825e-14
2.81582160841856e-71 2.16051269028542e-54 1 3.65647141648653e-31
3.89877235113025e-92 9.48747709340567e-76 1 1.06720480209816e-46
5.36975245955226e-49 1 7.81899548236459e-56 2.80307914758703e-18
1 2.8378191186182e-47 2.27584091415413e-85 1.31940167778987e-49
3.50995174356307e-80 8.47441926824375e-61 1 1.70470732058413e-44
6.14886032535564e-52 0.999999999739807 2.76654470045023e-61 2.6019341510584e-10
7.07995547300636e-85 4.16769954482181e-58 1 1.779128832559e-35
1.70922019404514e-45 1 2.22116253998885e-69 4.52437782243803e-17
3.53460961618101e-75 2.51390039695541e-56 1 8.52639815207828e-37
4.13198586665983e-45 1 4.61137515928322e-70 5.00436757452972e-17
1.51058716229955e-45 0.99999999999996 7.41892908325801e-55 4.0064629714549e-14
1 2.21747461660773e-48 2.14152837362151e-80 2.24794773103972e-48
4.65140740222794e-88 1.19602812301819e-67 1 5.04077728068224e-44
1 1.92294207633416e-48 2.31335935566573e-90 2.27653071972649e-53
1.71309565230089e-36 0.999999999999998 4.13930134934447e-55 1.87432145973689e-15
6.98498359283217e-76 1.11447714370397e-62 1 1.78788288661634e-39
1.78077268815239e-36 9.51608917086191e-09 1.25822379153449e-47 0.999999990483911
1.61522924328349e-42 5.36561866281413e-10 4.97307676536569e-45 0.999999999463438
1 3.97177522224653e-50 1.3895135492426e-82 1.63260501944377e-53
1.7663775204116e-41 6.76109929573885e-15 1.4322505374139e-44 0.999999999999993
3.10292745946765e-78 1.34996949981425e-68 1 7.17594905845013e-47
1.13247818297407e-44 1 9.23358850661475e-59 6.31969341506304e-17
1 2.51380673105145e-32 1.20882148246209e-74 1.89425892701419e-36
1.90757284943737e-85 1.84993890732949e-66 1 1.61536751060768e-44
2.02379096594476e-41 0.999999999977853 9.6193688193838e-59 2.21469644827549e-11
1 2.69645664661593e-56 5.46994587398729e-90 4.49655878874836e-62
1 1.0521012716292e-45 1.28215252221526e-80 1.17041922636027e-49
4.06136331654591e-81 6.31136806561065e-63 1 1.40910090477825e-39
1.31534297775805e-51 2.55939571161587e-16 2.62097745827412e-39 1
2.95581943984969e-45 3.3670420535321e-12 3.33434269040335e-40 0.999999999996633
1 1.25784838256577e-31 2.3822026693682e-64 1.30617715878917e-33
1 1.32923539477999e-41 4.25031904303185e-84 1.09751782040907e-41
1.92561564527726e-46 1 8.48554118513102e-64 6.65888677283511e-19
5.48313501189114e-43 0.999999999999662 3.60760622345773e-64 3.37881896859408e-13
1.70031856567086e-36 0.999999999999622 1.18578894592183e-54 3.77895639466265e-13
1.46277166024954e-75 3.51091163499797e-54 1 9.21858112986335e-38
4.55245836071259e-39 0.999999999999316 4.39787820453251e-56 6.84193611592947e-13
5.81397504470138e-38 0.999999999999996 5.58639132642663e-71 3.83318805348524e-15
3.59257021703347e-51 0.999999999999593 7.21343087783222e-68 4.06847412568413e-13
6.11207892325024e-38 4.5443191430876e-14 2.1747169448456e-43 0.999999999999954
2.72141041641136e-53 6.04151799152991e-08 2.92098467373576e-36 0.99999993958482
3.39268194645344e-91 3.28020176271704e-64 1 8.03807935079396e-43
1.06580405404865e-45 4.82065007136716e-12 1.52044643821441e-36 0.999999999995179
4.94947551602366e-80 3.05302576894395e-71 1 7.45912513036682e-50
1.41019787077422e-42 0.999999999999928 1.38046794441207e-60 7.1869808758956e-14
1.34099592278337e-79 4.46217082676279e-58 1 2.39298514900375e-36
8.70097355480788e-81 1.7255856056113e-60 1 6.6729942107717e-42
1.0548728555057e-48 0.999999999999499 1.09855140600871e-71 5.00779740958149e-13
1 2.09888592994203e-37 1.72501332198006e-71 1.06528248986175e-41
1 5.02562334816489e-47 1.28652548486204e-69 5.59247615982916e-38
5.1412105602734e-85 1.71767320752538e-64 1 6.37723978409013e-44
3.18437085993135e-76 1.38418711307793e-64 1 4.75268973081993e-43
4.2184090447508e-88 9.9506374821689e-75 1 2.2770888378621e-47
9.96248519632968e-46 2.00603881007811e-06 1.04185648794114e-50 0.99999799396119
2.85674014162159e-84 2.47200406615296e-69 1 1.56375715177569e-49
7.02529205153204e-39 5.94338869482396e-17 1.24898174666317e-40 1
3.79020170133428e-46 1.81685892727761e-23 5.37690295604597e-35 1
8.83103870375921e-48 0.999999999999611 1.76250752831667e-56 3.88546091475819e-13
2.7794195540611e-48 7.50818687418071e-24 1.86898895560662e-44 1
7.28077376793772e-76 9.67020195024849e-55 1 1.20060422430008e-34
4.38637107521468e-41 2.30474124399491e-08 2.13697573863215e-24 0.999999976952588
3.2050242389102e-40 6.08111129734498e-14 1.17157786279664e-45 0.999999999999939
3.57830033272009e-82 1.29706365051015e-69 1 2.97118017481077e-44
1.28344589133297e-74 3.67264910155913e-57 1 5.88339993751028e-37
1 1.49786935357781e-42 2.14666753174394e-89 5.52597530702606e-48
2.64756161179284e-84 2.07234420157466e-68 1 7.79833800735476e-49
7.74297390416912e-42 1.44002729476779e-12 1.21481402736241e-41 0.99999999999856
1 6.72592718052918e-36 2.94939403385261e-60 1.66934847390081e-32
1 4.0326663937356e-39 1.0279749266106e-71 1.02269620714038e-40
1 9.69768563913822e-50 1.2935757253059e-85 7.79905409872276e-46
1.40548876668999e-52 0.999999982628293 1.4436514766261e-54 1.73717070143986e-08
2.98074394048162e-53 0.999999999992197 1.01764827831084e-66 7.80295686523995e-12
1 2.97561112499407e-49 1.20563433688288e-89 8.15377819308799e-54
5.44749089246136e-36 0.999999999999883 3.97441421729952e-55 1.17425242887393e-13
1.91529344822344e-74 7.5956848382148e-60 1 2.01266464737771e-40
1.54839908157202e-46 2.35162638789722e-17 1.42539335110905e-27 1
5.38700812377022e-46 0.999999999999998 3.22577374690917e-68 1.78349060624452e-15
1.71103878890393e-74 3.2750122295611e-64 1 6.02636867219104e-43
4.77907655858065e-38 1 1.35029996565888e-53 4.39251875430492e-16
1 1.02184697733066e-40 3.39014370044231e-69 3.91928610213873e-41
2.34376430264348e-84 5.66871111764334e-71 1 3.96198226332834e-46
1 1.39140114962872e-33 2.01678746395299e-77 1.01507038885087e-40
1 8.90717986782497e-41 9.25112412030492e-73 3.63532701538122e-42
4.84050026510459e-66 8.17324408003262e-48 1 5.06437059229811e-28
1.19944630573682e-36 3.72672488292394e-16 5.84163557054024e-37 1
1.57790163708184e-59 7.89147567637724e-45 1 2.05447616485383e-28
3.06639139655447e-38 0.999999999999999 1.41763423739099e-66 1.21594237370335e-15
1.39757559464634e-32 0.999999999999403 3.44377352386029e-64 5.96729002978552e-13
1.3438484732004e-80 1.4630546372268e-67 1 4.03560697269803e-45
2.87179206554954e-44 7.0055882810432e-09 2.01539549617365e-49 0.999999992994412
1 7.67265872308266e-48 2.84759857283606e-82 1.67210083224228e-49
1 6.72864054795369e-40 3.16026734295422e-90 2.27171342155155e-46
5.99248912062938e-52 0.999999999999998 3.64830534028958e-57 2.25931722366041e-15
1 2.45821223447776e-38 1.12329749241214e-80 9.39884490209001e-47
5.41215527188289e-41 1.04690930303209e-16 1.89864393073859e-49 1
4.29804175932713e-52 1 4.66386976780079e-76 1.13448399487994e-19
2.1972580380805e-43 0.999999999971897 7.17888865793327e-57 2.81029854905322e-11
1.08645955256749e-42 0.999999999999993 2.29013179559437e-62 6.82791827739368e-15
1.20511386243917e-45 0.999999999581375 1.88960568449591e-45 4.1862536364853e-10
2.29770825758023e-39 1.29603419120447e-13 3.02898959873966e-46 0.99999999999987
7.22774591693412e-43 0.999999999999998 1.83039107827147e-65 2.16530707030309e-15
7.35115544052582e-35 1.98944382467803e-16 5.15908608261123e-34 1
1 2.41424425392759e-43 4.96624829056254e-80 1.41160285092164e-41
1.45024750956264e-46 3.11916238388907e-24 5.29299763895266e-40 1
1 6.9150947986961e-43 5.16234959883685e-85 3.54074617454702e-38
1.32750662860937e-86 1.35025725763655e-71 1 1.65073660584746e-42
1 2.71352915362023e-50 3.28051248647981e-85 2.7645172317348e-53
2.09145204107771e-40 2.8136286354283e-07 2.0563883454186e-46 0.999999718637136
1 1.24370707757572e-37 2.89477803275638e-69 1.02210442025311e-38
1 2.57020285990403e-46 6.30282912967081e-83 3.2561093185966e-45
1 2.19625012132217e-45 7.47233784929627e-78 1.67993143973718e-44
1.34425412053282e-51 2.83342682901691e-12 1.59902095442941e-49 0.999999999997166
4.7399551931481e-95 3.5773422820548e-65 1 8.16264889950196e-44
7.94405661585456e-42 0.999999999999999 1.23372844604564e-66 1.12178738086757e-15
8.97602339820023e-87 6.82172298402657e-61 1 3.68505365393605e-41
3.61922150127124e-40 2.66512970577183e-14 4.63796483053155e-41 0.999999999999973
1 1.25803880490605e-31 1.58750792258875e-70 3.46538167473486e-33
3.10627507619622e-56 1.14776383520173e-18 6.43525562484376e-37 1
2.20914289666907e-69 4.96947408939211e-52 1 4.30582636120552e-32
9.44592828347794e-90 7.31167750924969e-79 1 1.13261794937166e-48
5.88108885812622e-37 0.999999999979419 1.58023004099061e-48 2.05805948768217e-11
1.44693091311645e-40 5.70892523314932e-11 8.47591087106087e-34 0.999999999942911
1.48882417086649e-50 0.999999999999929 7.93234028407697e-64 7.09742643249493e-14
4.58189825665383e-77 4.47461721311621e-65 1 1.34597600327754e-36
4.52515325849682e-43 0.999999999999986 9.74010616485261e-66 1.44109668144191e-14
4.26733574927593e-84 5.13133331120741e-61 1 4.86302581527487e-40
1.16153556997556e-92 2.36993734275979e-68 1 7.8568208930911e-47
1.17103076542029e-40 0.999999999999936 4.08933503339915e-66 6.38027194413158e-14
1 7.21713040044829e-43 5.89973668935508e-84 1.27263065059098e-47
3.4610955310496e-45 5.7448700461826e-17 4.4257784983611e-33 1
4.5640705312373e-43 0.999999999999998 9.62118863779423e-66 2.29507803721723e-15
6.18673047277019e-41 2.96190646066182e-20 1.37826808267614e-32 1
2.8472413972994e-41 0.999999999999997 3.29090176819133e-59 2.91923379630714e-15
7.43312083006127e-71 2.59497668461776e-54 1 9.43311240279689e-35
1.46610692976154e-24 1 1.87989336512882e-58 3.47707235609399e-21
1.80613923326795e-40 1.80598242223661e-12 9.76450656865703e-48 0.999999999998194
1 3.43252771126599e-44 3.32023135671987e-79 5.07949641245045e-43
1.28600497841894e-52 5.70187327041992e-17 8.77032137875412e-38 1
1 6.46669469624125e-52 4.82859462126534e-85 1.57711650426439e-56
2.16686750388629e-77 4.08064320850147e-71 1 6.32831492969641e-50
8.86851248114669e-42 0.999999999527665 3.08383048365064e-60 4.72335188691201e-10
4.73213587384861e-44 0.999999999999998 2.53288555057802e-57 1.97561741342877e-15
1 1.2872013379879e-46 4.30559838747911e-85 2.12545084601819e-46
3.8961718250608e-49 0.999999999999935 1.29439532509035e-68 6.5225828050319e-14
3.09685672720122e-84 8.77874971537825e-62 1 6.05600080591991e-41
1.94760713073341e-38 3.49790421699677e-16 4.02781213484044e-40 1
1 7.39211220538683e-47 1.88296620891183e-78 2.36723264715669e-52
5.04060777472124e-64 7.4300993143754e-19 4.50346502535187e-36 1
1 3.0955618422887e-46 5.19307118435685e-90 1.92018204467908e-54
1.76432872865166e-78 2.94099057391636e-54 1 7.79367209404204e-34
2.95149307305189e-42 6.69461178988185e-13 1.06025631886391e-35 0.999999999999331
5.90258187019065e-77 9.81456032233789e-62 1 2.08525792766145e-46
8.3554644690389e-48 1 5.08016035943968e-66 6.44641084186942e-17
1.99331567218204e-66 1.55486313955611e-52 1 8.42652092223113e-34
4.04815698053205e-59 7.84370782400846e-48 1 2.53620893184156e-27
1 2.29933836204223e-39 1.31919788118216e-68 1.92588712566336e-35
3.45390078480631e-42 0.999999999999826 4.86222289960976e-59 1.74203089797029e-13
1 2.31351907634485e-53 1.86107601916421e-84 9.89191785331679e-53
1 1.49411714972376e-42 4.1689195546394e-86 2.78979296093856e-47
3.40711203484406e-47 6.47446609563284e-14 3.95790402076015e-39 0.999999999999935
1.27703027332107e-44 0.999999999999999 9.40120577652931e-68 6.30418520732504e-16
1 2.10746838216246e-36 2.7740842608501e-84 1.87581233896359e-37
1.01957630715664e-73 6.20166085818697e-60 1 7.42599916825503e-38
4.64771347976979e-39 0.999999999996449 4.31655771399324e-63 3.55093315565307e-12
1.04031632122999e-76 2.01838951739705e-59 1 5.31851885568318e-38
5.83458372696556e-42 0.999999999986674 7.45074412588534e-59 1.33262149665914e-11
1 1.61486122701835e-56 1.12719243958935e-86 2.11588283233073e-56
5.068653267615e-84 1.20974315524396e-66 1 3.13930721009666e-43
2.99484848376914e-38 0.999999999999588 1.18237552897186e-67 4.12184355934401e-13
3.172874661915e-85 5.50387168971349e-72 1 2.18016877024592e-44
