"LD1" "LD2" "LD3"
-9.08555070876366 5.72524157006615 -0.09881773360411
10.2228810306455 2.66992329345251 -0.862878791061645
-7.24715785212003 5.21410096841673 -0.617403233548445
12.0466402774693 2.48607688172429 -1.32317086190199
-1.01151173620087 -4.24100813488898 3.47172378156234
-2.59557145755173 -7.19086478897091 -2.89320688482669
-8.95884941387607 6.70546928042794 -0.0464830249580215
11.5080213430623 3.69652445421646 -1.28454916297585
10.2379238594489 5.00144364609015 -0.2119983430154
-7.12935590736345 5.82090908821265 -0.140182686092629
2.14941205007102 -1.85468025630529 5.00681550839982
2.18501199301107 -4.53177349765173 4.6864254742045
-2.22542196636743 -5.77527944205305 -3.58895235680479
11.6689233127126 4.50429463956032 0.270903348680252
-9.10800294998417 7.07076076982953 1.7441115867516
-7.72028986445077 4.33781223418362 -0.201819572288135
-8.89090399216781 6.36610809337874 0.0788325312580798
0.956352137143212 -4.39263868336416 3.6595647634678
-2.021026723613 -5.01426540878852 -3.69780985379636
-8.1656706671121 6.67976460130561 -0.750986398836896
-2.55821854103703 -5.85638141100158 -1.52037708690124
-8.70568636067249 5.1943071537781 3.02955299985071
-5.79058249261419 5.50936157270293 -1.3049593243493
-2.00063209857886 -5.48434160751057 -1.95409598712862
11.432359857254 4.59728233544007 -2.29965350848733
-2.82390437039973 -6.6501666975848 -1.6963897298049
-7.87581274132132 4.60235918647395 0.0216248706186082
11.4120573524511 4.41509037285257 -2.30028378596134
-6.61088449001522 6.9002811550279 2.78341773989315
9.68813185198182 3.29344306907574 -0.985560306523782
-0.991057539491398 -6.98496505813148 -2.21108736164912
-8.38817507902597 5.43411795170036 -1.70859885731712
12.5912235050985 3.50731263666259 -0.672673933295629
10.1511456162525 3.33624511843218 -1.02697231160861
-2.41778321922265 -6.28707715939926 -2.27250254816916
10.312915790076 4.75389937112258 -1.26146386330217
-2.2794486053302 -6.16043997463136 -1.54164037236523
-4.00060203882031 -8.81669845215663 -2.86494005581473
-1.86537512568815 -6.14337043735935 -3.15079515066293
10.1881364588279 3.97178858345161 -1.54242196885561
-2.47378105783072 -6.71160295871228 -3.80876780859815
-2.95533245230383 -7.20649868800345 -0.820840109033909
11.4041455311466 3.43514667061828 -1.60358780758098
-1.34925686115796 -6.73817233611382 -2.4273811741245
2.33825647133376 -4.25052918041057 3.6657769479263
10.6759750851428 1.35146559384039 -2.39722986962198
11.2608136959024 1.98482495582184 -0.301301511022111
-8.65159395364107 7.21106536940545 -0.845406703375127
10.9903324346254 3.45135665440979 -0.440455936643039
0.432672592323167 -5.92395042723249 4.51493199259405
11.1566601953865 2.98921505738209 -1.14556917936365
10.4401136675418 4.11757035478139 -0.437140808129673
-7.63016822952353 6.32400432555421 -0.217955092355347
-2.75925326260746 -6.55749838459836 -2.23346981551817
-9.08939057526582 5.99718335313837 0.241250599853053
-2.0021868095392 -7.60358099303893 -2.02095440442321
-2.06986697676152 -8.31632856681809 -1.03117356964571
10.8529431835025 3.30357059907298 -1.94036645163299
-3.26356570251798 -7.11465057892827 -2.61829574155351
-1.50098361913341 -7.84068663297037 -0.984568868459089
0.391064172938263 -2.89729800503686 4.78169471737328
-8.58928683204089 7.69492019501347 -1.11668774139218
10.8073726945389 4.96797395817307 -0.64688672610218
-0.488286141442536 -4.25967880508742 4.47153760044067
-7.51268494534241 7.76388809264075 0.256645873837059
-2.08800070964494 -6.85114631983738 -3.76863456694242
-6.97146083816803 5.93299800727882 0.371068277891114
0.42961177258671 -3.94975829767807 4.6395950558007
10.7751409036832 3.60150390793682 -2.78632833333926
-4.51777273920754 -7.29878760434693 -1.65864690659848
-2.09410386343686 -6.7732660931364 -2.04459470079239
12.2965180105434 3.14328203378391 -1.64781272228955
-2.61189696229169 -5.34082301747334 -2.19878080157654
-2.25787825028899 -6.14642729064481 -2.27679578442704
2.72619476331554 -4.71612700108439 5.04459879398938
10.5037429373127 4.57991751348864 -1.20765587556974
11.3366042378403 3.26433260796272 -0.801679172889174
-0.511453120094191 -3.85311081397599 5.78436069171138
10.1406431789646 3.91221608983395 -0.588980147172789
-8.20449692005271 5.93296052409863 -0.576771252643402
1.4554408107931 -4.62615839621462 3.17846940710658
-1.38411543926358 -6.25139540471371 -2.92116861358374
-2.87950782858104 -5.97427467232541 -2.81377477095993
10.7700324853302 5.40861374657872 0.055686673955311
10.2524464549233 3.52374464712117 -1.40560979660469
12.0289359047422 4.70337972133517 -0.0734460274680501
11.2752639397033 4.57063624220755 -0.308133683850271
-0.604369130167129 -3.48643497733682 5.46782858851038
-7.91684961750064 7.17034503988384 0.596136327850635
-2.41920118413978 -6.40676226089897 -0.924812812852801
-7.20273173197846 5.64046951650846 -1.00459842785242
-2.75784693344551 -7.76076036929297 -1.57541908912283
-4.22930191843064 -6.34116008468877 -1.72539657499186
12.4686312198882 2.16750390922036 -1.44318842262121
-6.69946751247423 7.24338864253113 -1.61529644893644
-2.40535084237479 -5.00947214916485 -2.66647418906652
-8.63273036370579 7.23638954295318 -0.37487582541582
10.4861208320221 2.19345127116034 -0.718646742541841
-2.2001162354808 -5.54680120335823 -2.32055756151953
0.098899104904008 -3.81847698173273 4.82944314964216
-6.88360347899726 5.63824266832158 -0.0772903269955284
-4.05876475815734 -5.15570141339501 -3.03206605948562
-8.21887040875321 5.05274367061956 -0.283538589779127
-7.97167104966945 6.12764795937562 1.09474707029971
-3.7261450772094 -6.38655673136019 -1.75646410545275
2.23231913490998 -4.22263941762643 4.68868414846755
-1.44481721960725 -4.80471486822784 -2.48424428339895
-3.03666715121592 -6.63261938105196 -2.33008576587519
-0.531030890738871 -4.97465288161984 1.41661548874079
11.1185743951168 3.45578417319439 -2.58118532473653
1.86502939790005 -4.59989000113107 4.65824000765579
-1.02549123235515 -7.20391516270024 -3.1950845991548
-8.07315018477238 4.596206513641 -1.13679930361109
-7.25730019903966 6.05812015451414 -0.13381269112503
-7.18847357481134 4.32410001820083 0.395891227143744
1.35060464265807 -4.33174482412112 4.01424836853036
-3.28171076862986 -6.50963390112004 -2.35037820313143
-9.12681906302968 8.32317046879628 -1.45531711087733
-1.92957921961873 -6.28584245081575 -3.36225249786552
-7.38795610906576 6.75803391943531 -2.2628459089045
11.528483709565 4.5931316037248 -0.626828157588361
-0.498273406605035 -4.89291195191566 2.93156254444368
-8.37709255090428 5.57045952893503 -0.594688450416987
-1.96976131414105 -5.77161993193708 -2.08398021088986
-2.74901255063965 -7.53891310882036 -1.50552139904325
-2.69857808554193 -5.59098315576268 -2.64648118354143
-8.16158008547672 6.39395979507709 -0.04122437085748
-8.55030475211711 6.82056767006045 1.62104038067035
9.97466381516051 2.91212478881217 -1.67616103811803
-2.91346260556166 -6.01864067556418 -3.26947757961631
-2.64213291612322 -6.36523353005918 -2.47428720185498
-2.80227918900622 -7.3008937673686 -4.04034133738146
1.87540113599171 -6.02136124087213 3.33206830256747
-3.45269470154209 -8.32497801730996 -2.97008348702314
-1.99820433171338 -6.23374490805457 -3.55825328462805
-0.139863045693879 -5.84093546728216 -2.35743247811289
-2.44422806718311 -8.0340630355522 -1.37207541415522
-8.6635776442419 5.8960272521651 -0.477372929307199
10.1427121028356 2.8379000974359 -2.13578749962486
-2.39168377663772 -5.91710881733047 -2.89477875214029
11.2626918431282 2.95759022982002 -1.26453738737763
-1.73428564040537 -8.07258305886715 -2.58069179522032
-1.8184886911099 -7.47322784831659 -1.90227301569659
11.3263840405831 3.10875977305103 -1.08846919849136
0.431208550877647 -3.98333667845539 3.91710155561299
9.17929864760723 3.5764017533881 -1.09944968633091
-2.97067714532566 -4.31622126352863 -3.71600467989228
-1.19961974648151 -5.12783251506647 4.76390147168564
-2.23965746300409 -6.22701326227755 -1.61414246502847
-3.02213434818287 -6.58343227215861 -2.36415619258394
-0.1454403394621 -3.37077700506598 4.51539899340054
-7.77479544244661 6.49507136852832 0.75993380135774
-3.64573189228837 -6.02235962127025 -2.32054902144441
3.64780250279832 -5.68096772303348 4.96701832402221
0.389170151721803 -3.46817589170661 4.34561484327387
11.0357144757434 4.54910039255222 -1.17012428409872
-1.83699974491233 -4.88744112419111 -2.01595662796631
1.46203267343857 -4.20616886063473 3.27052609110392
8.47809795345466 4.62113128554933 -0.452823922509555
11.8172737103399 4.13766647970682 0.832823523667531
-0.33981305078086 -4.51191311342854 4.74151073542553
-6.40788021194451 4.80558158834814 -0.336925589601194
-8.64333609837626 8.22169719304783 0.337739752513612
-9.5462756249408 4.93003315303299 -0.247194577351219
-3.18432822061882 -7.98642501268683 -0.965242347000493
1.24044720298459 -3.55657914285055 3.44708023685271
-5.70086028593842 6.81181173349178 1.97939513634893
10.7737794961299 5.80768119275344 -1.91123389276191
0.481052281529272 -5.35627064742684 5.04247933184513
-3.59608381850937 -8.14573632383304 -2.74137822137068
-6.79642853772598 6.24271522198603 -0.112836483618624
9.62441172125654 4.45729461748298 -0.202792220757104
-8.82006072062214 4.27707652545093 1.45357787653287
-8.36528307556874 7.71648259070236 0.246678872272008
-0.0576307344297133 -5.31856930443155 4.05411300099548
8.9421516695205 2.84841504481649 -1.53569588690721
1.56340286595409 -2.65063765028854 3.52589357615875
3.05994683400486 -4.55142587847726 4.37955868398623
-3.08449804957588 -6.10745369671389 -1.40453918002842
-8.66583565373103 5.311630522204 1.32938728258431
10.3967230298192 4.26580589828981 -0.243500085215022
10.4529010587041 4.29801030086809 -3.19942402585399
-0.520132022867315 -6.04953814455167 3.06844103077896
-8.71693119610111 6.55089854813007 0.141932747935251
0.44864451886837 -3.66503417187876 5.96229186068293
1.17773410862168 -5.01712546010651 4.64229847258614
2.36668330117835 -4.28411413042039 4.67377718004962
-8.0904724123951 5.85070068210803 1.4614094146824
2.40524605877901 -3.21394261794018 1.15541398824694
-3.04841745122443 -7.20307250700742 -2.15577583679031
-1.24493308575431 -5.99258312293692 -2.10120978122844
2.8643039350469 -2.90497812920839 3.87095420360073
11.4944259774292 2.50187707931502 -1.60129445961049
-0.563309121700145 -7.55538048500386 -0.962356772041487
-0.375547895703203 -3.8379475807463 4.6504736617239
12.4876266337987 4.25840653176633 0.420854940212579
0.598330565391536 -3.67530946019026 6.41004589178333
-8.03650053907858 6.9918233540534 0.420292191397077
-0.412493444012872 -7.78263961216283 -2.29633424883985
-2.36844011202306 -4.95690094312112 -3.31870430360879
10.7039633195461 2.75230849218899 -0.589596690627787
-7.16505877896346 5.80306077034387 -0.161520750559579
-4.08651483747616 -3.20780824081024 -4.99345335761727
-8.63001301068913 6.63361363186863 2.1963664766411
-7.18964448744317 5.74877772354929 -0.0744717264711876
8.32884119146473 3.4657367804062 -0.00133786718741214
-8.38001985788659 8.16951717164494 -1.01206751810785
10.4325818169768 3.4442624907525 -0.80005719124752
-7.42226483692394 6.0868511861878 1.15991882744007
-8.67230543215001 6.26495569513539 1.09223950996834
-3.02785668617801 -6.68567700653333 -2.0431571161063
-9.38791384124504 6.38346550099427 -1.4476614899908
-5.84062752785841 4.96992538487971 -1.65502856251407
1.24307476694215 -3.46303658201768 2.75257197973503
9.48576816295368 2.99144136790038 -0.640444633069399
0.154848826626651 -4.7072667462739 2.56314275898067
3.38366853434575 -3.841088425369 5.3570521739371
-3.75716716218422 -6.27082945887487 -1.30774190065961
-6.40946625835899 4.34378553839949 -1.12159204504946
-8.94397151309606 5.67055783680104 -0.238713297577007
-0.013560727895728 -4.69002806763866 3.52979648165625
11.9403966589056 0.76357651518374 -1.52378442810593
-7.87842209917713 7.18172775346427 -1.61061184814462
-1.83673708856883 -6.29554175452958 -1.69284380304996
-9.23567483154906 6.79803916731793 -0.432959560976633
0.720775627564773 -5.47749477125325 5.21301930307828
10.6699244733434 4.10767582584478 1.24518089764123
-8.21369249842527 6.25058668470491 1.1332345188757
-3.38965024615487 -7.11581366557434 -2.535938495517
10.3189647508154 4.36926870568288 -0.33873048775341
9.76932891320472 3.00962511463165 0.326226768294847
-6.71086574785834 5.71591738193864 1.51338779977214
-3.52636749761527 -5.89658339440706 -3.65842570511461
12.3239770365794 5.15499524770949 0.57383176031786
-0.426933711287379 -5.40797201609894 3.62692328892156
1.00078691245696 -2.12427120817994 3.18242789460636
-8.31274337350556 5.12653379913881 0.379140868561801
2.83466960406119 -3.87672164531132 4.31541802473231
-8.31088772835168 6.06100582896864 -1.93865570059578
-8.73888866721892 6.92205875467121 -0.712607379340279
-8.43019224891004 7.69179419310254 0.590796141737013
-9.3492079555752 6.60048870160128 -0.425964362078117
-8.78775293176347 5.71049755623569 -0.795243948240038
12.4675918138375 2.79733207320317 -0.892407467099162
1.51515166223512 -2.8424672490982 6.9139354250084
11.2317034141937 2.80726108319375 -1.14682348900196
2.01173263231214 -3.18195444895235 4.29117135082347
-2.28765498927855 -5.07671195581558 -2.53142163157145
0.804110821901123 -1.93026174925906 4.29764090406793
2.08272146176498 -2.52742828357479 6.23757616460306
9.67088195935262 3.75506209124918 1.44788272508752
10.8077586255978 5.13222440357037 -1.50327824574934
11.071952412995 3.66291137421461 -1.05320362997248
-8.59101188652083 6.27823255428409 0.63899906679571
-7.48182136070386 6.39745798331027 0.0822748716509501
-3.90349585152781 -5.26034353597925 -1.53909647750954
-3.31975833622644 -6.42981517037223 -1.75957010766603
10.1832062818749 3.13090672399479 -1.20030754333204
-4.49496148478302 -8.57279734505713 -2.44782340723169
11.4706104569778 4.90034463655852 -0.405459964132521
-3.62129281520391 -7.27647989683858 -2.92960487143634
-1.69911176478606 -5.7189519146809 -2.30649461045284
-3.14610626596526 -7.76694912926912 -3.11152045257795
-8.20483567205405 6.98355912368352 -1.11700403937484
-5.73603031620115 5.6405383892022 0.84225026556183
0.606206628798162 -2.42708699258844 4.48863416074868
11.8231397601576 3.47955054743603 -0.798805318819176
11.4511046433579 5.20483816178994 -1.18576420265841
-8.30364574801198 6.85226599713538 0.0429574017193952
2.15027870851045 -5.79569120613577 2.07785939850855
-3.47441359578733 -5.95341432726698 -3.77164482073403
-2.81662288148713 -6.35343101013009 -4.16586576865074
10.0633246111246 3.1392086475962 -0.606717539917376
-8.1674139464364 6.01373371152304 0.55370439035272
11.1415991768201 3.81038624908413 -1.67251445030722
-9.25412781335638 6.08573432727302 1.39831564873745
-3.13639087824484 -6.95302336505408 -2.353350755319
-7.33004110274462 7.51550163685072 1.10710514560964
0.39781928809716 -2.88497519233898 5.03656149002224
11.9569290773712 3.87864053056255 -0.779831518249316
11.7869931690439 2.41850691709631 -0.0502426157136251
11.3788748758887 3.82995578610408 -0.760930733907493
-8.76405658193457 5.04079031959839 1.82938029826087
11.0526077821822 5.46358265633565 -1.86800522746162
-9.36861385883032 5.47569619687003 -0.183449427499629
1.74194155947417 -2.10262760136531 5.16855536531217
-8.80168500937347 5.69253284187673 -0.814170600623183
1.72773457511841 -4.44480519226539 5.05010577018923
-0.201317286091262 -3.8637759971203 4.67945137977847
9.47016983870424 3.99844126085912 0.0145509823015468
8.26149961480782 3.05548434069792 -1.21602125344674
1.11505366299401 -3.45588575274126 7.21714897744647
1.3152022739061 -3.58513760812796 2.64960081114512
1.37478856508778 -5.86841649276438 4.81340967426623
-8.30666148516491 7.4208441050605 -0.749164289737055
9.03949817795027 2.57321247489031 -0.302449221695605
-1.19083559487109 -6.51398291905932 -4.34833068367323
-10.1548332087402 5.8335313727013 0.773435095130174
-8.39558733386955 6.30251818191783 1.23392333710177
-2.33814960734185 -6.82142729068272 -1.29568549888131
