1 2.20732689004048e-46 2.54358625183208e-42 7.29507526263745e-60
1.41141750833809e-33 0.999999811261201 1.88738798736288e-07 1.72383146368394e-31
2.51896928640492e-34 1.99660634346001e-13 0.9999999999998 6.27996934313735e-55
6.49726588589919e-48 6.57944058914408e-10 0.999999999342056 2.30374044345886e-38
2.11314340272069e-48 0.999999992045333 7.9546674860029e-09 1.72688836756754e-41
9.40848531083884e-66 1.77863849993788e-36 2.62719492902505e-33 1
1.52808266826399e-61 1.93135317888633e-32 2.14500960943835e-29 1
1 4.66509119091615e-46 1.2995066390533e-36 4.77913989939175e-61
4.37477061122404e-30 5.31094914805079e-12 0.999999999994689 4.14278252756225e-31
4.83968422422107e-34 7.1549088626817e-14 0.999999999999929 3.35026678332141e-36
1.61316004585469e-32 3.55095881793584e-12 0.999999999996449 3.25178693181587e-33
4.47046974378125e-28 5.43477261269509e-13 0.999999999999456 8.8113634215689e-45
1 3.23035374311709e-54 1.72427740712378e-40 2.09563085069967e-65
2.25261137661882e-51 0.999999227633377 7.72366623137315e-07 2.70980892440962e-45
3.54180042174967e-65 2.89612898357721e-38 9.42393120274292e-40 1
1.39626791012664e-56 7.1100565186882e-37 1.5335501022023e-36 1
3.94829086944973e-54 2.57909492559227e-39 9.81653184778755e-34 1
1.6904128765212e-67 5.41480439651504e-43 1.03179528357474e-43 1
6.80448819119355e-62 1.181617195653e-46 3.97848326182822e-43 1
3.5369792952818e-42 2.14595171974317e-32 1.23469567151434e-31 1
1 2.01930990475853e-41 8.2383518799935e-31 8.47971275793163e-48
3.66495908031403e-35 4.03906839650309e-06 0.999995960931603 2.28450342376677e-41
1 7.86096815348559e-57 4.04002091723275e-41 3.53287600451457e-66
2.91954227528067e-68 4.69958814816849e-49 8.08452860299963e-47 1
5.32791958417682e-44 0.99999999999981 1.89997730980637e-13 4.51582849521791e-45
1.456676977637e-54 3.79812602916253e-36 2.83228684630658e-35 1
3.17192613737334e-53 3.56833170183834e-36 7.62499454703721e-39 1
1.79484536002914e-59 5.2980721446582e-46 2.9424649420163e-45 1
1 6.35022168066364e-45 7.58672101079647e-28 1.25948219986077e-54
8.16505399975761e-45 0.999999999999985 1.49829469050565e-14 2.60552748750356e-40
8.60326567519961e-41 5.26059335424442e-07 0.999999473940665 1.14250496077787e-35
1.06776259877087e-60 2.06672392342439e-42 1.12451811123661e-37 1
7.93374824948791e-65 1.41717706105596e-45 1.03165175104985e-47 1
1.39256115127507e-24 3.09246846029481e-17 1 3.99938269124524e-37
1.17463909991715e-54 0.999999999967245 3.27545779502517e-11 7.8079635008401e-46
1 2.07814385515644e-42 1.09442146712524e-32 2.99540497348092e-55
5.73374045212767e-68 2.6742327787678e-41 7.13812179566311e-42 1
1.22146179528041e-45 0.999998623239669 1.37676033099705e-06 3.41955163082405e-38
1 6.59947837775712e-55 1.95611643699737e-41 3.35377208571814e-69
4.76350228744263e-63 1.20933279475879e-36 6.5676320091138e-38 1
6.31684136187226e-42 1.59793881195619e-12 0.999999999998402 1.64691793366563e-48
2.83628272018417e-75 1.21273726810444e-43 2.22249785588997e-43 1
1.28867836617376e-55 0.999999999999265 7.34744737307458e-13 1.41356095021801e-41
1 6.32631309988538e-38 1.35379613515518e-28 9.29492286388833e-50
5.42265616832408e-35 9.58006408947749e-11 0.999999999904199 1.05071263303303e-41
3.22888584709668e-44 0.999999999956878 4.31217364153924e-11 1.69663200880704e-45
9.60857913325266e-66 1.10247722061543e-41 7.14510181854271e-43 1
1 7.22340001052728e-57 1.49464387178507e-44 1.25401881051291e-65
3.26217738948373e-32 1.44898538499479e-12 0.999999999998551 5.14338692234959e-33
1 1.67364192304519e-47 3.5339228647835e-35 2.84193183811643e-60
2.41039595759152e-32 0.000698743394166941 0.999301256605833 6.94392553721103e-34
6.77401582151905e-63 7.41587136310703e-37 2.6726593731238e-36 1
1.82150587144886e-51 0.999999999996999 3.00065169363929e-12 5.34275529323187e-43
1.65483306039557e-53 6.57372521076515e-40 2.46926279419479e-43 1
4.85555937764996e-44 1.79049432731587e-06 0.999998209505673 6.70965514006265e-41
1.15499778182989e-38 3.40589378883039e-06 0.999996594106211 1.41375420767838e-47
3.22259487667856e-49 0.99999999993781 6.21898737319721e-11 6.4272248704658e-39
5.20501953001153e-48 0.999999999594919 4.05080994321595e-10 1.26864331913585e-41
2.05240186247414e-50 0.999999999992666 7.33382491754586e-12 4.83887091891114e-44
4.02911951695824e-48 0.99999999999994 6.04758673823161e-14 1.21021749843882e-38
8.33771950705619e-28 1.06577578672361e-09 0.999999998934224 7.25447298590863e-35
2.60870558589189e-38 2.75151305383334e-12 0.999999999997248 4.47463898858197e-37
1 7.65612409872994e-58 8.93082246623453e-47 1.23793216025423e-64
1 5.83205126551828e-45 2.02096031720945e-35 2.59664747979648e-59
1.27746488145332e-32 2.587220728189e-14 0.999999999999974 1.03849132975644e-44
1 2.89555694780313e-43 4.44583954603508e-29 8.40229752268579e-58
3.61834967441306e-48 0.999999997933086 2.06691411770671e-09 7.6676937119743e-42
1.38565159538005e-70 8.75498087936192e-39 1.47866243171117e-44 1
1 7.62907434751586e-48 2.35014760256868e-36 1.04031462256911e-64
5.1939856094616e-42 0.999999999598031 4.01968710072308e-10 1.28396511750172e-35
1 6.52279575597114e-44 9.00954499791882e-36 2.82694102429407e-55
2.60269928945159e-40 1.92820485838265e-11 0.999999999980718 4.4458460715215e-53
1.38742935747801e-46 1.95914849394416e-09 0.999999998040852 1.90863220677471e-44
1 7.61180771314388e-39 9.18093482583127e-31 2.14034644315696e-51
2.79543213816008e-63 7.67353604146705e-43 3.57396109878662e-39 1
3.46131185483261e-64 4.09045298922426e-37 2.81545690964942e-40 1
1 4.31948778998837e-47 1.0923038749503e-36 2.4335749095961e-68
1 2.09357682071611e-46 1.04362546425909e-37 1.40227876631497e-55
1 3.6332872398577e-55 3.58066353247245e-38 3.93683226709735e-70
1 5.92095112067336e-50 3.7052033968308e-38 6.94081094486029e-62
1.47310666582711e-62 0.999999999999941 5.85350367628983e-14 7.04562471284516e-47
1.50952176347787e-44 0.999999940646795 5.93532051378798e-08 6.93008056877897e-38
3.59253018306829e-42 7.72105607589345e-11 0.99999999992279 1.78597587887951e-35
1.22945416099889e-50 0.99999999403077 5.9692294892358e-09 4.9177132275666e-36
3.63737734462471e-57 0.99999999999186 8.14032780553023e-12 1.3362692573703e-35
3.98874929181145e-41 6.07921775978801e-15 0.999999999999994 9.25696996779361e-40
1 5.64696913906389e-53 1.45778717124984e-42 7.6695373465528e-75
1.89765097389292e-32 2.63983104197944e-13 0.999999999999736 5.36273436267955e-46
9.24836295366758e-54 0.999999999988868 1.11316631147742e-11 3.38071277135671e-38
1 1.78174308273632e-51 9.69274579670689e-38 6.32842136261625e-70
1 2.15602704117092e-36 7.56349966660578e-28 1.82108509438398e-40
8.94530949015823e-38 0.999999999999728 2.71529136654183e-13 9.68862379097176e-47
8.66967705437406e-68 1.89917823690678e-45 2.58937267788391e-47 1
9.86078794379127e-53 1 5.50596245806789e-17 3.82227992140384e-39
2.52248346393886e-46 0.999999999988083 1.1917270663732e-11 5.87903839212043e-36
1 4.51895145839828e-54 1.28172736355327e-42 7.28685539676325e-59
1.79683308753781e-36 2.78122647277548e-12 0.999999999997219 2.34770929699529e-43
3.03641814004051e-52 0.999999997134571 2.86542855633216e-09 3.18092642302164e-49
1 5.87427149532444e-42 5.30023767025604e-31 2.66597252948579e-63
1 3.05541380971293e-59 1.77069466043676e-41 2.11673110135759e-70
4.48216444063576e-57 3.89135948650568e-28 9.07494379628154e-30 1
2.78702781721485e-46 0.99999999977423 2.25770162435862e-10 9.20557294381275e-39
2.22578155021256e-53 6.11844559052312e-33 1.58170685263136e-35 1
1 1.1830447905202e-58 2.34436515000139e-43 2.23514818676305e-69
2.41490562745797e-60 5.17954638416216e-40 1.93178406892642e-40 1
1.59911413078604e-72 7.43780408689367e-42 1.16075519438297e-41 1
7.14827002178959e-55 2.76801313006512e-36 9.14831939450299e-36 1
3.74124527392499e-51 1.51460753350627e-34 2.21264942414442e-33 1
1 1.69735286362891e-37 7.7174778870512e-31 1.73737553146152e-68
2.14385670840488e-35 1.79121783392277e-12 0.999999999998209 3.98903921560933e-44
1 4.14400338177841e-42 6.46988599729216e-35 5.8408376342633e-60
5.41166747871258e-37 2.45054801401028e-05 0.99997549451986 1.24034734273938e-36
2.58000604833979e-36 4.15512378398893e-12 0.999999999995845 1.56055206483545e-32
5.87779270717294e-64 3.36274324448446e-44 1.72478223319852e-38 1
1.57091713323589e-48 0.999999999999369 6.30944211708485e-13 4.46685538925518e-30
2.64469002913581e-67 1.02968949075858e-41 4.04780443169873e-46 1
1.11824387104663e-68 3.47704829588804e-52 5.58386872996043e-49 1
6.83163519813115e-41 0.999999994447284 5.55271622679977e-09 9.43575436449884e-47
1 7.34324684021598e-43 5.064147323588e-31 3.33391919072901e-65
3.69518371699017e-65 3.81262453526338e-51 5.51334870743696e-48 1
2.59497638615192e-47 0.999999999981077 1.89229654552068e-11 2.62484658889182e-40
5.28506061970689e-37 0.999999950027744 4.99722556867234e-08 3.11598217898381e-35
6.90090363147324e-68 4.63925167885451e-53 2.70698119022858e-54 1
2.06650635759002e-31 5.35133994855323e-17 1 2.18029700500178e-51
2.81518668700595e-55 1.34294133111371e-37 1.17669558451181e-35 1
1 6.39048472206056e-51 3.55218732189421e-40 1.31403439354361e-67
2.55895697380714e-72 2.3919235413133e-46 3.20467493663541e-48 1
5.4099346754686e-48 0.999999988185446 1.18145535481372e-08 8.14355969358994e-37
1.43201898531353e-40 1.87558604870875e-07 0.999999812441395 3.00569480445464e-34
4.09049782735846e-52 0.999999999903085 9.69152338359001e-11 1.64363460743922e-37
2.45769663162482e-67 1.05039982065648e-42 5.0619809764242e-42 1
1 2.62817757861441e-52 1.32853526082846e-40 2.10494658740533e-61
3.17785312531668e-67 0.999999999999999 1.20105127223119e-15 9.05892220628179e-41
6.44136416037906e-33 1.10480166908726e-13 0.999999999999889 9.13372274560953e-44
7.57752659853821e-65 3.22815046776476e-41 2.90665704024981e-42 1
1 4.5465530939925e-57 6.40720121617295e-42 1.10906743588903e-62
1 4.69280580419242e-37 2.55617282744782e-26 1.69489072750134e-53
1.66857128937522e-36 4.22910123779733e-10 0.99999999957709 4.05135542362338e-37
9.86822907433763e-43 0.999999999495065 5.04935451700678e-10 2.23612347604273e-53
1.89608440408121e-30 3.21268693462245e-11 0.999999999967873 1.01579691076888e-43
1 5.06867050848016e-42 7.21103664501278e-31 4.02186667207482e-63
8.60889666121005e-53 0.99999999999949 5.09640686867133e-13 2.58882774554609e-49
1.34300457741157e-48 0.999999999534823 4.65176638221063e-10 6.14510012318779e-40
4.23299665664319e-45 3.91202721476107e-32 3.63545867553397e-28 1
2.87694105196051e-66 2.92704653138666e-41 9.58298129845029e-40 1
1.00899875919073e-69 1.19019516317303e-43 1.44918855140806e-44 1
1 3.62633295918819e-50 2.34695137917274e-39 3.99384874759195e-76
3.98513842512616e-32 0.000108860753041429 0.999891139246959 1.21650794486411e-46
1.34501091051962e-53 2.36929597364561e-29 8.81248082660047e-32 1
3.68810050920477e-41 0.000100884398961242 0.999899115601039 1.34054067795943e-36
1 2.16376075478476e-49 1.43398652916779e-35 7.19812633211761e-58
3.34553186169233e-41 0.999999998497249 1.50275050185409e-09 3.35072388387617e-35
8.24312841846902e-51 0.999999999996647 3.35315942085166e-12 7.99674394684579e-41
3.19172086575957e-43 0.999951837946191 4.81620538092566e-05 1.90454676773388e-47
1.39182701675491e-67 7.21562067595287e-48 1.80875044971097e-42 1
2.41805260167814e-23 0.0274267077861102 0.97257329221389 2.70456362049524e-32
9.38056365376766e-43 0.999999999989695 1.03053095996195e-11 6.4774243340178e-42
9.71768590782127e-56 0.999999999999984 1.57982929986406e-14 3.66483588230832e-45
4.64366069575213e-46 0.999999993433097 6.56690315328053e-09 1.12134153072451e-47
1.97457225707421e-67 1.83430328226452e-42 1.37334795996539e-41 1
1 3.1304027784016e-50 1.77612845047691e-40 9.11454856584925e-68
3.30196749493082e-43 1.47628051677544e-06 0.999998523719483 4.79884951913152e-42
6.94103545219724e-69 5.04372206934009e-43 1.84669748355416e-41 1
1.1875174846327e-54 1.14680175871685e-32 5.09152982946674e-31 1
7.31234686656717e-42 0.99999999941256 5.8744026954532e-10 3.44169311029625e-37
3.67659092328241e-44 1.19316658267757e-08 0.999999988068334 2.31932094765481e-48
7.32560278872083e-27 1.13020339941271e-09 0.999999998869797 8.09895075157731e-38
6.68802675063932e-53 0.999999999998987 1.01304217695829e-12 2.71206390552591e-39
3.23149548722434e-43 0.999999823586725 1.76413274964889e-07 4.8193910077342e-37
1.46018043285969e-34 2.07903854151293e-15 0.999999999999998 8.0918309758773e-34
1.01422824663682e-36 4.39320168578327e-08 0.999999956067983 4.34115537369497e-39
1 5.52061845649051e-32 1.09733517017809e-22 2.44060994208524e-40
4.02839695955988e-60 0.999999999999998 1.77727578405956e-15 1.15863020543021e-49
2.23418663458898e-63 3.81978965630411e-45 1.22909263874269e-43 1
1 4.15876170831584e-55 1.78861298933471e-41 7.00695332498594e-65
4.25370698481219e-45 3.77863267335879e-10 0.999999999622137 1.85085266295561e-33
6.25589872901121e-54 0.999999998549977 1.45002276705926e-09 3.72783320397953e-52
1.56780683954721e-60 2.08790368085502e-42 2.24255574216286e-39 1
6.71983430195191e-43 1.12695244760416e-17 1 1.6617729043353e-40
3.96036855148504e-40 0.999999997020368 2.97963215832295e-09 1.15410694041434e-39
1 7.61003213650632e-51 8.85293768381013e-40 1.09333427882593e-59
1 2.74297777387786e-44 5.29994229893844e-31 3.38463147624623e-52
2.66584830428737e-65 4.50460339335984e-48 1.18770758180735e-39 1
3.49358342837495e-62 1.60002344133318e-40 6.64362810658872e-42 1
1.914624609798e-38 0.999999999999998 1.92826272650778e-15 3.66395497641763e-23
1 2.0622696725166e-38 4.71030956327125e-33 1.01128251233233e-66
1 5.86482060955542e-44 1.62916362179196e-35 9.54782468262508e-64
3.44376883181349e-42 2.5255460415631e-10 0.999999999747445 1.75102698049164e-33
3.47503015026598e-27 6.60544716418413e-13 0.999999999999339 5.93339439600223e-45
1.40291336259023e-49 0.99999998718807 1.28119300881984e-08 1.78513643466163e-47
2.91172839245574e-50 0.999999999911923 8.80766657530266e-11 4.12818032203248e-46
3.11903056703644e-47 0.999999999999982 1.7649864177934e-14 2.91118663768322e-39
1 8.7607356765847e-42 3.29447540010874e-33 6.4853516131603e-59
8.39000739544458e-47 1.31942142857846e-27 6.05539010384021e-32 1
1 3.73280519517906e-47 1.28500917515102e-35 4.9649691393646e-60
1 8.74578868813265e-46 5.60747289863421e-34 6.44666245642894e-66
2.1110517021534e-65 1.10062710480733e-50 2.88533436098369e-48 1
1.01842420789773e-67 1.27946389098104e-39 5.81562795426323e-33 1
6.77694680842206e-48 0.999999999987954 1.20463999750106e-11 1.47257387613562e-38
3.71438064085877e-40 0.999999990610022 9.38997821514034e-09 3.50512349571009e-35
2.96698671588564e-35 1.58799740564263e-14 0.999999999999984 2.08890982334243e-47
2.78732747484789e-49 0.999999999974059 2.59414514601485e-11 8.04928738179797e-37
3.07970962506206e-67 5.31128562223598e-52 4.88918325081966e-52 1
8.76626642087e-52 0.999999999999065 9.35148837048738e-13 2.83318100571877e-44
1 1.96891707102795e-51 2.02182222983428e-41 1.16122599102198e-68
2.86941881657255e-63 1.07166078113513e-37 2.70513186838666e-38 1
8.30304932689801e-30 8.16791998266272e-13 0.999999999999183 9.21302224496576e-51
8.66932163705076e-53 0.99999998973695 1.02630495512072e-08 2.46140946555544e-44
8.93594322806109e-37 0.196700435729271 0.803299564270729 6.10467653052239e-35
1.33393134686485e-50 3.1241985260052e-31 5.60912925115252e-32 1
1 9.8275423107871e-48 9.9638123943556e-39 1.12595412556082e-64
1 2.36448980980904e-45 5.08397796210789e-36 2.61733967340254e-60
9.42733425322031e-65 1.56267869852563e-45 3.82258012607735e-46 1
1.1977527221104e-45 0.99999999999998 1.96235054370526e-14 1.12640036644547e-38
2.22836870903927e-53 0.999999999999692 3.08119297354709e-13 2.76188583841722e-40
1 2.38350769342587e-48 1.29225182811516e-38 3.91170407914638e-75
3.70509805626707e-43 0.99999999985663 1.43370440480221e-10 9.62326192246092e-42
1 1.7411423951247e-51 3.95785005462553e-33 9.16584957915888e-60
1 1.17263521345476e-44 3.36296912260166e-34 6.98015792395309e-51
1 3.995991389186e-39 3.10273892820533e-29 1.04814832489966e-55
1.89008278272424e-66 7.2924642241388e-45 2.36882190260463e-45 1
1 6.88874251496225e-54 6.97163339940569e-45 2.86080799432504e-67
8.31243276394346e-57 0.999999999999987 1.29628267416329e-14 2.02218888382779e-41
5.82857814889183e-71 7.45493711861572e-50 1.47993435183899e-44 1
1.0335223873663e-69 1.64162529928216e-48 1.45479171929867e-49 1
1 3.90407641645198e-49 3.46602908190602e-36 6.38232933415083e-60
1.67055643723398e-68 4.75304063597744e-36 6.78601793557327e-39 1
8.36512849192545e-51 2.0447827947133e-41 1.42871315037751e-42 1
4.34144456337293e-63 8.50111762329326e-44 1.31506303262404e-45 1
4.03397632308562e-39 8.78697766668895e-11 0.99999999991213 7.88180877655551e-33
1.11995692542239e-47 0.999999999999952 4.77343419261885e-14 5.03188146359779e-47
2.84316232003897e-66 1.90178487499818e-37 6.32622516358227e-36 1
1 1.81886407680337e-39 6.61023006627829e-31 3.09518986560085e-54
1 1.13231982931786e-44 1.52569018258167e-39 4.94147350634917e-60
2.03186762765451e-60 1.59378173823698e-45 8.49494419218289e-42 1
2.33822176188555e-52 0.999999999906628 9.33721126839436e-11 1.07971036928286e-28
4.50371623055637e-45 0.999999999999938 6.19769110988726e-14 3.76178491395397e-46
2.57018114614867e-45 0.999999999999378 6.21963594095873e-13 1.82559834706903e-45
5.32242143986671e-43 3.91483040735121e-09 0.99999999608517 1.17280092406996e-40
1.23359284375339e-56 5.27802841682131e-41 6.39342563407162e-44 1
6.01864797540101e-40 1.2027371585834e-12 0.999999999998797 3.57729333462727e-35
4.258136044277e-57 9.06497012072289e-47 1.05479556243602e-40 1
1 2.67434085762115e-46 2.46052287152296e-36 1.10314251008686e-61
4.16235815021783e-39 1.22481316292311e-17 1 6.42045154111083e-38
1.72668080351924e-59 2.86075229782365e-35 8.74989829828387e-40 1
3.17103027162361e-40 0.999997662255247 2.33774475304145e-06 1.27093094203783e-37
1 8.16184024938701e-52 4.77805961962344e-40 5.08736747312163e-76
2.94583081939636e-38 0.999999999998252 1.74831368526956e-12 2.22653566088966e-35
1 1.6441986974228e-55 1.38394882774628e-40 1.08877791980045e-62
1 3.42131608447118e-55 4.39370389015051e-45 1.79525837482772e-57
1.11016225984967e-68 4.36546471807648e-52 7.56072448900142e-54 1
1 1.04498270136344e-38 2.91911581008958e-30 9.39256773581244e-59
6.90983740580718e-40 0.999999999759664 2.40335939764731e-10 1.23249275867621e-39
1.00055308584427e-24 4.58966014595849e-12 0.99999999999541 2.95595498915613e-41
1.63699999889208e-31 0.99999941595209 5.84047909498187e-07 2.53542742218318e-42
1.92416596020804e-49 0.99999999718107 2.81892942449506e-09 7.86962253058107e-47
1 1.82195473138588e-43 2.30574015249103e-34 8.32603918700982e-62
4.29287276819259e-61 0.999999999999987 1.33686337488326e-14 8.39559543124639e-49
1 2.54462631209675e-53 1.21960914734397e-38 7.67076959660415e-66
6.86078092573103e-39 0.999999998665865 1.33413451758058e-09 1.70975989096765e-35
9.29980070686926e-55 4.73579324445445e-37 4.70651954800662e-32 1
1 2.24454159454071e-39 2.27357914182747e-29 1.07545157427126e-51
9.823609304464e-33 1.21296784967602e-07 0.999999878703215 4.85400233169667e-36
1.53779775846266e-47 0.999999999999981 1.90197414568335e-14 1.42298641408137e-41
1 9.06731701736476e-43 7.25539220863874e-34 2.10016523320091e-58
2.50354733389857e-38 1.98902708022098e-12 0.999999999998011 5.9084629770228e-47
7.48102302216402e-59 3.9164856173128e-46 6.66338850103134e-44 1
1 1.13732361355786e-44 3.94734194834459e-34 4.38146775823855e-59
1.82790336063117e-65 3.79203286876323e-40 6.08708198043553e-40 1
2.83879252511643e-51 0.999999999977114 2.28864139323367e-11 2.91592190877208e-48
6.19346708978828e-71 9.08839799740328e-43 8.75631473359515e-41 1
7.25345688618276e-59 2.37423292530855e-42 2.70380083581204e-40 1
1.91272961987314e-46 0.999999999999653 3.47013796772778e-13 1.02276788161062e-32
1.37244848998708e-58 7.78642339093139e-37 7.20112598931113e-38 1
2.74185972942305e-44 3.04074819409267e-14 0.99999999999997 5.32456156539984e-36
5.85915402779893e-43 0.999999987547727 1.24522725115563e-08 2.78665522861706e-42
9.54349821030442e-63 4.78551843432312e-41 5.51928888986931e-41 1
4.45081337797762e-39 2.73125293249359e-12 0.999999999997269 8.24531418055914e-38
6.01631749432906e-46 0.99999999999993 7.03944904087381e-14 1.37718406037031e-38
9.99831849335743e-42 2.21853110204409e-11 0.999999999977815 9.37190234484239e-41
1.24974970622343e-27 8.38439816306554e-09 0.999999991615602 4.51805219813806e-29
3.12560908925003e-59 3.16028383598748e-37 1.58141283727089e-38 1
5.88001786003197e-37 0.999999999967999 3.20007828247137e-11 8.13005183059701e-28
2.51314633266988e-48 4.95160697822547e-31 9.58761474728848e-30 1
1.16906244985428e-39 0.999999991366207 8.6337932549815e-09 5.4474079804965e-40
1.3441660747414e-42 7.03554696815877e-15 0.999999999999993 4.06266993227774e-40
7.83325246966247e-31 1.50033278990102e-10 0.999999999849967 4.00866604759004e-41
9.22775156821046e-60 8.31475334062306e-31 6.53232423923557e-33 1
1 1.33897096345712e-43 4.57473020768721e-36 5.30918343534872e-68
9.05752737675423e-34 1.35705055507862e-16 1 3.54398229974669e-39
3.30264962767503e-56 2.09722580585394e-40 5.98561415533757e-36 1
1.16177565179225e-48 0.999999999997553 2.44676367869479e-12 3.56341919408898e-45
1 5.49682502538176e-43 7.70490998147614e-35 6.39554603367544e-63
1 1.98595265487058e-58 2.29553521173292e-47 2.79210143298485e-70
4.73177562003399e-55 1.50192615867981e-33 5.09636353577116e-35 1
1 1.67772906883245e-58 1.06964053906716e-43 2.29562422690801e-78
4.57108779847804e-44 0.999999999999957 4.32442058141217e-14 8.32654659268756e-35
1 4.47648738000902e-42 8.28042218133563e-38 4.84644499737488e-58
1 1.85986139043193e-41 1.27975528435766e-31 7.50384703110535e-56
1.63680497700666e-40 0.999999970606913 2.93930871512162e-08 1.04903767239815e-35
