7.21562067594744e-48 1.80875044971071e-42 1 1.39182701675582e-67
2.54462631209957e-53 1.21960914734425e-38 7.67076959661614e-66 1
8.75498087935322e-39 1.47866243170999e-44 1 1.3856515953797e-70
4.66509119091933e-46 1.29950663905352e-36 4.77913989939297e-61 1
0.999999999594919 4.05080994321831e-10 1.26864331913504e-41 5.20501953001678e-48
0.999999994447284 5.5527162268024e-09 9.43575436449267e-47 6.83163519813678e-41
0.99999999999981 1.89997730980659e-13 4.51582849521785e-45 5.32791958417879e-44
0.999999999999998 1.92826272650819e-15 3.66395497641581e-23 1.91462460979879e-38
5.86482060955758e-44 1.62916362179194e-35 9.54782468262834e-64 1
0.999999998497249 1.50275050185435e-09 3.35072388387298e-35 3.345531861693e-41
0.999999997134571 2.86542855633244e-09 3.18092642302114e-49 3.03641814004142e-52
1.99660634346067e-13 0.9999999999998 6.27996934313441e-55 2.51896928640449e-34
1.67364192304657e-47 3.53392286478425e-35 2.84193183811805e-60 1
1.82195473138647e-43 2.3057401524907e-34 8.32603918701881e-62 1
0.999999999911923 8.80766657530391e-11 4.12818032203078e-46 2.91172839245665e-50
0.999999970606913 2.93930871512248e-08 1.04903767239802e-35 1.63680497700773e-40
0.999999988185446 1.18145535481431e-08 8.14355969358034e-37 5.40993467547252e-48
5.31094914805558e-12 0.999999999994689 4.14278252756543e-31 4.37477061122211e-30
0.999999950027744 4.99722556867221e-08 3.11598217898301e-35 5.28506061970726e-37
5.31128562223107e-52 4.88918325081987e-52 1 3.07970962506547e-67
4.51895145839494e-54 1.28172736355258e-42 7.2868553967618e-59 1
0.999999999999987 1.33686337488474e-14 8.3955954312378e-49 4.29287276820015e-61
0.999999999981077 1.89229654552079e-11 2.62484658888966e-40 2.59497638615203e-47
4.03906839650324e-06 0.999995960931603 2.28450342376794e-41 3.66495908031528e-35
6.11844559051495e-33 1.58170685263042e-35 1 2.22578155021348e-53
0.99999999941256 5.87440269545412e-10 3.44169311029375e-37 7.31234686656904e-42
0.99999999999186 8.1403278055374e-12 1.33626925737041e-35 3.63737734463081e-57
8.31475334061809e-31 6.53232423923529e-33 1 9.22775156821623e-60
3.91648561731085e-46 6.66338850102992e-44 1 7.48102302216636e-59
5.83205126551977e-45 2.0209603172094e-35 2.59664747979715e-59 1
1.07166078113463e-37 2.70513186838601e-38 1 2.86941881657312e-63
1.95914849394454e-09 0.999999998040852 1.90863220677512e-44 1.38742935747818e-46
3.55095881793727e-12 0.999999999996449 3.25178693181772e-33 1.61316004585467e-32
4.69280580419082e-37 2.55617282744684e-26 1.69489072750144e-53 1
1.21296784967639e-07 0.999999878703215 4.85400233169598e-36 9.82360930446303e-33
5.17954638415722e-40 1.9317840689253e-40 1 2.41490562745818e-60
1.96891707102958e-51 2.02182222983457e-41 1.1612259910231e-68 1
1.85986139043298e-41 1.27975528435777e-31 7.50384703110834e-56 1
3.22815046776109e-41 2.90665704024758e-42 1 7.57752659853799e-65
3.62633295919283e-50 2.3469513791736e-39 3.99384874759695e-76 1
4.31948778999377e-47 1.09230387495074e-36 2.43357490959846e-68 1
7.65612409873734e-58 8.93082246623707e-47 1.23793216025508e-64 1
1.04498270136379e-38 2.91911581008933e-30 9.39256773582099e-59 1
7.45493711861075e-50 1.47993435183874e-44 1 5.82857814889515e-71
0.999999999956878 4.31217364153983e-11 1.69663200880579e-45 3.22888584709737e-44
2.62817757861509e-52 1.32853526082835e-40 2.1049465874067e-61 1
0.0274267077861026 0.972573292213897 2.7045636204958e-32 2.41805260167943e-23
2.78122647277558e-12 0.999999999997219 2.34770929699442e-43 1.79683308753799e-36
2.86075229782195e-35 8.74989829828723e-40 1 1.72668080352169e-59
4.73579324445055e-37 4.70651954800415e-32 1 9.29980070687045e-55
3.81978965630183e-45 1.22909263874258e-43 1 2.23418663459031e-63
0.99999998718807 1.28119300882025e-08 1.78513643466077e-47 1.40291336259108e-49
2.67434085762146e-46 2.4605228715223e-36 1.10314251008812e-61 1
8.76073567658271e-42 3.29447540010767e-33 6.48535161316067e-59 1
1.5626786985249e-45 3.82258012607822e-46 1 9.42733425322942e-65
1.41717706105491e-45 1.03165175105008e-47 1 7.93374824949783e-65
3.5683317018356e-36 7.62499454703634e-39 1 3.17192613737569e-53
0.999999999999982 1.76498641779438e-14 2.9111866376826e-39 3.11903056703972e-47
0.99999999999994 6.04758673823363e-14 1.21021749843815e-38 4.02911951696058e-48
0.999999999977114 2.28864139323369e-11 2.91592190876694e-48 2.8387925251157e-51
0.99999999999998 1.96235054370617e-14 1.126400366444e-38 1.1977527221112e-45
4.75304063597677e-36 6.7860179355752e-39 1 1.67055643723526e-68
0.999999999987954 1.20463999750139e-11 1.47257387613499e-38 6.77694680842572e-48
1.10480166908758e-13 0.999999999999889 9.13372274560849e-44 6.44136416037897e-33
2.06672392342386e-42 1.12451811123668e-37 1 1.06776259877151e-60
3.12419852600543e-31 5.60912925115658e-32 1 1.33393134686665e-50
6.32631309988556e-38 1.35379613515505e-28 9.29492286388596e-50 1
2.21853110204422e-11 0.999999999977815 9.37190234484013e-41 9.99831849335942e-42
2.39192354131204e-46 3.20467493663632e-48 1 2.55895697380983e-72
1.10247722061493e-41 7.14510181854525e-43 1 9.6085791332644e-66
0.999999999967999 3.20007828247214e-11 8.13005183058765e-28 5.88001786003356e-37
1.06577578672447e-09 0.999999998934224 7.25447298590915e-35 8.33771950705204e-28
2.74297777387965e-44 5.29994229893904e-31 3.38463147624864e-52 1
2.57909492559085e-39 9.81653184778936e-34 1 3.94829086945388e-54
1.17263521345523e-44 3.36296912260138e-34 6.98015792395905e-51 1
1.64419869742299e-55 1.38394882774593e-40 1.08877791980126e-62 1
2.58722072818994e-14 0.999999999999974 1.03849132975631e-44 1.27746488145316e-32
5.27802841681516e-41 6.39342563406689e-44 1 1.23359284375343e-56
0.999999823586725 1.76413274964903e-07 4.81939100772708e-37 3.2314954872242e-43
8.74578868813862e-46 5.60747289863485e-34 6.44666245643187e-66 1
0.999999999534823 4.65176638221213e-10 6.14510012318176e-40 1.3430045774122e-48
0.99999999993781 6.21898737319911e-11 6.42722487046379e-39 3.22259487668058e-49
3.79203286876237e-40 6.08708198044011e-40 1 1.82790336063429e-65
4.3932016857845e-08 0.999999956067983 4.3411553736951e-39 1.01422824663679e-36
0.999999999906628 9.33721126839542e-11 1.07971036928215e-28 2.33822176188601e-52
8.16791998266783e-13 0.999999999999183 9.21302224496799e-51 8.30304932689588e-30
0.999999999996999 3.00065169364058e-12 5.34275529322337e-43 1.82150587144977e-51
7.61003213650632e-51 8.85293768380913e-40 1.09333427882574e-59 1
0.99999999999949 5.09640686867058e-13 2.58882774554422e-49 8.6088966612076e-53
0.999999991366207 8.63379325498328e-09 5.44740798049093e-40 1.1690624498546e-39
2.0790385415126e-15 0.999999999999998 8.09183097586983e-34 1.46018043285994e-34
0.999999999999984 1.57982929986436e-14 3.66483588230556e-45 9.71768590782417e-56
2.09722580585122e-40 5.98561415533331e-36 1 3.30264962767564e-56
1.5019261586802e-33 5.09636353577456e-35 1 4.7317756200391e-55
1 5.50596245806914e-17 3.82227992140237e-39 9.86078794379575e-53
3.21268693462398e-11 0.999999999967873 1.01579691076881e-43 1.89608440408081e-30
1.44898538499561e-12 0.999999999998551 5.1433869223523e-33 3.26217738948326e-32
1.21273726810347e-43 2.22249785588893e-43 1 2.83628272018474e-75
0.999951837946191 4.8162053809252e-05 1.90454676773106e-47 3.19172086575848e-43
1.33897096345799e-43 4.5747302076874e-36 5.30918343535401e-68 1
2.89555694780387e-43 4.44583954603457e-29 8.40229752269057e-58 1
5.41480439650857e-43 1.03179528357443e-43 1 1.69041287652249e-67
3.05541380971441e-59 1.77069466043688e-41 2.11673110135783e-70 1
0.999999998549977 1.45002276705947e-09 3.72783320397905e-52 6.25589872901343e-54
0.999999999988083 1.1917270663734e-11 5.87903839211835e-36 2.52248346393976e-46
0.999999999974059 2.59414514601599e-11 8.04928738179385e-37 2.78732747485003e-49
7.62907434751737e-48 2.35014760256831e-36 1.04031462256982e-64 1
2.36929597364413e-29 8.81248082659508e-32 1 1.34501091051924e-53
0.999999999999999 1.20105127223155e-15 9.05892220628102e-41 3.17785312531849e-67
2.01930990475864e-41 8.23835187999139e-31 8.47971275793766e-48 1
2.37423292530757e-42 2.70380083581362e-40 1 7.25345688619389e-59
1.81886407680394e-39 6.61023006627792e-31 3.09518986560287e-54 1
0.999999999999998 1.77727578405974e-15 1.1586302054295e-49 4.0283969595608e-60
1.19316658267768e-08 0.999999988068334 2.31932094765369e-48 3.67659092328241e-44
4.54655309398798e-57 6.40720121616849e-42 1.10906743588856e-62 1
3.42131608447128e-55 4.39370389014951e-45 1.79525837482844e-57 1
3.13040277840178e-50 1.7761284504767e-40 9.11454856584511e-68 1
2.20732689004267e-46 2.54358625183273e-42 7.29507526264429e-60 1
0.999999999999985 1.49829469050642e-14 2.60552748750267e-40 8.1650539997655e-45
0.999999999903085 9.69152338358846e-11 1.64363460743852e-37 4.09049782735771e-52
0.999999999999369 6.30944211708763e-13 4.46685538925206e-30 1.57091713323708e-48
5.04372206933594e-43 1.84669748355324e-41 1 6.94103545219764e-69
7.03554696815862e-15 0.999999999999993 4.06266993227716e-40 1.3441660747417e-42
9.82754231079464e-48 9.96381239435701e-39 1.12595412556178e-64 1
4.58966014596022e-12 0.99999999999541 2.95595498915773e-41 1.00055308584431e-24
3.47704829588666e-52 5.5838687299617e-49 1 1.11824387104759e-68
4.15512378398966e-12 0.999999999995845 1.56055206483514e-32 2.58000604833987e-36
0.999999993433097 6.56690315328286e-09 1.12134153072408e-47 4.64366069575536e-46
3.90407641645287e-49 3.46602908190523e-36 6.38232933415827e-60 1
1.89917823690381e-45 2.58937267788207e-47 1 8.66967705437751e-68
0.999999999999065 9.35148837048941e-13 2.83318100571893e-44 8.76626642087485e-52
4.63925167884824e-53 2.70698119022688e-54 1 6.90090363147618e-68
1.18304479052054e-58 2.34436515000103e-43 2.23514818676521e-69 1
8.38439816306721e-09 0.999999991615602 4.51805219813825e-29 1.24974970622354e-27
9.08839799739191e-43 8.75631473359055e-41 1 6.19346708979127e-71
6.3904847220602e-51 3.5521873218932e-40 1.31403439354424e-67 1
1.78174308273895e-51 9.69274579671116e-38 6.3284213626265e-70 1
3.8126245352617e-51 5.51334870744104e-48 1 3.69518371699699e-65
1.79121783392326e-12 0.999999999998209 3.98903921560877e-44 2.14385670840479e-35
0.999999997933086 2.0669141177078e-09 7.66769371196537e-42 3.61834967441594e-48
2.24454159454217e-39 2.2735791418276e-29 1.07545157427206e-51 1
6.59947837776068e-55 1.95611643699751e-41 3.35377208571919e-69 1
5.43477261269453e-13 0.999999999999456 8.81136342156264e-45 4.4704697437821e-28
0.999999999999952 4.77343419262011e-14 5.03188146359579e-47 1.11995692542296e-47
2.14595171974283e-32 1.2346956715146e-31 1 3.53697929528411e-42
1.10062710480636e-50 2.88533436098152e-48 1 2.11105170215286e-65
3.7981260291594e-36 2.83228684630638e-35 1 1.45667697763822e-54
4.78551843432196e-41 5.51928888987119e-41 1 9.54349821031392e-63
6.6054471641861e-13 0.999999999999339 5.93339439599667e-45 3.47503015026497e-27
1.31942142857778e-27 6.05539010383918e-32 1 8.3900073954478e-47
3.04074819409351e-14 0.99999999999997 5.32456156539856e-36 2.7418597294227e-44
5.35133994855673e-17 1 2.18029700500163e-51 2.0665063575892e-31
7.61180771314475e-39 9.18093482582996e-31 2.14034644315726e-51 1
0.999999999999265 7.34744737307291e-13 1.41356095021793e-41 1.28867836617343e-55
2.67423277876612e-41 7.1381217956621e-42 1 5.73374045213093e-68
0.0001088607530414 0.999891139246959 1.21650794486338e-46 3.98513842512758e-32
1.13020339941331e-09 0.999999998869797 8.09895075157362e-38 7.32560278871823e-27
0.999999992045333 7.95466748600541e-09 1.72688836756543e-41 2.11314340272159e-48
0.999998623239669 1.37676033099719e-06 3.41955163082119e-38 1.22146179528062e-45
0.999999999998987 1.01304217695862e-12 2.7120639055256e-39 6.68802675064407e-53
4.15876170831608e-55 1.78861298933438e-41 7.00695332498693e-65 1
0.99999999985663 1.43370440480219e-10 9.62326192245586e-42 3.70509805626717e-43
1.13732361355893e-44 3.9473419483456e-34 4.38146775824142e-59 1
9.06731701737121e-43 7.25539220863987e-34 2.10016523320192e-58 1
0.999999811261201 1.8873879873641e-07 1.72383146368286e-31 1.41141750833962e-33
3.63328723985873e-55 3.58066353247194e-38 3.93683226710037e-70 1
2.89612898357376e-38 9.42393120273703e-40 1 3.54180042175057e-65
2.76801313006307e-36 9.14831939450039e-36 1 7.14827002179244e-55
1.19019516317168e-43 1.44918855140742e-44 1 1.00899875919125e-69
4.95160697822196e-31 9.58761474728766e-30 1 2.51314633267181e-48
3.36274324448178e-44 1.72478223319759e-38 1 5.87779270717311e-64
2.07814385515632e-42 1.0944214671249e-32 2.99540497348339e-55 1
2.92704653138429e-41 9.58298129844743e-40 1 2.87694105196174e-66
1.60002344133266e-40 6.64362810658853e-42 1 3.49358342837654e-62
4.69958814816956e-49 8.08452860300663e-47 1 2.9195422752849e-68
0.999999999598031 4.01968710072482e-10 1.28396511750077e-35 5.19398560946544e-42
1.27946389098035e-39 5.81562795426298e-33 1 1.01842420789837e-67
0.999999227633377 7.72366623137546e-07 2.70980892440716e-45 2.25261137661985e-51
7.22340001053016e-57 1.49464387178488e-44 1.25401881051433e-65 1
1.59793881195702e-12 0.999999999998402 1.64691793366561e-48 6.31684136187091e-42
2.45054801401105e-05 0.99997549451986 1.24034734273959e-36 5.41166747871258e-37
5.64696913906582e-53 1.45778717124972e-42 7.6695373465576e-75 1
0.999999999992666 7.33382491754916e-12 4.83887091890936e-44 2.05240186247592e-50
4.3654647180727e-52 7.56072448900314e-54 1 1.11016225985109e-68
3.91202721475757e-32 3.63545867553379e-28 1 4.23299665664735e-45
2.16376075478544e-49 1.43398652916771e-35 7.19812633212334e-58 1
4.14400338178312e-42 6.46988599729418e-35 5.84083763426961e-60 1
1.90178487499678e-37 6.32622516358155e-36 1 2.84316232004099e-66
6.35022168067067e-45 7.58672101079852e-28 1.2594821998621e-54 1
0.99999999999993 7.03944904087603e-14 1.37718406036912e-38 6.01631749433214e-46
5.29807214465677e-46 2.94246494201697e-45 1 1.79484536003073e-59
5.49682502538683e-43 7.70490998147756e-35 6.39554603368307e-63 1
1.05039982065612e-42 5.06198097642535e-42 1 2.45769663162712e-67
2.09357682071646e-46 1.04362546425888e-37 1.40227876631593e-55 1
3.09246846029648e-17 1 3.99938269124393e-37 1.39256115127466e-24
0.99999999977423 2.2577016243589e-10 9.20557294380895e-39 2.78702781721565e-46
0.999999999999981 1.90197414568344e-14 1.42298641407957e-41 1.53779775846253e-47
7.78642339092819e-37 7.20112598931195e-38 1 1.37244848998806e-58
1.79049432731608e-06 0.999998209505673 6.70965514006579e-41 4.85555937765113e-44
6.57372521076095e-40 2.46926279419567e-43 1 1.65483306039774e-53
7.11005651868638e-37 1.53355010220237e-36 1 1.39626791012743e-56
0.999999999999728 2.71529136654262e-13 9.68862379096818e-47 8.9453094901637e-38
7.72105607589562e-11 0.99999999992279 1.7859758788792e-35 3.59253018306803e-42
0.999999999999692 3.08119297354805e-13 2.76188583841648e-40 2.22836870904063e-53
8.16184024938655e-52 4.77805961962215e-40 5.08736747312337e-76 1
4.22910123779822e-10 0.99999999957709 4.05135542362315e-37 1.66857128937527e-36
1.02968949075772e-41 4.04780443169781e-46 1 2.64469002913739e-67
0.999999990610022 9.38997821514288e-09 3.5051234957068e-35 3.7143806408603e-40
1.50033278990198e-10 0.999999999849967 4.00866604759528e-41 7.83325246966225e-31
1.20933279475862e-36 6.5676320091179e-38 1 4.76350228744899e-63
1.34294133111302e-37 1.17669558451191e-35 1 2.81518668700831e-55
0.999999999967245 3.27545779502534e-11 7.80796350083255e-46 1.1746390999172e-54
2.63983104198035e-13 0.999999999999736 5.36273436267741e-46 1.89765097389251e-32
0.999999999495065 5.04935451700744e-10 2.23612347604134e-53 9.86822907434016e-43
0.999999999997553 2.44676367869486e-12 3.56341919408528e-45 1.16177565179217e-48
3.91483040735118e-09 0.99999999608517 1.17280092406941e-40 5.32242143986732e-43
1.13231982931806e-44 1.5256901825815e-39 4.9414735063517e-60 1
0.999997662255247 2.33774475304178e-06 1.27093094203682e-37 3.17103027162433e-40
7.1549088626833e-14 0.999999999999929 3.35026678331945e-36 4.83968422422072e-34
3.73280519518331e-47 1.2850091751514e-35 4.96496913936982e-60 1
6.88874251495951e-54 6.97163339940242e-45 2.86080799432659e-67 1
2.36448980980864e-45 5.08397796210645e-36 2.61733967340254e-60 1
2.38350769342702e-48 1.29225182811506e-38 3.91170407915127e-75 1
0.99999998973695 1.02630495512106e-08 2.46140946555548e-44 8.66932163705717e-53
7.67353604146422e-43 3.5739610987881e-39 1 2.7954321381635e-63
7.43780408688669e-42 1.16075519438273e-41 1 1.59911413078713e-72
1.59378173823547e-45 8.49494419217915e-42 1 2.0318676276552e-60
0.196700435729265 0.803299564270735 6.10467653052026e-35 8.93594322806268e-37
0.000100884398961272 0.999899115601039 1.34054067795981e-36 3.68810050920477e-41
5.92095112067505e-50 3.70520339683032e-38 6.94081094486581e-62 1
2.73125293249408e-12 0.999999999997269 8.24531418055903e-38 4.45081337797787e-39
1.92820485838323e-11 0.999999999980718 4.44584607152087e-53 2.60269928945137e-40
4.09045298922182e-37 2.81545690964982e-40 1 3.46131185483586e-64
4.50460339335817e-48 1.18770758180765e-39 1 2.66584830428995e-65
9.58006408948011e-11 0.999999999904199 1.05071263303335e-41 5.42265616832438e-35
0.999999999998252 1.74831368527011e-12 2.22653566088792e-35 2.94583081939791e-38
1.77863849993561e-36 2.62719492902326e-33 1 9.40848531084124e-66
8.78697766668832e-11 0.99999999991213 7.88180877655753e-33 4.03397632308716e-39
1.64162529928141e-48 1.45479171929945e-49 1 1.03352238736786e-69
2.08790368085339e-42 2.24255574216302e-39 1 1.56780683954881e-60
0.99999941595209 5.840479094983e-07 2.53542742218159e-42 1.63699999889268e-31
0.999999999989695 1.03053095996165e-11 6.4774243340131e-42 9.38056365376273e-43
3.40589378882993e-06 0.999996594106211 1.41375420767828e-47 1.15499778183026e-38
1.18161719565261e-46 3.97848326182878e-43 1 6.80448819119877e-62
1.98595265487035e-58 2.29553521173227e-47 2.7921014329862e-70 1
5.26059335424586e-07 0.999999473940665 1.1425049607772e-35 8.60326567519778e-41
0.999999987547727 1.245227251156e-08 2.78665522861571e-42 5.85915402780234e-43
7.29246422413206e-45 2.36882190260456e-45 1 1.89008278272618e-66
0.999999999988868 1.11316631147739e-11 3.38071277135503e-38 9.24836295366772e-54
6.52279575596892e-44 9.00954499791549e-36 2.82694102429455e-55 1
2.15602704117098e-36 7.56349966660395e-28 1.82108509438517e-40 1
1.12695244760481e-17 1 1.66177290433556e-40 6.71983430195048e-43
6.07921775979026e-15 0.999999999999994 9.25696996779822e-40 3.98874929181162e-41
1.1468017587168e-32 5.09152982946891e-31 1 1.18751748463378e-54
6.5794405891427e-10 0.999999999342056 2.30374044345781e-38 6.49726588590113e-48
3.23035374312076e-54 1.72427740712432e-40 2.09563085070241e-65 1
7.86096815349185e-57 4.04002091723298e-41 3.53287600451869e-66 1
1.20273715858363e-12 0.999999999998797 3.57729333462661e-35 6.01864797540093e-40
0.999999998665865 1.33413451758103e-09 1.70975989096699e-35 6.86078092573561e-39
0.999999999759664 2.40335939764768e-10 1.23249275867535e-39 6.90983740580894e-40
1.74114239512515e-51 3.95785005462536e-33 9.1658495791607e-60 1
1.6973528636307e-37 7.71747788705405e-31 1.73737553146226e-68 1
0.999999999999378 6.21963594096229e-13 1.82559834706851e-45 2.57018114615145e-45
5.52061845649601e-32 1.09733517017834e-22 2.44060994208795e-40 1
3.16028383598393e-37 1.58141283726977e-38 1 3.12560908925012e-59
1.514607533505e-34 2.21264942414353e-33 1 3.74124527392621e-51
0.000698743394167122 0.999301256605833 6.94392553721271e-34 2.41039595759162e-32
7.41587136310745e-37 2.67265937312449e-36 1 6.7740158215229e-63
0.99999999403077 5.96922948923616e-09 4.91771322756576e-36 1.22945416099921e-50
1.93135317888554e-32 2.14500960943878e-29 1 1.52808266826538e-61
4.47648738001106e-42 8.28042218133551e-38 4.84644499737777e-58 1
2.75151305383331e-12 0.999999999997248 4.47463898858012e-37 2.60870558589226e-38
8.50111762328686e-44 1.31506303262331e-45 1 4.34144456337281e-63
1.87558604870862e-07 0.999999812441395 3.00569480445378e-34 1.4320189853139e-40
1.58799740564329e-14 0.999999999999984 2.08890982334332e-47 2.96698671588572e-35
1.9890270802226e-12 0.999999999998011 5.9084629770259e-47 2.50354733389757e-38
5.87427149532811e-42 5.30023767025634e-31 2.66597252948784e-63 1
2.06226967251578e-38 4.71030956326951e-33 1.01128251233222e-66 1
3.89135948650366e-28 9.07494379628025e-30 1 4.48216444063767e-57
0.999999940646795 5.93532051378981e-08 6.93008056877917e-38 1.50952176347896e-44
0.999999999999941 5.85350367629191e-14 7.04562471283595e-47 1.47310666582769e-62
1.22481316292321e-17 1 6.42045154111183e-38 4.16235815021896e-39
7.34324684021702e-43 5.06414732358742e-31 3.3339191907291e-65 1
2.52554604156473e-10 0.999999999747445 1.75102698049196e-33 3.44376883181236e-42
3.77863267335846e-10 0.999999999622137 1.85085266295632e-33 4.25370698481394e-45
0.999999999996647 3.35315942085374e-12 7.99674394683852e-41 8.24312841847722e-51
1.35705055507949e-16 1 3.54398229974865e-39 9.0575273767523e-34
0.99999999718107 2.81892942449519e-09 7.86962253057381e-47 1.92416596020809e-49
9.06497012071284e-47 1.05479556243563e-40 1 4.25813604427967e-57
5.06867050848563e-42 7.21103664501431e-31 4.02186667208031e-63 1
0.999999999999653 3.47013796773007e-13 1.02276788161034e-32 1.91272961987545e-46
2.04478279471248e-41 1.42871315037783e-42 1 8.36512849193246e-51
0.999999999999957 4.32442058141383e-14 8.32654659268461e-35 4.57108779848142e-44
0.999999999999938 6.19769110988497e-14 3.76178491394991e-46 4.5037162305531e-45
0.999999997020368 2.97963215832439e-09 1.15410694041385e-39 3.96036855148853e-40
1.67772906883393e-58 1.06964053906736e-43 2.29562422690997e-78 1
0.999999999999987 1.29628267416336e-14 2.02218888382569e-41 8.31243276394298e-57
1.47628051677561e-06 0.999998523719483 4.79884951912804e-42 3.30196749493054e-43
3.99599138919049e-39 3.10273892820608e-29 1.04814832490133e-55 1
1.8343032822633e-42 1.37334795996426e-41 1 1.97457225707309e-67
