2.19625012132161e-45 1 1.67993143973661e-44 7.47233784929203e-78
0.999999999999993 1.08645955256722e-42 6.82791827739378e-15 2.29013179559482e-62
1 1.92561564527685e-46 6.65888677283511e-19 8.48554118513295e-64
1 5.43727649450829e-41 2.81439073446574e-17 6.22194474141761e-63
0.999999999999983 1.90580461643016e-39 1.68811062599297e-14 2.79440833988561e-68
5.13133331120814e-61 4.26733574927362e-84 4.86302581527425e-40 1
1 3.71879401800449e-49 1.0299864716039e-20 1.84330434063652e-68
0.999999999999413 8.08373021281387e-37 5.86736523413724e-13 1.75276586781944e-57
1.38418711307808e-64 3.18437085992954e-76 4.75268973081933e-43 1
7.35849091014404e-73 2.72942471213245e-83 3.9755058514486e-49 1
1.3832900552493e-17 1.42531092241241e-51 1 5.6144000387904e-32
1.32923539477969e-41 1 1.09751782040876e-41 4.25031904302979e-84
1.25803880490586e-31 1 3.46538167473402e-33 1.58750792258808e-70
4.03266639373485e-39 1 1.0226962071401e-40 1.02797492661014e-71
1.28720133798755e-46 1 2.12545084601752e-46 4.30559838747703e-85
2.83781911861752e-47 1 1.31940167778946e-49 2.2758409141529e-85
1.84993890732975e-66 1.90757284943618e-85 1.61536751060747e-44 1
6.41313578869876e-19 2.87245012027547e-44 1 3.85458513765983e-45
1.02845364502962e-38 1 3.16692792328156e-41 1.32862027287016e-80
5.24488334366123e-46 1 5.63478196357961e-47 2.99614523019369e-84
3.22819897481452e-45 1 2.01277016801478e-48 7.408046544465e-88
5.3656186628143e-10 1.61522924328305e-42 0.999999999463438 4.97307676536541e-45
9.20421737584316e-15 9.95406280335215e-51 0.999999999999991 1.35212679114711e-43
6.76109929573904e-15 1.76637752041114e-41 0.999999999999993 1.43225053741376e-44
0.999999999999996 5.81397504470047e-38 3.83318805348532e-15 5.58639132642695e-71
2.1919184864283e-61 2.78013314090502e-83 2.49081537563688e-40 1
7.8914756763787e-45 1.57790163708121e-59 2.05447616485371e-28 1
1.24370707757551e-37 1 1.02210442025287e-38 2.89477803275531e-69
7.20384320072593e-42 1 3.68072540879711e-46 3.40637750155696e-80
1.5825248515976e-21 1.6718275019779e-55 1 6.86196069697369e-32
0.999999999902875 5.68654433775669e-36 9.71247158407618e-11 7.32696748142895e-51
1.02184697733046e-40 1 3.91928610213762e-41 3.39014370044058e-69
5.94338869482425e-17 7.02529205153014e-39 1 1.24898174666299e-40
0.999999999999998 1.71309565230052e-36 1.87432145973679e-15 4.13930134934494e-55
2.7135291536198e-50 1 2.76451723173401e-53 3.28051248647813e-85
2.06189057741357e-17 1.38076080129151e-55 1 1.95231579130271e-33
0.999999999999929 1.48882417086607e-50 7.09742643249498e-14 7.93234028407855e-64
0.999999999999936 1.17103076542009e-40 6.38027194413161e-14 4.0893350333995e-66
1.68715477679567e-48 1 1.34758522219692e-51 1.93407039029552e-87
1 1.13247818297381e-44 6.31969341506304e-17 9.23358850661711e-59
6.72592718052842e-36 1 1.66934847390043e-32 2.94939403385135e-60
0.999999999581375 1.20511386243879e-45 4.18625363648513e-10 1.88960568449615e-45
0.999999999980293 4.67983352319837e-39 1.97067633024477e-11 5.28379675278263e-59
0.999999999981074 1.17093518717242e-44 1.89256665397573e-11 7.63962823461072e-62
0.999999999999622 1.70031856567043e-36 3.77895639466257e-13 1.18578894592196e-54
4.45940136152208e-47 1 7.64387153075065e-52 4.07131587020074e-81
0.999999999999883 5.44749089246012e-36 1.17425242887391e-13 3.97441421730008e-55
2.94099057391711e-54 1.76432872865076e-78 7.79367209404182e-34 1
2.96190646066199e-20 6.18673047276878e-41 1 1.37826808267595e-32
0.99999999997999 8.5396495222241e-45 2.00101080780943e-11 8.15778823139583e-67
1 1.23039016281608e-41 6.93247682029115e-17 4.49338911977877e-58
1 6.52699121651504e-45 2.66934946235825e-16 1.82939075960894e-58
0.999999999999998 5.99248912062726e-52 2.25931722366043e-15 3.64830534029041e-57
1.46305463722721e-67 1.34384847319979e-80 4.03560697269791e-45 1
0.999999999999999 2.2094486369117e-54 1.36219207291184e-15 1.03154572516752e-64
4.54431914308778e-14 6.11207892324876e-38 0.999999999999954 2.17471694484536e-43
3.3670420535322e-12 2.95581943984872e-45 0.999999999996633 3.33434269040325e-40
1.96831123677945e-47 1 6.56526058505553e-51 1.25304977900282e-96
0.999999999977853 2.02379096594427e-41 2.2146964482755e-11 9.61936881938517e-59
3.35018850177888e-70 1.03715466581185e-88 6.82979595121241e-46 1
3.74231656903823e-63 1.42188972711646e-74 1.39176844448102e-39 1
5.50387168971458e-72 3.17287466191337e-85 2.18016877024573e-44 1
0.999999999999999 7.94405661585242e-42 1.12178738086755e-15 1.23372844604578e-66
4.84545427156725e-43 1 5.62557434893742e-45 4.54407096281037e-76
1 1.76460062311696e-42 2.09070673868484e-16 7.66882851070304e-77
7.31167750925115e-79 9.44592828347338e-90 1.13261794937157e-48 1
0.999999999999986 3.27894138012472e-43 1.42710700195669e-14 9.74530866635041e-64
1.35025725763686e-71 1.32750662860865e-86 1.65073660584737e-42 1
2.59409875370191e-68 4.02476701169491e-94 1.11591517271435e-44 1
8.17324408003518e-48 4.84050026510294e-66 5.06437059229825e-28 1
2.8334268290169e-12 1.34425412053244e-51 0.999999999997166 1.59902095442932e-49
0.999999999971897 2.19725803808006e-43 2.81029854905324e-11 7.1788886579347e-57
2.90458486569921e-40 1 2.93892684290614e-45 3.3289780045186e-81
0.999999999980752 8.35800728343973e-39 1.92481536977524e-11 2.07976764612565e-54
2.64719030337813e-11 4.47459922250734e-42 0.999999999973528 2.41486531786265e-54
6.31136806561101e-63 4.06136331654337e-81 1.40910090477797e-39 1
7.52902755126191e-56 2.71819561797294e-92 4.9732197680737e-37 1
1.98944382467815e-16 7.35115544052415e-35 1 5.15908608261043e-34
3.85587061079857e-72 1.87462835444359e-83 2.05455473413019e-46 1
1.87933822066542e-20 9.87940686175239e-46 1 1.48143899256012e-45
6.22906383942245e-64 8.1804229702419e-82 5.00212642056622e-42 1
0.999999999999316 4.55245836071155e-39 6.84193611592947e-13 4.39787820453313e-56
1.69157104276674e-43 1 1.74884087405081e-35 9.96340769532657e-62
2.57020285990356e-46 1 3.25610931859586e-45 6.30282912966759e-83
2.23758747747866e-17 1.97897044590894e-51 1 1.51004522141003e-36
1 4.34717179058402e-48 2.47653412882209e-18 3.77890341844103e-62
6.46669469624052e-52 1 1.57711650426403e-56 4.82859462126356e-85
1 5.36975245955028e-49 2.80307914758693e-18 7.81899548236604e-56
9.33927179638362e-30 1 1.52370830937268e-34 2.50839713806271e-59
1.71253663546335e-14 3.11025016235442e-50 0.999999999999983 1.32324720728048e-48
1.40618857860226e-35 1 2.9408317284597e-39 1.49746710326713e-71
0.999999999999986 4.52515325849572e-43 1.44109668144195e-14 9.74010616485454e-66
1.08655962726523e-49 1 4.07695693787002e-54 3.86945787482228e-85
2.35162638789742e-17 1.54839908157158e-46 1 1.42539335110898e-27
0.999999999999998 5.38700812376945e-46 1.78349060624457e-15 3.22577374690981e-68
1.46674590414981e-65 3.63650978664325e-73 4.45181075686135e-41 1
1.62014356160596e-14 4.42024672652131e-50 0.999999999999984 7.20603808188917e-34
2.59497668461806e-54 7.43312083005683e-71 9.43311240279555e-35 1
2.33412474051925e-41 1 1.1437764849557e-49 1.24652910421096e-80
0.999999999997021 3.3811579496899e-41 2.97942968261364e-12 6.30113165132499e-54
1.65609701456566e-53 2.86127398462447e-59 7.20283421797904e-33 1
0.999999999992197 2.98074394048073e-53 7.80295686524006e-12 1.01764827831098e-66
1.0327856522047e-41 1 6.9939973791653e-48 1.00960288480742e-84
1.05210127162898e-45 1 1.17041922635994e-49 1.28215252221468e-80
4.66755285515443e-56 6.16169383004291e-74 5.75250396993234e-35 1
0.999999999999403 1.39757559464602e-32 5.96729002978537e-13 3.44377352386039e-64
0.999999999999999 2.45944373516701e-40 7.64411071821425e-16 3.06707336134675e-62
4.08064320850252e-71 2.16686750388543e-77 6.32831492969605e-50 1
0.999999999999998 7.22774591693278e-43 2.16530707030317e-15 1.83039107827189e-65
3.5773422820551e-65 4.73995519314514e-95 8.16264889950057e-44 1
2.66512970577197e-14 3.61922150127021e-40 0.999999999999973 4.63796483053109e-41
3.72672488292415e-16 1.19944630573653e-36 1 5.84163557053958e-37
8.47441926824424e-61 3.50995174356078e-80 1.70470732058382e-44 1
1.49786935357751e-42 1 5.52597530702449e-48 2.1466675317429e-89
3.0506274401583e-63 1.31926808697236e-88 1.33571097809484e-38 1
5.47728866766265e-33 1 4.19720320379959e-36 1.18099535874869e-59
1 2.20771069318426e-53 9.81212634437827e-21 2.42592751201542e-81
7.00558828104343e-09 2.87179206554877e-44 0.999999992994412 2.01539549617339e-49
1 8.35546446903617e-48 6.44641084186947e-17 5.08016035944069e-66
1.73356012701582e-45 1 1.88374634198414e-44 2.44607779118719e-81
2.6964566466152e-56 1 4.49655878874657e-62 5.46994587398403e-90
1 7.21733286237717e-46 1.03963626109851e-18 2.24140872628989e-72
3.49790421699695e-16 1.94760713073293e-38 1 4.02781213483975e-40
3.09556184228795e-46 1 1.92018204467848e-54 5.19307118435434e-90
5.70187327042012e-17 1.28600497841854e-52 1 8.77032137875375e-38
1.39140114962853e-33 1 1.01507038885063e-40 2.01678746395213e-77
2.07234420157495e-68 2.64756161179141e-84 7.79833800735376e-49 1
1.25784838256564e-31 1 1.30617715878896e-33 2.38220266936759e-64
1 2.82343528915121e-39 3.06082629277065e-19 3.31441319398679e-66
3.07774255054483e-28 1 5.21833882032437e-33 1.5832927202275e-63
1.04690930303212e-16 5.41215527188158e-41 1 1.89864393073832e-49
0.999999999999611 8.83103870375696e-48 3.88546091475817e-13 1.76250752831697e-56
8.90717986782383e-41 1 3.6353270153804e-42 9.25112412030098e-73
6.72864054795178e-40 1 2.27171342155078e-46 3.16026734295269e-90
6.1649371416655e-63 1.61703040088892e-84 2.52774892626663e-41 1
7.43009931437562e-19 5.04060777471952e-64 1 4.50346502535148e-36
2.10746838216219e-36 1 1.87581233896327e-37 2.77408426084899e-84
2.01838951739722e-59 1.04031632122937e-76 5.31851885568235e-38 1
5.74487004618305e-17 3.46109553104871e-45 1 4.42577849836078e-33
5.02562334816417e-47 1 5.59247615982773e-38 1.28652548486142e-69
1.80598242223663e-12 1.80613923326752e-40 0.999999999998194 9.7645065686562e-48
3.28851413925549e-51 1 4.70822265837866e-50 7.02060525780517e-77
1.18751784321997e-10 3.3286425075767e-41 0.999999999881248 1.14173871068451e-33
1.72558560561155e-60 8.70097355480343e-81 6.67299421077085e-42 1
1 7.78649144325034e-40 1.4969371423207e-19 3.13566349771555e-66
2.47200406615324e-69 2.85674014161989e-84 1.56375715177542e-49 1
2.81362863542832e-07 2.09145204107715e-40 0.999999718637136 2.05638834541854e-46
2.39169830047784e-47 1 2.50408723131556e-47 8.62099724380942e-90
6.93277409848246e-45 1 4.68123959239398e-47 1.42624128041471e-80
5.06468118587962e-16 2.08480265654791e-38 1 6.85706415283634e-48
4.96947408939274e-52 2.20914289666813e-69 4.30582636120515e-32 1
4.46217082676355e-58 1.34099592278265e-79 2.39298514900351e-36 1
5.97624819833235e-40 1 1.50743076621024e-39 1.7016787868196e-70
0.999999999995542 1.33293339049751e-40 4.4577410746604e-12 1.38737320354588e-55
0.999999999986674 5.83458372696423e-42 1.33262149665915e-11 7.45074412588661e-59
1 3.02653705970861e-33 1.87535132164281e-17 1.30791801404586e-65
7.67265872308092e-48 1 1.67210083224176e-49 2.8475985728346e-82
3.71001697391097e-39 1 1.28935224880686e-40 1.88750004814187e-71
1.61486122701799e-56 1 2.11588283233001e-56 1.12719243958875e-86
0.999999999999581 3.81152351390581e-50 4.18640436347732e-13 4.16544882524967e-62
8.43023082822715e-11 4.08547693616925e-46 0.999999999915698 1.6000086473894e-48
1.37122154921428e-14 1.22805896167863e-39 0.999999999999986 1.84773744941507e-31
8.05110511708773e-57 7.05411136423411e-68 6.29896956311684e-34 1
4.82065007136727e-12 1.06580405404833e-45 0.999999999995179 1.52044643821437e-36
5.94732599503662e-11 1.56312030242627e-55 0.999999999940527 4.90699495512393e-41
1 1.62279196991257e-50 4.90294014592306e-19 6.01270488490681e-76
2.00603881007809e-06 9.96248519632656e-46 0.99999799396119 1.04185648794111e-50
7.84370782400991e-48 4.04815698053078e-59 2.53620893184143e-27 1
0.999999999979419 5.88108885812446e-37 2.05805948768217e-11 1.58023004099085e-48
3.17159943148575e-13 1.11740058193729e-42 0.999999999999683 1.44126289999391e-48
1 1.70922019404477e-45 4.5243778224381e-17 2.22116253998923e-69
1.19602812301846e-67 4.6514074022257e-88 5.04077728068188e-44 1
2.49698326185748e-58 2.10764079978846e-75 7.05853636758787e-39 1
0.999999999996449 4.64771347976893e-39 3.55093315565307e-12 4.31655771399361e-63
1.71767320752557e-64 5.14121056027033e-85 6.37723978408923e-44 1
8.41087349442584e-53 1 1.67296251304452e-50 8.13428402139006e-90
9.67020195024973e-55 7.28077376793337e-76 1.20060422429991e-34 1
1 4.29804175932591e-52 1.13448399488002e-19 4.66386976780211e-76
2.45821223447748e-38 1 9.39884490208787e-47 1.12329749241176e-80
2.31351907634416e-53 1 9.89191785331313e-53 1.8610760191631e-84
2.0714117517515e-07 1.79670182815845e-41 0.999999792858825 3.53868617772553e-42
5.65132647842532e-39 1 2.06869133648581e-40 6.81079747099359e-72
1.14776383520178e-18 3.10627507619507e-56 1 6.43525562484321e-37
1.55399579590149e-50 1.15766853276719e-81 1.27934788761178e-35 1
0.99999999999996 1.51058716229916e-45 4.00646297145484e-14 7.41892908325917e-55
1 2.08069560016034e-50 5.02742427666328e-20 7.37726446017434e-83
1.90752415868519e-43 1 2.76586977088169e-44 1.86538587164352e-80
2.09888592994167e-37 1 1.06528248986149e-41 1.72501332197942e-71
2.51390039695577e-56 3.5346096161792e-75 8.52639815207731e-37 1
6.47446609563309e-14 3.40711203484294e-47 0.999999999999935 3.95790402075986e-39
0.999999999999588 2.99484848376859e-38 4.12184355934395e-13 1.18237552897186e-67
3.28020176271741e-64 3.39268194645142e-91 8.03807935079293e-43 1
0.999999982628293 1.40548876668955e-52 1.73717070143987e-08 1.44365147662622e-54
6.82172298402773e-61 8.97602339819436e-87 3.68505365393563e-41 1
1.19822575242627e-42 1 9.77930654729664e-50 1.07108616126342e-73
7.39211220538567e-47 1 2.36723264715601e-52 1.88296620891092e-78
6.04151799152999e-08 2.72141041641048e-53 0.99999993958482 2.92098467373593e-36
1.02311501692834e-14 5.12034229152362e-43 0.99999999999999 3.55051984542495e-43
0.999999999999997 2.84724139729863e-41 2.9192337963071e-15 3.2909017681918e-59
0.999999999739807 6.14886032535398e-52 2.60193415105843e-10 2.7665447004507e-61
1 6.67937580383505e-50 5.0829118693058e-19 6.62561986720273e-72
8.46848354664645e-42 1 7.15415882956697e-48 1.2320907450168e-84
1.00259015729977e-42 1 1.49197489670336e-40 1.09111709822959e-74
1 1.46610692976131e-24 3.47707235609389e-21 1.87989336512914e-58
0.999999999997868 1.24532336853253e-55 2.13192977702767e-12 1.42306354114421e-55
9.48747709340836e-76 3.89877235112837e-92 1.06720480209813e-46 1
4.1676995448224e-58 7.07995547300214e-85 1.77912883255879e-35 1
0.999999999999935 3.89617182505969e-49 6.52258280503215e-14 1.29439532509057e-68
9.95063748217116e-75 4.21840904474876e-88 2.27708883786197e-47 1
6.20166085818802e-60 1.01957630715609e-73 7.42599916825429e-38 1
0.999999999999928 1.41019787077386e-42 7.18698087589562e-14 1.3804679444123e-60
3.08485720014664e-15 4.92379705009114e-52 0.999999999999997 2.21285199451252e-48
1.20974315524413e-66 5.06865326761183e-84 3.1393072100963e-43 1
2.97561112499352e-49 1 8.1537781930859e-54 1.20563433688233e-89
2.13737529007311e-34 1 7.91291964042531e-38 2.66284451243534e-76
1.77522650054943e-17 3.31408364335986e-52 1 3.77401604280074e-36
1.3986786828354e-64 1.74649271917773e-82 3.16911193831398e-44 1
0.999999999527665 8.86851248114454e-42 4.72335188691204e-10 3.08383048365108e-60
1.55486313955618e-52 1.99331567218096e-66 8.4265209222297e-34 1
7.77082901220956e-54 6.55409035565856e-74 2.96761389455446e-36 1
7.59568483821566e-60 1.91529344822235e-74 2.0126646473774e-40 1
0.999999999999998 4.7321358738476e-44 1.97561741342879e-15 2.53288555057859e-57
1.33587463341507e-59 9.88034780298292e-69 1.27836171170415e-36 1
3.51091163499812e-54 1.46277166024863e-75 9.21858112986165e-38 1
7.4817180364109e-58 3.49551148408788e-69 1.04677406552626e-30 1
8.7787497153785e-62 3.09685672719911e-84 6.05600080591879e-41 1
2.51380673105095e-32 1 1.8942589270137e-36 1.20882148246164e-74
2.04517495456361e-17 4.23711599059663e-51 1 2.93281371240582e-40
1 5.93254996709377e-32 7.05364306361998e-17 4.91806574854843e-56
0.999999999968874 1.44115760275854e-43 3.1126534432632e-11 2.29665674819803e-52
0.999999999999593 3.59257021703239e-51 4.06847412568423e-13 7.21343087783345e-68
2.59609793429697e-72 2.8875699263183e-94 4.29017357481078e-47 1
3.11916238388922e-24 1.45024750956233e-46 1 5.29299763895176e-40
1.11447714370425e-62 6.98498359282958e-76 1.78788288661627e-39 1
6.08111129734532e-14 3.20502423890952e-40 0.999999999999939 1.17157786279651e-45
7.15312050455723e-64 2.60602683293269e-84 3.06916528058881e-41 1
1.44002729476781e-12 7.74297390416681e-42 0.99999999999856 1.21481402736234e-41
1.13309048531521e-14 1.29017607392178e-55 0.999999999999989 5.19202997899977e-46
1.89379069502955e-48 1 6.30757126450318e-53 1.35643746687405e-85
2.55939571161592e-16 1.31534297775761e-51 1 2.62097745827393e-39
0.999999999999815 7.37544687079003e-48 1.84843374103208e-13 1.54782005292411e-67
1 4.13198586665884e-45 5.00436757452982e-17 4.61137515928414e-70
0.999999999999662 5.48313501188959e-43 3.37881896859408e-13 3.60760622345824e-64
2.54600900252556e-11 2.24849183927373e-47 0.99999999997454 8.90961250270681e-38
3.27501222956184e-64 1.71103878890325e-74 6.02636867219061e-43 1
3.2844534187547e-63 2.77446609530222e-75 2.38544411497912e-39 1
7.50818687418124e-24 2.77941955406047e-48 1 1.86898895560619e-44
0.0104175375507477 7.60588350840871e-38 0.989582462449252 2.15793153544804e-43
2.22434542922998e-44 1 5.4691130223802e-48 7.32971889918449e-69
3.81259798134666e-54 1 1.26127191980522e-57 6.84065428036626e-84
1.2960341912045e-13 2.29770825757974e-39 0.99999999999987 3.02898959873928e-46
2.42170069455267e-43 1 7.98678575751174e-48 2.19646365733842e-87
0.999999999999673 8.77353998670641e-46 3.27045803672677e-13 1.04671347758588e-60
4.47461721311736e-65 4.58189825665188e-77 1.34597600327754e-36 1
9.81456032233845e-62 5.90258187018713e-77 2.08525792766107e-46 1
1.97374066044605e-68 4.75162436956189e-78 2.26252963375117e-44 1
0.999999999999999 3.06639139655399e-38 1.21594237370337e-15 1.41763423739123e-66
1.3499694998144e-68 3.10292745946624e-78 7.17594905844921e-47 1
1.26668259879468e-70 5.76076075411619e-77 4.22480122334424e-44 1
2.30474124399503e-08 4.3863710752135e-41 0.999999976952588 2.13697573863227e-24
2.16051269028588e-54 2.81582160841736e-71 3.65647141648643e-31 1
9.69768563913601e-50 1 7.79905409872066e-46 1.2935757253052e-85
7.21713040044706e-43 1 1.27263065059067e-47 5.8997366893529e-84
1.8168589272777e-23 3.7902017013332e-46 1 5.3769029560452e-35
3.97177522224585e-50 1 1.63260501944329e-53 1.38951354924185e-82
5.85460765944976e-50 1 2.03910113666268e-47 6.35501224976421e-85
2.0434079433614e-43 1 3.65186474341177e-44 4.62893781418338e-75
2.53388733567492e-50 1 1.18032066849218e-46 1.7977706885329e-75
1.33196280058587e-46 1 1.38549441215117e-49 1.4481222679823e-86
2.36993734275986e-68 1.1615355699746e-92 7.8568208930892e-47 1
1.92294207633364e-48 1 2.27653071972578e-53 2.31335935566462e-90
2.86793819704602e-49 1 2.25313735781111e-48 1.10012474758302e-79
1.12153421751138e-20 3.88526694830904e-41 1 1.17990635981824e-29
1.18066339244196e-47 1.82998519461634e-65 2.46625428127511e-31 1
6.91509479869492e-43 1 3.54074617454612e-38 5.16234959883406e-85
5.66871111764431e-71 2.34376430264215e-84 3.96198226332783e-46 1
6.6946117898822e-13 2.95149307305101e-42 0.999999999999331 1.06025631886384e-35
1.29706365051041e-69 3.57830033271867e-82 2.97118017481043e-44 1
5.68285502971257e-53 1 3.1987501100941e-53 8.30989626722337e-84
5.70892523314969e-11 1.44693091311612e-40 0.999999999942911 8.47591087106015e-34
1.4941171497234e-42 1 2.78979296093769e-47 4.16891955463739e-86
3.67264910155954e-57 1.28344589133224e-74 5.88339993750953e-37 1
6.95478310870436e-41 1 6.090813101697e-40 8.10785623456483e-85
0.999999999996691 9.21504757964205e-50 3.30887289937966e-12 2.38019824249689e-55
2.28181628308008e-37 1 9.43101147783369e-42 1.78830981524791e-79
0.999999999999826 3.45390078480562e-42 1.74203089797032e-13 4.86222289961059e-59
0.999999999999999 1.27703027332076e-44 6.30418520732517e-16 9.40120577653092e-68
2.29933836204183e-39 1 1.92588712566292e-35 1.31919788118159e-68
2.77960323546075e-62 4.57034856348548e-83 5.35475582023459e-45 1
0.999999999999998 4.56407053123678e-43 2.29507803721731e-15 9.62118863779614e-66
2.90292918855907e-13 1.94048052209877e-34 0.99999999999971 2.67547561321505e-31
3.4325277112654e-44 1 5.0794964124493e-43 3.32023135671836e-79
3.05302576894481e-71 4.94947551602155e-80 7.45912513036651e-50 1
1 4.77907655857963e-38 4.39251875430489e-16 1.35029996565911e-53
2.21747461660728e-48 1 2.24794773103908e-48 2.14152837362048e-80
0.999999999999499 1.05487285550543e-48 5.00779740958164e-13 1.09855140600892e-71
2.41424425392697e-43 1 1.4116028509212e-41 4.96624829056014e-80
9.51608917086221e-09 1.78077268815191e-36 0.999999990483911 1.25822379153435e-47
0.999999999999988 1.78779739875083e-38 1.14516539080825e-14 2.19130717617936e-59
1 4.91285875579697e-44 4.19022008736027e-20 1.93624355032882e-64
