0.999999999995845 4.15512378398982e-12 2.58000604834012e-36 1.5605520648353e-32
1.72427740712454e-40 3.23035374312209e-54 1 2.09563085070396e-65
0.999999998934224 1.06577578672469e-09 8.33771950705168e-28 7.2544729859108e-35
3.94734194834593e-34 1.13732361355922e-44 1 4.38146775824378e-59
0.999999999999998 2.07903854151262e-15 1.46018043286014e-34 8.09183097587029e-34
4.04780443169896e-46 1.02968949075775e-41 2.64469002913912e-67 1
5.08397796210659e-36 2.36448980980887e-45 1 2.61733967340388e-60
0.99999999608517 3.91483040735125e-09 5.32242143986792e-43 1.17280092406956e-40
1.03053095996165e-11 0.999999999989695 9.38056365376247e-43 6.47742433401283e-42
1.8873879873644e-07 0.999999811261201 1.41141750834002e-33 1.72383146368289e-31
1.28500917515155e-35 3.73280519518463e-47 1 4.96496913937307e-60
2.62719492902371e-33 1.77863849993558e-36 9.40848531084632e-66 1
3.53392286478471e-35 1.67364192304709e-47 1 2.84193183811942e-60
2.55617282744658e-26 4.69280580419042e-37 1 1.69489072750204e-53
0.999999999999183 8.1679199826698e-13 8.30304932689529e-30 9.213022244971e-51
1.09442146712492e-32 2.07814385515661e-42 1 2.99540497348501e-55
7.62499454703829e-39 3.5683317018356e-36 3.17192613737767e-53 1
1.76413274964914e-07 0.999999823586725 3.23149548722466e-43 4.8193910077266e-37
1.06964053906748e-43 1.6777290688345e-58 1 2.29562422691153e-78
0.999999999980718 1.92820485838354e-11 2.60269928945133e-40 4.44584607152194e-53
1.45778717124986e-42 5.64696913906742e-53 1 7.66953734656283e-75
7.2553922086408e-34 9.06731701737391e-43 1 2.100165233203e-58
1.03179528357462e-43 5.41480439650811e-43 1.69041287652355e-67 1
0.999999991615602 8.3843981630673e-09 1.24974970622365e-27 4.51805219813889e-29
7.71747788705493e-31 1.69735286363123e-37 1 1.7373755314633e-68
1.29225182811516e-38 2.38350769342763e-48 1 3.91170407915405e-75
1.05479556243584e-40 9.06497012071258e-47 4.25813604428221e-57 1
3.2754577950256e-11 0.999999999967245 1.17463909991737e-54 7.80796350083255e-46
1.43370440480222e-10 0.99999999985663 3.70509805626744e-43 9.62326192245641e-42
7.58672101079981e-28 6.35022168067347e-45 1 1.25948219986299e-54
4.01968710072545e-10 0.999999999598031 5.19398560946669e-42 1.28396511750075e-35
1.58170685263064e-35 6.11844559051425e-33 2.22578155021465e-53 1
0.999999999999889 1.10480166908772e-13 6.44136416037915e-33 9.13372274561108e-44
1.95611643699779e-41 6.59947837776284e-55 1 3.35377208572119e-69
9.33721126839615e-11 0.999999999906628 2.33822176188638e-52 1.07971036928205e-28
1.35379613515509e-28 6.3263130998861e-38 1 9.29492286388966e-50
0.803299564270734 0.196700435729266 8.93594322806343e-37 6.10467653052069e-35
1.96235054370662e-14 0.99999999999998 1.19775272211164e-45 1.12640036644392e-38
0.99999999999997 3.0407481940939e-14 2.74185972942286e-44 5.32456156539916e-36
0.99999999957709 4.22910123779851e-10 1.66857128937532e-36 4.05135542362372e-37
2.54358625183294e-42 2.20732689004324e-46 1 7.29507526264823e-60
0.999999956067983 4.39320168578508e-08 1.01422824663676e-36 4.34115537369584e-39
9.14831939450208e-36 2.76801313006307e-36 7.14827002179579e-55 1
5.51334870744292e-48 3.81262453526175e-51 3.69518371699972e-65 1
6.66338850103134e-44 3.91648561731113e-46 7.4810230221704e-59 1
2.46052287152247e-36 2.67434085762203e-46 1 1.10314251008887e-61
6.64362810658995e-42 1.60002344133271e-40 3.49358342837833e-62 1
2.34436515000103e-43 1.18304479052077e-58 1 2.23514818676661e-69
0.999998209505673 1.79049432731615e-06 4.85555937765155e-44 6.70965514006732e-41
2.3057401524909e-34 1.82195473138694e-43 1 8.32603918702449e-62
2.02182222983468e-41 1.96891707103008e-51 1 1.1612259910238e-68
3.82258012607947e-46 1.56267869852503e-45 9.42733425323612e-65 1
3.57396109878921e-39 7.67353604146476e-43 2.79543213816548e-63 1
2.67265937312509e-36 7.41587136310829e-37 6.77401582152617e-63 1
9.38997821514394e-09 0.999999990610022 3.71438064086099e-40 3.5051234957067e-35
4.39370389014976e-45 3.42131608447167e-55 1 1.7952583748293e-57
4.31217364154011e-11 0.999999999956878 3.22888584709778e-44 1.69663200880581e-45
1.90197414568362e-14 0.999999999999981 1.53779775846275e-47 1.42298641407937e-41
4.44583954603514e-29 2.89555694780469e-43 1 8.40229752269582e-58
2.02096031720945e-35 5.83205126552052e-45 1 2.5966474797984e-59
4.32442058141449e-14 0.999999999999957 4.57108779848279e-44 8.3265465926852e-35
9.96381239435814e-39 9.82754231079758e-48 1 1.12595412556248e-64
7.33382491755047e-12 0.999999999992666 2.05240186247662e-50 4.83887091890949e-44
0.999999999999339 6.60544716418674e-13 3.47503015026499e-27 5.93339439599751e-45
8.85293768380888e-40 7.61003213650686e-51 1 1.09333427882615e-59
0.999999988068334 1.19316658267779e-08 3.67659092328261e-44 2.31932094765412e-48
0.999999999342056 6.57944058914256e-10 6.49726588590223e-48 2.30374044345804e-38
2.14500960943929e-29 1.93135317888567e-32 1.52808266826629e-61 1
1.47866243171018e-44 8.75498087935297e-39 1.38565159538037e-70 1
4.04002091723321e-41 7.86096815349386e-57 1 3.5328760045211e-66
4.77343419262058e-14 0.999999999999952 1.11995692542312e-47 5.03188146359601e-47
1.93178406892566e-40 5.17954638415744e-40 2.41490562745928e-60 1
2.9796321583249e-09 0.999999997020368 3.96036855148976e-40 1.15410694041388e-39
1.29628267416351e-14 0.999999999999987 8.31243276394487e-57 2.02218888382555e-41
0.999999999997248 2.75151305383332e-12 2.60870558589259e-38 4.47463898858038e-37
0.999999999622137 3.77863267335859e-10 4.25370698481449e-45 1.85085266295669e-33
9.69274579671254e-38 1.78174308273974e-51 1 6.328421362631e-70
3.36296912260138e-34 1.17263521345541e-44 1 6.98015792396282e-51
3.95785005462553e-33 1.74114239512544e-51 1 9.16584957916539e-60
8.80766657530451e-11 0.999999999911923 2.91172839245715e-50 4.12818032203066e-46
3.63545867553415e-28 3.9120272147569e-32 4.23299665664945e-45 1
7.14510181854748e-43 1.10247722061496e-41 9.60857913327041e-66 1
7.704909981478e-35 5.49682502538847e-43 1 6.39554603368689e-63
7.563499666604e-28 2.15602704117117e-36 1 1.82108509438607e-40
0.999999999998209 1.79121783392347e-12 2.14385670840485e-35 3.98903921560967e-44
5.8404790949835e-07 0.99999941595209 1.63699999889296e-31 2.53542742218177e-42
1.45479171929986e-49 1.64162529928132e-48 1.03352238736859e-69 1
1.27975528435788e-31 1.85986139043341e-41 1 7.50384703111228e-56
4.88918325082133e-52 5.31128562223107e-52 3.07970962506757e-67 1
2.5893726778827e-47 1.89917823690373e-45 8.66967705438318e-68 1
1.62916362179205e-35 5.86482060955867e-44 1 9.54782468263376e-64
0.999999999999456 5.43477261269453e-13 4.47046974378252e-28 8.81136342156402e-45
0.999996594106211 3.40589378883002e-06 1.15499778183033e-38 1.41375420767854e-47
0.999999999994689 5.31094914805692e-12 4.37477061122174e-30 4.14278252756672e-31
9.69152338358857e-11 0.999999999903085 4.09049782735794e-52 1.64363460743845e-37
5.55271622680321e-09 0.999999994447284 6.83163519813843e-41 9.43575436449294e-47
1.42871315037824e-42 2.04478279471263e-41 8.36512849193722e-51 1
2.35014760256835e-36 7.62907434751835e-48 1 1.04031462257039e-64
4.65176638221276e-10 0.999999999534823 1.3430045774125e-48 6.14510012318142e-40
5.93532051379049e-08 0.999999940646795 1.50952176347933e-44 6.93008056877946e-38
1 5.35133994855787e-17 2.06650635758911e-31 2.18029700500225e-51
3.20007828247253e-11 0.999999999967999 5.88001786003448e-37 8.13005183058684e-28
3.58066353247199e-38 3.6332872398594e-55 1 3.93683226710272e-70
9.18093482583022e-31 7.61180771314561e-39 1 2.14034644315824e-51
2.88533436098197e-48 1.10062710480639e-50 2.11105170215388e-65 1
1.8087504497111e-42 7.21562067594775e-48 1.39182701675661e-67 1
6.5323242392365e-33 8.31475334061809e-31 9.22775156822042e-60 1
0.999999998040852 1.95914849394477e-09 1.3874293574783e-46 1.90863220677563e-44
0.999999998869797 1.13020339941347e-09 7.32560278871802e-27 8.098950751575e-38
1.77727578405993e-15 0.999999999999998 4.02839695956148e-60 1.15863020542952e-49
0.972573292213898 0.0274267077861016 2.41805260167973e-23 2.70456362049634e-32
5.30023767025686e-31 5.87427149532995e-42 1 2.66597252948966e-63
1.12451811123697e-37 2.06672392342401e-42 1.06776259877206e-60 1
2.25770162435902e-10 0.99999999977423 2.78702781721588e-46 9.2055729438083e-39
5.09636353577608e-35 1.50192615868035e-33 4.73177562004186e-55 1
4.57473020768786e-36 1.33897096345838e-43 1 5.30918343535778e-68
2.33774475304196e-06 0.999997662255247 3.17103027162482e-40 1.27093094203678e-37
1.01304217695873e-12 0.999999999998987 6.6880267506455e-53 2.7120639055256e-39
1.89997730980678e-13 0.99999999999981 5.32791958417992e-44 4.51582849521823e-45
6.19769110988486e-14 0.999999999999938 4.50371623055285e-45 3.76178491394948e-46
2.34695137917417e-39 3.62633295919479e-50 1 3.99384874760035e-76
6.56690315328361e-09 0.999999993433097 4.64366069575635e-46 1.12134153072409e-47
3.5521873218933e-40 6.39048472206111e-51 1 1.31403439354495e-67
6.21898737319997e-11 0.99999999993781 3.22259487668136e-49 6.42722487046361e-39
6.05539010383978e-32 1.31942142857767e-27 8.3900073954509e-47 1
4.99722556867243e-08 0.999999950027744 5.28506061970779e-37 3.11598217898319e-35
8.08452860300928e-47 4.69958814816996e-49 2.91954227528673e-68 1
0.999999999997269 2.73125293249434e-12 4.45081337797818e-39 8.24531418056031e-38
9.07494379628154e-30 3.89135948650369e-28 4.48216444063945e-57 1
4.05080994321908e-10 0.999999999594919 5.20501953001863e-48 1.26864331913508e-41
3.70520339683053e-38 5.92095112067639e-50 1 6.94081094487055e-62
1.11316631147749e-11 0.999999999988868 9.24836295366995e-54 3.38071277135498e-38
3.20467493663736e-48 2.39192354131218e-46 2.55895697381158e-72 1
9.58761474728916e-30 4.95160697822174e-31 2.51314633267299e-48 1
6.97163339940242e-45 6.88874251496e-54 1 2.86080799432805e-67
7.56072448900529e-54 4.36546471807257e-52 1.11016225985188e-68 1
7.03944904087728e-14 0.99999999999993 6.01631749433394e-46 1.37718406036914e-38
2.91911581008958e-30 1.04498270136406e-38 1 9.39256773582713e-59
1.20463999750152e-11 0.999999999987954 6.77694680842716e-48 1.47257387613499e-38
0.999999999999929 7.15490886268397e-14 4.83968422422086e-34 3.35026678331969e-36
0.999999999999994 6.07921775979112e-15 3.98874929181185e-41 9.25696996780058e-40
6.08708198044227e-40 3.79203286876253e-40 1.82790336063564e-65 1
5.51928888987244e-41 4.78551843432203e-41 9.5434982103188e-63 1
1.44918855140777e-44 1.19019516317166e-43 1.00899875919185e-69 1
6.61023006627829e-31 1.8188640768043e-39 1 3.0951898656045e-54
3.0811929735485e-13 0.999999999999692 2.22836870904127e-53 2.7618858384166e-40
1.21960914734439e-38 2.54462631210051e-53 1 7.67076959662246e-66
5.06198097642665e-42 1.05039982065614e-42 2.45769663162859e-67 1
1.09733517017844e-22 5.52061845649781e-32 1 2.44060994208919e-40
1.16075519438297e-41 7.43780408688627e-42 1.59911413078813e-72 1
4.81620538092518e-05 0.999951837946191 3.19172086575853e-43 1.90454676773096e-47
0.999999999999974 2.58722072819024e-14 1.27746488145318e-32 1.03849132975654e-44
1.33413451758124e-09 0.999999998665865 6.86078092573737e-39 1.70975989096704e-35
0.999999473940665 5.26059335424623e-07 8.60326567519839e-41 1.14250496077725e-35
0.999999999967873 3.21268693462452e-11 1.89608440408084e-30 1.01579691076907e-43
5.6091292511585e-32 3.12419852600578e-31 1.33393134686756e-50 1
2.90665704024799e-42 3.22815046776105e-41 7.57752659854123e-65 1
1.50275050185445e-09 0.999999998497249 3.34553186169343e-41 3.35072388387274e-35
1.77069466043703e-41 3.05541380971528e-59 1 2.11673110135909e-70
0.999999999999984 1.5879974056435e-14 2.9669867158858e-35 2.08890982334392e-47
0.9999999999998 1.99660634346085e-13 2.51896928640463e-34 6.27996934313611e-55
0.999899115601039 0.000100884398961282 3.68810050920498e-41 1.34054067796e-36
2.81892942449538e-09 0.99999999718107 1.92416596020839e-49 7.86962253057369e-47
9.00954499791549e-36 6.52279575596947e-44 1 2.82694102429584e-55
1.19172706637349e-11 0.999999999988083 2.5224834639403e-46 5.8790383921186e-36
3.46602908190557e-36 3.90407641645387e-49 1 6.38232933416244e-60
9.5829812984492e-40 2.92704653138425e-41 2.87694105196338e-66 1
2.36882190260517e-45 7.29246422413175e-45 1.89008278272741e-66 1
8.2804221813361e-38 4.47648738001195e-42 1 4.84644499738025e-58
2.93930871512276e-08 0.999999970606913 1.63680497700808e-40 1.04903767239805e-35
1.22909263874288e-43 3.81978965630199e-45 2.23418663459165e-63 1
9.81653184779117e-34 2.57909492559074e-39 3.94829086945585e-54 1
3.10273892820652e-29 3.99599138919208e-39 1 1.04814832490206e-55
6.2196359409635e-13 0.999999999999378 2.57018114615232e-45 1.82559834706851e-45
6.56763200912023e-38 1.20933279475874e-36 4.76350228745251e-63 1
0.999999999904199 9.58006408948106e-11 5.42265616832469e-35 1.05071263303362e-41
7.13812179566403e-42 2.67423277876635e-41 5.73374045213451e-68 1
1.89229654552087e-11 0.999999999981077 2.59497638615225e-47 2.62484658888944e-40
0.999998523719483 1.47628051677568e-06 3.30196749493064e-43 4.79884951912818e-42
4.71030956326964e-33 2.0622696725159e-38 1 1.01128251233268e-66
1.43398652916783e-35 2.16376075478602e-49 1 7.19812633212764e-58
0.999999999998551 1.44898538499587e-12 3.26217738948326e-32 5.14338692235361e-33
5.8744026954547e-10 0.99999999941256 7.3123468665706e-42 3.44169311029385e-37
0.99999999999541 4.58966014596096e-12 1.00055308584432e-24 2.9559549891587e-41
2.71529136654293e-13 0.999999999999728 8.94530949016535e-38 9.68862379096791e-47
2.70513186838632e-38 1.07166078113458e-37 2.86941881657435e-63 1
1.3285352608284e-40 2.62817757861561e-52 1 2.10494658740784e-61
8.74989829829009e-40 2.86075229782195e-35 1.72668080352277e-59 1
2.28864139323382e-11 0.999999999977114 2.83879252511583e-51 2.91592190876636e-48
1 3.09246846029696e-17 1.39256115127466e-24 3.9993826912449e-37
1.18145535481446e-08 0.999999988185446 5.40993467547382e-48 8.14355969357964e-37
1.74831368527036e-12 0.999999999998252 2.94583081939849e-38 2.22653566088792e-35
3.35315942085449e-12 0.999999999996647 8.24312841848085e-51 7.99674394683863e-41
1.76498641779474e-14 0.999999999999982 3.11903056704087e-47 2.91118663768285e-39
1.24522725115614e-08 0.999999987547727 5.85915402780384e-43 2.78665522861591e-42
0.999891139246959 0.000108860753041393 3.98513842512792e-32 1.21650794486352e-46
5.06414732358793e-31 7.34324684021869e-43 1 3.333919190731e-65
1.28172736355249e-42 4.51895145839462e-54 1 7.28685539676408e-59
5.29994229893927e-31 2.74297777388028e-44 1 3.38463147625032e-52
0.999999999999993 7.03554696815932e-15 1.34416607474189e-42 4.0626699322782e-40
3.97848326182946e-43 1.18161719565263e-46 6.80448819120187e-62 1
8.49494419218048e-42 1.59378173823538e-45 2.03186762765618e-60 1
8.23835187999163e-31 2.01930990475884e-41 1 8.47971275794152e-48
1.5335501022027e-36 7.11005651868689e-37 1.39626791012807e-56 1
1.18770758180792e-39 4.50460339335824e-48 2.66584830429147e-65 1
8.81248082659608e-32 2.36929597364416e-29 1.34501091051972e-53 1
1.45002276705958e-09 0.999999998549977 6.25589872901467e-54 3.72783320397953e-52
0.999999812441395 1.87558604870864e-07 1.43201898531398e-40 3.00569480445404e-34
1.77612845047686e-40 3.13040277840241e-50 1 9.11454856584977e-68
0.99999999991213 8.78697766668889e-11 4.03397632308762e-39 7.88180877655898e-33
2.21264942414385e-33 1.51460753350498e-34 3.74124527392791e-51 1
6.3934256340678e-44 5.27802841681456e-41 1.23359284375402e-56 1
1.92826272650841e-15 0.999999999999998 1.91462460979917e-38 3.66395497641555e-23
1.09230387495094e-36 4.31948778999567e-47 1 2.43357490960039e-68
1.04362546425893e-37 2.09357682071679e-46 1 1.40227876631665e-55
1.33686337488512e-14 0.999999999999987 4.29287276820235e-61 8.3955954312378e-49
5.50596245806977e-17 1 9.86078794379786e-53 3.82227992140221e-39
1.37334795996451e-41 1.83430328226348e-42 1.97457225707387e-67 1
8.93082246623783e-47 7.65612409873952e-58 1 1.23793216025582e-64
1.49829469050675e-14 0.999999999999985 8.16505399976863e-45 2.60552748750289e-40
1.29950663905354e-36 4.66509119092006e-46 1 4.77913989939528e-61
8.75631473359155e-41 9.08839799739114e-43 6.19346708979461e-71 1
1.2811930088204e-08 0.99999998718807 1.40291336259132e-49 1.78513643466074e-47
1.5256901825815e-39 1.13231982931812e-44 1 4.94147350635366e-60
2.81545690965066e-40 4.09045298922188e-37 3.46131185483832e-64 1
5.81562795426406e-33 1.27946389098039e-39 1.01842420789895e-67 1
3.00065169364099e-12 0.999999999996999 1.82150587145018e-51 5.34275529322276e-43
0.999999999999736 2.63983104198081e-13 1.89765097389243e-32 5.36273436267856e-46
1.84669748355358e-41 5.04372206933608e-43 6.94103545220099e-69 1
2.70380083581438e-40 2.37423292530754e-42 7.25345688619884e-59 1
7.95466748600654e-09 0.999999992045333 2.11314340272222e-48 1.72688836756541e-41
1.47993435183903e-44 7.45493711861075e-50 5.82857814889846e-71 1
2.70698119022765e-54 4.63925167884838e-53 6.9009036314803e-68 1
2.22249785588943e-43 1.21273726810352e-43 2.83628272018619e-75 1
2.8654285563326e-09 0.999999997134571 3.03641814004172e-52 3.18092642302128e-49
0.999999999996449 3.55095881793786e-12 1.61316004585471e-32 3.25178693181841e-33
1.38394882774601e-40 1.64419869742334e-55 1 1.088777919802e-62
1.57982929986447e-14 0.999999999999984 9.71768590782486e-56 3.66483588230509e-45
2.27357914182786e-29 2.24454159454288e-39 1 1.07545157427272e-51
1 1.3570505550798e-16 9.05752737675256e-34 3.54398229974986e-39
1.58141283726995e-38 3.1602838359838e-37 3.12560908925136e-59 1
5.96922948923662e-09 0.99999999403077 1.22945416099943e-50 4.91771322756583e-36
4.77805961962229e-40 8.16184024938771e-52 1 5.0873674731264e-76
9.35148837049024e-13 0.999999999999065 8.7662664208766e-52 2.83318100571917e-44
0.999999999997219 2.7812264727758e-12 1.79683308753809e-36 2.34770929699489e-43
0.999999999977815 2.2185311020443e-11 9.99831849336042e-42 9.3719023448412e-41
1.2346956715149e-31 2.14595171974302e-32 3.53697929528587e-42 1
2.06691411770817e-09 0.999999997933086 3.61834967441713e-48 7.66769371196493e-42
6.32622516358245e-36 1.90178487499667e-37 2.84316232004252e-66 1
1.49464387178494e-44 7.22340001053159e-57 1 1.25401881051508e-65
2.59414514601642e-11 0.999999999974059 2.7873274748509e-49 8.04928738179385e-37
5.85350367629252e-14 0.999999999999941 1.47310666582803e-62 7.04562471283514e-47
0.999301256605833 0.000698743394167184 2.41039595759175e-32 6.94392553721429e-34
0.999999999849967 1.50033278990228e-10 7.83325246966236e-31 4.00866604759687e-41
0.999999999998402 1.59793881195725e-12 6.31684136187109e-42 1.64691793366601e-48
1 1.12695244760498e-17 6.71983430195095e-43 1.66177290433594e-40
5.09152982946993e-31 1.14680175871688e-32 1.18751748463433e-54 1
4.70651954800468e-32 4.73579324445041e-37 9.29980070687441e-55 1
1.20105127223176e-15 0.999999999999999 3.17785312531975e-67 9.05892220628153e-41
1.37676033099725e-06 0.999998623239669 1.22146179528074e-45 3.41955163082089e-38
2.29553521173233e-47 1.98595265487058e-58 1 2.79210143298755e-70
6.40720121616822e-42 4.54655309398785e-57 1 1.10906743588897e-62
3.47013796773085e-13 0.999999999999653 1.91272961987627e-46 1.0227678816104e-32
2.94246494201781e-45 5.29807214465715e-46 1.79484536003175e-59 1
3.29447540010776e-33 8.76073567658383e-42 1 6.48535161316399e-59
9.42393120273877e-40 2.89612898357367e-38 3.54180042175239e-65 1
2.40335939764785e-10 0.999999999759664 6.90983740580953e-40 1.23249275867526e-39
2.24255574216356e-39 2.08790368085336e-42 1.56780683954979e-60 1
2.46926279419637e-43 6.57372521076048e-40 1.65483306039889e-53 1
0.999999999998797 1.20273715858373e-12 6.01864797540127e-40 3.57729333462707e-35
1.17669558451211e-35 1.342941331113e-37 2.81518668700963e-55 1
5.58386872996376e-49 3.47704829588706e-52 1.11824387104841e-68 1
7.72366623137628e-07 0.999999227633377 2.25261137662036e-51 2.70980892440704e-45
0.99999999992279 7.7210560758965e-11 3.59253018306819e-42 1.78597587887943e-35
1.03165175105046e-47 1.41717706105497e-45 7.93374824950324e-65 1
0.999999999998011 1.98902708022304e-12 2.50354733389743e-38 5.90846297702733e-47
2.44676367869505e-12 0.999999999997553 1.16177565179225e-48 3.56341919408508e-45
8.14032780553937e-12 0.99999999999186 3.63737734463267e-57 1.33626925737062e-35
1.78861298933464e-41 4.1587617083172e-55 1 7.00695332499171e-65
5.04935451700762e-10 0.999999999495065 9.86822907434086e-43 2.2361234760413e-53
0.999999999747445 2.52554604156516e-10 3.44376883181236e-42 1.75102698049224e-33
0.99997549451986 2.45054801401125e-05 5.41166747871281e-37 1.24034734273978e-36
0.999999878703215 1.21296784967649e-07 9.82360930446303e-33 4.8540023316966e-36
1.72478223319764e-38 3.36274324448154e-44 5.87779270717545e-64 1
7.34744737307265e-13 0.999999999999265 1.28867836617341e-55 1.41356095021789e-41
5.98561415533416e-36 2.09722580585113e-40 3.30264962767733e-56 1
1.02630495512114e-08 0.99999998973695 8.66932163705853e-53 2.46140946555555e-44
6.4698859972951e-35 4.14400338178465e-42 1 5.8408376342731e-60
0.999995960931603 4.03906839650327e-06 3.6649590803158e-35 2.28450342376846e-41
6.78601793557703e-39 4.75304063597711e-36 1.67055643723631e-68 1
7.21103664501544e-31 5.06867050848765e-42 1 4.02186667208339e-63
6.04758673823458e-14 0.99999999999994 4.02911951696179e-48 1.21021749843816e-38
5.60747289863548e-34 8.74578868814098e-46 1 6.4466624564359e-66
1 1.22481316292332e-17 4.16235815021943e-39 6.42045154111329e-38
6.30944211708875e-13 0.999999999999369 1.57091713323757e-48 4.46685538925168e-30
2.83228684630699e-35 3.79812602915924e-36 1.45667697763901e-54 1
1.31506303262352e-45 8.50111762328722e-44 4.34144456337441e-63 1
5.09640686867073e-13 0.99999999999949 8.60889666120797e-53 2.58882774554411e-49
7.20112598931359e-38 7.78642339092841e-37 1.37244848998876e-58 1
8.63379325498396e-09 0.999999991366207 1.16906244985473e-39 5.44740798049077e-40
