1.92588712566353e-35 1.31919788118144e-68 2.29933836204265e-39 1
0.999999999999983 1.32324720728044e-48 1.71253663546343e-14 3.11025016235553e-50
1 3.77401604280063e-36 1.77522650054949e-17 3.31408364336104e-52
2.97942968261383e-12 6.30113165132347e-54 0.999999999997021 3.38115794969115e-41
4.22480122334418e-44 1 1.26668259879443e-70 5.76076075411553e-77
4.39251875430545e-16 1.35029996565886e-53 1 4.7790765585814e-38
2.18016877024551e-44 1 5.50387168971317e-72 3.17287466191301e-85
4.19022008736077e-20 1.93624355032844e-64 1 4.91285875579857e-44
2.12545084601825e-46 4.30559838747642e-85 1.28720133798807e-46 1
1 1.17990635981823e-29 1.12153421751143e-20 3.88526694831008e-41
7.64387153075348e-52 4.07131587020016e-81 4.4594013615236e-47 1
6.67299421077037e-42 1 1.72558560561096e-60 8.70097355480194e-81
3.11265344326347e-11 2.29665674819763e-52 0.999999999968874 1.44115760275909e-43
4.75268973081919e-43 1 1.38418711307773e-64 3.18437085992899e-76
2.76451723173504e-53 3.28051248647794e-85 2.71352915362065e-50 1
1.9248153697754e-11 2.0797676461253e-54 0.999999999980752 8.3580072834427e-39
2.05805948768233e-11 1.58023004099054e-48 0.999999999979419 5.8810888581268e-37
7.15415882956941e-48 1.23209074501663e-84 8.4684835466491e-42 1
2.36723264715709e-52 1.88296620891092e-78 7.39211220538903e-47 1
1.38549441215172e-49 1.44812226798214e-86 1.33196280058636e-46 1
0.999999999999993 1.43225053741362e-44 6.76109929573928e-15 1.76637752041175e-41
4.3058263612049e-32 1 4.96947408939154e-52 2.20914289666781e-69
4.29017357481048e-47 1 2.59609793429616e-72 2.88756992631806e-94
2.0907067386849e-16 7.66882851070107e-77 1 1.76460062311766e-42
1.7420308979704e-13 4.86222289960934e-59 0.999999999999826 3.45390078480675e-42
6.82979595121115e-46 1 3.35018850177745e-70 1.03715466581156e-88
2.08525792766107e-46 1 9.81456032233621e-62 5.90258187018662e-77
9.77930654730053e-50 1.0710861612633e-73 1.19822575242668e-42 1
1.97561741342899e-15 2.53288555057802e-57 0.999999999999998 4.73213587384921e-44
3.63532701538164e-42 9.25112412029993e-73 8.90717986782674e-41 1
0.999999999995179 1.52044643821426e-36 4.8206500713672e-12 1.06580405404863e-45
4.8630258152737e-40 1 5.13133331120654e-61 4.26733574927326e-84
5.96729002978567e-13 3.44377352385961e-64 0.999999999999403 1.39757559464652e-32
0.999999999999939 1.17157786279639e-45 6.08111129734537e-14 3.20502423891034e-40
3.97550585144815e-49 1 7.35849091014194e-73 2.72942471213191e-83
5.00436757453018e-17 4.61137515928283e-70 1 4.13198586666054e-45
1 1.24898174666287e-40 5.94338869482425e-17 7.02529205153154e-39
1.41160285092172e-41 4.96624829055972e-80 2.414244253928e-43 1
1.31940167778991e-49 2.27584091415264e-85 2.83781911861849e-47 1
1 5.29299763895146e-40 3.11916238388944e-24 1.45024750956279e-46
2.80307914758731e-18 7.8189954823647e-56 1 5.36975245955249e-49
3.16911193831376e-44 1 1.398678682835e-64 1.74649271917738e-82
5.04077728068138e-44 1 1.19602812301809e-67 4.65140740222517e-88
4.72335188691221e-10 3.08383048365038e-60 0.999999999527665 8.86851248114769e-42
2.52774892626645e-41 1 6.16493714166375e-63 1.61703040088878e-84
1.1704192263603e-49 1.28215252221442e-80 1.05210127162934e-45 1
2.53620893184145e-27 1 7.84370782400869e-48 4.04815698053032e-59
6.52258280503259e-14 1.29439532509027e-68 0.999999999999935 3.89617182506168e-49
1.13448399488009e-19 4.66386976780079e-76 1 4.29804175932817e-52
1.44109668144204e-14 9.74010616485205e-66 0.999999999999986 4.52515325849752e-43
1 1.89864393073819e-49 1.04690930303219e-16 5.41215527188327e-41
0.999999999999989 5.1920299789994e-46 1.13309048531521e-14 1.29017607392233e-55
1 1.42539335110892e-27 2.35162638789735e-17 1.54839908157208e-46
5.21833882032601e-33 1.58329272022719e-63 3.0777425505457e-28 1
7.79367209404093e-34 1 2.94099057391623e-54 1.76432872865066e-78
3.27045803672699e-13 1.0467134775857e-60 0.999999999999673 8.77353998671015e-46
1 4.50346502535174e-36 7.43009931437609e-19 5.04060777472181e-64
1 5.3769029560452e-35 1.81685892727778e-23 3.79020170133439e-46
4.68123959239584e-47 1.42624128041458e-80 6.93277409848522e-45 1
2.05447616485371e-28 1 7.89147567637701e-45 1.57790163708103e-59
1.88374634198489e-44 2.44607779118705e-81 1.73356012701656e-45 1
0.999999999999997 2.21285199451243e-48 3.08485720014672e-15 4.92379705009331e-52
5.0643705922976e-28 1 8.17324408003285e-48 4.84050026510239e-66
1.66934847390103e-32 2.94939403385144e-60 6.72592718053071e-36 1
2.81029854905342e-11 7.17888865793307e-57 0.999999999971897 2.19725803808081e-43
0.999999999997166 1.59902095442918e-49 2.83342682901695e-12 1.34425412053305e-51
1.02998647160401e-20 1.84330434063604e-68 1 3.71879401800586e-49
6.29896956311666e-34 1 8.05110511708567e-57 7.0541113642329e-68
9.71247158407673e-11 7.32696748142738e-51 0.999999999902875 5.68654433775839e-36
8.03807935079156e-43 1 3.2802017627161e-64 3.39268194645074e-91
1 6.4352556248433e-37 1.14776383520182e-18 3.10627507619648e-56
0.999999999881248 1.1417387106844e-33 1.18751784321995e-10 3.32864250757755e-41
1.06528248986182e-41 1.72501332197918e-71 2.09888592994233e-37 1
8.15377819308938e-54 1.2056343368822e-89 2.97561112499475e-49 1
7.85682089308831e-47 1 2.36993734275898e-68 1.1615355699745e-92
0.999999999999683 1.44126289999383e-48 3.17159943148586e-13 1.11740058193768e-42
6.02636867219035e-43 1 3.27501222956101e-64 1.71103878890296e-74
6.5652605850573e-51 1.25304977900257e-96 1.96831123678004e-47 1
0.999999718637136 2.0563883454183e-46 2.81362863542828e-07 2.09145204107789e-40
1 1.48143899255995e-45 1.87933822066555e-20 9.87940686175548e-46
7.98678575751492e-48 2.19646365733805e-87 2.42170069455364e-43 1
1.89256665397581e-11 7.63962823460876e-62 0.999999999981074 1.17093518717285e-44
5.35475582023444e-45 1 2.77960323546004e-62 4.57034856348523e-83
9.43311240279515e-35 1 2.59497668461732e-54 7.43312083005599e-71
1 1.86898895560625e-44 7.50818687418193e-24 2.77941955406145e-48
1.56375715177531e-49 1 2.4720040661526e-69 2.8567401416194e-84
4.00646297145515e-14 7.4189290832579e-55 0.99999999999996 1.51058716229981e-45
5.46911302238238e-48 7.32971889918387e-69 2.22434542923086e-44 1
0.999999999998194 9.76450656865495e-48 1.80598242223667e-12 1.80613923326808e-40
8.52639815207695e-37 1 2.51390039695505e-56 3.5346096161789e-75
2.38544411497898e-39 1 3.28445341875386e-63 2.77446609530183e-75
2.27653071972682e-53 2.31335935566435e-90 1.92294207633449e-48 1
3.19875011009556e-53 8.30989626722266e-84 5.68285502971499e-53 1
3.55093315565317e-12 4.31655771399238e-63 0.999999999996449 4.64771347977058e-39
1.13261794937147e-48 1 7.31167750924907e-79 9.4459282834715e-90
4.70822265838094e-50 7.02060525780497e-77 3.28851413925694e-51 1
2.21469644827564e-11 9.61936881938271e-59 0.999999999977853 2.02379096594497e-41
2.8143907344659e-17 6.22194474141584e-63 1 5.43727649450992e-41
2.01277016801553e-48 7.40804654446331e-88 3.22819897481572e-45 1
1.6729625130452e-50 8.13428402138983e-90 8.41087349442955e-53 1
1.34758522219754e-51 1.93407039029541e-87 1.68715477679641e-48 1
1 2.93281371240565e-40 2.04517495456371e-17 4.23711599059808e-51
5.75250396993209e-35 1 4.66755285515337e-56 6.16169383004256e-74
5.31851885568205e-38 1 2.01838951739665e-59 1.04031632122922e-76
7.17594905844941e-47 1 1.34996949981417e-68 3.10292745946588e-78
1.015070388851e-40 2.01678746395202e-77 1.39140114962896e-33 1
3.88546091475844e-13 1.76250752831657e-56 0.999999999999611 8.83103870376072e-48
6.31969341506358e-17 9.23358850661475e-59 1 1.13247818297421e-44
2.78979296093864e-47 4.16891955463656e-86 1.49411714972387e-42 1
1 4.02781213483958e-40 3.49790421699729e-16 1.94760713073363e-38
7.64411071821501e-16 3.06707336134623e-62 0.999999999999999 2.45944373516789e-40
7.42599916825408e-38 1 6.20166085818644e-60 1.019576307156e-73
1.7488408740513e-35 9.96340769532572e-62 1.69157104276732e-43 1
3.06916528058868e-41 1 7.1531205045556e-64 2.60602683293254e-84
1 1.51004522141005e-36 2.23758747747882e-17 1.97897044590979e-51
1.27263065059118e-47 5.89973668935223e-84 7.21713040044952e-43 1
0.999999992994412 2.01539549617328e-49 7.0055882810437e-09 2.87179206554995e-44
0.99999999999971 2.6754756132149e-31 2.90292918855912e-13 1.94048052209918e-34
1 1.37826808267587e-32 2.9619064606622e-20 6.18673047277054e-41
1.04677406552614e-30 1 7.48171803640877e-58 3.49551148408708e-69
0.99999999999856 1.2148140273622e-41 1.44002729476783e-12 7.74297390416912e-42
6.93247682029184e-17 4.49338911977775e-58 1 1.23039016281659e-41
4.18625363648556e-10 1.88960568449597e-45 0.999999999581375 1.2051138624393e-45
7.91291964042756e-38 2.66284451243474e-76 2.13737529007362e-34 1
2.25931722366053e-15 3.64830534028958e-57 0.999999999999998 5.99248912063024e-52
2.93892684290706e-45 3.32897800451794e-81 2.90458486570016e-40 1
4.52437782243851e-17 2.22116253998878e-69 1 1.70922019404538e-45
1 6.85706415283566e-48 5.06468118587984e-16 2.08480265654859e-38
0.99999799396119 1.04185648794095e-50 2.00603881007815e-06 9.96248519633025e-46
1.27836171170406e-36 1 1.33587463341472e-59 9.8803478029818e-69
3.68072540879816e-46 3.40637750155647e-80 7.20384320072808e-42 1
7.79833800735343e-49 1 2.07234420157436e-68 2.64756161179111e-84
1.21594237370346e-15 1.41763423739087e-66 0.999999999999999 3.06639139655508e-38
1.17425242887401e-13 3.97441421729907e-55 0.999999999999883 5.44749089246213e-36
1.39176844448076e-39 1 3.74231656903663e-63 1.42188972711589e-74
2.25313735781213e-48 1.10012474758296e-79 2.86793819704732e-49 1
9.21858112986125e-38 1 3.51091163499722e-54 1.46277166024854e-75
1.11591517271422e-44 1 2.59409875370103e-68 4.02476701169456e-94
2.29507803721743e-15 9.62118863779341e-66 0.999999999999998 4.56407053123847e-43
1.40910090477799e-39 1 6.31136806560958e-63 4.06136331654314e-81
1.87535132164295e-17 1.30791801404552e-65 1 3.02653705970951e-33
1.52370830937307e-34 2.50839713806214e-59 9.33927179638548e-30 1
1.30617715878941e-33 2.38220266936719e-64 1.25784838256603e-31 1
1.92018204467924e-54 5.1930711843539e-90 3.09556184228914e-46 1
8.4265209222297e-34 1 1.55486313955591e-52 1.99331567218085e-66
3.47707235609433e-21 1.87989336512855e-58 1 1.4661069297616e-24
2.46625428127504e-31 1 1.18066339244168e-47 1.82998519461614e-65
2.24794773104004e-48 2.14152837362036e-80 2.21747461660823e-48 1
3.1393072100959e-43 1 1.20974315524375e-66 5.06865326761125e-84
0.999999999999973 4.63796483053069e-41 2.66512970577208e-14 3.61922150127135e-40
1.33571097809467e-38 1 3.05062744015726e-63 1.31926808697218e-88
1.89425892701408e-36 1.2088214824613e-74 2.51380673105149e-32 1
0.999999792858825 3.53868617772517e-42 2.07141175175154e-07 1.79670182815909e-41
4.19720320380103e-36 1.18099535874862e-59 5.47728866766436e-33 1
6.65888677283572e-19 8.48554118513078e-64 1 1.92561564527756e-46
2.47653412882239e-18 3.77890341844039e-62 1 4.34717179058588e-48
1.06720480209793e-46 1 9.48747709340432e-76 3.89877235112726e-92
0.999999999999935 3.95790402075975e-39 6.47446609563311e-14 3.40711203484415e-47
1.02210442025311e-38 2.89477803275466e-69 1.24370707757583e-37 1
1.18032066849275e-46 1.79777068853295e-75 2.53388733567608e-50 1
3.65186474341312e-44 4.62893781418286e-75 2.04340794336201e-43 1
2.94083172846062e-39 1.49746710326692e-71 1.40618857860266e-35 1
1.26127191980576e-57 6.84065428036587e-84 3.81259798134807e-54 1
3.96198226332766e-46 1 5.6687111176427e-71 2.34376430264175e-84
7.09742643249564e-14 7.93234028407697e-64 0.999999999999929 1.48882417086683e-50
4.97321976807299e-37 1 7.52902755125955e-56 2.71819561797278e-92
5.88339993750919e-37 1 3.67264910155871e-57 1.28344589133209e-74
1 3.85458513765972e-45 6.41313578869907e-19 2.87245012027629e-44
2.91923379630726e-15 3.29090176819105e-59 0.999999999999997 2.84724139729969e-41
3.37881896859433e-13 3.60760622345732e-64 0.999999999999662 5.48313501189185e-43
2.66934946235861e-16 1.82939075960868e-58 1 6.52699121651745e-45
3.25610931859688e-45 6.30282912966669e-83 2.57020285990447e-46 1
5.59247615982964e-38 1.28652548486128e-69 5.02562334816617e-47 1
9.43101147783664e-42 1.7883098152474e-79 2.28181628308077e-37 1
1.67210083224238e-49 2.84759857283444e-82 7.67265872308375e-48 1
7.45912513036577e-50 1 3.05302576894377e-71 4.94947551602015e-80
5.86736523413791e-13 1.75276586781904e-57 0.999999999999413 8.0837302128164e-37
1.20060422429984e-34 1 9.67020195024698e-55 7.28077376793296e-76
1.02269620714045e-40 1.02797492661005e-71 4.03266639373612e-39 1
2.03910113666343e-47 6.35501224976349e-85 5.85460765945175e-50 1
4.06847412568441e-13 7.21343087783161e-68 0.999999999999593 3.59257021703403e-51
4.1218435593441e-13 1.18237552897163e-67 0.999999999999588 2.99484848376966e-38
0.999999999940527 4.90699495512365e-41 5.94732599503668e-11 1.56312030242698e-55
7.05364306362069e-17 4.91806574854725e-56 1 5.93254996709546e-32
1.49197489670378e-40 1.09111709822941e-74 1.00259015730006e-42 1
1.33262149665919e-11 7.4507441258847e-59 0.999999999986674 5.83458372696672e-42
3.65647141648606e-31 1 2.16051269028527e-54 2.81582160841712e-71
2.96761389455442e-36 1 7.7708290122079e-54 6.55409035565818e-74
1.97067633024489e-11 5.28379675278158e-59 0.999999999980293 4.67983352320016e-39
4.18640436347754e-13 4.16544882524872e-62 0.999999999999581 3.81152351390738e-50
8.1626488994993e-44 1 3.57734228205358e-65 4.73995519314419e-95
2.01266464737734e-40 1 7.5956848382135e-60 1.91529344822214e-74
1.36219207291196e-15 1.03154572516738e-64 0.999999999999999 2.2094486369127e-54
1.61536751060724e-44 1 1.84993890732907e-66 1.90757284943585e-85
1.50743076621071e-39 1.7016787868194e-70 5.97624819833422e-40 1
1.70470732058379e-44 1 8.47441926824231e-61 3.50995174356068e-80
5.0794964124506e-43 3.32023135671761e-79 3.43252771126648e-44 1
2.26252963375101e-44 1 1.97374066044549e-68 4.75162436956081e-78
0.999999999996633 3.33434269040292e-40 3.36704205353224e-12 2.95581943984977e-45
2.13192977702776e-12 1.42306354114397e-55 0.999999999997868 1.24532336853315e-55
7.18698087589618e-14 1.38046794441199e-60 0.999999999999928 1.41019787077442e-42
6.30418520732584e-16 9.40120577652878e-68 0.999999999999999 1.27703027332132e-44
1 2.62097745827386e-39 2.55939571161607e-16 1.31534297775817e-51
1.27934788761177e-35 1 1.55399579590116e-50 1.15766853276726e-81
5.52597530702685e-48 2.14666753174278e-89 1.49786935357808e-42 1
4.45181075686085e-41 1 1.46674590414939e-65 3.63650978664222e-73
5.00779740958194e-13 1.09855140600864e-71 0.999999999999499 1.05487285550584e-48
6.32831492969569e-50 1 4.08064320850147e-71 2.16686750388487e-77
4.03560697269745e-45 1 1.46305463722672e-67 1.34384847319956e-80
1.84843374103221e-13 1.54782005292371e-67 0.999999999999815 7.37544687079318e-48
0.999999999999984 7.20603808188876e-34 1.62014356160596e-14 4.42024672652257e-50
3.68505365393516e-41 1 6.82172298402541e-61 8.9760233981936e-87
1.78349060624467e-15 3.22577374690917e-68 0.999999999999998 5.38700812377137e-46
0.99999993958482 2.92098467373572e-36 6.04151799153005e-08 2.72141041641164e-53
0.999999999999986 1.84773744941486e-31 1.37122154921427e-14 1.22805896167889e-39
1.49693714232085e-19 3.13566349771475e-66 1 7.78649144325289e-40
9.39884490209214e-47 1.12329749241169e-80 2.45821223447839e-38 1
3.54074617454692e-38 5.16234959883274e-85 6.91509479869688e-43 1
2.06869133648649e-40 6.81079747099243e-72 5.65132647842709e-39 1
2.60193415105863e-10 2.76654470045015e-61 0.999999999739807 6.14886032535686e-52
3.06082629277093e-19 3.31441319398594e-66 1 2.82343528915225e-39
0.999999999915698 1.60000864738929e-48 8.43023082822766e-11 4.08547693617076e-46
4.90294014592341e-19 6.01270488490527e-76 1 1.62279196991335e-50
7.79905409872354e-46 1.29357572530509e-85 9.69768563913987e-50 1
3.77895639466278e-13 1.18578894592171e-54 0.999999999999622 1.70031856567094e-36
0.99999999999987 3.02898959873897e-46 1.29603419120456e-13 2.2977082575804e-39
1 5.61440003879016e-32 1.38329005524928e-17 1.42531092241289e-51
1.78788288661609e-39 1 1.1144771437039e-62 6.9849835928278e-76
0.999999999973528 2.41486531786248e-54 2.64719030337833e-11 4.47459922250931e-42
0.99999999997454 8.90961250270643e-38 2.54600900252566e-11 2.2484918392746e-47
1.77912883255869e-35 1 4.16769954482133e-58 7.07995547300254e-85
1.57711650426461e-56 4.82859462126301e-85 6.46669469624272e-52 1
1.42710700195674e-14 9.74530866634791e-64 0.999999999999986 3.27894138012589e-43
2.00101080780952e-11 8.15778823139397e-67 0.99999999997999 8.53964952222811e-45
1.65073660584711e-42 1 1.35025725763636e-71 1.32750662860831e-86
3.91928610213896e-41 3.39014370044029e-69 1.0218469773308e-40 1
3.83318805348546e-15 5.58639132642552e-71 0.999999999999996 5.81397504470221e-38
1.87581233896381e-37 2.77408426084844e-84 2.10746838216276e-36 1
9.81212634437848e-21 2.42592751201473e-81 1 2.20771069318543e-53
2.4908153756367e-40 1 2.19191848642781e-61 2.78013314090502e-83
5.02742427666371e-20 7.37726446017245e-83 1 2.08069560016113e-50
5.62557434893886e-45 4.54407096280921e-76 4.84545427156842e-43 1
6.38027194413161e-14 4.08933503339834e-66 0.999999999999936 1.17103076542048e-40
0.999999999942911 8.47591087105943e-34 5.70892523314941e-11 1.44693091311641e-40
1.28935224880739e-40 1.88750004814181e-71 3.71001697391234e-39 1
2.27171342155142e-46 3.16026734295188e-90 6.72864054795369e-40 1
0.999999976952588 2.13697573863202e-24 2.30474124399504e-08 4.38637107521493e-41
2.76586977088263e-44 1.86538587164331e-80 1.90752415868584e-43 1
1.12178738086766e-15 1.23372844604554e-66 0.999999999999999 7.94405661585558e-42
1 4.42577849836065e-33 5.74487004618321e-17 3.4610955310498e-45
0.999999990483911 1.25822379153423e-47 9.51608917086262e-09 1.78077268815257e-36
0.99999999999999 3.5505198454248e-43 1.0231150169284e-14 5.12034229152551e-43
1.14516539080837e-14 2.19130717617886e-59 0.999999999999988 1.78779739875151e-38
0.999999999463438 4.97307676536484e-45 5.36561866281445e-10 1.61522924328358e-42
1 8.7703213787535e-38 5.70187327042037e-17 1.28600497841907e-52
0.999999999999954 2.17471694484508e-43 4.54431914308793e-14 6.11207892325041e-38
4.496558788749e-62 5.46994587398403e-90 2.69645664661647e-56 1
6.99399737916789e-48 1.00960288480727e-84 1.03278565220505e-41 1
1.68811062599311e-14 2.79440833988506e-68 0.999999999999983 1.90580461643091e-39
6.84193611593006e-13 4.39787820453232e-56 0.999999999999316 4.55245836071304e-39
6.30757126450605e-53 1.35643746687397e-85 1.89379069503033e-48 1
2.0545547341299e-46 1 3.85587061079704e-72 1.87462835444312e-83
5.63478196358169e-47 2.99614523019344e-84 5.24488334366325e-46 1
4.07695693787176e-54 3.86945787482173e-85 1.08655962726566e-49 1
7.05853636758808e-39 1 2.49698326185705e-58 2.10764079978846e-75
1 6.86196069697359e-32 1.58252485159774e-21 1.67182750197859e-55
1.03963626109857e-18 2.24140872628919e-72 1 7.21733286237974e-46
1.09751782040907e-41 4.25031904302883e-84 1.3292353947801e-41 1
3.30887289937988e-12 2.38019824249649e-55 0.999999999996691 9.21504757964611e-50
2.11588283233121e-56 1.12719243958881e-86 1.61486122701881e-56 1
7.20283421797894e-33 1 1.65609701456535e-53 2.86127398462398e-59
1 5.15908608261028e-34 1.98944382467817e-16 7.35115544052593e-35
6.05600080591854e-41 1 8.77874971537651e-62 3.09685672719894e-84
1.67993143973727e-44 7.47233784929139e-78 2.19625012132242e-45 1
2.16530707030319e-15 1.83039107827132e-65 0.999999999999998 7.22774591693535e-43
9.89191785331763e-53 1.86107601916305e-84 2.31351907634528e-53 1
3.16692792328237e-41 1.32862027286994e-80 1.02845364502988e-38 1
1 5.841635570539e-37 3.72672488292408e-16 1.19944630573678e-36
2.97118017481013e-44 1 1.29706365050993e-69 3.57830033271745e-82
6.82791827739436e-15 2.29013179559424e-62 0.999999999999993 1.0864595525677e-42
5.08291186930638e-19 6.62561986720123e-72 1 6.67937580383827e-50
1.73717070143985e-08 1.44365147662596e-54 0.999999982628293 1.40548876669021e-52
1.87432145973693e-15 4.13930134934394e-55 0.999999999999998 1.71309565230101e-36
4.45774107466079e-12 1.38737320354563e-55 0.999999999995542 1.332933390498e-40
0.999999999999331 1.06025631886378e-35 6.69461178988249e-13 2.95149307305214e-42
2.27708883786175e-47 1 9.95063748216833e-75 4.21840904474816e-88
2.50408723131649e-47 8.62099724380844e-90 2.39169830047873e-47 1
6.09081310169838e-40 8.1078562345623e-85 6.95478310870643e-41 1
5.00212642056587e-42 1 6.22906383942103e-64 8.18042297024097e-82
7.80295686524034e-12 1.01764827831081e-66 0.999999999992197 2.98074394048225e-53
0.999999999999991 1.35212679114703e-43 9.20421737584368e-15 9.95406280335667e-51
3.46538167473496e-33 1.58750792258781e-70 1.25803880490614e-31 1
1.14377648495615e-49 1.24652910421082e-80 2.33412474051998e-41 1
2.3929851490033e-36 1 4.46217082676228e-58 1.34099592278253e-79
1.63260501944412e-53 1.38951354924189e-82 3.97177522224777e-50 1
0.989582462449252 2.15793153544758e-43 0.0104175375507476 7.60588350841098e-38
1 1.95231579130263e-33 2.06189057741351e-17 1.38076080129192e-55
6.37723978408832e-44 1 1.71767320752494e-64 5.14121056026945e-85
1.34597600327735e-36 1 4.47461721311596e-65 4.58189825665097e-77
6.44641084187015e-17 5.08016035943982e-66 1 8.35546446904056e-48
