7.60588350841076e-38 2.15793153544801e-43 0.989582462449252 0.0104175375507476
3.18437085993098e-76 1 4.75268973082e-43 1.3841871130782e-64
1 2.77408426084986e-84 1.8758123389637e-37 2.10746838216252e-36
4.04815698053193e-59 1 2.53620893184156e-27 7.84370782401014e-48
2.98074394048174e-53 1.01764827831101e-66 7.80295686524062e-12 0.999999999992197
4.56407053123782e-43 9.62118863779614e-66 2.29507803721748e-15 0.999999999999998
4.29804175932732e-52 4.66386976780198e-76 1.13448399488007e-19 1
1.56312030242687e-55 4.906994955124e-41 0.999999999940527 5.94732599503681e-11
1 1.20563433688274e-89 8.15377819308856e-54 2.97561112499424e-49
1.54839908157206e-46 1.42539335110904e-27 1 2.35162638789745e-17
1.61703040088956e-84 1 2.52774892626674e-41 6.1649371416655e-63
1.94760713073343e-38 4.0278121348401e-40 1 3.4979042169971e-16
8.83103870375972e-48 1.76250752831697e-56 3.88546091475842e-13 0.999999999999611
2.08069560016075e-50 7.37726446017476e-83 5.02742427666378e-20 1
1 5.89973668935492e-84 1.27263065059111e-47 7.2171304004487e-43
1.08645955256753e-42 2.29013179559463e-62 6.82791827739392e-15 0.999999999999993
8.77353998670853e-46 1.04671347758591e-60 3.27045803672696e-13 0.999999999999673
1.11740058193767e-42 1.44126289999404e-48 0.999999999999683 3.17159943148582e-13
2.16686750388616e-77 1 6.32831492969686e-50 4.08064320850286e-71
1.79670182815911e-41 3.53868617772563e-42 0.999999792858825 2.0714117517515e-07
1.27703027332121e-44 9.40120577653145e-68 6.30418520732598e-16 0.999999999999999
1 1.78830981524811e-79 9.43101147783584e-42 2.28181628308051e-37
1 1.58329272022786e-63 5.21833882032601e-33 3.07774255054546e-28
1 8.10785623456668e-85 6.09081310169847e-40 6.95478310870604e-41
7.21733286237871e-46 2.24140872628982e-72 1.03963626109859e-18 1
1.13247818297415e-44 9.23358850661685e-59 6.31969341506367e-17 1
4.55245836071278e-39 4.39787820453307e-56 6.84193611592991e-13 0.999999999999316
1 1.58750792258853e-70 3.46538167473501e-33 1.25803880490616e-31
1 8.62099724381285e-90 2.50408723131653e-47 2.39169830047859e-47
1.44693091311645e-40 8.47591087106063e-34 0.999999999942911 5.70892523314951e-11
1.23039016281645e-41 4.49338911977864e-58 6.93247682029175e-17 1
9.9624851963294e-46 1.04185648794111e-50 0.99999799396119 2.00603881007812e-06
1 1.0911170982299e-74 1.49197489670378e-40 1.00259015729999e-42
1 1.70167878682003e-70 1.50743076621065e-39 5.97624819833371e-40
3.53460961618031e-75 1 8.52639815207768e-37 2.51390039695562e-56
1.45024750956273e-46 5.29299763895229e-40 1 3.11916238388935e-24
5.04060777472152e-64 4.50346502535187e-36 1 7.43009931437599e-19
2.45944373516775e-40 3.06707336134675e-62 7.64411071821495e-16 0.999999999999999
1.28344589133282e-74 1 5.88339993751003e-37 3.67264910155975e-57
1.06580405404862e-45 1.52044643821439e-36 0.999999999995179 4.82065007136727e-12
1 6.35501224976692e-85 2.03910113666346e-47 5.85460765945159e-50
5.48313501189138e-43 3.60760622345814e-64 3.3788189685942e-13 0.999999999999662
1.82998519461692e-65 1 2.46625428127521e-31 1.18066339244191e-47
2.85674014162119e-84 1 1.56375715177564e-49 2.47200406615352e-69
1 6.30282912966992e-83 3.25610931859697e-45 2.57020285990436e-46
1.3442541205329e-51 1.59902095442936e-49 0.999999999997166 2.83342682901702e-12
1.78779739875128e-38 2.19130717617942e-59 1.14516539080835e-14 0.999999999999988
1.74649271917822e-82 1 3.16911193831407e-44 1.39867868283532e-64
2.8724501202762e-44 3.85458513766021e-45 1 6.41313578869894e-19
7.78649144325201e-40 3.13566349771555e-66 1.49693714232086e-19 1
2.77941955406134e-48 1.86898895560646e-44 1 7.50818687418167e-24
9.44592828347714e-90 1 1.13261794937163e-48 7.31167750925115e-79
3.3286425075776e-41 1.14173871068454e-33 0.999999999881248 1.18751784322e-10
5.4372764945093e-41 6.22194474141744e-63 2.81439073446588e-17 1
2.84724139729936e-41 3.29090176819161e-59 2.91923379630724e-15 0.999999999999997
1.42531092241283e-51 5.61440003879048e-32 1 1.38329005524932e-17
4.26733574927556e-84 1 4.86302581527473e-40 5.13133331120843e-61
2.19725803808062e-43 7.17888865793449e-57 2.81029854905341e-11 0.999999999971897
1 3.86945787482404e-85 4.07695693787199e-54 1.08655962726566e-49
1 4.62893781418483e-75 3.65186474341312e-44 2.04340794336189e-43
3.39268194645258e-91 1 8.03807935079293e-43 3.28020176271713e-64
2.64756161179239e-84 1 7.79833800735465e-49 2.07234420157489e-68
1 2.66284451243618e-76 7.9129196404279e-38 2.13737529007356e-34
5.14121056027238e-85 1 6.37723978408968e-44 1.71767320752562e-64
1 2.19646365733917e-87 7.98678575751447e-48 2.42170069455333e-43
5.41215527188296e-41 1.89864393073846e-49 1 1.04690930303217e-16
4.77907655858079e-38 1.35029996565913e-53 4.3925187543053e-16 1
8.3580072834421e-39 2.0797676461258e-54 1.92481536977545e-11 0.999999999980752
1.31926808697296e-88 1 1.33571097809491e-38 3.0506274401583e-63
1.48882417086662e-50 7.932340284079e-64 7.09742643249579e-14 0.999999999999929
1 1.72501332197996e-71 1.06528248986185e-41 2.09888592994224e-37
7.43312083005937e-71 1 9.43311240279609e-35 2.59497668461795e-54
8.53964952222714e-45 8.15778823139629e-67 2.00101080780956e-11 0.99999999997999
1.16153556997533e-92 1 7.85682089309032e-47 2.36993734276013e-68
1 1.12719243958932e-86 2.11588283233109e-56 1.61486122701863e-56
1.46277166024921e-75 1 9.21858112986256e-38 3.51091163499827e-54
1 1.88750004814262e-71 1.28935224880734e-40 3.71001697391191e-39
6.98498359283137e-76 1 1.78788288661629e-39 1.11447714370419e-62
3.89877235112948e-92 1 1.0672048020981e-46 9.48747709340729e-76
4.58189825665344e-77 1 1.34597600327754e-36 4.4746172131171e-65
1.34384847320029e-80 1 4.03560697269808e-45 1.46305463722721e-67
1.44115760275895e-43 2.2966567481979e-52 3.11265344326329e-11 0.999999999968874
1.94048052209926e-34 2.67547561321517e-31 0.99999999999971 2.9029291885591e-13
4.38637107521506e-41 2.13697573863214e-24 0.999999976952588 2.30474124399518e-08
6.18673047277054e-41 1.37826808267606e-32 1 2.96190646066224e-20
1.57790163708161e-59 1 2.05447616485377e-28 7.89147567637802e-45
2.82343528915193e-39 3.31441319398679e-66 3.06082629277093e-19 1
1 1.20882148246188e-74 1.89425892701419e-36 2.51380673105149e-32
1.04031632122987e-76 1 5.31851885568281e-38 2.01838951739722e-59
2.1076407997893e-75 1 7.05853636758848e-39 2.49698326185748e-58
1 1.42624128041527e-80 4.68123959239604e-47 6.93277409848492e-45
1.76637752041167e-41 1.43225053741382e-44 0.999999999999993 6.76109929573943e-15
1.70031856567089e-36 1.18578894592201e-54 3.77895639466292e-13 0.999999999999622
5.9325499670947e-32 4.91806574854829e-56 7.05364306362064e-17 1
1.17093518717275e-44 7.63962823461072e-62 1.89256665397584e-11 0.999999999981074
1 1.02797492661057e-71 1.02269620714049e-40 4.03266639373612e-39
2.78013314090691e-83 1 2.49081537563734e-40 2.19191848642868e-61
5.06865326761413e-84 1 3.13930721009652e-43 1.20974315524417e-66
1 7.32971889918616e-69 5.46911302238191e-48 2.22434542923055e-44
1.97897044590959e-51 1.51004522141012e-36 1 2.23758747747871e-17
1 1.86538587164405e-80 2.7658697708824e-44 1.90752415868552e-43
3.11025016235539e-50 1.32324720728067e-48 0.999999999999983 1.71253663546334e-14
1.28600497841896e-52 8.770321378754e-38 1 5.70187327042033e-17
7.37544687079245e-48 1.54782005292411e-67 1.84843374103219e-13 0.999999999999815
8.97602339819895e-87 1 3.68505365393589e-41 6.82172298402773e-61
2.87179206554987e-44 2.01539549617354e-49 0.999999992994412 7.00558828104368e-09
3.17287466191464e-85 1 2.18016877024585e-44 5.5038716897149e-72
7.35115544052603e-35 5.15908608261094e-34 1 1.98944382467824e-16
6.11207892325076e-38 2.17471694484548e-43 0.999999999999954 4.54431914308802e-14
2.29770825758033e-39 3.02898959873932e-46 0.99999999999987 1.29603419120455e-13
1.76460062311746e-42 7.66882851070325e-77 2.09070673868496e-16 1
1 7.47233784929521e-78 1.67993143973725e-44 2.19625012132223e-45
4.08547693617053e-46 1.60000864738952e-48 0.999999999915698 8.43023082822745e-11
4.34717179058538e-48 3.77890341844103e-62 2.47653412882233e-18 1
1 6.81079747099553e-72 2.06869133648637e-40 5.65132647842645e-39
6.14886032535599e-52 2.76654470045062e-61 2.60193415105859e-10 0.999999999739807
1 4.07131587020212e-81 7.64387153075304e-52 4.45940136152309e-47
3.7187940180056e-49 1.84330434063646e-68 1.02998647160401e-20 1
3.61922150127129e-40 4.63796483053129e-41 0.999999999999973 2.66512970577208e-14
3.89617182506085e-49 1.29439532509057e-68 6.52258280503273e-14 0.999999999999935
1 2.14152837362133e-80 2.24794773104004e-48 2.2174746166081e-48
1.42188972711686e-74 1 1.39176844448104e-39 3.74231656903802e-63
4.13198586665995e-45 4.61137515928401e-70 5.00436757453004e-17 1
1.51058716229959e-45 7.41892908325875e-55 4.00646297145501e-14 0.99999999999996
1 4.250319043031e-84 1.09751782040906e-41 1.32923539477999e-41
5.90258187018931e-77 1 2.08525792766124e-46 9.81456032233845e-62
1 7.02060525780776e-77 4.70822265838014e-50 3.28851413925624e-51
1 1.18099535874899e-59 4.19720320380079e-36 5.47728866766366e-33
1 1.32862027287054e-80 3.16692792328237e-41 1.02845364502982e-38
1 1.93407039029635e-87 1.34758522219746e-51 1.68715477679622e-48
3.50995174356228e-80 1 1.70470732058396e-44 8.47441926824424e-61
1 8.30989626722668e-84 3.19875011009556e-53 5.68285502971467e-53
1 5.46994587398682e-90 4.496558788749e-62 2.69645664661624e-56
1.03715466581215e-88 1 6.82979595121232e-46 3.3501885017784e-70
3.45390078480646e-42 4.86222289961031e-59 1.74203089797039e-13 0.999999999999826
3.88526694831008e-41 1.17990635981831e-29 1 1.12153421751143e-20
3.38115794969081e-41 6.30113165132508e-54 2.97942968261392e-12 0.999999999997021
1.78077268815244e-36 1.25822379153439e-47 0.999999990483911 9.51608917086258e-09
7.28077376793668e-76 1 1.20060422430001e-34 9.67020195024959e-55
2.02379096594476e-41 9.61936881938517e-59 2.21469644827562e-11 0.999999999977853
1.61522924328358e-42 4.97307676536555e-45 0.999999999463438 5.36561866281457e-10
3.10627507619631e-56 6.43525562484339e-37 1 1.14776383520182e-18
5.44749089246167e-36 3.97441421730008e-55 1.17425242887403e-13 0.999999999999883
1 2.89477803275614e-69 1.02210442025318e-38 1.24370707757579e-37
5.68654433775806e-36 7.32696748142884e-51 9.71247158407663e-11 0.999999999902875
1.34099592278322e-79 1 2.39298514900371e-36 4.46217082676355e-58
3.57830033271948e-82 1 2.97118017481043e-44 1.29706365051026e-69
6.52699121651745e-45 1.8293907596091e-58 2.66934946235858e-16 1
3.20502423891034e-40 1.17157786279658e-45 0.999999999999939 6.08111129734543e-14
2.24849183927453e-47 8.90961250270694e-38 0.99999999997454 2.54600900252564e-11
1 1.38951354924264e-82 1.6326050194441e-53 3.97177522224743e-50
4.75162436956351e-78 1 2.2625296337514e-44 1.97374066044605e-68
9.87940686175506e-46 1.4814389925602e-45 1 1.87933822066552e-20
1 9.25112412030413e-73 3.63532701538143e-42 8.90717986782611e-41
6.67937580383732e-50 6.62561986720273e-72 5.08291186930616e-19 1
4.6798335231995e-39 5.28379675278278e-59 1.97067633024492e-11 0.999999999980293
4.84050026510459e-66 1 5.06437059229832e-28 8.17324408003471e-48
3.10292745946729e-78 1 7.17594905844993e-47 1.34996949981444e-68
1.31534297775805e-51 2.62097745827404e-39 1 2.559395711616e-16
1 3.32897800451936e-81 2.93892684290698e-45 2.90458486569983e-40
4.91285875579836e-44 1.93624355032893e-64 4.19022008736086e-20 1
1 1.00960288480776e-84 6.99399737916769e-48 1.03278565220495e-41
1 1.79777068853382e-75 1.18032066849275e-46 2.53388733567586e-50
5.76076075411881e-77 1 4.2248012233446e-44 1.26668259879476e-70
1 7.40804654446773e-88 2.01277016801558e-48 3.22819897481558e-45
2.20914289666869e-69 1 4.30582636120527e-32 4.9694740893926e-52
1 1.28652548486183e-69 5.59247615982932e-38 5.02562334816546e-47
1.0195763071564e-73 1 7.4259991682545e-38 6.2016608581875e-60
1.39757559464634e-32 3.44377352386039e-64 5.9672900297856e-13 0.999999999999403
4.52515325849688e-43 9.74010616485399e-66 1.44109668144202e-14 0.999999999999986
1.15766853276788e-81 1 1.27934788761193e-35 1.5539957959016e-50
2.20771069318486e-53 2.42592751201528e-81 9.81212634437855e-21 1
6.16169383004571e-74 1 5.75250396993283e-35 4.66755285515463e-56
3.09685672720087e-84 1 6.05600080591974e-41 8.77874971538e-62
3.46109553104994e-45 4.42577849836116e-33 1 5.74487004618325e-17
4.65140740222755e-88 1 5.0407772806821e-44 1.19602812301843e-67
2.77446609530341e-75 1 2.38544411497935e-39 3.28445341875489e-63
2.08480265654856e-38 6.85706415283693e-48 1 5.0646811858798e-16
3.79020170133439e-46 5.37690295604574e-35 1 1.81685892727783e-23
1 2.38220266936813e-64 1.30617715878932e-33 1.25784838256586e-31
1 2.99614523019506e-84 5.63478196358169e-47 5.2448833436628e-46
1.71309565230082e-36 4.13930134934488e-55 1.87432145973691e-15 0.999999999999998
1 3.32023135671949e-79 5.07949641245074e-43 3.43252771126623e-44
5.36975245955219e-49 7.8189954823657e-56 2.80307914758721e-18 1
9.88034780298629e-69 1 1.27836171170418e-36 1.33587463341499e-59
1.41019787077432e-42 1.38046794441226e-60 7.18698087589595e-14 0.999999999999928
1 1.88296620891167e-78 2.36723264715696e-52 7.39211220538777e-47
8.18042297024608e-82 1 5.00212642056672e-42 6.22906383942316e-64
2.20944863691226e-54 1.03154572516752e-64 1.36219207291193e-15 0.999999999999999
1.38076080129198e-55 1.95231579130279e-33 1 2.06189057741367e-17
4.9237970500931e-52 2.2128519945128e-48 0.999999999999997 3.08485720014672e-15
5.81397504470146e-38 5.58639132642742e-71 3.8331880534857e-15 0.999999999999996
2.88756992631978e-94 1 4.29017357481127e-47 2.59609793429704e-72
2.95581943984969e-45 3.33434269040325e-40 0.999999999996633 3.36704205353242e-12
7.05411136423691e-68 1 6.29896956311738e-34 8.05110511708773e-57
1.19944630573678e-36 5.84163557053983e-37 1 3.72672488292421e-16
1 2.84759857283573e-82 1.67210083224242e-49 7.67265872308331e-48
7.74297390416923e-42 1.21481402736234e-41 0.99999999999856 1.44002729476789e-12
1 6.8406542803684e-84 1.26127191980561e-57 3.81259798134759e-54
2.60602683293402e-84 1 3.06916528058921e-41 7.15312050455763e-64
7.02529205153223e-39 1.24898174666304e-40 1 5.94338869482447e-17
1 1.07108616126385e-73 9.77930654730095e-50 1.19822575242665e-42
5.88108885812589e-37 1.58023004099076e-48 2.05805948768228e-11 0.999999999979419
1.05487285550581e-48 1.09855140600892e-71 5.00779740958206e-13 0.999999999999499
4.47459922250887e-42 2.41486531786279e-54 0.999999999973528 2.64719030337823e-11
5.12034229152529e-43 3.55051984542515e-43 0.99999999999999 1.02311501692837e-14
1 4.96624829056169e-80 1.4116028509216e-41 2.41424425392766e-43
1 1.49746710326755e-71 2.94083172846053e-39 1.4061885786025e-35
5.38700812377075e-46 3.22577374690972e-68 1.78349060624467e-15 0.999999999999998
1 9.9634076953294e-62 1.74884087405125e-35 1.69157104276722e-43
6.55409035566116e-74 1 2.96761389455471e-36 7.77082901220967e-54
8.86851248114669e-42 3.0838304836509e-60 4.72335188691217e-10 0.999999999527665
1.90757284943693e-85 1 1.61536751060752e-44 1.8499389073297e-66
2.34376430264315e-84 1 3.96198226332834e-46 5.66871111764463e-71
1.71103878890393e-74 1 6.02636867219095e-43 3.27501222956194e-64
1 1.24652910421135e-80 1.14377648495609e-49 2.33412474051971e-41
4.64771347977006e-39 4.31655771399361e-63 3.55093315565321e-12 0.999999999996449
1 5.16234959883626e-85 3.54074617454742e-38 6.91509479869708e-43
1 8.13428402139352e-90 1.67296251304509e-50 8.41087349442787e-53
1.29017607392224e-55 5.19202997900007e-46 0.999999999999989 1.13309048531525e-14
1 1.35643746687466e-85 6.30757126450569e-53 1.89379069503011e-48
1 3.16026734295386e-90 2.27171342155168e-46 6.72864054795407e-40
5.9924891206293e-52 3.6483053402901e-57 2.25931722366049e-15 0.999999999999998
1 2.94939403385227e-60 1.66934847390088e-32 6.72592718052966e-36
9.2150475796448e-50 2.38019824249682e-55 3.30887289937984e-12 0.999999999996691
1.33293339049781e-40 1.38737320354586e-55 4.45774107466057e-12 0.999999999995542
3.81152351390667e-50 4.16544882524955e-62 4.18640436347754e-13 0.999999999999581
1.40548876669003e-52 1.4436514766262e-54 1.73717070143987e-08 0.999999982628293
1 3.28051248647944e-85 2.76451723173496e-53 2.7135291536203e-50
1.99331567218175e-66 1 8.42652092223041e-34 1.55486313955629e-52
4.2184090447502e-88 1 2.27708883786197e-47 9.95063748217088e-75
1.32750662860915e-86 1 1.65073660584742e-42 1.35025725763678e-71
9.95406280335583e-51 1.35212679114711e-43 0.999999999999991 9.20421737584349e-15
1.92561564527734e-46 8.48554118513271e-64 6.65888677283568e-19 1
4.02476701169628e-94 1 1.11591517271438e-44 2.59409875370176e-68
1 2.14666753174376e-89 5.52597530702653e-48 1.49786935357789e-42
1 4.16891955463881e-86 2.78979296093868e-47 1.49411714972378e-42
1.80613923326806e-40 9.76450656865634e-48 0.999999999998194 1.80598242223674e-12
1.2051138624392e-45 1.88960568449618e-45 4.18625363648548e-10 0.999999999581375
8.08373021281605e-37 1.75276586781949e-57 5.86736523413785e-13 0.999999999999413
1 3.39014370044202e-69 3.91928610213896e-41 1.02184697733072e-40
1 4.82859462126521e-85 1.57711650426461e-56 6.46669469624235e-52
2.99484848376927e-38 1.18237552897203e-67 4.12184355934429e-13 0.999999999999588
1 1.31919788118197e-68 1.92588712566347e-35 2.29933836204236e-39
1 2.275840914154e-85 1.31940167778999e-49 2.83781911861836e-47
3.63650978664449e-73 1 4.45181075686161e-41 1.46674590414989e-65
1 1.29357572530579e-85 7.79905409872365e-46 9.69768563913891e-50
2.72942471213354e-83 1 3.975505851449e-49 7.35849091014425e-73
1 5.19307118435641e-90 1.92018204467918e-54 3.09556184228883e-46
1.76432872865151e-78 1 7.79367209404204e-34 2.94099057391702e-54
4.9494755160231e-80 1 7.45912513036693e-50 3.05302576894464e-71
1 3.40637750155831e-80 3.68072540879837e-46 7.20384320072798e-42
1 1.25304977900314e-96 6.5652605850573e-51 1.96831123677984e-47
2.95149307305201e-42 1.06025631886387e-35 0.999999999999331 6.69461178988266e-13
4.23711599059814e-51 2.9328137124059e-40 1 2.04517495456371e-17
5.83458372696614e-42 7.45074412588661e-59 1.33262149665925e-11 0.999999999986674
8.70097355480714e-81 1 6.67299421077151e-42 1.72558560561155e-60
1 1.44812226798275e-86 1.38549441215156e-49 1.33196280058613e-46
3.06639139655464e-38 1.41763423739123e-66 1.21594237370348e-15 0.999999999999999
1.87462835444413e-83 1 2.05455473413022e-46 3.85587061079825e-72
1.2453233685329e-55 1.42306354114413e-55 2.13192977702772e-12 0.999999999997868
1.91529344822301e-74 1 2.01266464737748e-40 7.59568483821523e-60
1 2.31335935566534e-90 2.27653071972662e-53 1.92294207633424e-48
1.67182750197854e-55 6.86196069697389e-32 1 1.58252485159775e-21
2.8158216084184e-71 1 3.65647141648653e-31 2.16051269028582e-54
2.72141041641148e-53 2.92098467373593e-36 0.99999993958482 6.04151799153003e-08
1.46610692976145e-24 1.87989336512903e-58 3.47707235609416e-21 1
1 4.30559838747874e-85 2.12545084601831e-46 1.28720133798801e-46
4.57034856348743e-83 1 5.35475582023512e-45 2.77960323546075e-62
1 1.10012474758346e-79 2.25313735781201e-48 2.867938197047e-49
2.71819561797433e-92 1 4.97321976807405e-37 7.52902755126233e-56
3.59257021703352e-51 7.21343087783304e-68 4.06847412568439e-13 0.999999999999593
3.40711203484415e-47 3.95790402076003e-39 0.999999999999935 6.47446609563339e-14
1 1.1232974924122e-80 9.39884490209188e-47 2.45821223447818e-38
1.62279196991294e-50 6.01270488490664e-76 4.90294014592334e-19 1
1 1.23209074501729e-84 7.15415882956941e-48 8.4684835466485e-42
1 2.44607779118802e-81 1.88374634198478e-44 1.73356012701629e-45
1.17103076542042e-40 4.08933503339962e-66 6.38027194413176e-14 0.999999999999936
1 2.01678746395299e-77 1.01507038885103e-40 1.39140114962886e-33
2.09145204107783e-40 2.0563883454186e-46 0.999999718637136 2.81362863542841e-07
7.94405661585456e-42 1.23372844604578e-66 1.12178738086763e-15 0.999999999999999
1 4.5440709628114e-76 5.6255743489387e-45 4.84545427156814e-43
1 1.8610760191639e-84 9.89191785331735e-53 2.31351907634505e-53
1 2.50839713806328e-59 1.52370830937315e-34 9.33927179638575e-30
2.86127398462545e-59 1 7.20283421797925e-33 1.65609701456561e-53
1 1.28215252221511e-80 1.17041922636037e-49 1.05210127162928e-45
4.06136331654498e-81 1 1.40910090477815e-39 6.31136806561119e-63
1.70922019404521e-45 2.22116253998935e-69 4.52437782243864e-17 1
8.35546446903902e-48 5.08016035944083e-66 6.44641084187006e-17 1
7.22774591693432e-43 1.83039107827179e-65 2.16530707030325e-15 0.999999999999998
3.49551148408897e-69 1 1.04677406552627e-30 7.48171803641069e-58
3.27894138012551e-43 9.74530866634957e-64 1.42710700195674e-14 0.999999999999986
7.07995547300536e-85 1 1.77912883255895e-35 4.1676995448224e-58
1.22805896167894e-39 1.84773744941513e-31 0.999999999999986 1.3712215492143e-14
3.02653705970938e-33 1.30791801404586e-65 1.87535132164293e-17 1
4.73213587384868e-44 2.53288555057852e-57 1.97561741342896e-15 0.999999999999998
3.31408364336104e-52 3.77401604280101e-36 1 1.77522650054948e-17
1.90580461643062e-39 2.79440833988561e-68 1.68811062599308e-14 0.999999999999983
4.42024672652263e-50 7.20603808188927e-34 0.999999999999984 1.62014356160595e-14
4.73995519314729e-95 1 8.16264889950138e-44 3.57734228205521e-65
