"LD1" "LD2" "LD3"
-10.1511456162525 -3.33624511843217 1.02697231160862
7.51268494534239 -7.76388809264075 -0.256645873837061
0.511453120094182 3.85311081397599 -5.78436069171138
-12.4686312198882 -2.16750390922035 1.44318842262121
8.43019224891003 -7.69179419310254 -0.590796141737018
-10.2524464549233 -3.52374464712115 1.4056097966047
8.80168500937346 -5.69253284187673 0.814170600623179
-3.05994683400487 4.55142587847726 -4.37955868398623
6.88360347899725 -5.63824266832157 0.077290326995525
-9.17929864760722 -3.57640175338809 1.09944968633092
7.72028986445077 -4.33781223418362 0.201819572288132
6.97146083816802 -5.93299800727882 -0.371068277891118
-11.0357144757434 -4.54910039255221 1.17012428409873
-10.4325818169768 -3.44426249075249 0.800057191247531
-11.432359857254 -4.59728233544006 2.29965350848734
2.00218680953921 7.60358099303892 2.02095440442321
-10.7737794961299 -5.80768119275342 1.91123389276192
8.65159395364106 -7.21106536940545 0.845406703375124
-1.17773410862169 5.01712546010651 -4.64229847258614
-9.03949817795027 -2.5732124748903 0.302449221695607
8.2188704087532 -5.05274367061956 0.283538589779125
-1.24044720298459 3.55657914285055 -3.44708023685271
2.09410386343687 6.77326609313639 2.04459470079238
2.55821854103704 5.85638141100157 1.52037708690124
0.139863045693893 5.84093546728215 2.35743247811289
-11.5284837095649 -4.59313160372478 0.626828157588368
1.38411543926359 6.2513954047137 2.92116861358374
8.30364574801196 -6.85226599713538 -0.0429574017193994
-2.15027870851045 5.79569120613577 -2.07785939850855
0.145440339462097 3.37077700506598 -4.51539899340055
2.95533245230384 7.20649868800344 0.820840109033901
7.87581274132131 -4.60235918647395 -0.0216248706186127
8.67230543215 -6.26495569513539 -1.09223950996834
-1.5634028659541 2.65063765028854 -3.52589357615874
1.1996197464815 5.12783251506646 -4.76390147168565
2.20011623548081 5.54680120335822 2.32055756151953
-1.74194155947418 2.10262760136531 -5.16855536531217
4.51777273920755 7.29878760434691 1.65864690659848
8.63001301068911 -6.63361363186863 -2.19636647664111
2.75784693344552 7.76076036929296 1.57541908912283
8.59101188652082 -6.27823255428409 -0.638999066795714
2.23965746300409 6.22701326227754 1.61414246502846
9.54627562494078 -4.93003315303299 0.247194577351212
3.02785668617803 6.68567700653332 2.0431571161063
-8.32884119146473 -3.46573678040619 0.00133786718741891
-8.47809795345465 -4.62113128554933 0.452823922509562
-2.14941205007104 1.8546802563053 -5.00681550839982
2.80227918900624 7.30089376736858 4.04034133738146
8.09047241239509 -5.85070068210803 -1.4614094146824
-2.8346696040612 3.87672164531132 -4.31541802473231
2.69857808554194 5.59098315576267 2.64648118354143
-0.481052281529275 5.35627064742683 -5.04247933184513
7.38795610906575 -6.75803391943532 2.2628459089045
1.96976131414106 5.77161993193707 2.08398021088986
-11.4706104569778 -4.9003446365585 0.405459964132526
3.47441359578734 5.95341432726697 3.77164482073403
8.7169311961011 -6.55089854813007 -0.141932747935255
-11.3366042378403 -3.26433260796271 0.801679172889181
1.24493308575432 5.99258312293691 2.10120978122844
0.488286141442531 4.25967880508742 -4.47153760044068
8.95884941387606 -6.70546928042795 0.0464830249580188
4.00060203882032 8.81669845215661 2.86494005581472
2.27944860533021 6.16043997463135 1.54164037236523
3.75716716218423 6.27082945887485 1.3077419006596
0.604369130167121 3.48643497733682 -5.46782858851038
-10.6759750851428 -1.35146559384037 2.39722986962198
1.83699974491234 4.8874411241911 2.01595662796631
-9.76932891320472 -3.00962511463163 -0.326226768294843
-3.38366853434576 3.841088425369 -5.35705217393711
-10.0633246111246 -3.13920864759619 0.60671753991738
8.36528307556873 -7.71648259070236 -0.246678872272015
-0.606206628798171 2.42708699258844 -4.48863416074869
7.18847357481133 -4.32410001820083 -0.395891227143749
2.22542196636745 5.77527944205304 3.58895235680479
2.74901255063966 7.53891310882034 1.50552139904325
-1.11505366299402 3.45588575274126 -7.21714897744648
2.06986697676153 8.31632856681808 1.03117356964571
1.44481721960726 4.80471486822783 2.48424428339894
9.34920795557519 -6.60048870160128 0.425964362078112
1.81848869110991 7.47322784831658 1.90227301569659
1.01151173620087 4.24100813488898 -3.47172378156234
-9.47016983870423 -3.99844126085911 -0.0145509823015387
0.0576307344297065 5.31856930443155 -4.05411300099549
9.36861385883031 -5.47569619687004 0.183449427499622
-8.26149961480781 -3.05548434069791 1.21602125344674
-0.72077562756478 5.47749477125325 -5.21301930307829
10.1548332087401 -5.8335313727013 -0.773435095130176
2.4053508423748 5.00947214916484 2.66647418906652
2.00063209857887 5.48434160751056 1.95409598712862
3.28171076862987 6.50963390112003 2.35037820313142
-1.35060464265807 4.33174482412112 -4.01424836853036
-2.23231913490999 4.22263941762643 -4.68868414846755
-11.7869931690439 -2.4185069170963 0.0502426157136348
-1.00078691245696 2.12427120817994 -3.18242789460636
3.64573189228838 6.02235962127024 2.32054902144441
-8.94215166952048 -2.84841504481648 1.53569588690722
3.72614507720942 6.38655673136018 1.75646410545275
4.08651483747618 3.20780824081023 4.99345335761727
-10.7751409036832 -3.60150390793681 2.78632833333927
6.6108844900152 -6.9002811550279 -2.78341773989315
-0.598330565391547 3.67530946019026 -6.41004589178333
3.26356570251799 7.11465057892825 2.61829574155351
1.19083559487111 6.51398291905931 4.34833068367323
2.28765498927856 5.07671195581557 2.53142163157145
9.23567483154905 -6.79803916731794 0.43295956097663
5.7008602859384 -6.81181173349178 -1.97939513634893
-11.071952412995 -3.6629113742146 1.0532036299725
7.48182136070385 -6.39745798331027 -0.0822748716509556
-3.64780250279833 5.68096772303348 -4.96701832402222
3.59608381850939 8.14573632383303 2.74137822137068
-0.389170151721809 3.46817589170661 -4.34561484327387
-11.3263840405831 -3.10875977305102 1.08846919849137
7.63016822952352 -6.3240043255542 0.217955092355346
8.37709255090427 -5.57045952893504 0.594688450416987
-2.72619476331555 4.7161270010844 -5.04459879398938
-0.80411082190113 1.93026174925907 -4.29764090406793
8.58928683204089 -7.69492019501346 1.11668774139217
8.1615800854767 -6.39395979507709 0.0412243708574758
-10.9903324346254 -3.45135665440977 0.440455936643048
2.41778321922266 6.28707715939924 2.27250254816916
7.91684961750063 -7.17034503988384 -0.596136327850638
1.86537512568816 6.14337043735934 3.15079515066293
-11.9569290773712 -3.87864053056253 0.779831518249325
-11.5080213430623 -3.69652445421645 1.28454916297585
2.91346260556167 6.01864067556417 3.2694775796163
-1.31520227390611 3.58513760812796 -2.64960081114513
-11.0526077821822 -5.46358265633563 1.86800522746163
-0.397819288097168 2.88497519233898 -5.03656149002224
-0.43120855087765 3.98333667845539 -3.91710155561299
-9.62441172125654 -4.45729461748297 0.202792220757109
8.66357764424189 -5.8960272521651 0.477372929307195
-11.2626918431282 -2.95759022982001 1.26453738737763
-10.2379238594489 -5.00144364609014 0.211998343015405
-11.8172737103399 -4.1376664797068 -0.832823523667526
-10.4861208320221 -2.19345127116033 0.718646742541848
0.563309121700152 7.55538048500385 0.962356772041485
8.94397151309605 -5.67055783680104 0.238713297577004
2.44422806718313 8.03406303555218 1.37207541415522
-11.1566601953865 -2.98921505738207 1.14556917936365
8.21369249842526 -6.25058668470491 -1.13323451887571
-1.37478856508779 5.86841649276438 -4.81340967426624
-2.86430393504691 2.9049781292084 -3.87095420360073
-2.01173263231214 3.18195444895235 -4.29117135082347
1.92957921961875 6.28584245081574 3.36225249786552
-1.72773457511842 4.44480519226539 -5.05010577018923
6.4078802119445 -4.80558158834814 0.336925589601189
-11.1415991768201 -3.81038624908412 1.67251445030723
8.03650053907857 -6.99182335405339 -0.420292191397083
-10.3189647508154 -4.36926870568287 0.338730487753417
2.33814960734186 6.82142729068271 1.29568549888131
-10.2228810306455 -2.6699232934525 0.862878791061651
2.08800070964496 6.85114631983736 3.76863456694242
3.08449804957588 6.10745369671387 1.40453918002842
3.02213434818287 6.5834322721586 2.36415619258393
-11.1185743951168 -3.45578417319438 2.58118532473654
-10.1427121028356 -2.83790009743588 2.13578749962487
-12.5912235050985 -3.50731263666257 0.672673933295637
5.8406275278584 -4.96992538487971 1.65502856251407
8.30666148516491 -7.4208441050605 0.749164289737047
0.339813050780854 4.51191311342854 -4.74151073542553
8.20483567205404 -6.98355912368352 1.11700403937483
9.38791384124504 -6.38346550099427 1.44766148999079
3.52636749761529 5.89658339440705 3.6584257051146
8.82006072062213 -4.27707652545093 -1.45357787653287
-9.48576816295368 -2.99144136790037 0.640444633069405
0.0135607278957239 4.69002806763865 -3.52979648165625
2.39168377663773 5.91710881733046 2.89477875214029
1.69911176478607 5.71895191468089 2.30649461045284
-1.51515166223514 2.8424672490982 -6.9139354250084
5.73603031620114 -5.6405383892022 -0.842250265561834
3.31975833622645 6.42981517037221 1.75957010766603
-11.8231397601576 -3.47955054743601 0.798805318819182
-1.4554408107931 4.62615839621461 -3.17846940710658
0.531030890738869 4.97465288161983 -1.41661548874079
8.73888866721891 -6.92205875467121 0.712607379340276
2.81662288148715 6.35343101013008 4.16586576865075
-10.7700324853302 -5.4086137465787 -0.0556866739553044
3.14610626596528 7.76694912926911 3.11152045257796
-10.4401136675418 -4.11757035478137 0.437140808129679
7.97167104966943 -6.12764795937562 -1.09474707029972
0.375547895703194 3.8379475807463 -4.65047366172391
1.02549123235516 7.20391516270023 3.1950845991548
6.71086574785832 -5.71591738193864 -1.51338779977214
8.2044969200527 -5.93296052409864 0.576771252643402
7.24715785212003 -5.21410096841673 0.617403233548448
4.49496148478303 8.57279734505712 2.44782340723168
2.75925326260747 6.55749838459834 2.23346981551817
-10.1881364588279 -3.9717885834516 1.54242196885562
1.34925686115797 6.73817233611382 2.4273811741245
8.38817507902596 -5.43411795170036 1.70859885731712
2.97067714532567 4.31622126352862 3.71600467989228
0.426933711287374 5.40797201609894 -3.62692328892156
-2.40524605877901 3.21394261794018 -1.15541398824695
2.6118969622917 5.34082301747332 2.19878080157654
-12.4876266337987 -4.25840653176631 -0.420854940212571
-10.7039633195461 -2.75230849218897 0.589596690627793
9.0893905752658 -5.99718335313837 -0.241250599853055
-11.2317034141937 -2.80726108319374 1.14682348900196
-1.24307476694215 3.46303658201768 -2.75257197973502
-2.08272146176499 2.52742828357479 -6.23757616460306
-11.4041455311466 -3.43514667061826 1.60358780758099
2.47378105783073 6.71160295871227 3.80876780859815
6.69946751247422 -7.24338864253113 1.61529644893644
-11.6689233127126 -4.50429463956031 -0.270903348680247
-9.67088195935262 -3.75506209124917 -1.44788272508751
1.50098361913342 7.84068663297037 0.984568868459088
-2.36668330117836 4.2841141304204 -4.67377718004962
-10.8077586255978 -5.13222440357035 1.50327824574935
-10.4529010587041 -4.29801030086808 3.199424025854
-10.8073726945389 -4.96797395817305 0.646886726102185
-11.4944259774292 -2.501877079315 1.6012944596105
3.45269470154211 8.32497801730995 2.97008348702314
-12.3239770365794 -5.15499524770947 -0.573831760317848
7.42226483692393 -6.0868511861878 -1.15991882744007
8.07315018477237 -4.59620651364101 1.13679930361109
-12.2965180105434 -3.1432820337839 1.64781272228956
-10.8529431835025 -3.30357059907297 1.940366451633
2.41920118413979 6.40676226089896 0.924812812852797
7.20273173197845 -5.64046951650846 1.00459842785242
-2.33825647133377 4.25052918041057 -3.6657769479263
-12.0466402774693 -2.48607688172428 1.323170861902
1.99820433171339 6.23374490805455 3.55825328462805
-11.2608136959024 -1.98482495582182 0.301301511022114
3.03666715121592 6.63261938105195 2.33008576587519
3.13639087824485 6.95302336505407 2.353350755319
2.59557145755174 7.1908647889709 2.89320688482669
8.55030475211709 -6.82056767006044 -1.62104038067036
8.76405658193455 -5.04079031959839 -1.82938029826087
4.22930191843065 6.34116008468875 1.72539657499185
8.78775293176346 -5.71049755623569 0.795243948240033
8.70568636067246 -5.1943071537781 -3.02955299985072
9.25412781335636 -6.08573432727302 -1.39831564873746
4.05876475815736 5.155701413395 3.03206605948563
0.498273406605036 4.89291195191565 -2.93156254444368
-1.86502939790006 4.59989000113108 -4.65824000765579
-11.4120573524511 -4.41509037285255 2.30028378596134
3.04841745122444 7.20307250700741 2.1557758367903
6.79642853772596 -6.24271522198604 0.112836483618625
-9.9746638151605 -2.91212478881216 1.67616103811804
3.90349585152782 5.26034353597924 1.53909647750954
-11.4511046433579 -5.20483816178993 1.18576420265841
3.38965024615489 7.11581366557433 2.535938495517
-1.87540113599171 6.02136124087213 -3.33206830256747
-10.1406431789646 -3.91221608983394 0.588980147172795
2.02102672361301 5.01426540878851 3.69780985379636
-2.18501199301108 4.53177349765173 -4.6864254742045
-0.448644518868382 3.66503417187876 -5.96229186068293
7.33004110274461 -7.51550163685072 -1.10710514560964
-0.429611772586715 3.94975829767807 -4.63959505580069
-0.154848826626648 4.70726674627389 -2.56314275898067
8.16567066711209 -6.67976460130561 0.750986398836893
2.82390437039974 6.65016669758479 1.6963897298049
2.64213291612323 6.36523353005917 2.47428720185498
9.12681906302967 -8.32317046879628 1.45531711087733
8.31088772835168 -6.06100582896865 1.93865570059578
8.64333609837625 -8.22169719304783 -0.337739752513614
-12.4675918138375 -2.79733207320315 0.892407467099168
-11.9403966589055 -0.763576515183732 1.52378442810594
9.10800294998416 -7.07076076982953 -1.7441115867516
0.412493444012885 7.78263961216281 2.29633424883984
6.40946625835899 -4.34378553839949 1.12159204504946
8.8909039921678 -6.36610809337875 -0.0788325312580817
7.18964448744316 -5.74877772354929 0.0744717264711847
7.77479544244659 -6.49507136852832 -0.759933801357745
7.25730019903965 -6.05812015451414 0.133812691125023
-11.2752639397033 -4.57063624220753 0.30813368385028
-1.46203267343857 4.20616886063473 -3.27052609110393
8.66583565373102 -5.311630522204 -1.32938728258431
1.83673708856884 6.29554175452957 1.69284380304996
-10.1832062818749 -3.13090672399478 1.20030754333204
3.62129281520392 7.27647989683856 2.92960487143634
1.73428564040538 8.07258305886714 2.58069179522032
-0.956352137143214 4.39263868336416 -3.6595647634678
-10.6699244733434 -4.10767582584476 -1.24518089764122
-10.312915790076 -4.75389937112257 1.26146386330218
0.991057539491409 6.98496505813147 2.21108736164911
8.16741394643639 -6.01373371152304 -0.553704390352719
7.87842209917713 -7.18172775346428 1.61061184814462
0.520132022867313 6.04953814455166 -3.06844103077897
2.36844011202307 4.95690094312111 3.31870430360878
-9.68813185198181 -3.29344306907573 0.985560306523788
8.39558733386954 -6.30251818191784 -1.23392333710177
7.12935590736344 -5.82090908821265 0.140182686092622
3.18432822061884 7.98642501268682 0.965242347000491
2.87950782858105 5.97427467232539 2.81377477095993
5.79058249261418 -5.50936157270293 1.3049593243493
8.63273036370579 -7.23638954295318 0.374875825415817
-0.432672592323173 5.92395042723249 -4.51493199259405
8.31274337350554 -5.12653379913881 -0.379140868561802
9.08555070876366 -5.72524157006616 0.0988177336041088
-10.5037429373127 -4.57991751348863 1.20765587556975
0.201317286091254 3.8637759971203 -4.67945137977847
7.16505877896345 -5.80306077034386 0.161520750559576
8.38001985788658 -8.16951717164494 1.01206751810785
-0.391064172938275 2.89729800503686 -4.78169471737328
2.257878250289 6.1464272906448 2.27679578442704
-11.3788748758887 -3.82995578610407 0.760930733907498
-0.0988991049040146 3.81847698173273 -4.82944314964216
-12.0289359047422 -4.70337972133516 0.0734460274680566
-10.3967230298192 -4.26580589828979 0.243500085215028
