1.21648440615673e-35 3.76420035524693e-60 1.07555552969952e-43 1
4.59828463379822e-38 1 1.15022277424752e-41 2.21043994526616e-66
3.69484662639102e-38 1.36610662073181e-72 3.12128133821425e-48 1
0.99999980759328 1.66041875258987e-32 1.9240672001062e-07 6.8645488552655e-33
2.41016915471885e-36 1 3.10318730226194e-42 1.33926604923393e-59
3.67948217014886e-39 1 4.3864941664623e-43 5.72819584345515e-60
8.17507403416667e-12 3.30356348689517e-33 0.999999999991825 1.86776073015758e-45
1.75806423929338e-35 2.98911141427862e-55 2.4277559057947e-49 1
2.43545964768066e-07 3.1251056713992e-44 0.999999756454035 3.96859252285796e-52
1.2327935487181e-37 1 1.14600736539573e-39 3.53836511084814e-60
7.62872395114995e-38 1.4231608296365e-59 6.20834855996756e-50 1
2.21294124146595e-11 2.50643900150507e-34 0.999999999977871 5.49395647304192e-38
2.27603825820828e-14 6.3450207542522e-44 0.999999999999977 1.32648763978525e-62
2.83413566947165e-32 1.27334113830583e-57 2.21010845453423e-51 1
1.05779684181474e-34 4.6265475922756e-58 2.56142228407037e-42 1
6.60629479069274e-10 1.64164498534185e-37 0.99999999933937 1.18193352240611e-55
3.64101849181197e-08 2.10820715024259e-33 0.999999963589815 4.87913073576311e-40
9.8886551096654e-07 2.10165798743483e-35 0.999999011134489 1.00866052800039e-45
4.64665770617959e-30 1 1.47709819338138e-29 3.2419401326542e-57
7.13887285350592e-14 8.39979316840357e-39 0.999999999999929 2.13906893610989e-46
3.97545442519385e-32 1 2.77215953012988e-38 2.33678232995437e-52
2.5293745522501e-37 1 5.69577503579048e-44 1.13207374223808e-62
8.95206782339233e-08 1.54120895039809e-33 0.999999910479322 1.27268374142827e-43
4.71590340148657e-35 1 2.02672257518103e-34 7.55492361617183e-60
1.36729398756491e-34 1 1.83920693372271e-35 5.35301924638154e-56
4.66203360705358e-37 1 1.06694595928376e-38 4.24080697314145e-61
6.94734866007439e-36 1 9.3433066431771e-39 1.25123508799334e-67
3.5821255186661e-43 1 9.72855643158767e-44 4.5461334947321e-68
4.6220896422777e-29 1.127401061484e-47 6.80696345296643e-39 1
2.28475828025382e-36 1.22827681663239e-57 3.06896963516422e-49 1
1.28837841750147e-35 1.09858419204811e-54 2.14341944214708e-44 1
3.83197747200665e-08 1.20617593891628e-34 0.999999961680225 2.07391318769397e-50
3.78461279067945e-40 1 1.70887298767499e-45 1.36655627372287e-59
1.41366707326549e-30 9.45718451127515e-56 1.1947590705238e-38 1
1.80645657141639e-43 1 9.50087100305306e-48 7.66744028456203e-66
9.82044280676984e-42 5.95052863962559e-66 8.8854045327402e-59 1
0.999972738568608 3.47918075039984e-46 2.72614313922226e-05 3.22743450567793e-32
2.6073761726927e-31 1 1.16025366775034e-33 5.66614522141321e-49
0.999999999920155 5.7636470594893e-43 7.98446836132424e-11 1.14200544741615e-28
3.53787176246976e-33 5.77661697730547e-66 6.45334426953925e-39 1
1.34295606088477e-37 1 3.08341112573902e-40 7.66124033322117e-64
1.10118491528339e-30 1.63310475484254e-62 1.59819583344416e-36 1
3.71791376251904e-12 4.57702231950724e-29 0.999999999996282 4.4674314825439e-48
1.40999127471519e-11 8.48879732627146e-39 0.9999999999859 2.41123619404286e-52
3.38591510205645e-36 1 1.23301245577109e-37 3.79309556841523e-63
8.86892570615115e-09 1.44865148800056e-41 0.999999991131074 2.62648904324375e-47
0.99999995165316 5.68649310009054e-36 4.83468397701608e-08 5.71495647178731e-37
0.999999016648697 7.34856444270903e-47 9.83351302867199e-07 8.99156996801423e-39
0.999994371359523 8.61830748117498e-38 5.62864047734905e-06 5.51339702080291e-43
8.04748230929689e-13 9.64711663141175e-39 0.999999999999195 8.18935428121975e-56
4.51424994892736e-36 1 2.1379813599828e-46 3.07421897846969e-62
5.56137354631872e-36 1 3.51842962219039e-41 4.62991451757575e-60
8.40331957321699e-30 1 3.13667767425275e-36 8.56711846384515e-53
3.03096381710047e-11 2.69542413713246e-40 0.99999999996969 3.51604698237996e-50
0.999999999547683 2.77105067362486e-34 4.52316766761719e-10 1.26899817860551e-36
1.73532470636548e-39 1 6.71263251902756e-41 3.37212931772005e-65
7.5694489804821e-23 8.90983349234382e-35 3.38504266446761e-31 1
1.26423208143202e-10 2.41230609297085e-26 0.999999999873577 2.48068547437373e-52
1.79058688653714e-43 1 1.27849178153827e-38 2.16511740582423e-69
2.6839446492915e-16 8.88142706445998e-38 1 1.95796057187354e-52
0.999999999999986 2.26648391792135e-37 1.44559645631805e-14 4.31856374079778e-42
1.21517026183021e-08 1.17460420261162e-47 0.999999987848297 4.99700809309942e-52
4.039328200577e-35 3.97408467321301e-55 8.92465489992294e-47 1
3.21658112037476e-07 6.49497568927028e-40 0.999999678341888 2.48950613003525e-31
7.33488926595548e-37 3.61312330340693e-56 1.78070395062827e-45 1
4.30805225415126e-44 1.23813501577046e-63 6.73226438792525e-57 1
1.15719910911033e-30 1 1.38903544522573e-29 3.15484830885312e-53
7.30651844250731e-06 5.04396214920779e-43 0.999992693481558 7.03778520354161e-44
0.999999999996188 4.0070322815576e-44 3.81158185085824e-12 3.43564058713318e-42
0.999999999995022 6.77695004451959e-40 4.97789418741782e-12 7.86870238713138e-32
9.27458489347518e-34 4.17810934875472e-54 6.4899604944129e-44 1
1.22783858969025e-10 9.39261240412314e-26 0.999999999877216 5.41856542535989e-37
0.999999999999766 4.31773856019912e-31 2.33710670273466e-13 8.30993543056643e-44
1.68880926528356e-43 1 3.27234355431952e-43 1.55470774788332e-61
2.09415845096408e-10 2.05664940846079e-36 0.999999999790584 3.55099060574686e-46
2.95235684877489e-39 6.1856309100593e-58 1.02359443420359e-44 1
3.02856750403009e-42 1 8.76245424075054e-46 1.46820745337022e-57
1.29366337164754e-11 1.25933698752061e-35 0.999999999987063 7.97197762947017e-54
2.39229617519427e-12 1.24414901512905e-36 0.999999999997608 1.61236056860662e-47
1.02777667710128e-09 2.25731889725197e-32 0.999999998972223 2.68946137277684e-41
5.25218512522533e-31 1.32777029299175e-48 7.94198968798485e-39 1
9.01591618198184e-29 2.5899630732756e-55 3.37816501955538e-43 1
1.27640594267455e-30 1 1.18263570914772e-33 2.33244423450873e-50
0.993385237693006 1.63541011505669e-32 0.00661476230699402 4.22625629054784e-23
0.999999999997745 7.81625881890211e-41 2.25517096778044e-12 1.27250108609749e-35
0.999999989606588 9.29160390285916e-32 1.03934116119204e-08 7.43067588375247e-27
1.61017439988288e-14 2.66755005040297e-40 0.999999999999984 1.20658736965671e-66
8.95645494636265e-08 2.17877682629347e-46 0.99999991043545 3.33554750013606e-49
2.53125545636073e-11 6.68264378062962e-37 0.999999999974687 1.39855926793137e-47
1.31426045960353e-39 1.75164106791269e-66 3.67561131512618e-51 1
9.56414684228624e-09 2.31603874781809e-45 0.999999990435853 2.17768694782794e-40
0.999998899003501 9.82076343741659e-41 1.10099649851193e-06 2.81798995193943e-35
0.999999999973689 1.60923271626084e-40 2.63106990410196e-11 3.30514084551572e-38
7.58797791747141e-30 1 2.89338510551011e-38 4.35922714229855e-65
1.660813177564e-40 1 8.00995752954939e-41 2.8174696332047e-66
0.999999999999992 1.6139994684596e-30 7.46440460657953e-15 7.23960929249168e-34
1.1269476094375e-25 1.4851050511941e-53 1.34677114523524e-37 1
0.999999998681108 5.70273743947589e-30 1.31889226425233e-09 2.59916209151167e-41
4.35973447248722e-29 1 3.46574107324407e-34 9.41307885496593e-62
6.05942399644241e-37 1 2.20977336807304e-40 1.10429896637535e-63
5.85919787772558e-34 1 4.60837670596509e-35 1.17523900259203e-55
2.29765869392807e-38 2.89457178185537e-67 4.07926412509516e-55 1
1.1572884956855e-42 1 1.15943904635056e-42 5.83385470138871e-60
1.6326191968532e-13 1.34524723259685e-45 0.999999999999837 2.44358528953185e-47
5.36355185573498e-08 2.50639350081175e-34 0.999999946364482 5.1497436669246e-40
1.40446545623558e-43 1.755881370737e-73 7.85309540386986e-58 1
9.34404477121553e-09 3.57621422841321e-35 0.999999990655955 1.5578823624313e-41
1.41283191407834e-46 1 8.31964955561257e-49 5.37137820870673e-62
4.00780959105734e-29 1.60479833961236e-50 2.24825632234518e-38 1
5.55403678139213e-35 1 2.88970082140325e-35 2.81359807920032e-60
2.44745197900953e-36 3.05255181434779e-62 4.89586269372769e-46 1
5.30942990097804e-12 1.04187956020377e-40 0.99999999999469 1.82978924564771e-51
3.49943095650717e-08 3.19388121942073e-35 0.99999996500569 1.02464560454712e-47
5.96636928373422e-32 1 1.90636607417855e-35 9.6691755544989e-63
1.00282274792032e-06 3.54511440742955e-43 0.999998997177252 3.27514081825352e-51
1.54461508249749e-07 2.92255176586756e-33 0.999999845538492 6.06557635411655e-37
2.96564919567779e-38 1.46905239948659e-60 3.46241875850766e-47 1
6.07935875316342e-09 7.79607645895596e-51 0.999999993920641 1.41600424490046e-53
7.36941692169686e-11 1.54750906522405e-43 0.999999999926306 6.7694642677554e-49
1.3567350350692e-41 1.3844465524171e-64 2.24587895915451e-54 1
2.77006241911121e-41 3.98488267600702e-64 7.49387992597379e-51 1
0.999999999999979 5.70870821375283e-36 2.12199107115375e-14 1.00275380616714e-40
1.61937300768132e-07 6.73371678388517e-37 0.999999838062699 6.41681433003211e-44
1.52301957896409e-37 1.22986093486391e-54 9.02916376377831e-42 1
5.38927372920951e-46 4.85074805873658e-60 4.29781855973699e-57 1
1.66342631218126e-42 1 7.62368751441604e-40 7.25822227647322e-64
1.53213858306111e-33 1 9.92566735593699e-37 3.17876282272675e-60
1.11142199046664e-08 3.09229010868011e-39 0.99999998888578 2.49433007090778e-48
2.71795379921359e-35 1.4677418336559e-56 7.2716090158979e-45 1
1.57100310888729e-39 1 6.76072400243999e-40 1.12545346446473e-60
2.29353532556826e-31 1 2.60290566059876e-34 1.32978707553509e-51
9.73484613108202e-10 2.76760349353667e-38 0.999999999026515 9.2073512155339e-49
0.999999999889859 5.60112045961742e-39 1.10140666921194e-10 5.48061119470342e-35
1.42445612454421e-06 3.78490746820716e-31 0.999998575543875 8.31928248203558e-33
1.2492650282952e-40 2.55191017606615e-62 2.38144325921032e-56 1
1.82478662476705e-10 4.85044681169574e-36 0.999999999817521 9.7470775273238e-49
4.04261674023823e-46 1 4.26499177181858e-50 7.34669363950779e-64
3.33430076597502e-38 2.63264713029001e-61 1.1415327337985e-52 1
0.999999999997067 1.01527617260355e-34 2.93262486851155e-12 3.61794959858481e-38
1.26727349971315e-30 4.68660720940781e-58 2.8498608492366e-41 1
5.2510815629915e-13 2.79203636528405e-37 0.999999999999475 1.04812818221647e-45
9.73256368588347e-28 1 1.65670153347499e-27 2.14995108980151e-55
1.08880435673364e-39 1.47923490276464e-74 5.16662706609763e-52 1
0.99999999998213 1.18704360522245e-28 1.78696294256426e-11 8.83527285086114e-36
2.71459967675776e-32 2.4777869001078e-54 9.55128549030681e-43 1
0.999999999721752 2.04892620394886e-37 2.78247657385057e-10 8.18097552401996e-48
1.0057364654523e-40 1 5.77936440007293e-43 1.73657115735334e-67
5.22529047041969e-40 5.80211724124383e-57 7.66831769398866e-51 1
1.22619859753093e-11 1.26946597568646e-45 0.999999999987738 1.7931742030909e-44
4.35799484333131e-29 1 3.15476613714909e-32 2.61238398355337e-53
1.89774536632934e-25 1 7.08161764944696e-29 1.23036537616584e-44
2.21281147429444e-09 2.46964202710688e-38 0.999999997787189 1.99538896206354e-48
4.44185068714752e-40 1 8.02477595302253e-42 1.98117076971479e-61
1.53496090915219e-40 1 1.79131405591627e-41 1.35244554522144e-61
0.999999784534604 4.50636535816064e-32 2.15465396138266e-07 2.90645325639334e-40
6.76799010225778e-41 1 1.10628607076636e-42 3.87060452758941e-73
4.59482484985626e-06 1.82654447261112e-35 0.99999540517515 3.58173335736193e-40
4.189680331979e-11 2.3866395629813e-34 0.999999999958103 4.31454378569913e-46
7.88879436269641e-12 1.85244522190204e-43 0.999999999992111 2.68396300180646e-51
5.73511773128353e-15 9.81393597724968e-48 0.999999999999994 4.78951480454583e-60
1 6.70936847611139e-35 3.54446948510929e-17 1.8998931402608e-38
6.86174996414788e-09 4.99873083435975e-46 0.99999999313825 1.35718719230466e-45
5.95385673300718e-31 2.02364681963942e-51 2.14440839501845e-39 1
2.90814020093059e-11 2.13610738738048e-43 0.999999999970919 3.85089477884834e-50
0.999999999897502 2.08937337670593e-48 1.0249854019435e-10 5.03066296517478e-40
1 2.87467958575125e-32 9.00659810664417e-17 6.26053339333729e-25
3.91977681684946e-15 2.26328196749598e-21 0.999999999999996 3.38781725478149e-38
0.999999999572921 7.98139882946479e-38 4.27079566558832e-10 5.01500101966586e-30
0.99999999997607 1.1971561517194e-28 2.393051816738e-11 5.78061722845995e-32
0.999999999999533 1.08162688786155e-42 4.66526579161149e-13 5.59884470225977e-28
0.999999999541735 7.19428852568596e-32 4.58264859266432e-10 2.02792221257813e-44
3.96375831054661e-43 3.00263566979656e-67 1.05564598741418e-58 1
1 2.81806920238134e-35 6.9874912424386e-17 8.76153288570566e-43
5.75758587775968e-39 1 1.49643745044231e-38 1.16755111118601e-52
1.5200927851563e-30 1 1.93368474724372e-32 2.05259562732993e-41
6.19788617897765e-31 2.7567381936974e-52 5.22041051336832e-41 1
3.59385772012679e-35 1 1.05993097839831e-43 3.78218062743032e-52
1.59015537835176e-13 1.20458587258216e-44 0.999999999999841 1.96651307680018e-37
1.23142209328631e-41 1 2.31155918019991e-43 3.90505308898483e-61
4.08301601440102e-13 1.84215751979357e-43 0.999999999999592 1.15339740308855e-43
6.33350976953236e-09 1.22079428033328e-38 0.99999999366649 1.81292826795832e-39
4.08685726506137e-33 1 1.86381241933424e-36 8.46738704485295e-53
0.999999984006225 6.31309824114266e-28 1.59937751367917e-08 7.50353685789484e-28
7.4024315058043e-15 5.37775557079084e-38 0.999999999999993 6.2810688720177e-48
1.5760145047521e-29 1 1.40181856588212e-29 4.62276666478798e-48
3.83745655550893e-36 1.25421162865334e-58 1.31749155158617e-45 1
0.999999999999999 6.69818908879451e-45 7.64766675802396e-16 2.98802014136622e-31
4.15156596009244e-40 5.62411555666001e-65 4.5584845876263e-50 1
0.999999999638415 2.24001140216665e-37 3.61584741696444e-10 9.78410024346411e-31
0.999999951452327 2.36791300454168e-44 4.85476730518368e-08 9.56452434991991e-44
6.31952841745349e-15 3.6470530235532e-41 0.999999999999994 5.8885612247625e-46
3.4496931673532e-43 3.13937631385124e-71 7.95970515079816e-53 1
2.31484041410682e-39 1.67900248384854e-69 4.69124577797423e-49 1
1.14488549357709e-11 3.22271823555443e-44 0.999999999988551 5.6854145487084e-52
1.09881310521561e-12 1.70879398687996e-37 0.999999999998901 2.45847324055693e-43
3.56234994053192e-11 6.7041869570918e-43 0.999999999964376 3.17822196320442e-44
6.22936503242138e-35 1 6.57297869933636e-40 3.24467733439461e-56
2.89461862529287e-11 4.73849445434307e-34 0.999999999971054 2.20458534471119e-52
1.12571453337343e-30 1.46998726971676e-62 9.64729733436528e-43 1
3.94519079817295e-34 1 9.29918283757157e-34 1.60177039087518e-54
1.3751437844538e-33 4.63384042137958e-57 4.72410876363808e-42 1
0.999997232608083 1.40237916274717e-38 2.76739191699296e-06 1.50102020570536e-43
2.21005885040236e-10 9.49876039819061e-44 0.999999999778994 8.00542872978349e-55
1.46191560647219e-38 1 2.47444908591617e-39 1.73369199256054e-58
3.44119870525277e-37 1 1.14039758762508e-35 3.58460416143337e-67
2.55581921345387e-10 1.2506283341805e-50 0.999999999744418 1.01680310389689e-42
1.63770239001144e-15 9.15526608295924e-42 0.999999999999998 9.45903269388868e-56
1.82914857172708e-13 4.03498449446492e-40 0.999999999999817 4.62180260460326e-44
2.03816907224739e-44 3.40381215002259e-56 2.28440303809568e-55 1
7.87747056266377e-30 1 5.72889560412927e-27 3.81502429102122e-45
1.88098120012101e-29 1 2.63231765655447e-30 1.478045470499e-48
3.11083798870574e-35 1 1.07909541378467e-39 5.56185721792013e-66
1.47225687554363e-37 1 5.13766611742948e-39 2.92613205229929e-61
5.47938223716825e-49 1 5.07405139249224e-50 6.88451510660101e-63
9.27287188178651e-13 1.42471406124732e-34 0.999999999999073 1.86463431743535e-43
0.999753489358726 4.88919749213591e-32 0.000246510641273967 6.71239442849763e-33
4.96968445085994e-35 1 1.08359454284982e-36 1.47778736152357e-55
7.45454460065419e-37 1 2.52892836207975e-36 5.76969955859316e-48
5.01252940477405e-15 4.37915099348527e-38 0.999999999999995 4.62855303748643e-57
1.6177188829452e-08 1.16222716086626e-37 0.999999983822811 1.08707341399722e-39
1.78223564352661e-40 1 6.2242995939909e-48 1.21393154395358e-67
0.999999992517099 9.41375753570048e-38 7.48290081537465e-09 1.2080261405325e-42
5.26265286552609e-37 1 3.72801072546149e-43 1.5582755956254e-56
3.71534847475522e-09 1.48430106476906e-35 0.999999996284652 9.10423387748041e-42
3.84544254067084e-28 1.47866401885008e-48 4.96437767251614e-44 1
7.7421457678889e-35 1 1.98996398226704e-32 1.02374472539144e-54
8.11321723657705e-42 1 1.32113744876513e-44 6.52530716299734e-57
9.87698184111782e-39 1 5.6769193579581e-46 3.76669977107842e-64
0.999999999999256 4.00139240437188e-39 7.44118711901717e-13 2.09487458635412e-32
0.999999999992625 2.40118591945577e-34 7.37459044842043e-12 1.00315231541209e-38
1.5936999102885e-29 1 4.28180718359953e-37 2.88205287898505e-50
7.62225652036275e-13 5.10782912126896e-50 0.999999999999238 6.85509721890412e-60
2.36489592159909e-13 9.20932124279896e-46 0.999999999999764 3.33876435609333e-53
1.49530656630786e-37 2.39248120755072e-53 1.91605875016984e-46 1
0.99999999998881 7.09608991549512e-28 1.11903434238115e-11 7.44994114130648e-32
0.999999999997509 5.91462640576705e-41 2.49088719602781e-12 1.6509325799732e-36
0.999999999999919 4.23792596580661e-43 8.1447372859718e-14 8.46988152964145e-35
2.33921675688402e-30 2.03350578270246e-46 1.27847734674021e-41 1
1.16201357843789e-42 2.26133351826645e-59 6.72157230372573e-55 1
4.24060615423074e-11 1.43480684204096e-38 0.999999999957594 2.88503895165245e-43
7.3767142633423e-42 1 1.50310266654499e-47 2.00795036847519e-59
2.06523164028318e-27 2.8046807479734e-39 1.19961838157844e-36 1
0.99999999845936 5.65943516065594e-28 1.54064005994443e-09 2.38941446536238e-28
0.999999999995832 2.55360314984178e-31 4.16744495350494e-12 1.37516201739033e-39
1.70678672504218e-37 2.07272598179925e-63 2.47281993316012e-50 1
1.41654010262988e-09 8.29521002130198e-40 0.99999999858346 7.95865886763634e-48
0.99999999980447 1.49096425309855e-30 1.95529820787002e-10 2.76584473472176e-38
2.32898600154465e-40 8.16379976538885e-61 1.2515006229998e-55 1
1.04866647696324e-34 1 3.03187694579361e-39 7.23971421792274e-54
1.72650112535202e-33 5.8295337420436e-54 3.71579900822124e-42 1
7.01752312588927e-10 1.63976385556607e-37 0.999999999298248 6.7238543152933e-40
0.999999999999965 3.66063742176169e-41 3.45854711420326e-14 6.19856140007627e-33
1.7991274427251e-47 6.71361860534412e-69 9.26384084165561e-59 1
0.999999998962423 1.75701669939249e-42 1.03757712269619e-09 7.62069497768434e-47
8.25974239597614e-35 1 4.12189022796917e-34 1.34621277578202e-49
2.3409319850554e-28 2.31644403981391e-47 6.70875275426499e-38 1
7.89758715051084e-14 4.35891735289465e-37 0.999999999999921 1.97019254359614e-45
1 8.09674991483788e-35 3.2154201529407e-16 5.03113253942524e-34
4.11010108915977e-36 1.26930437876694e-62 6.68598359278679e-48 1
2.76915756656108e-43 1 4.78811477515267e-45 2.56453410054622e-64
9.11535466062263e-12 1.08664799253385e-42 0.999999999990885 8.04636537777305e-50
7.28942299827709e-42 3.64201342575158e-62 3.81570545661884e-55 1
4.81712145177426e-42 8.59015929062405e-64 4.44218560350492e-58 1
0.999999999999461 2.54316486681608e-31 5.38912975045538e-13 1.45980005493622e-33
1.94255816877183e-33 6.20716005198061e-62 2.94231679235808e-45 1
1.93326445123662e-13 2.81110580041363e-37 0.999999999999807 9.8146892910273e-48
1.22753200814787e-37 1 1.81738527323684e-39 7.00741115054926e-62
4.87902705461564e-36 2.5839685262373e-60 1.54473273636486e-46 1
0.999999999977588 2.17051550144441e-38 2.24118509023015e-11 1.22941387803602e-41
8.74688817041099e-35 3.57610312290408e-54 3.43006468434005e-41 1
0.999989147611097 2.33438610967025e-34 1.08523889035025e-05 1.39291589800616e-37
0.999999999994239 3.29072538837437e-38 5.76133814826765e-12 8.06015274353071e-25
6.56743702924337e-41 2.21861987608204e-58 3.05722175259313e-52 1
6.28285433443606e-40 1.98990330011601e-60 2.04379747598643e-53 1
6.73094971236931e-09 2.51408366421742e-44 0.99999999326905 1.27383746129258e-49
0.819348747881889 9.75726433441571e-33 0.180651252118111 1.09972725804094e-36
7.02836556490428e-12 6.66578196903742e-40 0.999999999992972 7.29915161570252e-53
0.999999999942459 1.11527252042154e-24 5.75410834555234e-11 3.87234837083323e-30
1.00578478771926e-33 2.47493729737513e-48 1.558500653959e-44 1
3.79552523460962e-31 8.00810874418818e-48 8.09035657607414e-44 1
1.04127676521888e-33 5.7809044616441e-60 1.71771486591051e-43 1
0.99999999999475 2.10022025996586e-39 5.25013207339728e-12 5.00726219743201e-27
7.91484830726877e-36 5.45849185675417e-54 3.00278700388821e-46 1
6.54142551418465e-48 1 1.46164615286775e-48 5.34279613568697e-63
3.54281448945281e-45 1 1.98786251351123e-50 1.46959167046059e-65
3.93030188406599e-35 6.22061709011661e-65 3.16122378336836e-43 1
5.7469226731706e-36 1 4.1196374434909e-37 8.03166812544564e-62
9.87929758049483e-09 1.2559099635251e-34 0.999999990120703 2.09838880732125e-38
0.999999997124876 1.94547608210623e-27 2.87512415849297e-09 5.48946762156661e-42
5.27195213444755e-08 4.68886454995395e-41 0.999999947280479 1.48792207655248e-42
0.99935783727195 3.67904747823014e-32 0.000642162728049864 1.38374075089151e-40
3.08961458428706e-44 1.86064911987016e-67 1.82598351501887e-54 1
0.999997271562133 7.31236542852642e-31 2.72843786716908e-06 1.33421827108381e-40
0.999999999999614 5.91983126371333e-51 3.85824084915691e-13 1.50484844044728e-34
7.6175561483557e-39 1 9.03838805178525e-40 7.08487614236899e-48
6.31192710838439e-42 5.54731270153332e-55 1.20020449561839e-45 1
3.73995002499306e-27 1 1.87025193694411e-31 3.08451023963797e-59
8.89005957335353e-32 2.08455711940915e-58 1.69545197802826e-41 1
5.57435731856178e-35 1 8.82052204461424e-36 4.7528507587649e-61
7.15869087523794e-23 1 4.67290365997953e-29 5.12039770592212e-40
