7.98678575751265e-48 1 2.42170069455336e-43 2.19646365733867e-87
2.91923379630691e-15 2.84724139729944e-41 0.999999999999997 3.29090176819142e-59
1.33262149665913e-11 5.83458372696572e-42 0.999999999986674 7.45074412588619e-59
6.67299421077113e-42 8.7009735548059e-81 1.7255856056114e-60 1
5.88339993750953e-37 1.28344589133257e-74 3.67264910155923e-57 1
8.15377819308659e-54 1 2.97561112499416e-49 1.2056343368825e-89
1.87581233896343e-37 1 2.10746838216258e-36 2.77408426084931e-84
7.7990540987221e-46 1 9.69768563913877e-50 1.29357572530553e-85
7.18698087589524e-14 1.41019787077428e-42 0.999999999999928 1.38046794441215e-60
3.2704580367267e-13 8.77353998670853e-46 0.999999999999673 1.04671347758585e-60
5.63478196358041e-47 1 5.24488334366265e-46 2.99614523019455e-84
6.84193611592913e-13 4.55245836071265e-39 0.999999999999316 4.39787820453257e-56
3.885460914758e-13 8.83103870375947e-48 0.999999999999611 1.76250752831677e-56
2.25931722366027e-15 5.9924891206293e-52 0.999999999999998 3.64830534028979e-57
1 1.2860049784187e-52 5.70187327041976e-17 8.7703213787535e-38
5.21833882032452e-33 1 3.07774255054533e-28 1.58329272022755e-63
3.13930721009616e-43 5.06865326761298e-84 1.20974315524392e-66 1
1.11591517271433e-44 4.02476701169559e-94 2.59409875370147e-68 1
1 3.88526694830926e-41 1.1215342175113e-20 1.17990635981834e-29
1.13448399487993e-19 4.29804175932732e-52 1 4.66386976780118e-76
1 3.31408364336042e-52 1.7752265005493e-17 3.77401604280079e-36
0.999999999999991 9.95406280335385e-51 9.20421737584257e-15 1.35212679114711e-43
1.68811062599293e-14 1.90580461643064e-39 0.999999999999983 2.79440833988545e-68
3.68072540879738e-46 1 7.20384320072757e-42 3.40637750155754e-80
2.76451723173433e-53 1 2.71352915362034e-50 3.28051248647888e-85
1.57711650426421e-56 1 6.46669469624199e-52 4.82859462126452e-85
0.999999999999939 3.20502423890997e-40 6.08111129734502e-14 1.17157786279654e-45
1.33571097809484e-38 1.31926808697266e-88 3.05062744015778e-63 1
2.01266464737743e-40 1.91529344822295e-74 7.59568483821523e-60 1
2.52774892626653e-41 1.61703040088928e-84 6.1649371416648e-63 1
4.45774107466019e-12 1.3329333904978e-40 0.999999999995542 1.38737320354569e-55
2.01277016801512e-48 1 3.22819897481544e-45 7.40804654446626e-88
5.86736523413708e-13 8.08373021281628e-37 0.999999999999413 1.75276586781924e-57
1.26127191980529e-57 1 3.81259798134742e-54 6.84065428036723e-84
1.74884087405115e-35 1 1.69157104276722e-43 9.96340769532968e-62
1.61536751060747e-44 1.90757284943661e-85 1.84993890732949e-66 1
2.24794773103953e-48 1 2.21747461660798e-48 2.1415283736209e-80
1.14377648495586e-49 1 2.33412474051978e-41 1.24652910421117e-80
1.17041922636007e-49 1 1.05210127162923e-45 1.28215252221493e-80
1.44109668144192e-14 4.52515325849675e-43 0.999999999999986 9.74010616485316e-66
4.22480122334412e-44 5.76076075411717e-77 1.26668259879454e-70 1
1.92588712566322e-35 1 2.29933836204236e-39 1.31919788118189e-68
7.64411071821425e-16 2.45944373516764e-40 0.999999999999999 3.06707336134658e-62
1 1.42531092241259e-51 1.38329005524918e-17 5.6144000387904e-32
2.16530707030303e-15 7.22774591693432e-43 0.999999999999998 1.83039107827168e-65
2.2146964482754e-11 2.02379096594476e-41 0.999999999977853 9.61936881938407e-59
2.11588283233049e-56 1 1.61486122701845e-56 1.12719243958907e-86
0.999999999999986 1.22805896167879e-39 1.37122154921422e-14 1.84773744941507e-31
2.78979296093801e-47 1 1.49411714972378e-42 4.16891955463798e-86
6.3075712645039e-53 1 1.89379069503006e-48 1.35643746687428e-85
1.77912883255884e-35 7.07995547300455e-85 4.16769954482192e-58 1
3.65186474341219e-44 1 2.04340794336177e-43 4.62893781418417e-75
2.47653412882207e-18 4.34717179058557e-48 1 3.77890341844071e-62
5.0077974095816e-13 1.05487285550578e-48 0.999999999999499 1.09855140600883e-71
0.989582462449252 7.60588350841033e-38 0.0104175375507477 2.15793153544801e-43
2.09070673868474e-16 1.76460062311741e-42 1 7.66882851070282e-77
1 1.19944630573663e-36 3.72672488292389e-16 5.84163557053966e-37
5.96729002978516e-13 1.39757559464638e-32 0.999999999999403 3.4437735238601e-64
1 1.97897044590922e-51 2.23758747747846e-17 1.51004522141016e-36
1.38549441215129e-49 1 1.33196280058613e-46 1.44812226798255e-86
6.3196934150626e-17 1.13247818297408e-44 1 9.2335885066158e-59
1.3621920729118e-15 2.20944863691233e-54 0.999999999999999 1.03154572516747e-64
0.999999999999984 4.42024672652182e-50 1.62014356160582e-14 7.20603808188927e-34
4.49655878874759e-62 1 2.69645664661609e-56 5.46994587398542e-90
2.94083172846007e-39 1 1.40618857860254e-35 1.49746710326743e-71
2.38544411497915e-39 2.77446609530293e-75 3.28445341875433e-63 1
0.999999999942911 1.44693091311629e-40 5.70892523314937e-11 8.47591087106015e-34
3.11265344326305e-11 1.44115760275901e-43 0.999999999968874 2.2966567481977e-52
4.0356069726978e-45 1.3438484732001e-80 1.46305463722701e-67 1
1.13261794937157e-48 9.44592828347499e-90 7.31167750925011e-79 1
1.9756174134287e-15 4.73213587384881e-44 0.999999999999998 2.53288555057816e-57
1.49197489670353e-40 1 1.00259015729995e-42 1.09111709822975e-74
1.27263065059078e-47 1 7.2171304004485e-43 5.89973668935357e-84
1.67993143973689e-44 1 2.19625012132217e-45 7.47233784929372e-78
6.82791827739344e-15 1.08645955256752e-42 0.999999999999993 2.2901317955945e-62
3.16911193831412e-44 1.74649271917822e-82 1.39867868283532e-64 1
6.65888677283454e-19 1.92561564527737e-46 1 8.48554118513126e-64
4.12184355934379e-13 2.99484848376923e-38 0.999999999999588 1.18237552897189e-67
2.27653071972598e-53 1 1.92294207633408e-48 2.31335935566481e-90
0.999999999998194 1.8061392332678e-40 1.80598242223656e-12 9.76450656865606e-48
1 4.23711599059699e-51 2.04517495456345e-17 2.93281371240586e-40
1.2793478876118e-35 1.15766853276758e-81 1.55399579590131e-50 1
6.38027194413127e-14 1.17103076542037e-40 0.999999999999936 4.08933503339939e-66
1.391768444481e-39 1.42188972711666e-74 3.7423165690377e-63 1
8.42652092223017e-34 1.99331567218153e-66 1.55486313955616e-52 1
2.03910113666303e-47 1 5.85460765945125e-50 6.35501224976566e-85
7.05853636758848e-39 2.10764079978918e-75 2.49698326185741e-58 1
1 1.54839908157178e-46 2.3516263878972e-17 1.42539335110894e-27
5.7525039699325e-35 6.16169383004536e-74 4.66755285515417e-56 1
0.999999792858825 1.79670182815888e-41 2.07141175175142e-07 3.53868617772558e-42
0.999999999999989 1.29017607392202e-55 1.13309048531513e-14 5.1920299789997e-46
7.79367209404148e-34 1.76432872865116e-78 2.94099057391665e-54 1
3.55093315565289e-12 4.64771347976999e-39 0.999999999996449 4.31655771399324e-63
7.8029568652402e-12 2.98074394048179e-53 0.999999999992197 1.01764827831101e-66
2.66934946235818e-16 6.52699121651718e-45 1 1.82939075960884e-58
1.31940167778967e-49 1 2.83781911861832e-47 2.27584091415341e-85
1 5.04060777472009e-64 7.43009931437504e-19 4.50346502535187e-36
5.00436757452957e-17 4.13198586666007e-45 1 4.61137515928335e-70
0.999999999996633 2.95581943984935e-45 3.36704205353211e-12 3.33434269040316e-40
0.99999799396119 9.96248519632841e-46 2.00603881007802e-06 1.0418564879411e-50
3.16692792328183e-41 1 1.02845364502981e-38 1.32862027287043e-80
4.5243778224379e-17 1.70922019404519e-45 1 2.22116253998897e-69
1.66934847390079e-32 1 6.72592718053014e-36 2.94939403385227e-60
3.63532701538076e-42 1 8.90717986782573e-41 9.25112412030308e-73
5.02742427666307e-20 2.08069560016084e-50 1 7.37726446017329e-83
0.999999999997166 1.3442541205327e-51 2.83342682901668e-12 1.59902095442932e-49
1.03963626109843e-18 7.21733286237871e-46 1 2.24140872628957e-72
1.70470732058382e-44 3.50995174356198e-80 8.47441926824351e-61 1
2.97942968261354e-12 3.38115794969077e-41 0.999999999997021 6.30113165132437e-54
3.0691652805889e-41 2.60602683293358e-84 7.15312050455682e-64 1
7.45912513036587e-50 4.94947551602198e-80 3.05302576894412e-71 1
3.68505365393558e-41 8.97602339819691e-87 6.82172298402657e-61 1
5.08291186930544e-19 6.67937580383723e-50 1 6.6256198672016e-72
1.27836171170398e-36 9.88034780298348e-69 1.33587463341472e-59 1
9.8919178533151e-53 1 2.31351907634495e-53 1.86107601916363e-84
5.5259753070252e-48 1 1.49786935357785e-42 2.14666753174333e-89
9.71247158407584e-11 5.68654433775806e-36 0.999999999902875 7.32696748142843e-51
1.89425892701386e-36 1 2.51380673105145e-32 1.20882148246178e-74
1.20060422429998e-34 7.28077376793585e-76 9.67020195024904e-55 1
0.999999999999983 3.11025016235482e-50 1.71253663546319e-14 1.32324720728059e-48
1.06720480209807e-46 3.89877235112881e-92 9.48747709340621e-76 1
1 9.87940686175267e-46 1.8793382206653e-20 1.48143899256014e-45
1.78349060624451e-15 5.38700812377068e-46 0.999999999999998 3.22577374690954e-68
1.02210442025299e-38 1 1.24370707757579e-37 2.89477803275581e-69
3.47707235609352e-21 1.46610692976153e-24 1 1.87989336512871e-58
0.999999992994412 2.87179206554938e-44 7.00558828104298e-09 2.01539549617348e-49
2.6019341510584e-10 6.14886032535599e-52 0.999999999739807 2.7665447004503e-61
5.31851885568258e-38 1.0403163212297e-76 2.01838951739711e-59 1
1.89256665397567e-11 1.17093518717269e-44 0.999999999981074 7.63962823461007e-62
2.29507803721717e-15 4.56407053123762e-43 0.999999999999998 9.62118863779505e-66
1.73717070143979e-08 1.40548876668999e-52 0.999999982628293 1.44365147662616e-54
2.18016877024576e-44 3.17287466191409e-85 5.50387168971396e-72 1
1 7.35115544052499e-35 1.9894438246781e-16 5.15908608261065e-34
1.306177158789e-33 1 1.25784838256582e-31 2.38220266936773e-64
2.76586977088193e-44 1 1.90752415868557e-43 1.86538587164389e-80
1.6729625130448e-50 1 8.41087349442787e-53 8.1342840213926e-90
5.06437059229753e-28 4.84050026510294e-66 8.17324408003262e-48 1
1 1.67182750197811e-55 1.5825248515975e-21 6.86196069697379e-32
2.80307914758683e-18 5.36975245955226e-49 1 7.81899548236515e-56
2.27171342155104e-46 1 6.7286405479535e-40 3.16026734295323e-90
8.16264889950034e-44 4.73995519314621e-95 3.57734228205449e-65 1
7.4259991682545e-38 1.01957630715638e-73 6.2016608581875e-60 1
1.78788288661619e-39 6.98498359283038e-76 1.11447714370406e-62 1
4.18625363648509e-10 1.20511386243917e-45 0.999999999581375 1.88960568449602e-45
5.35475582023451e-45 4.57034856348704e-83 2.77960323546044e-62 1
0.999999999999331 2.95149307305147e-42 6.69461178988185e-13 1.06025631886385e-35
3.83318805348518e-15 5.81397504470155e-38 0.999999999999996 5.58639132642663e-71
1 1.31534297775785e-51 2.55939571161567e-16 2.62097745827408e-39
3.65647141648632e-31 2.81582160841792e-71 2.16051269028554e-54 1
5.62557434893734e-45 1 4.84545427156787e-43 4.54407096281037e-76
2.81029854905318e-11 2.19725803808056e-43 0.999999999971897 7.17888865793409e-57
1.02269620714031e-40 1 4.03266639373612e-39 1.0279749266104e-71
2.46625428127514e-31 1.82998519461686e-65 1.18066339244189e-47 1
1 6.18673047276949e-41 2.96190646066189e-20 1.37826808267599e-32
2.05447616485373e-28 1.57790163708157e-59 7.89147567637802e-45 1
0.999999718637136 2.09145204107759e-40 2.81362863542826e-07 2.05638834541851e-46
0.999999999999954 6.11207892324972e-38 4.54431914308765e-14 2.17471694484542e-43
1.21594237370334e-15 3.06639139655456e-38 0.999999999999999 1.41763423739111e-66
5.0407772806816e-44 4.65140740222675e-88 1.19602812301826e-67 1
0.999999999995179 1.06580405404846e-45 4.82065007136692e-12 1.52044643821431e-36
4.19022008736015e-20 4.91285875579822e-44 1 1.93624355032871e-64
1.06528248986164e-41 1 2.09888592994221e-37 1.72501332197976e-71
7.79833800735388e-49 2.64756161179201e-84 2.07234420157472e-68 1
6.44641084186942e-17 8.3554644690395e-48 1 5.08016035944026e-66
1.40910090477803e-39 4.06136331654429e-81 6.31136806561048e-63 1
0.99999999999999 5.12034229152406e-43 1.02311501692824e-14 3.55051984542526e-43
4.97321976807363e-37 2.71819561797387e-92 7.52902755126105e-56 1
4.90294014592289e-19 1.62279196991301e-50 1 6.01270488490613e-76
4.30582636120515e-32 2.20914289666857e-69 4.96947408939239e-52 1
3.19875011009465e-53 1 5.68285502971419e-53 8.30989626722479e-84
1 2.08480265654812e-38 5.06468118587926e-16 6.85706415283664e-48
9.39884490208894e-47 1 2.45821223447797e-38 1.12329749241192e-80
6.32831492969596e-50 2.16686750388586e-77 4.08064320850217e-71 1
1.04677406552625e-30 3.49551148408848e-69 7.48171803641005e-58 1
2.39298514900358e-36 1.34099592278299e-79 4.46217082676304e-58 1
1.65073660584732e-42 1.32750662860888e-86 1.35025725763663e-71 1
2.97118017481038e-44 3.57830033271887e-82 1.29706365051018e-69 1
1.4116028509214e-41 1 2.41424425392766e-43 4.96624829056113e-80
6.52258280503217e-14 3.89617182506085e-49 0.999999999999935 1.2943953250905e-68
0.99999999999971 1.94048052209899e-34 2.9029291885589e-13 2.67547561321524e-31
6.29896956311684e-34 7.05411136423571e-68 8.05110511708682e-57 1
3.96198226332778e-46 2.34376430264255e-84 5.66871111764334e-71 1
1 2.77941955406047e-48 7.50818687418017e-24 1.86898895560646e-44
1.52370830937274e-34 1 9.33927179638508e-30 2.50839713806285e-59
0.999999999999997 4.92379705009198e-52 3.08485720014644e-15 2.21285199451261e-48
0.99999999999987 2.29770825758004e-39 1.29603419120446e-13 3.0289895987394e-46
1.28935224880706e-40 1 3.71001697391186e-39 1.8875000481423e-71
1.63260501944357e-53 1 3.97177522224703e-50 1.38951354924212e-82
1 2.87245012027571e-44 6.41313578869821e-19 3.85458513766005e-45
1.09751782040892e-41 1 1.32923539478001e-41 4.25031904303064e-84
1.17425242887388e-13 5.44749089246159e-36 0.999999999999883 3.97441421729974e-55
3.3788189685939e-13 5.48313501189153e-43 0.999999999999662 3.60760622345773e-64
1 5.41215527188227e-41 1.04690930303204e-16 1.89864393073843e-49
3.25610931859623e-45 1 2.57020285990422e-46 6.30282912966902e-83
1.34758522219715e-51 1 1.68715477679617e-48 1.93407039029596e-87
1.50743076621033e-39 1 5.97624819833337e-40 1.70167878681969e-70
0.999999999463438 1.61522924328337e-42 5.36561866281407e-10 4.97307676536555e-45
0.999999990483911 1.78077268815214e-36 9.51608917086167e-09 1.25822379153439e-47
5.59247615982837e-38 1 5.02562334816517e-47 1.28652548486172e-69
2.8143907344655e-17 5.4372764945093e-41 1 6.22194474141673e-63
9.77930654729803e-50 1 1.19822575242658e-42 1.07108616126363e-73
2.13192977702757e-12 1.24532336853287e-55 0.999999999997868 1.42306354114401e-55
1.67210083224209e-49 1 7.67265872308331e-48 2.84759857283541e-82
9.21858112986191e-38 1.46277166024913e-75 3.51091163499807e-54 1
1.4271070019566e-14 3.27894138012542e-43 0.999999999999986 9.7453086663493e-64
6.9939973791657e-48 1 1.03278565220488e-41 1.00960288480759e-84
4.18640436347711e-13 3.81152351390689e-50 0.999999999999581 4.16544882524919e-62
3.91928610213806e-41 1 1.02184697733067e-40 3.39014370044144e-69
7.91291964042666e-38 1 2.13737529007365e-34 2.6628445124358e-76
2.27708883786188e-47 4.21840904474948e-88 9.95063748216946e-75 1
7.15415882956778e-48 1 8.46848354664837e-42 1.23209074501698e-84
1.97067633024476e-11 4.6798335231995e-39 0.999999999980293 5.28379675278233e-59
2.50408723131592e-47 1 2.39169830047845e-47 8.62099724381114e-90
7.20283421797863e-33 2.86127398462496e-59 1.6560970145654e-53 1
1 3.46109553104931e-45 5.74487004618264e-17 4.42577849836091e-33
4.19720320379983e-36 1 5.47728866766359e-33 1.18099535874879e-59
7.05364306361963e-17 5.93254996709512e-32 1 4.91806574854788e-56
1 3.10627507619551e-56 1.14776383520166e-18 6.43525562484357e-37
0.999999999999935 3.40711203484362e-47 6.47446609563261e-14 3.95790402075992e-39
5.00212642056615e-42 8.18042297024376e-82 6.22906383942209e-64 1
1.88374634198443e-44 1 1.73356012701624e-45 2.44607779118774e-81
6.02636867219052e-43 1.71103878890364e-74 3.27501222956157e-64 1
1.18032066849251e-46 1 2.53388733567579e-50 1.79777068853352e-75
4.0769569378706e-54 1 1.08655962726554e-49 3.86945787482272e-85
2.49081537563699e-40 2.78013314090612e-83 2.19191848642818e-61 1
2.25313735781149e-48 1 2.86793819704684e-49 1.10012474758324e-79
9.43311240279569e-35 7.43312083005895e-71 2.59497668461776e-54 1
2.00101080780946e-11 8.53964952222738e-45 0.99999999997999 8.15778823139583e-67
0.999999999915698 4.08547693616989e-46 8.43023082822673e-11 1.60000864738949e-48
1.8743214597367e-15 1.71309565230091e-36 0.999999999999998 4.13930134934453e-55
6.09081310169752e-40 1 6.95478310870604e-41 8.10785623456552e-85
1.92481536977518e-11 8.35800728344163e-39 0.999999999980752 2.07976764612547e-54
4.86302581527453e-40 4.26733574927508e-84 5.13133331120814e-61 1
1.87535132164267e-17 3.02653705970938e-33 1 1.30791801404567e-65
1.02998647160385e-20 3.7187940180056e-49 1 1.84330434063631e-68
1 3.79020170133342e-46 1.81685892727755e-23 5.37690295604536e-35
4.29017357481091e-47 2.88756992631896e-94 2.59609793429653e-72 1
3.46538167473437e-33 1 1.25803880490611e-31 1.58750792258826e-70
8.52639815207743e-37 3.53460961618001e-75 2.51390039695555e-56 1
1.84843374103207e-13 7.37544687079203e-48 0.999999999999815 1.54782005292402e-67
3.77895639466253e-13 1.70031856567079e-36 0.999999999999622 1.18578894592188e-54
2.0852579276611e-46 5.90258187018897e-77 9.81456032233789e-62 1
0.99999999999856 7.74297390416813e-42 1.44002729476775e-12 1.21481402736231e-41
0.999999999973528 4.47459922250798e-42 2.64719030337798e-11 2.41486531786279e-54
2.53620893184149e-27 4.04815698053159e-59 7.84370782400969e-48 1
6.93247682029086e-17 1.23039016281641e-41 1 4.49338911977813e-58
7.64387153075109e-52 1 4.45940136152284e-47 4.0713158702012e-81
1.56375715177553e-49 2.8567401416207e-84 2.4720040661531e-69 1
0.999999999999683 1.11740058193738e-42 3.17159943148552e-13 1.44126289999402e-48
5.46911302238051e-48 1 2.22434542923042e-44 7.3297188991847e-69
3.06082629277052e-19 2.82343528915193e-39 1 3.31441319398641e-66
2.05805948768206e-11 5.88108885812589e-37 0.999999999979419 1.58023004099061e-48
2.36723264715649e-52 1 7.39211220538788e-47 1.88296620891151e-78
1.34597600327739e-36 4.58189825665188e-77 4.47461721311609e-65 1
7.17594905844931e-47 3.10292745946677e-78 1.34996949981433e-68 1
1 7.02529205153074e-39 5.94338869482375e-17 1.24898174666306e-40
2.96761389455458e-36 6.55409035566079e-74 7.77082901220923e-54 1
9.43101147783423e-42 1 2.28181628308051e-37 1.78830981524796e-79
8.03807935079248e-43 3.392681946452e-91 3.28020176271666e-64 1
1.92018204467861e-54 1 3.09556184228856e-46 5.19307118435508e-90
3.97550585144849e-49 2.72942471213284e-83 7.35849091014299e-73 1
1 1.38076080129178e-55 2.06189057741341e-17 1.95231579130271e-33
3.30887289937963e-12 9.2150475796448e-50 0.999999999996691 2.38019824249669e-55
1 1.4502475095624e-46 3.11916238388896e-24 5.29299763895199e-40
6.05600080591905e-41 3.09685672720017e-84 8.77874971537825e-62 1
2.26252963375117e-44 4.7516243695627e-78 1.97374066044571e-68 1
1.12178738086751e-15 7.94405661585479e-42 0.999999999999999 1.23372844604568e-66
0.999999999999973 3.61922150127073e-40 2.6651297057718e-14 4.63796483053115e-41
4.00646297145458e-14 1.51058716229959e-45 0.99999999999996 7.41892908325811e-55
0.999999999999993 1.7663775204114e-41 6.76109929573876e-15 1.4322505374138e-44
1.74203089797021e-13 3.45390078480646e-42 0.999999999999826 4.86222289961003e-59
4.7526897308198e-43 3.18437085993062e-76 1.38418711307808e-64 1
6.37723978408914e-44 5.1412105602715e-85 1.71767320752543e-64 1
0.99999993958482 2.72141041641098e-53 6.04151799152948e-08 2.92098467373589e-36
2.12545084601807e-46 1 1.28720133798803e-46 4.3055983874785e-85
3.54074617454672e-38 1 6.91509479869669e-43 5.16234959883524e-85
5.07949641245002e-43 1 3.43252771126618e-44 3.32023135671911e-79
9.81212634437751e-21 2.20771069318486e-53 1 2.42592751201508e-81
2.06869133648602e-40 1 5.65132647842677e-39 6.81079747099437e-72
1 1.94760713073313e-38 3.49790421699677e-16 4.0278121348401e-40
7.85682089308987e-47 1.16153556997506e-92 2.36993734275972e-68 1
0.999999976952588 4.3863710752145e-41 2.30474124399502e-08 2.13697573863218e-24
0.999999999940527 1.56312030242661e-55 5.9473259950363e-11 4.90699495512386e-41
1.49693714232064e-19 7.78649144325201e-40 1 3.13566349771529e-66
2.93892684290627e-45 1 2.90458486569966e-40 3.32897800451889e-81
7.09742643249513e-14 1.48882417086658e-50 0.999999999999929 7.93234028407832e-64
4.45181075686129e-41 3.63650978664408e-73 1.46674590414972e-65 1
1.1451653908082e-14 1.78779739875131e-38 0.999999999999988 2.19130717617911e-59
1.01507038885071e-40 1 1.39140114962876e-33 2.01678746395248e-77
4.68123959239464e-47 1 6.93277409848423e-45 1.42624128041499e-80
4.72335188691184e-10 8.86851248114669e-42 0.999999999527665 3.08383048365081e-60
6.82979595121173e-46 1.03715466581191e-88 3.35018850177783e-70 1
4.0684741256841e-13 3.59257021703362e-51 0.999999999999593 7.21343087783263e-68
0.999999999881248 3.32864250757722e-41 1.18751784321993e-10 1.14173871068448e-33
4.70822265837947e-50 1 3.28851413925638e-51 7.02060525780657e-77
6.56526058505609e-51 1 1.96831123677987e-47 1.25304977900304e-96
6.30418520732526e-16 1.27703027332116e-44 0.999999999999999 9.40120577653038e-68
2.05455473413004e-46 1.87462835444381e-83 3.8558706107977e-72 1
4.39251875430467e-16 4.77907655858092e-38 1 1.35029996565894e-53
0.99999999997454 2.24849183927409e-47 2.54600900252538e-11 8.90961250270744e-38
