1 8.28042218133645e-38 4.47648738000921e-42 4.84644499737571e-58
1.72668080351983e-59 8.74989829828462e-40 2.86075229782329e-35 1
2.86941881657329e-63 2.70513186838678e-38 1.07166078113507e-37 1
5.32791958417621e-44 1.89997730980636e-13 0.99999999999981 4.51582849521798e-45
3.4750301502659e-27 0.999999999999339 6.60544716418451e-13 5.93339439600088e-45
3.71438064085898e-40 9.38997821514134e-09 0.999999990610022 3.50512349570924e-35
1.43201898531365e-40 0.999999812441395 1.8755860487088e-07 3.00569480445464e-34
3.12560908925021e-59 1.58141283727051e-38 3.16028383598622e-37 1
4.7635022874452e-63 6.56763200911566e-38 1.2093327947589e-36 1
1 7.70490998147712e-35 5.4968250253823e-43 6.39554603367762e-63
3.96036855148498e-40 2.97963215832312e-09 0.999999997020368 1.15410694041426e-39
5.40993467546906e-48 1.18145535481387e-08 0.999999988185446 8.14355969358728e-37
6.25589872901121e-54 1.45002276705926e-09 0.999999998549977 3.72783320397969e-52
9.86078794379169e-53 5.50596245806836e-17 1 3.8222799214034e-39
1 7.71747788705186e-31 1.69735286362896e-37 1.73737553146152e-68
6.01631749432941e-46 7.03944904087458e-14 0.99999999999993 1.37718406036996e-38
1 1.52569018258185e-39 1.13231982931791e-44 4.94147350635057e-60
2.11314340272072e-48 7.95466748600349e-09 0.999999992045333 1.72688836756668e-41
1 2.55617282744747e-26 4.69280580419149e-37 1.69489072750148e-53
1.16177565179222e-48 2.44676367869495e-12 0.999999999997553 3.56341919408817e-45
3.34553186169219e-41 1.50275050185418e-09 0.999999998497249 3.35072388387541e-35
1 6.46988599729327e-35 4.14400338177929e-42 5.84083763426563e-60
1 2.27357914182747e-29 2.24454159454064e-39 1.07545157427148e-51
4.02839695955965e-60 1.77727578405967e-15 0.999999999999998 1.15863020543003e-49
2.41039595759162e-32 0.999301256605833 0.000698743394166959 6.94392553721113e-34
1.11995692542241e-47 4.77343419261929e-14 0.999999999999952 5.03188146359744e-47
1 1.43398652916792e-35 2.16376075478491e-49 7.19812633212068e-58
4.25370698481268e-45 0.999999999622137 3.77863267335906e-10 1.85085266295587e-33
2.91172839245541e-50 8.80766657530266e-11 0.999999999911923 4.12818032203189e-46
3.61834967441342e-48 2.06691411770693e-09 0.999999997933086 7.66769371197168e-42
1.82150587144907e-51 3.00065169363979e-12 0.999999999996999 5.34275529322929e-43
5.20501953001175e-48 4.05080994321628e-10 0.999999999594919 1.26864331913562e-41
9.42733425322353e-65 3.82258012607773e-46 1.56267869852552e-45 1
2.51314633267031e-48 9.58761474728793e-30 4.95160697822449e-31 1
2.1438567084051e-35 0.999999999998209 1.79121783392286e-12 3.98903921560911e-44
1 2.34436515000139e-43 1.1830447905202e-58 2.23514818676394e-69
1 3.53392286478405e-35 1.67364192304547e-47 2.841931838117e-60
1.46018043285981e-34 0.999999999999998 2.07903854151302e-15 8.09183097587523e-34
3.6649590803144e-35 0.999995960931603 4.03906839650342e-06 2.28450342376719e-41
8.66967705437406e-68 2.5893726778831e-47 1.89917823690592e-45 1
1.91272961987336e-46 3.47013796772827e-13 0.999999999999653 1.02276788161043e-32
3.17785312531686e-67 1.20105127223129e-15 0.999999999999999 9.05892220628115e-41
1.65483306039614e-53 2.46926279419514e-43 6.57372521076468e-40 1
4.48216444063716e-57 9.07494379628206e-30 3.89135948650546e-28 1
1 1.09230387495044e-36 4.31948778998886e-47 2.43357490959666e-68
1.00899875919085e-69 1.44918855140779e-44 1.19019516317264e-43 1
3.67659092328235e-44 0.999999988068334 1.19316658267764e-08 2.31932094765442e-48
4.45081337797793e-39 0.999999999997269 2.73125293249387e-12 8.24531418055996e-38
1 2.29553521173305e-47 1.98595265487063e-58 2.79210143298628e-70
1 1.29950663905343e-36 4.66509119091648e-46 4.77913989939161e-61
4.29287276819381e-61 1.33686337488359e-14 0.999999999999987 8.39559543124341e-49
8.76626642087074e-52 9.35148837048808e-13 0.999999999999065 2.83318100571901e-44
1.50952176347789e-44 5.93532051378798e-08 0.999999940646795 6.93008056877956e-38
2.05240186247412e-50 7.33382491754625e-12 0.999999999992666 4.83887091891052e-44
1 3.70520339683111e-38 5.9209511206737e-50 6.94081094486246e-62
1 2.30574015249109e-34 1.82195473138593e-43 8.32603918701384e-62
1.11824387104708e-68 5.58386872996107e-49 3.4770482958878e-52 1
8.66932163705187e-53 1.0263049551208e-08 0.99999998973695 2.46140946555576e-44
3.17103027162374e-40 2.33774475304156e-06 0.999997662255247 1.27093094203763e-37
1.59911413078676e-72 1.16075519438306e-41 7.43780408689293e-42 1
4.09049782735817e-52 9.69152338358977e-11 0.999999999903085 1.64363460743901e-37
1.23359284375353e-56 6.39342563407035e-44 5.27802841681966e-41 1
4.85555937765044e-44 0.999998209505673 1.79049432731603e-06 6.70965514006465e-41
2.60269928945174e-40 0.999999999980718 1.92820485838277e-11 4.44584607152176e-53
2.22578155021281e-53 1.58170685263105e-35 6.11844559052095e-33 1
2.94583081939644e-38 1.74831368526976e-12 0.999999999998252 2.22653566088918e-35
1.34416607474159e-42 0.999999999999993 7.03554696815902e-15 4.0626699322775e-40
1.63680497700673e-40 2.9393087151218e-08 0.999999970606913 1.04903767239818e-35
4.16235815021848e-39 1 1.22481316292321e-17 6.4204515411111e-38
1 3.58066353247224e-38 3.63328723985739e-55 3.93683226709824e-70
1 1.49464387178507e-44 7.22340001052749e-57 1.25401881051351e-65
1 9.69274579670868e-38 1.78174308273685e-51 6.32842136261967e-70
1 2.34695137917327e-39 3.62633295918922e-50 3.99384874759422e-76
2.8362827201849e-75 2.22249785588978e-43 1.21273726810426e-43 1
2.50354733389857e-38 0.999999999998011 1.98902708022141e-12 5.90846297702414e-47
5.73374045212897e-68 7.13812179566281e-42 2.67423277876734e-41 1
3.68810050920477e-41 0.999899115601039 0.000100884398961252 1.34054067795962e-36
5.32242143986739e-43 0.99999999608517 3.91483040735128e-09 1.17280092406991e-40
1 4.71030956327151e-33 2.06226967251654e-38 1.01128251233262e-66
2.91954227528233e-68 8.08452860300204e-47 4.69958814816903e-49 1
4.83968422422148e-34 0.999999999999929 7.15490886268226e-14 3.35026678332107e-36
1.40291336259019e-49 1.28119300881986e-08 0.99999998718807 1.78513643466145e-47
9.24836295366745e-54 1.11316631147742e-11 0.999999999988868 3.38071277135609e-38
2.25261137661879e-51 7.72366623137345e-07 0.999999227633377 2.70980892440912e-45
1.39182701675543e-67 1.80875044971097e-42 7.21562067595164e-48 1
1.28867836617356e-55 7.34744737307437e-13 0.999999999999265 1.41356095021805e-41
1.22945416099884e-50 5.96922948923556e-09 0.99999999403077 4.91771322756674e-36
1.92416596020817e-49 2.81892942449527e-09 0.99999999718107 7.86962253057861e-47
3.94829086945074e-54 9.81653184778727e-34 2.57909492559187e-39 1
5.42265616832438e-35 0.999999999904199 9.58006408947840e-11 1.05071263303326e-41
1.17463909991709e-54 3.27545779502527e-11 0.999999999967245 7.80796350083754e-46
9.40848531083991e-66 2.62719492902442e-33 1.77863849993725e-36 1
8.16505399975865e-45 1.49829469050586e-14 0.999999999999985 2.60552748750337e-40
1.52808266826443e-61 2.1450096094385e-29 1.93135317888625e-32 1
6.3168413618728e-42 0.999999999998402 1.59793881195645e-12 1.64691793366561e-48
1 2.02182222983445e-41 1.96891707102818e-51 1.16122599102231e-68
1 9.96381239435645e-39 9.82754231078808e-48 1.12595412556111e-64
9.38056365376553e-43 1.03053095996191e-11 0.999999999989695 6.47742433401669e-42
5.85915402779926e-43 1.24522725115573e-08 0.999999987547727 2.78665522861674e-42
4.02911951695841e-48 6.0475867382323e-14 0.99999999999994 1.21021749843858e-38
1 7.5867210107969e-28 6.35022168066445e-45 1.25948219986116e-54
1 4.44583954603508e-29 2.89555694780313e-43 8.40229752268842e-58
1 1.95611643699748e-41 6.59947837775731e-55 3.35377208571852e-69
8.93594322806148e-37 0.80329956427073 0.19670043572927 6.10467653052179e-35
1.8960844040813e-30 0.999999999967873 3.21268693462268e-11 1.01579691076879e-43
9.71768590781934e-56 1.57982929986411e-14 0.999999999999984 3.66483588230764e-45
1 7.25539220863946e-34 9.06731701736541e-43 2.10016523320133e-58
1 3.10273892820569e-29 3.99599138918674e-39 1.04814832490021e-55
3.30196749493082e-43 0.999998523719483 1.47628051677551e-06 4.79884951913057e-42
9.82360930446456e-33 0.999999878703215 1.21296784967607e-07 4.85400233169632e-36
1 1.78861298933484e-41 4.15876170831596e-55 7.00695332498753e-65
1 3.55218732189406e-40 6.39048472205966e-51 1.31403439354395e-67
2.45769663162622e-67 5.06198097642528e-42 1.05039982065654e-42 1
1.34300457741161e-48 4.65176638221101e-10 0.999999999534823 6.14510012318622e-40
1 1.09733517017813e-22 5.52061845649083e-32 2.44060994208573e-40
7.31234686656738e-42 5.87440269545362e-10 0.99999999941256 3.44169311029556e-37
2.84316232003994e-66 6.326225163582e-36 1.90178487499781e-37 1
1 1.06964053906731e-43 1.67772906883273e-58 2.29562422690886e-78
2.57018114614882e-45 6.21963594095935e-13 0.999999999999378 1.82559834706914e-45
1.24974970622359e-27 0.999999991615602 8.38439816306608e-09 4.51805219813799e-29
3.30264962767564e-56 5.98561415533672e-36 2.0972258058534e-40 1
1.11016225985011e-68 7.56072448900228e-54 4.36546471807574e-52 1
1 1.45778717125003e-42 5.64696913906462e-53 7.66953734655673e-75
2.58000604834016e-36 0.999999999995845 4.15512378398924e-12 1.56055206483534e-32
3.54180042174977e-65 9.42393120274091e-40 2.89612898357631e-38 1
1.69041287652163e-67 1.03179528357469e-43 5.41480439651388e-43 1
9.29980070687031e-55 4.70651954800588e-32 4.73579324445357e-37 1
6.71983430195325e-43 1 1.12695244760429e-17 1.66177290433521e-40
1 5.08397796210811e-36 2.3644898098089e-45 2.61733967340291e-60
1.67055643723488e-68 6.786017935575e-39 4.75304063597792e-36 1
5.87779270717478e-64 1.72478223319852e-38 3.36274324448417e-44 1
7.14827002179122e-55 9.14831939450247e-36 2.76801313006456e-36 1
2.33822176188572e-52 9.33721126839489e-11 0.999999999906628 1.07971036928269e-28
1.61316004585471e-32 0.999999999996449 3.55095881793629e-12 3.25178693181661e-33
1 1.28500917515107e-35 3.73280519517922e-47 4.96496913936559e-60
1 1.38394882774625e-40 1.64419869742269e-55 1.08877791980082e-62
1 1.0944214671252e-32 2.07814385515623e-42 2.99540497348186e-55
7.32560278872063e-27 0.999999998869797 1.13020339941282e-09 8.09895075157592e-38
4.47046974378153e-28 0.999999999999456 5.43477261269523e-13 8.8113634215674e-45
3.59253018306839e-42 0.99999999992279 7.72105607589425e-11 1.78597587887953e-35
1 8.23835187999303e-31 2.0193099047583e-41 8.4797127579332e-48
5.88001786003214e-37 3.20007828247174e-11 0.999999999967999 8.13005183059481e-28
1.06776259877127e-60 1.12451811123661e-37 2.06672392342421e-42 1
2.2283687090394e-53 3.08119297354734e-13 0.999999999999692 2.76188583841699e-40
1.37244848998744e-58 7.20112598931123e-38 7.78642339093029e-37 1
1 1.21960914734394e-38 2.54462631209671e-53 7.6707695966072e-66
8.30304932689742e-30 0.999999999999183 8.16791998266379e-13 9.21302224496642e-51
1.91462460979803e-38 1.928262726508e-15 0.999999999999998 3.66395497641747e-23
1.38742935747812e-46 0.999999998040852 1.9591484939443e-09 1.90863220677482e-44
4.25813604427785e-57 1.0547955624359e-40 9.0649701207207e-47 1
1 7.21103664501319e-31 5.0686705084808e-42 4.02186667207688e-63
1 1.62916362179212e-35 5.86482060955567e-44 9.54782468262671e-64
7.25345688618647e-59 2.70380083581266e-40 2.37423292530855e-42 1
5.28506061970666e-37 4.99722556867245e-08 0.999999950027744 3.1159821789839e-35
4.57108779847889e-44 4.32442058141284e-14 0.999999999999957 8.32654659268685e-35
1 7.56349966660529e-28 2.15602704117074e-36 1.82108509438429e-40
3.70509805626686e-43 1.43370440480226e-10 0.99999999985663 9.62326192245969e-42
7.83325246966303e-31 0.999999999849967 1.50033278990127e-10 4.00866604759186e-41
1.97457225707438e-67 1.37334795996523e-41 1.83430328226437e-42 1
8.31243276394227e-57 1.29628267416332e-14 0.999999999999987 2.02218888382699e-41
8.36512849192818e-51 1.42871315037767e-42 2.04478279471307e-41 1
4.73177562003668e-55 5.09636353577326e-35 1.50192615868024e-33 1
1 8.85293768381076e-40 7.61003213650599e-51 1.09333427882593e-59
1 1.32853526082852e-40 2.62817757861441e-52 2.10494658740598e-61
3.11903056703653e-47 1.76498641779356e-14 0.999999999999982 2.91118663768306e-39
7.93374824949084e-65 1.03165175104999e-47 1.41717706105586e-45 1
3.98513842512633e-32 0.999891139246959 0.000108860753041426 1.21650794486393e-46
6.90090363147343e-68 2.70698119022788e-54 4.63925167885266e-53 1
1.38565159538021e-70 1.47866243171104e-44 8.75498087936068e-39 1
4.64366069575173e-46 6.56690315328062e-09 0.999999993433097 1.12134153072446e-47
1.00055308584433e-24 0.99999999999541 4.58966014595878e-12 2.95595498915681e-41
2.7870278172147e-46 2.25770162435869e-10 0.99999999977423 9.20557294381261e-39
6.80448819119607e-62 3.97848326182867e-43 1.18161719565298e-46 1
1.1690624498542e-39 8.63379325498211e-09 0.999999991366207 5.44740798049488e-40
3.22888584709659e-44 4.31217364153951e-11 0.999999999956878 1.69663200880668e-45
3.46131185483389e-64 2.81545690964966e-40 4.09045298922403e-37 1
1 2.54358625183237e-42 2.20732689004076e-46 7.29507526263911e-60
1.45667697763741e-54 2.83228684630646e-35 3.79812602916178e-36 1
1.39256115127519e-24 1 3.09246846029514e-17 3.99938269124456e-37
1.57091713323596e-48 6.3094421170855e-13 0.999999999999369 4.46685538925422e-30
1 1.35379613515526e-28 6.3263130998852e-38 9.29492286388833e-50
2.74185972942317e-44 0.99999999999997 3.04074819409298e-14 5.32456156539946e-36
4.50371623055541e-45 6.19769110988717e-14 0.999999999999938 3.76178491395311e-46
1 4.77805961962358e-40 8.16184024938689e-52 5.08736747312279e-76
3.49358342837654e-62 6.64362810659013e-42 1.60002344133334e-40 1
1.27746488145342e-32 0.999999999999974 2.58722072818938e-14 1.03849132975641e-44
1 1.29225182811517e-38 2.38350769342594e-48 3.91170407914827e-75
1 3.46602908190617e-36 3.90407641645226e-49 6.38232933415446e-60
5.41166747871297e-37 0.99997549451986 2.45054801401051e-05 1.2403473427395e-36
1.01842420789816e-67 5.81562795426356e-33 1.27946389098099e-39 1
2.55895697380801e-72 3.20467493663577e-48 2.39192354131309e-46 1
2.41490562745797e-60 1.93178406892609e-40 5.17954638416076e-40 1
1.41141750833825e-33 1.88738798736318e-07 0.999999811261201 1.72383146368374e-31
6.4413641603797e-33 0.999999999999889 1.1048016690873e-13 9.13372274560888e-44
2.52248346393883e-46 1.19172706637329e-11 0.999999999988083 5.87903839211951e-36
1 4.39370389015045e-45 3.42131608447084e-55 1.79525837482803e-57
1.03352238736695e-69 1.45479171929908e-49 1.64162529928225e-48 1
6.68802675063989e-53 1.01304217695838e-12 0.999999999998987 2.71206390552606e-39
1.39626791012719e-56 1.53355010220252e-36 7.1100565186883e-37 1
1 8.93082246623504e-47 7.65612409872994e-58 1.23793216025437e-64
6.83163519813173e-41 5.5527162268004e-09 0.999999994447284 9.43575436449776e-47
9.22775156821203e-60 6.53232423923539e-33 8.31475334062164e-31 1
2.66584830428843e-65 1.18770758180747e-39 4.50460339335971e-48 1
2.06650635759011e-31 1 5.35133994855407e-17 2.18029700500191e-51
2.51896928640506e-34 0.9999999999998 1.9966063434602e-13 6.27996934313637e-55
1.79484536002991e-59 2.94246494201655e-45 5.2980721446576e-46 1
9.54349821030822e-63 5.51928888987001e-41 4.78551843432292e-41 1
8.94530949015747e-38 2.71529136654196e-13 0.999999999999728 9.68862379097149e-47
7.48102302216636e-59 6.66338850103172e-44 3.91648561731257e-46 1
1 3.29447540010884e-33 8.76073567658432e-42 6.48535161316104e-59
1 5.60747289863437e-34 8.74578868813265e-46 6.44666245642967e-66
3.17192613737398e-53 7.62499454703677e-39 3.56833170183768e-36 1
6.01864797540127e-40 0.999999999998797 1.20273715858347e-12 3.57729333462738e-35
1 2.35014760256885e-36 7.62907434751618e-48 1.04031462256953e-64
1 2.02096031720968e-35 5.83205126551853e-45 2.59664747979678e-59
1.89008278272484e-66 2.36882190260456e-45 7.29246422413724e-45 1
6.49726588590039e-48 0.999999999342056 6.5794405891442e-10 2.3037404434587e-38
1 1.28172736355331e-42 4.51895145839789e-54 7.2868553967647e-59
2.87694105196141e-66 9.58298129845029e-40 2.92704653138633e-41 1
1 5.06414732358822e-31 7.34324684021577e-43 3.33391919072929e-65
1.79683308753791e-36 0.999999999997219 2.78122647277564e-12 2.34770929699512e-43
2.83879252511619e-51 2.28864139323381e-11 0.999999999977114 2.91592190877084e-48
3.98874929181191e-41 0.999999999999994 6.07921775978888e-15 9.25696996779572e-40
6.77401582152194e-63 2.67265937312433e-36 7.41587136310756e-37 1
1 1.77069466043686e-41 3.05541380971302e-59 2.11673110135771e-70
1 9.00954499791869e-36 6.52279575597012e-44 2.82694102429455e-55
4.37477061122398e-30 0.999999999994689 5.31094914805167e-12 4.14278252756319e-31
1.66857128937532e-36 0.99999999957709 4.22910123779771e-10 4.0513554236235e-37
8.60889666120907e-53 5.09640686867131e-13 0.99999999999949 2.58882774554576e-49
2.59497638615162e-47 1.89229654552078e-11 0.999999999981077 2.62484658889126e-40
2.60870558589218e-38 0.999999999997248 2.75151305383362e-12 4.47463898858152e-37
2.79543213816159e-63 3.57396109878728e-39 7.67353604146705e-43 1
3.44376883181354e-42 0.999999999747445 2.52554604156348e-10 1.75102698049169e-33
1 4.0400209172327e-41 7.86096815348581e-57 3.53287600451527e-66
1 9.18093482583153e-31 7.61180771314356e-39 2.14034644315705e-51
1 2.46052287152299e-36 2.67434085762108e-46 1.10314251008737e-61
1.18751748463312e-54 5.09152982946761e-31 1.14680175871688e-32 1
4.34144456337318e-63 1.31506303262389e-45 8.50111762329157e-44 1
1.15499778182997e-38 0.999996594106211 3.4058937888304e-06 1.41375420767848e-47
8.60326567519961e-41 0.999999473940665 5.26059335424487e-07 1.14250496077761e-35
1 1.72427740712397e-40 3.2303537431175e-54 2.0956308507005e-65
2.81518668700683e-55 1.17669558451181e-35 1.34294133111344e-37 1
9.99831849335885e-42 0.999999999977815 2.21853110204416e-11 9.371902344842e-41
1.19775272211052e-45 1.96235054370553e-14 0.99999999999998 1.12640036644496e-38
2.41805260167835e-23 0.972573292213891 0.0274267077861086 2.70456362049563e-32
1.34501091051964e-53 8.81248082659896e-32 2.36929597364517e-29 1
1.82790336063216e-65 6.087081980437e-40 3.79203286876334e-40 1
1.89765097389292e-32 0.999999999999736 2.63983104197957e-13 5.36273436267894e-46
4.23299665664458e-45 3.63545867553382e-28 3.91202721476029e-32 1
8.33771950705548e-28 0.999999998934224 1.06577578672379e-09 7.25447298590781e-35
7.57752659853907e-65 2.90665704024923e-42 3.2281504677638e-41 1
1.22146179528048e-45 1.37676033099713e-06 0.999998623239669 3.41955163082342e-38
1.47310666582711e-62 5.85350367629048e-14 0.999999999999941 7.04562471284225e-47
1 5.30023767025626e-31 5.87427149532477e-42 2.66597252948632e-63
1 3.9578500546253e-33 1.74114239512453e-51 9.16584957915888e-60
6.19346708978933e-71 8.75631473359354e-41 9.08839799740031e-43 1
1 6.40720121617241e-42 4.54655309399147e-57 1.10906743588916e-62
1 3.94734194834487e-34 1.13732361355794e-44 4.38146775823905e-59
9.057527376755e-34 1 1.3570505550788e-16 3.54398229974714e-39
1 3.36296912260157e-34 1.17263521345464e-44 6.98015792395419e-51
1.63699999889206e-31 5.84047909498216e-07 0.99999941595209 2.53542742218296e-42
3.22259487667898e-49 6.21898737319781e-11 0.99999999993781 6.4272248704658e-39
1 2.91911581008999e-30 1.04498270136359e-38 9.39256773581698e-59
2.9669867158858e-35 0.999999999999984 1.58799740564287e-14 2.08890982334291e-47
2.03186762765468e-60 8.49494419218096e-42 1.59378173823646e-45 1
1 6.97163339940559e-45 6.88874251496137e-54 2.8608079943261e-67
1 1.27975528435774e-31 1.85986139043198e-41 7.50384703110738e-56
1 1.04362546425912e-37 2.09357682071611e-46 1.40227876631531e-55
3.69518371699248e-65 5.51334870743829e-48 3.81262453526327e-51 1
3.5369792952825e-42 1.23469567151441e-31 2.14595171974305e-32 1
3.2621773894841e-32 0.999999999998551 1.44898538499492e-12 5.14338692235018e-33
2.78732747484789e-49 2.59414514601502e-11 0.999999999974059 8.04928738179636e-37
3.03641814004021e-52 2.86542855633214e-09 0.999999997134571 3.18092642302187e-49
6.86078092573161e-39 1.33413451758069e-09 0.999999998665865 1.7097598909676e-35
6.94103545219803e-69 1.84669748355395e-41 5.04372206933923e-43 1
5.19398560946234e-42 4.01968710072363e-10 0.999999999598031 1.28396511750155e-35
6.77694680842264e-48 1.20463999750115e-11 0.999999999987954 1.47257387613552e-38
2.23418663458974e-63 1.2290926387427e-43 3.81978965630362e-45 1
2.11105170215358e-65 2.88533436098312e-48 1.10062710480705e-50 1
1 5.29994229893866e-31 2.74297777387794e-44 3.3846314762471e-52
8.24312841846996e-51 3.35315942085217e-12 0.999999999996647 7.99674394684272e-41
9.86822907433763e-43 5.0493545170071e-10 0.999999999495065 2.23612347604251e-53
1 4.57473020768753e-36 1.33897096345721e-43 5.30918343535054e-68
1 6.61023006627848e-31 1.8188640768034e-39 3.09518986560164e-54
3.63737734462585e-57 8.14032780553179e-12 0.99999999999186 1.33626925737032e-35
1.01422824663687e-36 0.999999956067983 4.39320168578347e-08 4.3411553736951e-39
1.33393134686545e-50 5.60912925115395e-32 3.12419852600547e-31 1
9.60857913325621e-66 7.14510181854342e-43 1.10247722061534e-41 1
1.56780683954774e-60 2.24255574216296e-39 2.08790368085472e-42 1
8.39000739544589e-47 6.05539010384038e-32 1.31942142857833e-27 1
5.82857814889399e-71 1.47993435183897e-44 7.45493711861477e-50 1
3.19172086575916e-43 4.81620538092571e-05 0.999951837946191 1.90454676773318e-47
2.64469002913649e-67 4.04780443169856e-46 1.02968949075842e-41 1
1 1.77612845047691e-40 3.13040277840134e-50 9.11454856584796e-68
6.90983740580708e-40 2.40335939764749e-10 0.999999999759664 1.2324927586761e-39
3.74124527392557e-51 2.21264942414416e-33 1.51460753350593e-34 1
3.07970962506276e-67 4.88918325081924e-52 5.31128562223447e-52 1
3.23149548722425e-43 1.76413274964901e-07 0.999999823586725 4.81939100773215e-37
4.03397632308619e-39 0.99999999991213 8.78697766668914e-11 7.8818087765573e-33
1.53779775846244e-47 1.90197414568345e-14 0.999999999999981 1.42298641408079e-41
