4.02911951695972e-48 1.21021749843861e-38 0.99999999999994 6.04758673823268e-14
1 9.54782468262589e-64 5.86482060955708e-44 1.6291636217921e-35
8.36512849192604e-51 1 2.04478279471289e-41 1.42871315037761e-42
6.49726588590048e-48 2.30374044345866e-38 6.57944058914403e-10 0.999999999342056
3.3019674949312e-43 4.79884951913077e-42 1.47628051677552e-06 0.999998523719483
1.00899875919088e-69 1 1.19019516317273e-43 1.4491885514081e-44
3.59253018306844e-42 1.78597587887951e-35 7.72105607589455e-11 0.99999999992279
1 6.32842136261823e-70 1.78174308273739e-51 9.69274579670868e-38
5.40993467547044e-48 8.14355969358786e-37 0.999999988185446 1.18145535481395e-08
2.64469002913619e-67 1 1.02968949075841e-41 4.04780443169908e-46
1 3.33391919072891e-65 7.34324684021702e-43 5.06414732358793e-31
1.24974970622356e-27 4.51805219813812e-29 8.38439816306661e-09 0.999999991615602
6.77401582151905e-63 1 7.41587136310629e-37 2.67265937312392e-36
5.85915402780085e-43 2.7866552286167e-42 0.999999987547727 1.24522725115579e-08
1 9.16584957915966e-60 1.7411423951252e-51 3.95785005462581e-33
7.25345688618585e-59 1 2.37423292530848e-42 2.70380083581285e-40
6.3168413618728e-42 1.64691793366568e-48 1.59793881195657e-12 0.999999999998402
6.71983430195239e-43 1.66177290433556e-40 1.12695244760444e-17 1
1 8.40229752268674e-58 2.89555694780387e-43 4.44583954603533e-29
1 1.6948907275012e-53 4.69280580419255e-37 2.55617282744771e-26
3.74124527392531e-51 1 1.51460753350599e-34 2.21264942414442e-33
3.94829086945024e-54 1 2.57909492559187e-39 9.81653184778824e-34
4.76350228744399e-63 1 1.20933279475871e-36 6.5676320091151e-38
3.07970962506276e-67 1 5.31128562223485e-52 4.88918325082042e-52
8.66967705437554e-68 1 1.89917823690613e-45 2.58937267788395e-47
1 6.39554603367744e-63 5.49682502538402e-43 7.70490998147712e-35
6.83163519813387e-41 9.4357543644979e-47 0.999999994447284 5.55271622680086e-09
1.52808266826438e-61 1 1.93135317888622e-32 2.14500960943868e-29
2.59497638615233e-47 2.62484658889138e-40 0.999999999981077 1.89229654552084e-11
3.63737734462709e-57 1.33626925737034e-35 0.99999999999186 8.14032780553292e-12
1 1.79525837482787e-57 3.42131608447196e-55 4.39370389015101e-45
1 7.50384703110599e-56 1.85986139043251e-41 1.27975528435785e-31
1 5.30918343534963e-68 1.33897096345758e-43 4.57473020768753e-36
1.40291336259071e-49 1.78513643466145e-47 0.99999998718807 1.28119300881999e-08
2.22578155021291e-53 1 6.11844559052095e-33 1.58170685263129e-35
2.58000604833994e-36 1.56055206483556e-32 4.15512378398935e-12 0.999999999995845
1 2.10016523320103e-58 9.06731701736786e-43 7.25539220863956e-34
9.22775156821151e-60 1 8.31475334062128e-31 6.53232423923585e-33
2.86941881657247e-63 1 1.07166078113493e-37 2.70513186838655e-38
1 2.44060994208587e-40 5.52061845649287e-32 1.09733517017825e-22
8.66932163705409e-53 2.46140946555548e-44 0.99999998973695 1.0263049551209e-08
1 2.09563085070044e-65 3.23035374311874e-54 1.72427740712412e-40
1 6.48535161316012e-59 8.76073567658545e-42 3.29447540010865e-33
6.90090363147383e-68 1 4.63925167885319e-53 2.70698119022862e-54
1 8.32603918701077e-62 1.82195473138624e-43 2.30574015249109e-34
9.4084853108391e-66 1 1.77863849993725e-36 2.62719492902476e-33
8.60889666121152e-53 2.58882774554565e-49 0.99999999999949 5.09640686867169e-13
1 3.38463147624681e-52 2.74297777387895e-44 5.29994229893927e-31
1 3.93683226709768e-70 3.63328723985863e-55 3.5806635324725e-38
2.91954227528133e-68 1 4.69958814816836e-49 8.08452860300135e-47
1 2.84193183811683e-60 1.673641923046e-47 3.53392286478415e-35
4.09049782735899e-52 1.64363460743912e-37 0.999999999903085 9.69152338359026e-11
1.17463909991737e-54 7.80796350083821e-46 0.999999999967245 3.27545779502531e-11
2.87694105196027e-66 1 2.92704653138541e-41 9.58298129844839e-40
2.81518668700619e-55 1 1.34294133111337e-37 1.17669558451181e-35
1 1.31403439354372e-67 6.39048472206147e-51 3.55218732189431e-40
1 2.82694102429423e-55 6.5227957559717e-44 9.00954499791908e-36
2.41805260167866e-23 2.70456362049543e-32 0.0274267077861081 0.972573292213892
1.5377977584629e-47 1.42298641408085e-41 0.999999999999981 1.90197414568353e-14
3.17192613737407e-53 1 3.56833170183784e-36 7.62499454703818e-39
2.51314633267038e-48 1 4.9516069782247e-31 9.5876147472893e-30
1.28867836617387e-55 1.41356095021795e-41 0.999999999999265 7.34744737307473e-13
3.69518371699153e-65 1 3.81262453526289e-51 5.51334870743837e-48
1 1.08877791980058e-62 1.64419869742318e-55 1.38394882774632e-40
1.2774648814534e-32 1.0384913297565e-44 2.58722072818956e-14 0.999999999999974
2.66584830428783e-65 1 4.50460339335958e-48 1.18770758180754e-39
1 2.79210143298501e-70 1.98595265487086e-58 2.29553521173299e-47
1 1.04031462256914e-64 7.62907434751716e-48 2.35014760256868e-36
4.73177562003493e-55 1 1.50192615867983e-33 5.09636353577203e-35
7.93374824948993e-65 1 1.41717706105568e-45 1.03165175105001e-47
3.44376883181329e-42 1.75102698049186e-33 2.52554604156368e-10 0.999999999747445
1 4.96496913936629e-60 3.73280519518066e-47 1.2850091751512e-35
2.60269928945185e-40 4.4458460715222e-53 1.92820485838293e-11 0.999999999980718
3.17103027162437e-40 1.27093094203765e-37 0.999997662255247 2.33774475304171e-06
2.52248346393951e-46 5.87903839211951e-36 0.999999999988083 1.19172706637333e-11
6.94103545219705e-69 1 5.0437220693388e-43 1.846697483554e-41
9.54349821030659e-63 1 4.78551843432271e-41 5.51928888987025e-41
2.83879252511679e-51 2.91592190877092e-48 0.999999999977114 2.28864139323385e-11
3.47503015026598e-27 5.9333943960013e-45 6.60544716418512e-13 0.999999999999339
1.89765097389297e-32 5.36273436268023e-46 2.63983104197987e-13 0.999999999999736
5.73374045212865e-68 1 2.67423277876753e-41 7.13812179566392e-42
2.57018114614995e-45 1.82559834706859e-45 0.999999999999378 6.21963594096023e-13
3.11903056703804e-47 2.91118663768281e-39 0.999999999999982 1.76498641779384e-14
2.79543213816064e-63 1 7.67353604146585e-43 3.57396109878703e-39
1 1.25401881051319e-65 7.22340001052933e-57 1.4946438717852e-44
2.23418663458911e-63 1 3.81978965630346e-45 1.22909263874274e-43
1 1.0933342788259e-59 7.61003213650805e-51 8.85293768381064e-40
1 1.23793216025448e-64 7.65612409873386e-58 8.93082246623656e-47
4.37477061122354e-30 4.14278252756349e-31 5.31094914805218e-12 0.999999999994689
8.30304932689801e-30 9.21302224496655e-51 8.16791998266487e-13 0.999999999999183
9.99831849335899e-42 9.37190234484239e-41 2.21853110204434e-11 0.999999999977815
3.66495908031492e-35 2.28450342376703e-41 4.03906839650342e-06 0.999995960931603
1 2.86080799432512e-67 6.88874251496303e-54 6.97163339940579e-45
3.49358342837515e-62 1 1.60002344133296e-40 6.64362810658872e-42
6.6880267506417e-53 2.71206390552583e-39 0.999999999998987 1.01304217695847e-12
1.72668080351983e-59 1 2.86075229782321e-35 8.74989829828561e-40
1.34300457741195e-48 6.14510012318631e-40 0.999999999534823 4.6517663822112e-10
3.98874929181185e-41 9.25696996779532e-40 6.07921775978918e-15 0.999999999999994
1.97457225707404e-67 1 1.83430328226447e-42 1.37334795996537e-41
4.25370698481304e-45 1.85085266295606e-33 3.77863267335906e-10 0.999999999622137
1.01422824663683e-36 4.3411553736951e-39 4.39320168578374e-08 0.999999956067983
4.02839695956126e-60 1.15863020543014e-49 0.999999999999998 1.77727578405978e-15
1 6.94081094486226e-62 5.92095112067572e-50 3.70520339683122e-38
1 1.04814832490005e-55 3.99599138918793e-39 3.10273892820591e-29
1 2.66597252948625e-63 5.87427149532669e-42 5.30023767025656e-31
5.88001786003339e-37 8.13005183059539e-28 0.999999999967999 3.20007828247194e-11
3.71438064085962e-40 3.50512349570934e-35 0.999999990610022 9.38997821514161e-09
1.56780683954748e-60 1 2.08790368085455e-42 2.24255574216299e-39
2.1110517021531e-65 1 1.10062710480708e-50 2.88533436098332e-48
1.03352238736659e-69 1 1.64162529928188e-48 1.45479171929891e-49
6.80448819119433e-62 1 1.18161719565291e-46 3.97848326182873e-43
6.01864797540127e-40 3.57729333462712e-35 1.20273715858352e-12 0.999999999998797
3.23149548722475e-43 4.81939100773249e-37 0.999999823586725 1.76413274964898e-07
1.89008278272462e-66 1 7.29246422413693e-45 2.3688219026048e-45
1 3.53287600451507e-66 7.86096815348894e-57 4.0400209172331e-41
1.22945416099924e-50 4.91771322756576e-36 0.99999999403077 5.96922948923643e-09
9.24836295366942e-54 3.38071277135628e-38 0.999999999988868 1.11316631147748e-11
2.41490562745777e-60 1 5.17954638416083e-40 1.93178406892629e-40
6.90983740580875e-40 1.23249275867596e-39 0.999999999759664 2.4033593976476e-10
4.50371623055637e-45 3.76178491395322e-46 0.999999999999938 6.19769110988717e-14
4.64366069575378e-46 1.1213415307243e-47 0.999999993433097 6.56690315328144e-09
3.96036855148667e-40 1.15410694041409e-39 0.999999997020368 2.97963215832355e-09
1.39182701675495e-67 1 7.21562067595103e-48 1.80875044971097e-42
3.61834967441456e-48 7.6676937119719e-42 0.999999997933086 2.06691411770713e-09
2.84316232003929e-66 1 1.90178487499764e-37 6.326225163582e-36
9.71768590782348e-56 3.66483588230769e-45 0.999999999999984 1.57982929986427e-14
4.03397632308619e-39 7.88180877655641e-33 8.78697766668923e-11 0.99999999991213
2.41039595759179e-32 6.94392553721182e-34 0.000698743394167038 0.999301256605833
5.32242143986762e-43 1.17280092406994e-40 3.91483040735124e-09 0.99999999608517
9.60857913325566e-66 1 1.10247722061534e-41 7.14510181854444e-43
6.77694680842437e-48 1.47257387613545e-38 0.999999999987954 1.20463999750125e-11
9.42733425322192e-65 1 1.56267869852541e-45 3.82258012607778e-46
3.53697929528235e-42 1 2.14595171974311e-32 1.23469567151455e-31
3.03641814004129e-52 3.18092642302128e-49 0.999999997134571 2.86542855633245e-09
3.67659092328288e-44 2.31932094765488e-48 1.19316658267768e-08 0.999999988068334
1.15499778183016e-38 1.41375420767846e-47 3.40589378883046e-06 0.999996594106211
1.19775272211087e-45 1.12640036644502e-38 0.99999999999998 1.96235054370567e-14
1.23359284375353e-56 1 5.27802841682004e-41 6.39342563407171e-44
2.03186762765468e-60 1 1.59378173823664e-45 8.49494419218313e-42
1 2.11673110135771e-70 3.05541380971415e-59 1.77069466043698e-41
1.38565159537997e-70 1 8.75498087935944e-39 1.478662431711e-44
9.8682290743403e-43 2.23612347604251e-53 0.999999999495065 5.04935451700735e-10
1.82150587144938e-51 5.3427552932302e-43 0.999999999996999 3.00065169363982e-12
9.86078794379449e-53 3.82227992140346e-39 1 5.50596245806879e-17
1 3.99384874759343e-76 3.62633295919025e-50 2.34695137917327e-39
4.16235815021848e-39 6.42045154111165e-38 1.22481316292328e-17 1
1 3.91170407914716e-75 2.38350769342648e-48 1.29225182811517e-38
1 9.11454856584899e-68 3.13040277840241e-50 1.77612845047706e-40
6.25589872901325e-54 3.72783320397916e-52 0.999999998549977 1.45002276705942e-09
3.17785312531813e-67 9.05892220628179e-41 0.999999999999999 1.20105127223141e-15
1.63699999889252e-31 2.53542742218257e-42 0.99999941595209 5.84047909498258e-07
1 4.0218666720763e-63 5.0686705084826e-42 7.21103664501411e-31
3.54180042175007e-65 1 2.89612898357647e-38 9.42393120274292e-40
4.45081337797799e-39 8.24531418056008e-38 2.73125293249395e-12 0.999999999997269
1 7.67076959660785e-66 2.54462631209805e-53 1.21960914734422e-38
5.41166747871289e-37 1.24034734273941e-36 2.45054801401061e-05 0.99997549451986
2.51896928640524e-34 6.27996934313762e-55 1.99660634346042e-13 0.9999999999998
1 2.2956242269084e-78 1.67772906883326e-58 1.06964053906731e-43
1 4.94147350634959e-60 1.13231982931815e-44 1.52569018258185e-39
1 1.10314251008715e-61 2.67434085762176e-46 2.46052287152306e-36
1 3.35377208571843e-69 6.59947837775937e-55 1.95611643699757e-41
1 2.99540497348109e-55 2.07814385515673e-42 1.09442146712524e-32
1 9.29492286388754e-50 6.32631309988664e-38 1.3537961351553e-28
4.47046974378188e-28 8.8113634215674e-45 5.43477261269552e-13 0.999999999999456
1.43201898531376e-40 3.00569480445472e-34 1.87558604870877e-07 0.999999812441395
1 2.61733967340247e-60 2.36448980980944e-45 5.08397796210818e-36
1 4.77913989939188e-61 4.665091190918e-46 1.29950663905345e-36
1.45667697763723e-54 1 3.79812602916145e-36 2.83228684630662e-35
2.25261137661946e-51 2.70980892440866e-45 0.999999227633377 7.72366623137411e-07
1 6.38232933415228e-60 3.90407641645309e-49 3.46602908190631e-36
3.98513842512713e-32 1.21650794486405e-46 0.000108860753041425 0.999891139246959
1.11016225984992e-68 1 4.36546471807543e-52 7.56072448900271e-54
1.57091713323641e-48 4.46685538925441e-30 0.999999999999369 6.30944211708601e-13
6.19346708978933e-71 1 9.08839799740069e-43 8.75631473359515e-41
1.37244848998716e-58 1 7.78642339092974e-37 7.20112598931144e-38
1.00055308584431e-24 2.95595498915676e-41 4.58966014595937e-12 0.99999999999541
1.39626791012672e-56 1 7.1100565186877e-37 1.53355010220239e-36
2.96698671588589e-35 2.08890982334276e-47 1.58799740564295e-14 0.999999999999984
1.91462460979843e-38 3.66395497641721e-23 0.999999999999998 1.92826272650811e-15
1.16906244985452e-39 5.44740798049472e-40 0.999999991366207 8.63379325498221e-09
1.92416596020847e-49 7.86962253057996e-47 0.99999999718107 2.81892942449527e-09
2.143856708405e-35 3.9890392156099e-44 1.79121783392307e-12 0.999999999998209
2.11314340272132e-48 1.72688836756693e-41 0.999999992045333 7.95466748600369e-09
5.19398560946352e-42 1.28396511750152e-35 0.999999999598031 4.01968710072399e-10
2.6087055858923e-38 4.47463898858165e-37 2.75151305383358e-12 0.999999999997248
2.83628272018457e-75 1 1.21273726810428e-43 2.2224978558901e-43
6.01631749433103e-46 1.37718406036992e-38 0.99999999999993 7.03944904087493e-14
1 1.40227876631521e-55 2.09357682071664e-46 1.04362546425915e-37
1 7.29507526263849e-60 2.20732689004142e-46 2.54358625183244e-42
1.47310666582757e-62 7.04562471284315e-47 0.999999999999941 5.85350367629091e-14
1 1.73737553146172e-68 1.69735286362954e-37 7.71747788705208e-31
1.91272961987407e-46 1.02276788161047e-32 0.999999999999653 3.47013796772856e-13
5.28506061970779e-37 3.11598217898345e-35 0.999999950027744 4.99722556867273e-08
4.83968422422114e-34 3.35026678332122e-36 7.15490886268267e-14 0.999999999999929
1 1.10906743588885e-62 4.54655309399224e-57 6.40720121617241e-42
1.59911413078622e-72 1 7.43780408689155e-42 1.16075519438296e-41
1.63680497700725e-40 1.04903767239809e-35 0.999999970606913 2.93930871512206e-08
6.86078092573347e-39 1.70975989096755e-35 0.999999998665865 1.3341345175808e-09
1.18751748463285e-54 1 1.14680175871676e-32 5.09152982946739e-31
7.57752659853864e-65 1 3.22815046776408e-41 2.90665704024977e-42
1 4.38146775823905e-59 1.13732361355835e-44 3.94734194834515e-34
1.39256115127505e-24 3.99938269124541e-37 3.09246846029556e-17 1
1 2.10494658740574e-61 2.62817757861516e-52 1.32853526082861e-40
4.48216444063589e-57 1 3.89135948650485e-28 9.07494379628128e-30
4.34144456337231e-63 1 8.50111762329133e-44 1.31506303262393e-45
1.79683308753799e-36 2.34770929699522e-43 2.78122647277575e-12 0.999999999997219
8.39000739544577e-47 1 1.31942142857836e-27 6.05539010384082e-32
4.85555937765099e-44 6.7096551400637e-41 1.79049432731596e-06 0.999998209505673
1 5.8408376342648e-60 4.14400338178029e-42 6.46988599729327e-35
1 8.47971275793284e-48 2.01930990475887e-41 8.23835187999373e-31
5.42265616832446e-35 1.05071263303309e-41 9.58006408947871e-11 0.999999999904199
3.26217738948382e-32 5.14338692235113e-33 1.44898538499513e-12 0.999999999998551
1 7.19812633211945e-58 2.1637607547855e-49 1.43398652916804e-35
3.22259487667985e-49 6.42722487046543e-39 0.99999999993781 6.21898737319841e-11
1.69041287652139e-67 1 5.41480439651327e-43 1.03179528357472e-43
1.22146179528062e-45 3.41955163082332e-38 0.999998623239669 1.37676033099717e-06
4.57108779847999e-44 8.32654659268744e-35 0.999999999999957 4.32442058141321e-14
2.06650635759005e-31 2.18029700500175e-51 5.35133994855452e-17 1
1.8960844040813e-30 1.01579691076904e-43 3.21268693462315e-11 0.999999999967873
5.87779270717278e-64 1 3.36274324448379e-44 1.72478223319837e-38
9.05752737675398e-34 3.54398229974775e-39 1.35705055507901e-16 1
1.38742935747818e-46 1.90863220677498e-44 1.95914849394445e-09 0.999999998040852
1 2.23514818676343e-69 1.1830447905205e-58 2.34436515000149e-43
1 7.00695332498673e-65 4.15876170831714e-55 1.78861298933494e-41
6.44136416037979e-33 9.13372274561147e-44 1.10480166908744e-13 0.999999999999889
1.46018043285981e-34 8.09183097587512e-34 2.07903854151308e-15 0.999999999999998
7.48102302216423e-59 1 3.91648561731246e-46 6.66338850103162e-44
1.50952176347842e-44 6.93008056877877e-38 0.999999940646795 5.93532051378882e-08
1 1.82108509438418e-40 2.15602704117135e-36 7.56349966660626e-28
8.76626642087348e-52 2.83318100571889e-44 0.999999999999065 9.35148837048877e-13
8.33771950705571e-28 7.25447298590936e-35 1.06577578672397e-09 0.999999998934224
1 2.59664747979671e-59 5.83205126551994e-45 2.02096031720968e-35
8.16505399976144e-45 2.60552748750341e-40 0.999999999999985 1.49829469050601e-14
1.34416607474165e-42 4.06266993227797e-40 7.03554696815957e-15 0.999999999999993
8.93594322806235e-37 6.10467653052203e-35 0.196700435729272 0.803299564270728
2.33822176188605e-52 1.07971036928278e-28 0.999999999906628 9.33721126839549e-11
1.67055643723422e-68 1 4.75304063597663e-36 6.78601793557375e-39
2.50354733389853e-38 5.90846297702397e-47 1.98902708022154e-12 0.999999999998011
3.4613118548335e-64 1 4.09045298922357e-37 2.8154569096497e-40
1.82790336063205e-65 1 3.79203286876318e-40 6.0870819804376e-40
2.94583081939732e-38 2.22653566088915e-35 0.999999999998252 1.74831368526986e-12
8.24312841847312e-51 7.99674394684431e-41 0.999999999996647 3.35315942085244e-12
1.1182438710467e-68 1 3.4770482958874e-52 5.58386872996091e-49
1 1.16122599102218e-68 1.96891707102874e-51 2.02182222983451e-41
3.70509805626775e-43 9.6232619224601e-42 0.99999999985663 1.4337044048023e-10
1 7.66953734655455e-75 5.64696913906582e-53 1.45778717125001e-42
1.16177565179238e-48 3.56341919408817e-45 0.999999999997553 2.44676367869501e-12
1.33393134686532e-50 1 3.1241985260052e-31 5.60912925115379e-32
8.94530949016128e-38 9.68862379096942e-47 0.999999999999728 2.71529136654226e-13
1.11995692542279e-47 5.03188146359751e-47 0.999999999999952 4.77343419261975e-14
4.23299665664404e-45 1 3.91202721475985e-32 3.6354586755339e-28
3.12560908924976e-59 1 3.16028383598613e-37 1.58141283727062e-38
1 6.98015792395448e-51 1.17263521345509e-44 3.36296912260195e-34
7.32560278872063e-27 8.09895075157707e-38 1.13020339941295e-09 0.999999998869797
2.78702781721545e-46 9.20557294381157e-39 0.99999999977423 2.25770162435886e-10
5.82857814889233e-71 1 7.45493711861456e-50 1.47993435183907e-44
1.7948453600293e-59 1 5.29807214465722e-46 2.94246494201647e-45
2.91172839245645e-50 4.1281803220316e-46 0.999999999911923 8.80766657530344e-11
9.82360930446442e-33 4.85400233169764e-36 1.21296784967618e-07 0.999999878703215
2.22836870904006e-53 2.76188583841699e-40 0.999999999999692 3.0811929735476e-13
1.06776259877096e-60 1 2.06672392342421e-42 1.12451811123669e-37
3.345531861693e-41 3.35072388387541e-35 0.999999998497249 1.50275050185425e-09
1 4.84644499737516e-58 4.47648738001029e-42 8.28042218133633e-38
1 7.2868553967616e-59 4.51895145839815e-54 1.28172736355316e-42
1 1.01128251233225e-66 2.0622696725166e-38 4.71030956327098e-33
2.74185972942313e-44 5.32456156539969e-36 3.04074819409315e-14 0.99999999999997
8.60326567519998e-41 1.14250496077772e-35 5.26059335424516e-07 0.999999473940665
7.31234686656894e-42 3.44169311029542e-37 0.99999999941256 5.87440269545383e-10
7.14827002179091e-55 1 2.76801313006472e-36 9.14831939450377e-36
1 2.433574909597e-68 4.31948778999052e-47 1.09230387495054e-36
1.34501091051966e-53 1 2.36929597364541e-29 8.81248082660084e-32
1.61316004585474e-32 3.25178693181643e-33 3.55095881793653e-12 0.999999999996449
2.05240186247511e-50 4.83887091891025e-44 0.999999999992666 7.33382491754729e-12
1.41141750833868e-33 1.72383146368377e-31 0.999999811261201 1.88738798736337e-07
7.83325246966303e-31 4.00866604759129e-41 1.50033278990137e-10 0.999999999849967
1 1.07545157427136e-51 2.24454159454147e-39 2.27357914182773e-29
8.31243276394535e-57 2.02218888382713e-41 0.999999999999987 1.29628267416344e-14
1 1.12595412556104e-64 9.82754231079101e-48 9.96381239435701e-39
5.32791958417841e-44 4.51582849521721e-45 0.99999999999981 1.89997730980657e-13
2.78732747484896e-49 8.04928738179694e-37 0.999999999974059 2.59414514601529e-11
5.20501953001374e-48 1.26864331913562e-41 0.999999999594919 4.05080994321673e-10
3.22888584709746e-44 1.69663200880685e-45 0.999999999956878 4.31217364153968e-11
2.45769663162524e-67 1 1.05039982065636e-42 5.0619809764247e-42
1 1.25948219986113e-54 6.35022168066706e-45 7.58672101079804e-28
1 6.44666245642949e-66 8.74578868813526e-46 5.60747289863453e-34
3.30264962767508e-56 1 2.09722580585328e-40 5.98561415533688e-36
1 5.08736747312192e-76 8.16184024938817e-52 4.77805961962324e-40
1.65483306039618e-53 1 6.57372521076421e-40 2.46926279419532e-43
4.29287276819576e-61 8.39559543124484e-49 0.999999999999987 1.33686337488379e-14
1 3.09518986560137e-54 1.81886407680379e-39 6.61023006627867e-31
1 2.14034644315702e-51 7.61180771314539e-39 9.18093482583179e-31
1 9.39256773581458e-59 1.0449827013637e-38 2.91911581008974e-30
3.68810050920508e-41 1.34054067795951e-36 0.000100884398961254 0.999899115601039
3.19172086575975e-43 1.90454676773315e-47 0.999951837946191 4.81620538092571e-05
9.29980070686926e-55 1 4.73579324445378e-37 4.70651954800642e-32
1.66857128937537e-36 4.05135542362338e-37 4.22910123779783e-10 0.99999999957709
2.55895697380736e-72 1 2.39192354131269e-46 3.20467493663559e-48
1.01842420789785e-67 1 1.2794638909809e-39 5.81562795426348e-33
9.3805636537678e-43 6.4774243340166e-42 0.999999999989695 1.03053095996196e-11
4.25813604427797e-57 1 9.06497012072173e-47 1.05479556243611e-40
