4.62654759227613e-58 2.56142228407012e-42 1 1.05779684181464e-34
1 1.98786251351114e-50 1.46959167046063e-65 3.54281448945372e-45
1 1.32113744876524e-44 6.52530716299827e-57 8.11321723658005e-42
8.48879732627074e-39 0.9999999999859 2.41123619404283e-52 1.40999127471505e-11
2.33438610967058e-34 1.08523889035022e-05 1.39291589800612e-37 0.999989147611097
1 1.93368474724369e-32 2.05259562732999e-41 1.5200927851566e-30
2.58996307327608e-55 3.37816501955528e-43 1 9.01591618198223e-29
3.12510567139915e-44 0.999999756454035 3.96859252285796e-52 2.43545964768048e-07
1.01527617260378e-34 2.93262486851123e-12 3.6179495985846e-38 0.999999999997067
2.79203636528382e-37 0.999999999999475 1.04812818221638e-45 5.25108156299092e-13
5.95052863962661e-66 8.88540453273945e-59 1 9.82044280676984e-42
1.1622271608663e-37 0.999999983822811 1.08707341399722e-39 1.61771888294504e-08
9.49876039819034e-44 0.999999999778994 8.00542872978303e-55 2.21005885040209e-10
2.02364681963948e-51 2.14440839501827e-39 1 5.95385673300667e-31
1 9.72855643158836e-44 4.54613349473326e-68 3.58212551866722e-43
1.42316082963662e-59 6.20834855996668e-50 1 7.62872395114929e-38
2.25731889725206e-32 0.999999998972223 2.68946137277684e-41 1.02777667710122e-09
4.03498449446475e-40 0.999999999999817 4.621802604603e-44 1.82914857172688e-13
1.27334113830612e-57 2.21010845453417e-51 1 2.83413566947185e-32
1.22079428033332e-38 0.99999999366649 1.81292826795822e-39 6.33350976953191e-09
8.16379976539001e-61 1.25150062299971e-55 1 2.32898600154465e-40
1.26930437876715e-62 6.6859835927866e-48 1 4.11010108915977e-36
1 1.16025366775026e-33 5.66614522141337e-49 2.60737617269315e-31
1 1.46164615286792e-48 5.34279613568819e-63 6.54142551418707e-48
2.92255176586764e-33 0.999999845538492 6.06557635411637e-37 1.54461508249742e-07
1.66041875259011e-32 1.92406720010605e-07 6.8645488552653e-33 0.99999980759328
1.84215751979362e-43 0.999999999999592 1.15339740308848e-43 4.08301601440052e-13
9.15526608295924e-42 0.999999999999998 9.45903269388854e-56 1.63770239001125e-15
2.47778690010783e-54 9.55128549030586e-43 1 2.71459967675756e-32
3.1393763138516e-71 7.95970515079782e-53 1 3.4496931673531e-43
1.60923271626129e-40 2.63106990410176e-11 3.30514084551562e-38 0.999999999973689
7.09608991549674e-28 1.11903434238102e-11 7.44994114130605e-32 0.99999999998881
1.54750906522388e-43 0.999999999926306 6.76946426775501e-49 7.36941692169602e-11
1.40237916274747e-38 2.76739191699278e-06 1.50102020570529e-43 0.999997232608083
1 8.02477595302264e-42 1.98117076971501e-61 4.44185068714865e-40
1.25421162865341e-58 1.3174915515861e-45 1 3.83745655550882e-36
8.61830748117767e-38 5.62864047734881e-06 5.51339702080299e-43 0.999994371359523
5.68649310009159e-36 4.83468397701579e-08 5.71495647178747e-37 0.99999995165316
3.09229010868046e-39 0.99999998888578 2.49433007090771e-48 1.11142199046657e-08
1.63541011505702e-32 0.00661476230699381 4.2262562905479e-23 0.993385237693006
1 1.14600736539579e-39 3.53836511084874e-60 1.23279354871845e-37
6.73371678388584e-37 0.999999838062699 6.41681433003174e-44 1.61937300768127e-07
2.38663956298126e-34 0.999999999958103 4.314543785699e-46 4.18968033197864e-11
3.05255181434805e-62 4.89586269372749e-46 1 2.44745197900946e-36
2.13610738738069e-43 0.999999999970919 3.85089477884828e-50 2.90814020093034e-11
2.40118591945642e-34 7.37459044841969e-12 1.00315231541212e-38 0.999999999992625
3.40381215002273e-56 2.28440303809561e-55 1 2.03816907224748e-44
9.64711663141107e-39 0.999999999999195 8.18935428121975e-56 8.04748230929603e-13
1 1.08359454284976e-36 1.4777873615237e-55 4.96968445086093e-35
1 1.90636607417855e-35 9.66917555449945e-63 5.96636928373575e-32
1 1.15943904635056e-42 5.83385470138937e-60 1.15728849568578e-42
5.78090446164475e-60 1.71771486591049e-43 1 1.04127676521888e-33
1.38444655241734e-64 2.24587895915448e-54 1 1.35673503506922e-41
2.87467958575191e-32 9.00659810664296e-17 6.2605333933368e-25 1
1.08664799253395e-42 0.999999999990885 8.0463653777726e-50 9.11535466062175e-12
5.77661697730596e-66 6.45334426953916e-39 1 3.53787176246961e-33
1 5.0740513924926e-50 6.88451510660218e-63 5.47938223717012e-49
8.39979316840393e-39 0.999999999999929 2.13906893610983e-46 7.13887285350521e-14
1.08162688786187e-42 4.6652657916112e-13 5.59884470225961e-28 0.999999999999533
5.80211724124433e-57 7.66831769398812e-51 1 5.22529047041961e-40
3.67904747823109e-32 0.000642162728049837 1.38374075089155e-40 0.99935783727195
1 2.88970082140341e-35 2.81359807920056e-60 5.55403678139363e-35
1.22827681663256e-57 3.06896963516404e-49 1 2.28475828025386e-36
6.66578196903723e-40 0.999999999992972 7.29915161570221e-53 7.02836556490361e-12
4.35891735289453e-37 0.999999999999921 1.97019254359598e-45 7.89758715051017e-14
3.64705302355305e-41 0.999999999999994 5.88856122476217e-46 6.31952841745278e-15
1.54120895039819e-33 0.999999910479322 1.27268374142827e-43 8.95206782339198e-08
2.63264713029031e-61 1.14153273379841e-52 1 3.33430076597507e-38
5.60112045961854e-39 1.10140666921187e-10 5.48061119470334e-35 0.999999999889859
1 1.79131405591648e-41 1.35244554522167e-61 1.53496090915278e-40
1.25590996352513e-34 0.999999990120703 2.09838880732119e-38 9.87929758049423e-09
1.36610662073212e-72 3.12128133821447e-48 1 3.69484662639123e-38
1.25062833418061e-50 0.999999999744418 1.01680310389686e-42 2.55581921345363e-10
1 1.98996398226721e-32 1.02374472539159e-54 7.7421457678911e-35
1 8.00995752954917e-41 2.81746963320502e-66 1.66081317756443e-40
2.26328196749577e-21 0.999999999999996 3.38781725478149e-38 3.91977681684924e-15
1 8.31964955561292e-49 5.37137820870734e-62 1.4128319140788e-46
1 2.52892836207975e-36 5.7696995585934e-48 7.45454460065546e-37
1.1870436052227e-28 1.78696294256407e-11 8.83527285086026e-36 0.99999999998213
1 1.70887298767491e-45 1.36655627372306e-59 3.78461279068037e-40
1 1.15022277424749e-41 2.21043994526629e-66 4.59828463379914e-38
1 1.05993097839825e-43 3.78218062743048e-52 3.59385772012755e-35
2.31644403981411e-47 6.70875275426489e-38 1 2.34093198505544e-28
1 6.22429959399125e-48 1.21393154395372e-67 1.78223564352725e-40
1.46774183365594e-56 7.27160901589739e-45 1 2.71795379921347e-35
1.46998726971693e-62 9.6472973343646e-43 1 1.12571453337337e-30
4.31773856020016e-31 2.33710670273437e-13 8.30993543056631e-44 0.999999999999766
6.68264378062971e-37 0.999999999974687 1.39855926793133e-47 2.53125545636055e-11
1.3277702929919e-48 7.94198968798463e-39 1 5.25218512522548e-31
1 5.13766611742955e-39 2.92613205229954e-61 1.47225687554401e-37
4.50636535816122e-32 2.15465396138247e-07 2.90645325639326e-40 0.999999784534604
1.60479833961266e-50 2.24825632234502e-38 1 4.00780959105723e-29
3.76420035524736e-60 1.07555552969946e-43 1 1.21648440615668e-35
1.25933698752064e-35 0.999999999987063 7.9719776294696e-54 1.29366337164748e-11
5.04396214920851e-43 0.999992693481558 7.03778520354151e-44 7.30651844250677e-06
1.12740106148403e-47 6.80696345296605e-39 1 4.6220896422777e-29
1 1.06694595928388e-38 4.24080697314218e-61 4.66203360705517e-37
6.70418695709199e-43 0.999999999964376 3.17822196320433e-44 3.56234994053164e-11
1.47923490276481e-74 5.16662706609741e-52 1 1.08880435673361e-39
1.34524723259681e-45 0.999999999999837 2.44358528953185e-47 1.63261919685301e-13
1 2.13798135998256e-46 3.0742189784696e-62 4.51424994892832e-36
4.57702231950678e-29 0.999999999996282 4.46743148254377e-48 3.71791376251877e-12
3.30356348689512e-33 0.999999999991825 1.86776073015755e-45 8.17507403416603e-12
1 7.08161764944666e-29 1.23036537616598e-44 1.89774536632972e-25
2.03350578270263e-46 1.27847734674014e-41 1 2.33921675688406e-30
6.70936847611348e-35 3.54446948510879e-17 1.89989314026077e-38 1
4.1781093487549e-54 6.48996049441253e-44 1 9.27458489347504e-34
1.22986093486401e-54 9.02916376377844e-42 1 1.52301957896407e-37
1 3.51842962219019e-41 4.62991451757615e-60 5.56137354632007e-36
4.00139240437279e-39 7.44118711901641e-13 2.09487458635409e-32 0.999999999999256
2.08455711940969e-58 1.69545197802826e-41 1 8.89005957335353e-32
4.68886454995415e-41 0.999999947280479 1.48792207655246e-42 5.27195213444727e-08
1 1.14039758762506e-35 3.58460416143368e-67 3.44119870525355e-37
1 1.40181856588212e-29 4.62276666478818e-48 1.57601450475244e-29
2.39248120755093e-53 1.91605875016979e-46 1 1.49530656630786e-37
1 2.60290566059891e-34 1.32978707553525e-51 2.29353532556892e-31
3.57610312290434e-54 3.4300646843398e-41 1 8.74688817041062e-35
1 4.11963744349073e-37 8.03166812544564e-62 5.74692267317166e-36
3.98488267600758e-64 7.49387992597336e-51 1 2.77006241911114e-41
2.17051550144487e-38 2.24118509022999e-11 1.22941387803598e-41 0.999999999977588
1.63976385556611e-37 0.999999999298248 6.7238543152933e-40 7.01752312588872e-10
4.73849445434354e-34 0.999999999971054 2.20458534471113e-52 2.89461862529271e-11
1.2441490151291e-36 0.999999999997608 1.61236056860664e-47 2.39229617519413e-12
1.04187956020371e-40 0.99999999999469 1.82978924564771e-51 5.30942990097753e-12
1 2.20977336807317e-40 1.1042989663755e-63 6.05942399644431e-37
2.54316486681662e-31 5.38912975045477e-13 1.4598000549361e-33 0.999999999999461
2.6954241371325e-40 0.99999999996969 3.51604698237976e-50 3.03096381710023e-11
4.68660720940861e-58 2.84986084923656e-41 1 1.26727349971315e-30
1.75701669939292e-42 1.03757712269616e-09 7.62069497768478e-47 0.999999998962423
1 4.26499177181833e-50 7.34669363950821e-64 4.04261674023921e-46
1 4.78811477515301e-45 2.56453410054658e-64 2.76915756656187e-43
3.19388121942077e-35 0.99999996500569 1.02464560454712e-47 3.49943095650692e-08
1.44865148800056e-41 0.999999991131074 2.62648904324375e-47 8.86892570615023e-09
1 2.63231765655439e-30 1.47804547049906e-48 1.8809812001213e-29
1 2.7721595301296e-38 2.3367823299544e-52 3.97545442519453e-32
1 8.76245424075029e-46 1.46820745337035e-57 3.02856750403086e-42
1 9.29918283757197e-34 1.60177039087534e-54 3.94519079817396e-34
2.75673819369751e-52 5.22041051336824e-41 1 6.19788617897774e-31
1 4.60837670596561e-35 1.17523900259223e-55 5.85919787772757e-34
1.20458587258218e-44 0.999999999999841 1.96651307680004e-37 1.59015537835155e-13
2.10820715024253e-33 0.999999963589815 4.87913073576304e-40 3.64101849181175e-08
1 3.154766137149e-32 2.6123839835536e-53 4.35799484333211e-29
1 3.72801072546128e-43 1.55827559562549e-56 5.26265286552714e-37
1.26946597568639e-45 0.999999999987738 1.79317420309085e-44 1.2261985975308e-11
9.41375753570208e-38 7.48290081537406e-09 1.20802614053245e-42 0.999999992517099
2.21861987608236e-58 3.05722175259309e-52 1 6.56743702924355e-41
1.42471406124713e-34 0.999999999999073 1.8646343174353e-43 9.27287188178592e-13
3.47918075040063e-46 2.72614313922226e-05 3.22743450567798e-32 0.999972738568608
5.45849185675479e-54 3.00278700388804e-46 1 7.91484830726889e-36
1 9.3433066431775e-39 1.25123508799351e-67 6.94734866007656e-36
4.85044681169588e-36 0.999999999817521 9.74707752732366e-49 1.82478662476691e-10
1 6.71263251902756e-41 3.37212931772044e-65 1.7353247063659e-39
6.22061709011696e-65 3.16122378336831e-43 1 3.93030188406582e-35
1.98990330011613e-60 2.0437974759862e-53 1 6.28285433443579e-40
1.7087939868801e-37 0.999999999998901 2.4584732405569e-43 1.09881310521552e-12
2.77105067362557e-34 4.52316766761693e-10 1.26899817860551e-36 0.999999999547683
1 1.86381241933419e-36 8.46738704485367e-53 4.08685726506236e-33
1 1.83920693372281e-35 5.35301924638253e-56 1.3672939875653e-34
1 4.12189022796922e-34 1.34621277578216e-49 8.25974239597814e-35
2.10022025996643e-39 5.2501320733969e-12 5.00726219743176e-27 0.99999999999475
1 1.07909541378462e-39 5.5618572179206e-66 3.11083798870645e-35
1 3.46574107324378e-34 9.4130788549662e-62 4.35973447248802e-29
7.79607645895663e-51 0.999999993920641 1.41600424490042e-53 6.07935875316286e-09
1.2381350157706e-63 6.73226438792525e-57 1 4.30805225415169e-44
1.43480684204104e-38 0.999999999957594 2.88503895165249e-43 4.2406061542305e-11
1.8265444726112e-35 0.99999540517515 3.58173335736183e-40 4.5948248498561e-06
6.69818908879699e-45 7.64766675802331e-16 2.98802014136614e-31 0.999999999999999
9.20932124279949e-46 0.999999999999764 3.33876435609314e-53 2.36489592159883e-13
2.81806920238202e-35 6.98749124243746e-17 8.76153288570454e-43 1
9.29160390286154e-32 1.03934116119197e-08 7.43067588375247e-27 0.999999989606588
1.47866401885034e-48 4.96437767251586e-44 1 3.84544254067095e-28
8.00810874418909e-48 8.09035657607391e-44 1 3.79552523460978e-31
8.88142706445897e-38 1 1.95796057187337e-52 2.68394464929122e-16
4.99873083436024e-46 0.99999999313825 1.35718719230464e-45 6.86174996414722e-09
1.86064911987027e-67 1.82598351501867e-54 1 3.08961458428684e-44
1 2.89338510550987e-38 4.35922714229855e-65 7.58797791747282e-30
1.11527252042177e-24 5.75410834555167e-11 3.87234837083328e-30 0.999999999942459
1.85244522190215e-43 0.999999999992111 2.68396300180646e-51 7.88879436269582e-12
5.10782912126896e-50 0.999999999999238 6.85509721890393e-60 7.62225652036204e-13
8.09674991484006e-35 3.21542015294029e-16 5.03113253942524e-34 1
3.7849074682071e-31 0.999998575543875 8.3192824820357e-33 1.42445612454415e-06
1 1.23301245577111e-37 3.79309556841566e-63 3.38591510205736e-36
1 2.4744490859161e-39 1.73369199256074e-58 1.46191560647248e-38
1 6.57297869933542e-40 3.24467733439452e-56 6.22936503242218e-35
1 4.38649416646254e-43 5.72819584345596e-60 3.67948217015006e-39
1 1.50310266654499e-47 2.00795036847542e-59 7.37671426334439e-42
1.63310475484268e-62 1.59819583344421e-36 1 1.10118491528339e-30
1 7.62368751441637e-40 7.25822227647405e-64 1.66342631218171e-42
2.36791300454256e-44 4.85476730518354e-08 9.56452434992073e-44 0.999999951452327
2.89457178185595e-67 4.07926412509493e-55 1 2.2976586939281e-38
5.7636470594916e-43 7.98446836132385e-11 1.14200544741622e-28 0.999999999920155
5.91983126371552e-51 3.85824084915674e-13 1.50484844044719e-34 0.999999999999614
1 9.92566735593784e-37 3.17876282272721e-60 1.53213858306156e-33
4.00703228155868e-44 3.81158185085792e-12 3.43564058713283e-42 0.999999999996188
1 1.870251936944e-31 3.08451023963815e-59 3.7399500249937e-27
3.22271823555438e-44 0.999999999988551 5.68541454870832e-52 1.14488549357698e-11
1.17460420261173e-47 0.999999987848297 4.99700809309957e-52 1.21517026183008e-08
1 5.69577503578991e-44 1.13207374223805e-62 2.52937455225053e-37
1.19715615171976e-28 2.3930518167378e-11 5.78061722845995e-32 0.99999999997607
1.75164106791289e-66 3.67561131512602e-51 1 1.31426045960351e-39
1 9.50087100305333e-48 7.66744028456291e-66 1.80645657141698e-43
1 4.28180718359923e-37 2.88205287898522e-50 1.59369991028882e-29
2.47493729737524e-48 1.55850065395887e-44 1 1.00578478771926e-33
2.17877682629372e-46 0.99999991043545 3.33554750013596e-49 8.95645494636179e-08
2.81110580041359e-37 0.999999999999807 9.8146892910266e-48 1.93326445123647e-13
2.51408366421749e-44 0.99999999326905 1.27383746129247e-49 6.73094971236885e-09
1.2061759389164e-34 0.999999961680225 2.07391318769391e-50 3.83197747200646e-08
5.54731270153387e-55 1.20020449561841e-45 1 6.31192710838448e-42
2.55191017606673e-62 2.38144325921025e-56 1 1.24926502829524e-40
1 3.27234355431952e-43 1.5547077478835e-61 1.68880926528399e-43
3.57621422841285e-35 0.999999990655955 1.55788236243126e-41 9.34404477121487e-09
8.90983349234483e-35 3.38504266446747e-31 1 7.56944898048231e-23
5.70870821375454e-36 2.12199107115348e-14 1.00275380616705e-40 0.999999999999979
2.07272598179984e-63 2.47281993315998e-50 1 1.70678672504216e-37
3.61312330340775e-56 1.78070395062835e-45 1 7.334889265956e-37
3.29072538837512e-38 5.76133814826712e-12 8.06015274353094e-25 0.999999999994239
1.67900248384883e-69 4.69124577797377e-49 1 2.31484041410659e-39
1.4909642530988e-30 1.95529820786977e-10 2.76584473472169e-38 0.99999999980447
1.46905239948676e-60 3.46241875850736e-47 1 2.96564919567762e-38
5.70273743947743e-30 1.3188922642522e-09 2.59916209151163e-41 0.999999998681108
6.31309824114459e-28 1.59937751367906e-08 7.503536857895e-28 0.999999984006225
5.91462640576882e-41 2.49088719602765e-12 1.65093257997322e-36 0.999999999997509
8.59015929062552e-64 4.44218560350479e-58 1 4.81712145177453e-42
3.64201342575199e-62 3.81570545661862e-55 1 7.28942299827699e-42
2.58396852623744e-60 1.54473273636472e-46 1 4.8790270546155e-36
4.63384042137984e-57 4.72410876363754e-42 1 1.37514378445369e-33
1.94547608210669e-27 2.87512415849269e-09 5.48946762156653e-42 0.999999997124876
5.37775557079091e-38 0.999999999999993 6.28106887201734e-48 7.40243150580351e-15
1 5.77936440007235e-43 1.73657115735329e-67 1.00573646545248e-40
1.48510505119433e-53 1.3467711452353e-37 1 1.12694760943762e-25
7.1942885256879e-32 4.58264859266389e-10 2.02792221257816e-44 0.999999999541735
7.98139882946728e-38 4.27079566558801e-10 5.015001019666e-30 0.999999999572921
9.75726433441755e-33 0.180651252118108 1.099727258041e-36 0.819348747881892
1.09858419204801e-54 2.14341944214683e-44 1 1.28837841750136e-35
1 6.76072400243941e-40 1.12545346446476e-60 1.57100310888756e-39
9.82076343741952e-41 1.10099649851189e-06 2.81798995193951e-35 0.999998899003501
2.10165798743483e-35 0.999999011134489 1.00866052800036e-45 9.88865510966512e-07
2.55360314984236e-31 4.16744495350448e-12 1.37516201739027e-39 0.999999999995832
6.49497568927102e-40 0.999999678341888 2.48950613003518e-31 3.21658112037459e-07
2.41230609297066e-26 0.999999999873577 2.48068547437362e-52 1.26423208143198e-10
1 8.82052204461374e-36 4.7528507587653e-61 5.57435731856273e-35
4.37915099348545e-38 0.999999999999995 4.62855303748617e-57 5.01252940477359e-15
1 3.1031873022619e-42 1.33926604923397e-59 2.4101691547195e-36
1 1.656701533475e-27 2.14995108980182e-55 9.73256368588562e-28
2.26648391792209e-37 1.44559645631789e-14 4.31856374079796e-42 0.999999999999986
6.71361860534526e-69 9.26384084165561e-59 1 1.79912744272518e-47
6.77695004452161e-40 4.97789418741746e-12 7.86870238713138e-32 0.999999999995022
1 3.13667767425243e-36 8.56711846384503e-53 8.40331957321842e-30
9.81393597724871e-48 0.999999999999994 4.78951480454542e-60 5.73511773128283e-15
6.3450207542522e-44 0.999999999999977 1.32648763978525e-62 2.27603825820804e-14
2.46964202710684e-38 0.999999997787189 1.99538896206342e-48 2.21281147429425e-09
1 5.6769193579581e-46 3.76669977107906e-64 9.87698184112091e-39
2.50639350081189e-34 0.999999946364482 5.1497436669246e-40 5.36355185573473e-08
6.20716005198202e-62 2.94231679235816e-45 1 1.94255816877194e-33
1 1.38903544522566e-29 3.15484830885312e-53 1.15719910911049e-30
1 1.27849178153831e-38 2.16511740582429e-69 1.79058688653752e-43
5.62411555666049e-65 4.5584845876263e-50 1 4.15156596009244e-40
1 2.31155918019987e-43 3.90505308898538e-61 1.23142209328659e-41
4.23792596580805e-43 8.14473728597119e-14 8.46988152964121e-35 0.999999999999919
1 1.47709819338138e-29 3.24194013265447e-57 4.64665770618065e-30
7.81625881890399e-41 2.25517096778028e-12 1.27250108609745e-35 0.999999999997745
1 5.72889560412915e-27 3.81502429102144e-45 7.87747056266478e-30
9.45718451127663e-56 1.19475907052375e-38 1 1.41366707326545e-30
1.48430106476908e-35 0.999999996284652 9.10423387748002e-42 3.71534847475497e-09
2.08937337670659e-48 1.02498540194345e-10 5.030662965175e-40 0.999999999897502
1 1.18263570914772e-33 2.3324442345089e-50 1.27640594267484e-30
4.85074805873686e-60 4.29781855973699e-57 1 5.38927372920959e-46
1 3.08341112573863e-40 7.66124033322095e-64 1.34295606088498e-37
3.54511440742965e-43 0.999998997177252 3.27514081825339e-51 1.00282274792024e-06
2.31603874781826e-45 0.999999990435853 2.17768694782791e-40 9.56414684228546e-09
1 1.81738527323682e-39 7.00741115054966e-62 1.22753200814815e-37
6.18563091005965e-58 1.02359443420353e-44 1 2.95235684877468e-39
2.26133351826664e-59 6.72157230372506e-55 1 1.16201357843786e-42
1.64164498534171e-37 0.99999999933937 1.18193352240606e-55 6.60629479069241e-10
1.75588137073725e-73 7.85309540386897e-58 1 1.40446545623552e-43
4.88919749213661e-32 0.000246510641273958 6.7123944284982e-33 0.999753489358726
1 3.03187694579374e-39 7.23971421792397e-54 1.04866647696351e-34
9.3926124041224e-26 0.999999999877216 5.41856542535981e-37 1.22783858969018e-10
2.24001140216722e-37 3.61584741696422e-10 9.78410024346425e-31 0.999999999638415
2.05664940846082e-36 0.999999999790584 3.55099060574676e-46 2.09415845096391e-10
3.66063742176293e-41 3.45854711420298e-14 6.19856140007609e-33 0.999999999999965
3.00263566979707e-67 1.05564598741412e-58 1 3.96375831054661e-43
5.82953374204418e-54 3.71579900822119e-42 1 1.72650112535204e-33
1 4.67290365997919e-29 5.12039770592212e-40 7.15869087523926e-23
2.98911141427888e-55 2.42775590579446e-49 1 1.75806423929333e-35
1 1.49643745044237e-38 1.16755111118611e-52 5.75758587776139e-39
7.31236542852808e-31 2.72843786716893e-06 1.33421827108375e-40 0.999997271562133
3.97408467321374e-55 8.92465489992282e-47 1 4.03932820057706e-35
2.80468074797364e-39 1.19961838157844e-36 1 2.06523164028331e-27
8.29521002130269e-40 0.99999999858346 7.958658867636e-48 1.4165401026298e-09
2.76760349353667e-38 0.999999999026515 9.20735121553364e-49 9.7348461310816e-10
5.65943516065658e-28 1.54064005994428e-09 2.38941446536217e-28 0.99999999845936
2.6675500504029e-40 0.999999999999984 1.20658736965671e-66 1.61017439988276e-14
2.04892620394927e-37 2.78247657385034e-10 8.18097552401949e-48 0.999999999721752
1 2.02672257518114e-34 7.55492361617247e-60 4.71590340148784e-35
1 9.03838805178589e-40 7.0848761423699e-48 7.61755614835787e-39
7.34856444271132e-47 9.83351302867199e-07 8.991569968015e-39 0.999999016648697
2.50643900150503e-34 0.999999999977871 5.49395647304184e-38 2.21294124146578e-11
1 1.10628607076637e-42 3.87060452758952e-73 6.76799010225961e-41
1.61399946846004e-30 7.46440460657863e-15 7.23960929249127e-34 0.999999999999992
