1.1602536677504e-33 5.66614522141296e-49 2.60737617269304e-31 1
0.99999999313825 1.35718719230466e-45 6.86174996414751e-09 4.99873083436017e-46
3.10318730226216e-42 1.33926604923385e-59 2.41016915471926e-36 1
6.70875275426537e-38 1 2.34093198505549e-28 2.31644403981401e-47
2.56142228407019e-42 1 1.05779684181459e-34 4.62654759227547e-58
0.999999999873577 2.48068547437359e-52 1.26423208143199e-10 2.41230609297097e-26
0.999999990120703 2.09838880732119e-38 9.8792975804944e-09 1.25590996352524e-34
0.999999999999764 3.33876435609318e-53 2.36489592159897e-13 9.2093212428004e-46
8.14473728597154e-14 8.46988152964097e-35 0.999999999999919 4.23792596580733e-43
1.11903434238113e-11 7.44994114130605e-32 0.99999999998881 7.09608991549623e-28
0.999999999992972 7.29915161570231e-53 7.02836556490391e-12 6.66578196903808e-40
0.99999999858346 7.95865886763612e-48 1.41654010262982e-09 8.29521002130281e-40
3.61584741696442e-10 9.78410024346397e-31 0.999999999638415 2.24001140216703e-37
0.999999998972223 2.68946137277688e-41 1.02777667710123e-09 2.25731889725213e-32
0.999999999999837 2.44358528953202e-47 1.63261919685317e-13 1.34524723259695e-45
4.72410876363795e-42 1 1.37514378445369e-33 4.63384042137932e-57
5.75410834555191e-11 3.87234837083328e-30 0.999999999942459 1.11527252042162e-24
1.10099649851192e-06 2.81798995193935e-35 0.999998899003501 9.82076343741868e-41
0.999999999999996 3.38781725478154e-38 3.91977681684929e-15 2.26328196749605e-21
2.63106990410188e-11 3.30514084551562e-38 0.999999999973689 1.60923271626116e-40
0.999999999999993 6.28106887201761e-48 7.40243150580377e-15 5.37775557079122e-38
1.07555552969952e-43 1 1.21648440615668e-35 3.76420035524704e-60
2.77215953012996e-38 2.33678232995423e-52 3.9754544251943e-32 1
0.999999999990885 8.04636537777271e-50 9.11535466062214e-12 1.08664799253395e-42
0.999999999999817 4.62180260460313e-44 1.82914857172696e-13 4.0349844944651e-40
1.83920693372295e-35 5.35301924638199e-56 1.36729398756519e-34 1
5.69577503579072e-44 1.13207374223805e-62 2.52937455225039e-37 1
2.84986084923668e-41 1 1.26727349971317e-30 4.68660720940834e-58
0.999999983822811 1.08707341399723e-39 1.61771888294505e-08 1.16222716086635e-37
1.71771486591049e-43 1 1.04127676521885e-33 5.78090446164442e-60
1.23301245577122e-37 3.79309556841534e-63 3.38591510205702e-36 1
0.99999999996969 3.51604698237971e-50 3.03096381710026e-11 2.69542413713257e-40
6.68598359278707e-48 1 4.11010108915983e-36 1.26930437876704e-62
4.11963744349125e-37 8.03166812544564e-62 5.74692267317134e-36 1
0.999999963589815 4.87913073576318e-40 3.64101849181188e-08 2.10820715024277e-33
3.81570545661884e-55 1 7.28942299827699e-42 3.64201342575178e-62
1.19961838157854e-36 1 2.06523164028332e-27 2.80468074797367e-39
2.15465396138256e-07 2.9064532563931e-40 0.999999784534604 4.50636535816103e-32
5.77936440007301e-43 1.73657115735329e-67 1.00573646545239e-40 1
0.99999999326905 1.27383746129256e-49 6.73094971236924e-09 2.51408366421774e-44
0.999999999877216 5.41856542535989e-37 1.2278385896902e-10 9.39261240412381e-26
7.62368751441658e-40 7.25822227647281e-64 1.66342631218145e-42 1
7.66831769398866e-51 1 5.22529047041939e-40 5.80211724124367e-57
2.72843786716904e-06 1.33421827108371e-40 0.999997271562133 7.31236542852767e-31
0.99999991043545 3.33554750013591e-49 8.95645494636202e-08 2.17877682629378e-46
0.999999997787189 1.99538896206345e-48 2.21281147429431e-09 2.46964202710723e-38
2.94231679235808e-45 1 1.9425581687718e-33 6.20716005198096e-62
2.76739191699283e-06 1.50102020570521e-43 0.999997232608083 1.40237916274737e-38
0.999999999970919 3.85089477884834e-50 2.90814020093049e-11 2.1361073873806e-43
3.54446948510914e-17 1.89989314026072e-38 1 6.70936847611234e-35
5.38912975045507e-13 1.45980005493605e-33 0.999999999999461 2.54316486681644e-31
0.999999999987738 1.7931742030909e-44 1.22619859753088e-11 1.26946597568659e-45
8.00995752955042e-41 2.81746963320494e-66 1.66081317756431e-40 1
0.99999998888578 2.49433007090768e-48 1.11142199046658e-08 3.09229010868046e-39
1.10628607076648e-42 3.87060452758941e-73 6.76799010225913e-41 1
1.46164615286794e-48 5.34279613568728e-63 6.54142551418577e-48 1
0.999999999987063 7.97197762946949e-54 1.29366337164751e-11 1.25933698752066e-35
7.49387992597326e-51 1 2.77006241911094e-41 3.98488267600691e-64
1.78070395062842e-45 1 7.33488926595579e-37 3.61312330340698e-56
0.999999990435853 2.17768694782788e-40 9.56414684228579e-09 2.31603874781826e-45
1.87025193694427e-31 3.08451023963815e-59 3.73995002499359e-27 1
6.20834855996765e-50 1 7.62872395114962e-38 1.42316082963654e-59
0.999999910479322 1.27268374142829e-43 8.95206782339202e-08 1.54120895039828e-33
0.99999999999469 1.82978924564771e-51 5.30942990097768e-12 1.04187956020383e-40
1.50310266654514e-47 2.00795036847525e-59 7.37671426334356e-42 1
0.999999999992111 2.68396300180653e-51 7.8887943626961e-12 1.85244522190228e-43
4.83468397701594e-08 5.71495647178723e-37 0.99999995165316 5.68649310009143e-36
1.18263570914779e-33 2.33244423450863e-50 1.27640594267468e-30 1
0.999999999298248 6.72385431529359e-40 7.0175231258889e-10 1.63976385556625e-37
1.19475907052389e-38 1 1.41366707326547e-30 9.45718451127622e-56
7.2716090158979e-45 1 2.71795379921343e-35 1.46774183365586e-56
1.82598351501882e-54 1 3.08961458428684e-44 1.86064911987027e-67
4.55848458762636e-50 1 4.15156596009233e-40 5.62411555666001e-65
0.999999678341888 2.48950613003522e-31 3.21658112037468e-07 6.49497568927102e-40
5.62864047734895e-06 5.51339702080291e-43 0.999994371359523 8.61830748117669e-38
1.07909541378476e-39 5.56185721792029e-66 3.11083798870618e-35 1
6.57297869933626e-40 3.24467733439424e-56 6.22936503242165e-35 1
1.27847734674019e-41 1 2.33921675688396e-30 2.03350578270255e-46
2.42775590579457e-49 1 1.75806423929328e-35 2.98911141427866e-55
1.44559645631802e-14 4.31856374079765e-42 0.999999999999986 2.26648391792168e-37
6.71263251902832e-41 3.37212931772024e-65 1.7353247063658e-39 1
2.04379747598623e-53 1 6.28285433443534e-40 1.9899033001159e-60
4.16744495350464e-12 1.37516201739025e-39 0.999999999995832 2.553603149842e-31
1.93368474724391e-32 2.05259562732996e-41 1.52009278515653e-30 1
0.999999999817521 9.74707752732366e-49 1.82478662476696e-10 4.85044681169601e-36
7.37459044842019e-12 1.00315231541206e-38 0.999999999992625 2.40118591945608e-34
3.67561131512612e-51 1 1.31426045960351e-39 1.75164106791279e-66
2.14341944214689e-44 1 1.28837841750132e-35 1.09858419204797e-54
1.54064005994437e-09 2.38941446536207e-28 0.99999999845936 5.65943516065666e-28
2.93262486851133e-12 3.61794959858429e-38 0.999999999997067 1.01527617260366e-34
0.999999947280479 1.48792207655246e-42 5.27195213444744e-08 4.68886454995442e-41
3.0834111257392e-40 7.66124033322117e-64 1.34295606088496e-37 1
1.08523889035022e-05 1.39291589800604e-37 0.999989147611097 2.33438610967051e-34
4.44218560350505e-58 1 4.81712145177433e-42 8.59015929062454e-64
1.79131405591643e-41 1.35244554522144e-61 1.53496090915247e-40 1
7.64766675802337e-16 2.98802014136601e-31 0.999999999999999 6.69818908879594e-45
8.76245424075141e-46 1.46820745337026e-57 3.02856750403056e-42 1
2.28440303809568e-55 1 2.03816907224739e-44 3.40381215002263e-56
3.00278700388821e-46 1 7.91484830726866e-36 5.45849185675417e-54
0.999999999999807 9.81468929102702e-48 1.9332644512365e-13 2.81110580041379e-37
9.3433066431779e-39 1.25123508799337e-67 6.94734866007557e-36 1
7.08161764944706e-29 1.23036537616589e-44 1.89774536632953e-25 1
3.45854711420309e-14 6.19856140007583e-33 0.999999999999965 3.66063742176252e-41
1.20020449561841e-45 1 6.31192710838412e-42 5.54731270153339e-55
1.14600736539581e-39 3.53836511084814e-60 1.23279354871826e-37 1
4.85476730518383e-08 9.56452434992032e-44 0.999999951452327 2.36791300454219e-44
3.7157990082214e-42 1 1.72650112535202e-33 5.82953374204427e-54
4.60837670596529e-35 1.17523900259201e-55 5.85919787772624e-34 1
3.81158185085801e-12 3.43564058713269e-42 0.999999999996188 4.00703228155823e-44
5.25013207339713e-12 5.00726219743173e-27 0.99999999999475 2.10022025996622e-39
5.67691935795858e-46 3.76669977107842e-64 9.87698184111951e-39 1
5.72889560412947e-27 3.81502429102117e-45 7.87747056266399e-30 1
2.88970082140358e-35 2.81359807920032e-60 5.55403678139300e-35 1
1.38903544522569e-29 3.15484830885276e-53 1.15719910911033e-30 1
0.999999996284652 9.10423387748015e-42 3.71534847475509e-09 1.48430106476921e-35
3.21542015294054e-16 5.0311325394251e-34 1 8.09674991483926e-35
6.48996049441299e-44 1 9.27458489347504e-34 4.1781093487549e-54
1.4018185658822e-29 4.62276666478765e-48 1.57601450475226e-29 1
0.999999999957594 2.88503895165257e-43 4.24060615423058e-11 1.434806842041e-38
5.07405139249274e-50 6.88451510660121e-63 5.47938223716919e-49 1
0.999999999999841 1.9665130768001e-37 1.59015537835165e-13 1.20458587258224e-44
1.05993097839841e-43 3.78218062743021e-52 3.59385772012725e-35 1
2.13798135998289e-46 3.0742189784696e-62 4.51424994892807e-36 1
9.00659810664353e-17 6.26053339333671e-25 1 2.87467958575162e-32
1.25150062299982e-55 1 2.32898600154462e-40 8.16379976538932e-61
6.22429959399161e-48 1.21393154395358e-67 1.78223564352699e-40 1
2.12199107115362e-14 1.00275380616703e-40 0.999999999999979 5.70870821375373e-36
2.72614313922226e-05 3.22743450567798e-32 0.999972738568608 3.47918075040063e-46
0.999999999999921 1.970192543596e-45 7.89758715051039e-14 4.3589173528949e-37
1.98786251351129e-50 1.46959167046047e-65 3.54281448945322e-45 1
1.47709819338153e-29 3.24194013265438e-57 4.64665770618038e-30 1
0.99999999933937 1.18193352240601e-55 6.60629479069272e-10 1.64164498534188e-37
0.999998575543875 8.31928248203594e-33 1.42445612454418e-06 3.78490746820748e-31
0.99999996500569 1.02464560454712e-47 3.49943095650707e-08 3.193881219421e-35
5.22041051336839e-41 1 6.19788617897765e-31 2.75673819369747e-52
2.33710670273458e-13 8.30993543056595e-44 0.999999999999766 4.31773856019961e-31
0.999999990655955 1.55788236243133e-41 9.34404477121557e-09 3.57621422841357e-35
1 1.95796057187343e-52 2.68394464929127e-16 8.88142706446023e-38
0.999999999958103 4.31454378569894e-46 4.1896803319787e-11 2.38663956298133e-34
1.02498540194347e-10 5.03066296517485e-40 0.999999999897502 2.08937337670635e-48
2.14440839501854e-39 1 5.95385673300701e-31 2.02364681963951e-51
1.78696294256416e-11 8.83527285085976e-36 0.99999999998213 1.18704360522259e-28
1.90636607417874e-35 9.6691755544989e-63 5.96636928373541e-32 1
4.52316766761712e-10 1.26899817860547e-36 0.999999999547683 2.77105067362537e-34
4.29781855973699e-57 1 5.38927372920928e-46 4.85074805873658e-60
1.08359454284987e-36 1.47778736152363e-55 4.96968445086058e-35 1
4.28180718359978e-37 2.88205287898501e-50 1.59369991028873e-29 1
0.999999999964376 3.17822196320437e-44 3.5623499405318e-11 6.70418695709189e-43
1.05564598741415e-58 1 3.96375831054644e-43 3.00263566979664e-67
1.14153273379847e-52 1 3.33430076597507e-38 2.63264713029009e-61
6.80696345296624e-39 1 4.62208964227751e-29 1.12740106148402e-47
7.48290081537422e-09 1.20802614053239e-42 0.999999992517099 9.41375753570155e-38
8.31964955561304e-49 5.37137820870642e-62 1.41283191407854e-46 1
7.95970515079816e-53 1 3.44969316735305e-43 3.13937631385142e-71
0.999999999999592 1.15339740308847e-43 4.08301601440065e-13 1.84215751979364e-43
6.76072400244037e-40 1.12545346446473e-60 1.57100310888747e-39 1
0.999999999971054 2.20458534471109e-52 2.89461862529273e-11 4.73849445434354e-34
2.47444908591624e-39 1.73369199256054e-58 1.46191560647232e-38 1
5.13766611742992e-39 2.92613205229929e-61 1.47225687554386e-37 1
0.999999999999977 1.32648763978525e-62 2.27603825820812e-14 6.34502075425229e-44
2.87512415849283e-09 5.4894676215663e-42 0.999999997124876 1.94547608210644e-27
0.99999540517515 3.58173335736188e-40 4.59482484985628e-06 1.82654447261133e-35
0.999999999988551 5.68541454870865e-52 1.14488549357703e-11 3.2227182355547e-44
1.31889226425229e-09 2.59916209151156e-41 0.999999998681108 5.70273743947662e-30
8.02477595302356e-42 1.98117076971484e-61 4.4418506871484e-40 1
3.46574107324412e-34 9.4130788549654e-62 4.35973447248771e-29 1
7.44118711901672e-13 2.094874586354e-32 0.999999999999256 4.00139240437233e-39
1.15943904635068e-42 5.83385470138871e-60 1.15728849568563e-42 1
3.38504266446786e-31 1 7.56944898048242e-23 8.90983349234471e-35
4.78811477515321e-45 2.56453410054615e-64 2.76915756656152e-43 1
0.999999993920641 1.41600424490046e-53 6.07935875316314e-09 7.79607645895751e-51
0.999999999977871 5.49395647304192e-38 2.21294124146578e-11 2.50643900150532e-34
0.999999946364482 5.14974366692452e-40 5.36355185573481e-08 2.50639350081193e-34
9.26384084165561e-59 1 1.7991274427251e-47 6.7136186053445e-69
0.999999999999475 1.04812818221644e-45 5.25108156299124e-13 2.79203636528421e-37
0.999999011134489 1.0086605280004e-45 9.88865510966551e-07 2.10165798743501e-35
8.92465489992269e-47 1 4.03932820057671e-35 3.9740846732129e-55
0.999999991131074 2.62648904324375e-47 8.86892570615064e-09 1.4486514880007e-41
9.0383880517864e-40 7.08487614236909e-48 7.61755614835678e-39 1
0.999999845538492 6.06557635411637e-37 1.54461508249746e-07 2.92255176586776e-33
1.59819583344423e-36 1 1.1011849152834e-30 1.63310475484264e-62
3.72801072546139e-43 1.55827559562532e-56 5.26265286552646e-37 1
1.98996398226727e-32 1.02374472539143e-54 7.74214576789e-35 1
1.86381241933437e-36 8.46738704485319e-53 4.08685726506195e-33 1
2.39305181673797e-11 5.78061722845995e-32 0.99999999997607 1.19715615171959e-28
9.64729733436487e-43 1 1.12571453337332e-30 1.46998726971685e-62
1.69545197802833e-41 1 8.89005957335341e-32 2.08455711940933e-58
6.45334426953943e-39 1 3.53787176246966e-33 5.7766169773058e-66
2.49088719602777e-12 1.65093257997313e-36 0.999999999997509 5.91462640576831e-41
2.31155918019994e-43 3.90505308898483e-61 1.23142209328638e-41 1
3.85824084915668e-13 1.5048484404471e-34 0.999999999999614 5.91983126371451e-51
3.06896963516409e-49 1 2.28475828025369e-36 1.22827681663232e-57
1.31749155158614e-45 1 3.83745655550871e-36 1.25421162865327e-58
8.82052204461462e-36 4.75285075876476e-61 5.57435731856225e-35 1
9.29918283757289e-34 1.6017703908752e-54 3.94519079817373e-34 1
0.999999999997608 1.61236056860669e-47 2.39229617519418e-12 1.24414901512912e-36
0.999999838062699 6.41681433003192e-44 1.61937300768131e-07 6.73371678388603e-37
0.999999999996282 4.46743148254371e-48 3.71791376251882e-12 4.57702231950717e-29
0.999999999999238 6.85509721890412e-60 7.62225652036248e-13 5.10782912126976e-50
0.180651252118111 1.09972725804096e-36 0.819348747881889 9.75726433441696e-33
1.91605875016982e-46 1 1.49530656630778e-37 2.39248120755072e-53
0.999999999999994 4.78951480454569e-60 5.73511773128316e-15 9.81393597725024e-48
1.3211374487652e-44 6.52530716299715e-57 8.1132172365782e-42 1
4.97789418741778e-12 7.86870238713105e-32 0.999999999995022 6.77695004452113e-40
2.24587895915473e-54 1 1.35673503506924e-41 1.3844465524173e-64
3.05722175259313e-52 1 6.56743702924309e-41 2.21861987608198e-58
0.99999999366649 1.8129282679582e-39 6.33350976953211e-09 1.22079428033338e-38
4.12189022796952e-34 1.34621277578201e-49 8.2597423959772e-35 1
4.96437767251621e-44 1 3.84544254067079e-28 1.47866401885017e-48
5.16662706609748e-52 1 1.08880435673358e-39 1.47923490276464e-74
0.000642162728049873 1.38374075089151e-40 0.99935783727195 3.67904747823077e-32
0.999999999026515 9.2073512155339e-49 9.73484613108191e-10 2.76760349353707e-38
0.999998997177252 3.27514081825339e-51 1.00282274792028e-06 3.54511440742985e-43
2.25517096778031e-12 1.2725010860974e-35 0.999999999997745 7.81625881890333e-41
9.72855643158864e-44 4.54613349473223e-68 3.58212551866651e-43 1
0.999999999999995 4.62855303748604e-57 5.01252940477373e-15 4.37915099348552e-38
2.21010845453442e-51 1 2.83413566947189e-32 1.27334113830609e-57
1.10140666921189e-10 5.48061119470318e-35 0.999999999889859 5.60112045961822e-39
3.13667767425288e-36 8.56711846384454e-53 8.40331957321806e-30 1
0.999999999999195 8.18935428122022e-56 8.04748230929646e-13 9.6471166314123e-39
6.73226438792564e-57 1 4.30805225415163e-44 1.2381350157706e-63
3.15476613714927e-32 2.61238398355345e-53 4.35799484333174e-29 1
1.55850065395896e-44 1 1.00578478771925e-33 2.4749372973751e-48
7.85309540386942e-58 1 1.40446545623542e-43 1.755881370737e-73
0.999999999991825 1.8677607301575e-45 8.17507403416597e-12 3.30356348689541e-33
4.67290365997946e-29 5.12039770592168e-40 7.1586908752386e-23 1
2.52892836207983e-36 5.76969955859267e-48 7.4545446006545e-37 1
2.63231765655465e-30 1.47804547049898e-48 1.88098120012117e-29 1
0.999999999926306 6.76946426775549e-49 7.36941692169654e-11 1.54750906522423e-43
1.14039758762513e-35 3.58460416143348e-67 3.44119870525316e-37 1
3.4300646843399e-41 1 8.74688817041025e-35 3.57610312290403e-54
1.65670153347509e-27 2.14995108980154e-55 9.73256368588451e-28 1
4.2707956655883e-10 5.01500101966586e-30 0.999999999572921 7.98139882946637e-38
1.54473273636486e-46 1 4.8790270546155e-36 2.58396852623737e-60
8.09035657607448e-44 1 3.79552523460973e-31 8.00810874418829e-48
0.999999999999073 1.86463431743538e-43 9.27287188178625e-13 1.4247140612474e-34
4.38649416646267e-43 5.72819584345515e-60 3.67948217014954e-39 1
1.27849178153842e-38 2.16511740582417e-69 1.79058688653737e-43 1
7.9844683613245e-11 1.1420054474162e-28 0.999999999920155 5.76364705949061e-43
2.78247657385037e-10 8.18097552401903e-48 0.999999999721752 2.04892620394913e-37
3.27234355431966e-43 1.55470774788332e-61 1.68880926528373e-43 1
0.999999999999929 2.1390689361098e-46 7.13887285350537e-14 8.39979316840429e-39
0.999999999999984 1.20658736965671e-66 1.6101743998828e-14 2.66755005040313e-40
7.46440460657905e-15 7.23960929249065e-34 0.999999999999992 1.61399946845974e-30
0.999999999974687 1.39855926793135e-47 2.53125545636059e-11 6.68264378063019e-37
6.9874912424381e-17 8.76153288570416e-43 1 2.8180692023817e-35
3.12128133821438e-48 1 3.69484662639102e-38 1.36610662073197e-72
0.00661476230699397 4.22625629054784e-23 0.993385237693006 1.63541011505695e-32
0.999999999778994 8.00542872978326e-55 2.21005885040219e-10 9.49876039819156e-44
2.02672257518114e-34 7.55492361617118e-60 4.71590340148717e-35 1
2.24118509023013e-11 1.22941387803591e-41 0.999999999977588 2.17051550144481e-38
4.26499177181894e-50 7.34669363950779e-64 4.04261674023886e-46 1
3.46241875850746e-47 1 2.96564919567758e-38 1.46905239948651e-60
0.999999999998901 2.4584732405569e-43 1.09881310521554e-12 1.7087939868801e-37
4.58264859266436e-10 2.02792221257807e-44 0.999999999541735 7.19428852568708e-32
4.6912457779739e-49 1 2.31484041410649e-39 1.67900248384859e-69
6.72157230372516e-55 1 1.16201357843777e-42 2.26133351826626e-59
2.20977336807314e-40 1.10429896637531e-63 6.05942399644319e-37 1
4.07926412509516e-55 1 2.29765869392807e-38 2.89457178185554e-67
3.37816501955542e-43 1 9.01591618198197e-29 2.58996307327582e-55
5.76133814826751e-12 8.06015274353088e-25 0.999999999994239 3.29072538837498e-38
1.81738527323702e-39 7.00741115054966e-62 1.22753200814806e-37 1
0.999999756454035 3.96859252285791e-52 2.43545964768056e-07 3.1251056713996e-44
9.500871003054e-48 7.66744028456203e-66 1.80645657141675e-43 1
2.47281993316019e-50 1 1.70678672504216e-37 2.07272598179961e-63
0.999999999999998 9.45903269388854e-56 1.63770239001129e-15 9.15526608295937e-42
1.03757712269618e-09 7.62069497768467e-47 0.999999998962423 1.75701669939269e-42
0.9999999999859 2.41123619404286e-52 1.40999127471511e-11 8.48879732627219e-39
1.03934116119202e-08 7.43067588375242e-27 0.999999989606588 9.29160390286022e-32
9.92566735593784e-37 3.17876282272666e-60 1.5321385830613e-33 1
1.15022277424762e-41 2.21043994526616e-66 4.59828463379881e-38 1
1.34677114523532e-37 1 1.12694760943761e-25 1.48510505119429e-53
2.89338510551011e-38 4.35922714229806e-65 7.58797791747206e-30 1
9.55128549030681e-43 1 2.7145996767576e-32 2.47778690010783e-54
0.000246510641273967 6.71239442849773e-33 0.999753489358726 4.88919749213654e-32
1.59937751367921e-08 7.5035368578949e-28 0.999999984006225 6.3130982411437e-28
0.999999987848297 4.99700809309978e-52 1.21517026183018e-08 1.17460420261181e-47
4.66526579161126e-13 5.59884470225933e-28 0.999999999999533 1.08162688786171e-42
3.51842962219069e-41 4.62991451757575e-60 5.56137354631959e-36 1
1.70887298767508e-45 1.36655627372291e-59 3.78461279067994e-40 1
0.999999999790584 3.55099060574676e-46 2.09415845096394e-10 2.0566494084609e-36
3.03187694579374e-39 7.23971421792253e-54 1.0486664769633e-34 1
2.24825632234505e-38 1 4.007809591057e-29 1.60479833961239e-50
0.999999961680225 2.07391318769391e-50 3.8319774720066e-08 1.20617593891647e-34
0.999999999999994 5.88856122476242e-46 6.31952841745309e-15 3.64705302355326e-41
1.02359443420362e-44 1 2.95235684877472e-39 6.1856309100593e-58
8.8854045327402e-59 1 9.82044280676984e-42 5.95052863962593e-66
1.49643745044239e-38 1.16755111118592e-52 5.75758587776058e-39 1
7.94198968798519e-39 1 5.25218512522541e-31 1.32777029299177e-48
0.999999999744418 1.01680310389689e-42 2.55581921345381e-10 1.2506283341807e-50
2.38144325921045e-56 1 1.2492650282952e-40 2.55191017606644e-62
2.60290566059895e-34 1.32978707553506e-51 2.29353532556852e-31 1
1.95529820786992e-10 2.76584473472165e-38 0.99999999980447 1.49096425309871e-30
1.06694595928379e-38 4.24080697314121e-61 4.66203360705398e-37 1
9.83351302867209e-07 8.99156996801474e-39 0.999999016648697 7.3485644427107e-47
4.89586269372762e-46 1 2.44745197900939e-36 3.05255181434788e-62
9.02916376377844e-42 1 1.52301957896399e-37 1.22986093486394e-54
0.999992693481558 7.03778520354171e-44 7.30651844250697e-06 5.04396214920837e-43
1.92406720010613e-07 6.8645488552652e-33 0.99999980759328 1.66041875259008e-32
3.1612237833684e-43 1 3.93030188406577e-35 6.22061709011696e-65
