1.24034734273967e-36 2.45054801401099e-05 5.41166747871304e-37 0.99997549451986
6.94392553721301e-34 0.00069874339416711 2.41039595759189e-32 0.999301256605833
1 2.09722580585173e-40 3.30264962767625e-56 5.98561415533442e-36
2.60552748750274e-40 0.999999999999985 8.1650539997655e-45 1.49829469050634e-14
2.91592190876781e-48 0.999999999977114 2.83879252511635e-51 2.28864139323373e-11
1.41375420767834e-47 3.40589378883002e-06 1.15499778183036e-38 0.999996594106211
1 4.36546471807338e-52 1.11016225985118e-68 7.56072448900346e-54
1.47257387613516e-38 0.999999999987954 6.77694680842601e-48 1.20463999750134e-11
3.82227992140253e-39 1 9.86078794379618e-53 5.5059624580689e-17
4.51805219813838e-29 8.38439816306697e-09 1.24974970622363e-27 0.999999991615602
2.28450342376788e-41 4.03906839650326e-06 3.66495908031559e-35 0.999995960931603
8.13005183058915e-28 0.999999999967999 5.88001786003398e-37 3.20007828247205e-11
1.73737553146241e-68 1.6973528636307e-37 1 7.7174778870546e-31
7.99674394683931e-41 0.999999999996647 8.24312841847781e-51 3.35315942085361e-12
6.1451001231829e-40 0.999999999534823 1.34300457741237e-48 4.65176638221203e-10
8.39559543123875e-49 0.999999999999987 4.29287276820015e-61 1.33686337488459e-14
2.44060994208798e-40 5.52061845649601e-32 1 1.09733517017839e-22
2.78665522861607e-42 0.999999987547727 5.85915402780276e-43 1.24522725115597e-08
6.39554603368307e-63 5.49682502538676e-43 1 7.70490998147778e-35
3.66483588230603e-45 0.999999999999984 9.717685907825e-56 1.57982929986433e-14
1 1.59378173823551e-45 2.03186762765526e-60 8.49494419217891e-42
2.59664747979752e-59 5.8320512655206e-45 1 2.02096031720966e-35
6.42722487046434e-39 0.99999999993781 3.22259487668067e-49 6.21898737319894e-11
1 4.69958814816936e-49 2.91954227528482e-68 8.08452860300606e-47
4.00866604759488e-41 1.50033278990188e-10 7.83325246966303e-31 0.999999999849967
1 1.41717706105515e-45 7.93374824949805e-65 1.03165175105014e-47
2.95595498915794e-41 4.58966014596017e-12 1.00055308584435e-24 0.99999999999541
1.72383146368308e-31 0.999999811261201 1.4114175083396e-33 1.88738798736398e-07
1 1.05039982065618e-42 2.45769663162719e-67 5.06198097642542e-42
1 6.57372521076179e-40 1.65483306039788e-53 2.4692627941957e-43
3.25178693181795e-33 3.55095881793717e-12 1.61316004585487e-32 0.999999999996449
2.22653566088817e-35 0.999999999998252 2.94583081939799e-38 1.74831368527002e-12
1.23249275867558e-39 0.999999999759664 6.90983740580934e-40 2.40335939764761e-10
3.09518986560305e-54 1.8188640768041e-39 1 6.61023006627829e-31
2.10016523320228e-58 9.06731701737198e-43 1 7.25539220864059e-34
1 5.29807214465707e-46 1.79484536003073e-59 2.94246494201701e-45
8.14355969358172e-37 0.999999988185446 5.40993467547305e-48 1.18145535481426e-08
7.50384703110962e-56 1.85986139043314e-41 1 1.27975528435792e-31
5.93339439599742e-45 6.60544716418568e-13 3.47503015026548e-27 0.999999999999339
4.05135542362332e-37 4.22910123779809e-10 1.66857128937546e-36 0.99999999957709
1.15863020542963e-49 0.999999999999998 4.02839695956126e-60 1.77727578405972e-15
1.01579691076891e-43 3.21268693462384e-11 1.89608440408103e-30 0.999999999967873
1 5.17954638415811e-40 2.41490562745859e-60 1.93178406892555e-40
4.77913989939324e-61 4.6650911909194e-46 1 1.29950663905361e-36
3.38463147624893e-52 2.74297777387981e-44 1 5.29994229893949e-31
1 1.31942142857794e-27 8.39000739544899e-47 6.0553901038397e-32
1 1.93135317888573e-32 1.52808266826564e-61 2.14500960943887e-29
1 1.56267869852512e-45 9.42733425323076e-65 3.82258012607843e-46
3.44169311029424e-37 0.99999999941256 7.31234686656998e-42 5.87440269545408e-10
6.32842136262597e-70 1.78174308273875e-51 1 9.69274579671075e-38
1 4.73579324445122e-37 9.29980070687177e-55 4.70651954800461e-32
1.28396511750101e-35 0.999999999598031 5.19398560946536e-42 4.01968710072465e-10
1 2.14595171974299e-32 3.53697929528436e-42 1.23469567151463e-31
5.03188146359622e-47 0.999999999999952 1.11995692542295e-47 4.77343419261989e-14
1 1.27946389098048e-39 1.01842420789857e-67 5.81562795426331e-33
1 9.06497012071477e-47 4.25813604428027e-57 1.05479556243575e-40
5.90846297702632e-47 1.98902708022242e-12 2.50354733389793e-38 0.999999999998011
2.02218888382589e-41 0.999999999999987 8.31243276394464e-57 1.29628267416337e-14
1 1.1006271048065e-50 2.11105170215322e-65 2.88533436098185e-48
2.83318100571917e-44 0.999999999999065 8.76626642087523e-52 9.35148837048891e-13
4.14278252756549e-31 5.31094914805509e-12 4.37477061122267e-30 0.999999999994689
4.44584607152125e-53 1.92820485838319e-11 2.60269928945166e-40 0.999999999980718
3.99938269124427e-37 3.09246846029626e-17 1.39256115127481e-24 1
3.53287600451889e-66 7.86096815349207e-57 1 4.04002091723339e-41
2.79210143298659e-70 1.98595265487075e-58 1 2.29553521173266e-47
1 2.92704653138471e-41 2.87694105196223e-66 9.58298129844825e-40
2.23514818676546e-69 1.1830447905207e-58 1 2.34436515000129e-43
8.40229752269128e-58 2.89555694780432e-43 1 4.4458395460352e-29
4.12818032203095e-46 0.999999999911923 2.91172839245682e-50 8.80766657530372e-11
1.75102698049206e-33 2.52554604156452e-10 3.4437688318129e-42 0.999999999747445
1.02276788161037e-32 0.999999999999653 1.91272961987548e-46 3.47013796772982e-13
1.25948219986219e-54 6.35022168067076e-45 1 7.58672101079922e-28
7.80796350083422e-46 0.999999999967245 1.17463909991737e-54 3.27545779502533e-11
3.56341919408589e-45 0.999999999997553 1.1617756517923e-48 2.44676367869484e-12
1 3.56833170183611e-36 3.17192613737591e-53 7.62499454703677e-39
1 7.67353604146531e-43 2.79543213816382e-63 3.57396109878835e-39
9.54782468262996e-64 5.86482060955817e-44 1 1.62916362179215e-35
1 1.5019261586802e-33 4.7317756200393e-55 5.09636353577442e-35
1.64363460743873e-37 0.999999999903085 4.09049782735817e-52 9.69152338358836e-11
8.04928738179454e-37 0.999999999974059 2.78732747485023e-49 2.59414514601585e-11
3.54398229974896e-39 1.35705055507941e-16 9.05752737675346e-34 1
5.34275529322435e-43 0.999999999996999 1.82150587144997e-51 3.0006516936405e-12
1.69489072750165e-53 4.69280580419155e-37 1 2.5561728274472e-26
9.62326192245723e-42 0.99999999985663 3.70509805626775e-43 1.4337044048022e-10
1 3.91648561731124e-46 7.48102302216763e-59 6.66338850103049e-44
1.33626925737043e-35 0.99999999999186 3.6373773446306e-57 8.14032780553650e-12
2.71206390552583e-39 0.999999999998987 6.68802675064426e-53 1.01304217695858e-12
3.98903921560905e-44 1.79121783392322e-12 2.14385670840491e-35 0.999999999998209
1.785136434661e-47 0.99999998718807 1.40291336259116e-49 1.28119300882019e-08
2.82694102429496e-55 6.52279575597012e-44 1 9.0095449979169e-36
1 5.31128562223183e-52 3.07970962506547e-67 4.88918325082001e-52
1.03849132975645e-44 2.58722072818991e-14 1.27746488145327e-32 0.999999999999974
1.40227876631599e-55 2.09357682071664e-46 1 1.04362546425899e-37
1 4.95160697822217e-31 2.51314633267177e-48 9.58761474728739e-30
2.10494658740682e-61 2.62817757861535e-52 1 1.32853526082848e-40
6.47742433401412e-42 0.999999999989695 9.3805636537642e-43 1.03053095996168e-11
9.11454856584744e-68 3.13040277840241e-50 1 1.77612845047698e-40
1.04814832490132e-55 3.99599138919049e-39 1 3.10273892820626e-29
1 2.37423292530781e-42 7.25345688619389e-59 2.70380083581358e-40
1 7.11005651868659e-37 1.39626791012751e-56 1.53355010220241e-36
1.90863220677514e-44 1.9591484939445e-09 1.38742935747826e-46 0.999999998040852
2.61733967340299e-60 2.36448980980901e-45 1 5.08397796210717e-36
1 2.36929597364437e-29 1.34501091051941e-53 8.81248082659571e-32
1.27093094203709e-37 0.999997662255247 3.17103027162469e-40 2.33774475304177e-06
1.56055206483519e-32 4.15512378398952e-12 2.58000604834016e-36 0.999999999995845
1.37718406036934e-38 0.99999999999993 6.01631749433249e-46 7.03944904087591e-14
7.19812633212436e-58 2.16376075478581e-49 1 1.43398652916792e-35
3.41955163082172e-38 0.999998623239669 1.22146179528073e-45 1.3767603309972e-06
5.44740798049163e-40 0.999999991366207 1.16906244985475e-39 8.63379325498316e-09
2.09563085070253e-65 3.23035374312085e-54 1 1.72427740712444e-40
1 8.75498087935471e-39 1.38565159537997e-70 1.47866243171016e-44
7.00695332498853e-65 4.15876170831679e-55 1 1.78861298933466e-41
6.94081094486621e-62 5.9209511206758e-50 1 3.7052033968308e-38
1.23793216025529e-64 7.65612409873778e-58 1 8.93082246623796e-47
3.33391919072986e-65 7.34324684021817e-43 1 5.06414732358822e-31
8.47971275793838e-48 2.01930990475899e-41 1 8.2383518799928e-31
2.86080799432675e-67 6.88874251496088e-54 1 6.97163339940341e-45
1 4.5046033933585e-48 2.66584830429018e-65 1.18770758180767e-39
2.66597252948814e-63 5.87427149532853e-42 1 5.30023767025686e-31
1 7.45493711861244e-50 5.82857814889614e-71 1.47993435183899e-44
2.91118663768281e-39 0.999999999999982 3.11903056703985e-47 1.76498641779425e-14
2.2956242269101e-78 1.67772906883402e-58 1 1.06964053906743e-43
9.20557294380987e-39 0.99999999977423 2.78702781721596e-46 2.2577016243589e-10
1 1.07166078113467e-37 2.86941881657345e-63 2.70513186838605e-38
1.26864331913522e-41 0.999999999594919 5.20501953001678e-48 4.05080994321798e-10
3.38071277135527e-38 0.999999999988868 9.24836295366877e-54 1.11316631147739e-11
9.39256773582179e-59 1.04498270136393e-38 1 2.91911581008966e-30
6.42045154111201e-38 1.22481316292318e-17 4.16235815021931e-39 1
9.29492286388715e-50 6.32631309988592e-38 1 1.35379613515512e-28
1.69663200880596e-45 0.999999999956878 3.2288858470976e-44 4.31217364153973e-11
7.25447298590956e-35 1.06577578672439e-09 8.33771950705358e-28 0.999999998934224
1 3.7920328687628e-40 1.82790336063434e-65 6.0870819804402e-40
9.16584957916174e-60 1.74114239512527e-51 1 3.95785005462564e-33
4.51582849521765e-45 0.99999999999981 5.32791958417894e-44 1.89997730980651e-13
1.17280092406954e-40 3.9148304073511e-09 5.32242143986792e-43 0.99999999608517
1 3.4770482958872e-52 1.11824387104778e-68 5.58386872996226e-49
5.32456156539863e-36 3.04074819409338e-14 2.74185972942317e-44 0.99999999999997
1.15410694041398e-39 0.999999997020368 3.96036855148881e-40 2.97963215832425e-09
9.43575436449414e-47 0.999999994447284 6.83163519813707e-41 5.55271622680216e-09
9.68862379096887e-47 0.999999999999728 8.94530949016382e-38 2.71529136654249e-13
1 5.27802841681636e-41 1.23359284375367e-56 6.39342563406817e-44
8.32654659268532e-35 0.999999999999957 4.57108779848149e-44 4.32442058141364e-14
1.01128251233239e-66 2.06226967251613e-38 1 4.71030956327017e-33
1.25401881051444e-65 7.22340001053118e-57 1 1.49464387178511e-44
1 1.60002344133289e-40 3.49358342837734e-62 6.64362810658928e-42
2.34770929699465e-43 2.78122647277561e-12 1.79683308753817e-36 0.999999999997219
1 4.78551843432224e-41 9.54349821031473e-63 5.51928888987119e-41
7.86962253057481e-47 0.99999999718107 1.92416596020828e-49 2.81892942449522e-09
8.81136342156402e-45 5.43477261269449e-13 4.47046974378245e-28 0.999999999999456
2.18029700500188e-51 5.35133994855631e-17 2.06650635758955e-31 1
1 3.22815046776174e-41 7.57752659853929e-65 2.90665704024799e-42
3.57729333462682e-35 1.20273715858358e-12 6.01864797540178e-40 0.999999999998797
4.06266993227756e-40 7.03554696815857e-15 1.34416607474191e-42 0.999999999999993
1 1.21273726810361e-43 2.83628272018506e-75 2.22249785588912e-43
3.91170407915161e-75 2.38350769342736e-48 1 1.29225182811525e-38
2.70980892440758e-45 0.999999227633377 2.25261137662013e-51 7.72366623137534e-07
2.99540497348365e-55 2.07814385515659e-42 1 1.09442146712502e-32
1.21021749843823e-38 0.99999999999994 4.02911951696087e-48 6.04758673823346e-14
1 1.64162529928158e-48 1.03352238736783e-69 1.45479171929943e-49
3.99384874759717e-76 3.62633295919278e-50 1 2.34695137917367e-39
1 7.29246422413361e-45 1.89008278272645e-66 2.36882190260483e-45
1 1.20933279475878e-36 4.76350228744981e-63 6.56763200911828e-38
1 8.3147533406188e-31 9.22775156821675e-60 6.53232423923539e-33
2.14034644315757e-51 7.61180771314539e-39 1 9.180934825831e-31
1 2.08790368085374e-42 1.56780683954899e-60 2.24255574216318e-39
3.11598217898332e-35 0.999999950027744 5.28506061970764e-37 4.9972255686722e-08
1 2.57909492559118e-39 3.94829086945405e-54 9.81653184778978e-34
1.12640036644419e-38 0.99999999999998 1.19775272211126e-45 1.96235054370612e-14
4.81939100772838e-37 0.999999823586725 3.23149548722484e-43 1.76413274964906e-07
1.79525837482864e-57 3.42131608447187e-55 1 4.39370389015033e-45
1.14250496077735e-35 5.26059335424559e-07 8.60326567519937e-41 0.999999473940665
1.82108509438517e-40 2.15602704117123e-36 1 7.56349966660481e-28
6.48535161316141e-59 8.7607356765842e-42 1 3.29447540010809e-33
1 1.89917823690427e-45 8.6696770543785e-68 2.5893726778824e-47
1.42298641407984e-41 0.999999999999981 1.53779775846281e-47 1.90197414568349e-14
6.70965514006598e-41 1.79049432731607e-06 4.85555937765155e-44 0.999998209505673
7.88180877655786e-33 8.78697766668839e-11 4.03397632308739e-39 0.99999999991213
1 3.7981260291601e-36 1.45667697763832e-54 2.83228684630662e-35
4.9649691393701e-60 3.73280519518341e-47 1 1.28500917515153e-35
8.09895075157431e-38 1.13020339941324e-09 7.32560278871906e-27 0.999999998869797
1 1.83430328226351e-42 1.97457225707342e-67 1.37334795996441e-41
2.4335749095988e-68 4.31948778999396e-47 1 1.09230387495085e-36
1 8.5011176232877e-44 4.34144456337318e-63 1.31506303262339e-45
1 2.06672392342395e-42 1.0677625987716e-60 1.12451811123674e-37
4.84644499737805e-58 4.4764873800115e-42 1 8.28042218133633e-38
4.85400233169619e-36 1.21296784967635e-07 9.82360930446372e-33 0.999999878703215
3.35377208571966e-69 6.59947837776162e-55 1 1.95611643699773e-41
7.29507526264491e-60 2.2073268900427e-46 1 2.54358625183287e-42
1.7859758788793e-35 7.72105607589526e-11 3.59253018306854e-42 0.99999999992279
1 3.89135948650402e-28 4.48216444063818e-57 9.07494379628064e-30
3.1809264230215e-49 0.999999997134571 3.03641814004176e-52 2.86542855633239e-09
1 5.41480439650981e-43 1.69041287652269e-67 1.03179528357453e-43
1 4.75304063597731e-36 1.67055643723555e-68 6.78601793557568e-39
2.46140946555572e-44 0.99999998973695 8.66932163705754e-53 1.026304955121e-08
1 7.43780408688838e-42 1.59911413078749e-72 1.16075519438291e-41
4.34115537369541e-39 4.39320168578438e-08 1.01422824663687e-36 0.999999956067983
1 1.51460753350522e-34 3.74124527392663e-51 2.21264942414372e-33
1.12595412556188e-64 9.82754231079534e-48 1 9.96381239435786e-39
2.70456362049587e-32 0.0274267077861037 2.41805260167946e-23 0.972573292213896
2.76188583841667e-40 0.999999999999692 2.22836870904079e-53 3.08119297354792e-13
1 1.77863849993594e-36 9.40848531084311e-66 2.6271949290236e-33
1.07545157427224e-51 2.24454159454237e-39 1 2.27357914182789e-29
1.07971036928231e-28 0.999999999906628 2.33822176188628e-52 9.33721126839532e-11
1 9.08839799739333e-43 6.19346708979197e-71 8.75631473359105e-41
5.87903839211876e-36 0.999999999988083 2.52248346394001e-46 1.19172706637337e-11
6.27996934313512e-55 1.99660634346058e-13 2.51896928640478e-34 0.9999999999998
4.46685538925251e-30 0.999999999999369 1.57091713323717e-48 6.30944211708738e-13
1 3.12419852600556e-31 1.3339313468667e-50 5.60912925115642e-32
2.31932094765386e-48 1.19316658267768e-08 3.67659092328288e-44 0.999999988068334
2.23612347604156e-53 0.999999999495065 9.86822907434058e-43 5.0493545170073e-10
1 7.41587136310808e-37 6.77401582152386e-63 2.67265937312471e-36
1 1.14680175871678e-32 1.18751748463376e-54 5.09152982946855e-31
1 1.02968949075797e-41 2.64469002913792e-67 4.04780443169839e-46
3.5051234957074e-35 0.999999990610022 3.71438064086041e-40 9.38997821514261e-09
9.25696996779822e-40 6.07921775979e-15 3.98874929181196e-41 0.999999999999994
1 4.63925167884917e-53 6.90090363147657e-68 2.70698119022715e-54
4.02186667208099e-63 5.06867050848599e-42 1 7.21103664501523e-31
1 7.21562067594836e-48 1.39182701675598e-67 1.80875044971082e-42
1 2.0447827947128e-41 8.36512849193329e-51 1.42871315037796e-42
1.66177290433556e-40 1.1269524476047e-17 6.71983430195134e-43 1
1 1.3429413311131e-37 2.81518668700839e-55 1.17669558451193e-35
4.79884951912845e-42 1.47628051677556e-06 3.3019674949311e-43 0.999998523719483
1 7.78642339092874e-37 1.37244848998822e-58 7.20112598931205e-38
1.64691793366572e-48 1.59793881195691e-12 6.31684136187181e-42 0.999999999998402
1.05071263303339e-41 9.5800640894798e-11 5.42265616832485e-35 0.999999999904199
5.30918343535476e-68 1.33897096345813e-43 1 4.57473020768792e-36
2.62484658889003e-40 0.999999999981077 2.59497638615236e-47 1.89229654552079e-11
1.72688836756575e-41 0.999999992045333 2.11314340272189e-48 7.9546674860053e-09
1.41356095021809e-41 0.999999999999265 1.28867836617362e-55 7.34744737307299e-13
6.38232933415845e-60 3.90407641645331e-49 1 3.46602908190572e-36
1.08877791980132e-62 1.64419869742318e-55 1 1.38394882774611e-40
1 6.11844559051616e-33 2.22578155021373e-53 1.58170685263057e-35
3.72783320397948e-52 0.999999998549977 6.25589872901405e-54 1.45002276705943e-09
2.08890982334341e-47 1.58799740564321e-14 2.96698671588597e-35 0.999999999999984
3.005694804454e-34 1.87558604870862e-07 1.432018985314e-40 0.999999812441395
1.10906743588875e-62 4.54655309398914e-57 1 6.40720121616968e-42
5.84083763426994e-60 4.144003381783e-42 1 6.46988599729428e-35
9.05892220628153e-41 0.999999999999999 3.17785312531903e-67 1.20105127223154e-15
2.11673110135825e-70 3.05541380971476e-59 1 1.77069466043713e-41
1 3.36274324448197e-44 5.87779270717378e-64 1.72478223319764e-38
1 1.90178487499699e-37 2.84316232004107e-66 6.32622516358173e-36
4.94147350635226e-60 1.13231982931818e-44 1 1.52569018258165e-39
9.37190234484106e-41 2.21853110204421e-11 9.99831849335999e-42 0.999999999977815
1 1.18161719565268e-46 6.80448819119916e-62 3.97848326182884e-43
1 3.91202721475801e-32 4.23299665664747e-45 3.63545867553387e-28
2.84193183811805e-60 1.67364192304657e-47 1 3.5339228647844e-35
2.30374044345801e-38 6.57944058914282e-10 6.49726588590177e-48 0.999999999342056
1.04031462257e-64 7.62907434751857e-48 1 2.35014760256871e-36
1 1.10247722061509e-41 9.60857913326495e-66 7.14510181854555e-43
1 2.86075229782247e-35 1.72668080352179e-59 8.74989829828785e-40
1 2.89612898357425e-38 3.54180042175098e-65 9.42393120273769e-40
6.98015792395954e-51 1.17263521345529e-44 1 3.36296912260171e-34
1.04903767239809e-35 0.999999970606913 1.63680497700773e-40 2.93930871512234e-08
3.66395497641643e-23 0.999999999999998 1.91462460979892e-38 1.92826272650814e-15
6.44666245643297e-66 8.74578868813924e-46 1 5.60747289863548e-34
7.66953734655891e-75 5.64696913906678e-53 1 1.45778717124994e-42
1.10314251008821e-61 2.67434085762195e-46 1 2.46052287152272e-36
1 4.09045298922252e-37 3.46131185483635e-64 2.81545690965006e-40
1 3.16028383598443e-37 3.12560908925056e-59 1.58141283726997e-38
1.2165079448635e-46 0.000108860753041403 3.98513842512769e-32 0.999891139246959
3.35072388387341e-35 0.999999998497249 3.34553186169328e-41 1.5027505018543e-09
1 2.39192354131241e-46 2.55895697381012e-72 3.2046749366365e-48
1.0933342788259e-59 7.61003213650707e-51 1 8.85293768380988e-40
8.09183097587052e-34 2.07903854151257e-15 1.46018043286012e-34 0.999999999999998
5.08736747312423e-76 8.16184024938817e-52 1 4.7780596196229e-40
1 3.8126245352624e-51 3.6951837169972e-65 5.51334870744135e-48
8.32603918701976e-62 1.82195473138678e-43 1 2.30574015249106e-34
4.91771322756632e-36 0.99999999403077 1.22945416099931e-50 5.96922948923599e-09
9.13372274560965e-44 1.10480166908752e-13 6.44136416037952e-33 0.999999999999889
7.28685539676222e-59 4.51895145839577e-54 1 1.28172736355274e-42
1.16122599102317e-68 1.96891707102963e-51 1 2.02182222983466e-41
4.38146775824179e-59 1.13732361355894e-44 1 3.94734194834588e-34
3.7617849139506e-46 0.999999999999938 4.50371623055381e-45 6.19769110988519e-14
3.93683226710048e-70 3.63328723985904e-55 1 3.58066353247234e-38
9.21302224496838e-51 8.16791998266716e-13 8.30304932689706e-30 0.999999999999183
1.90454676773166e-47 0.999951837946191 3.19172086575916e-43 4.81620538092537e-05
6.10467653052095e-35 0.196700435729266 8.93594322806356e-37 0.803299564270734
8.24531418055938e-38 2.73125293249404e-12 4.45081337797837e-39 0.999999999997269
4.47463898858031e-37 2.75151305383331e-12 2.60870558589252e-38 0.999999999997248
1.1213415307242e-47 0.999999993433097 4.64366069575543e-46 6.56690315328249e-09
2.58882774554459e-49 0.99999999999949 8.60889666120895e-53 5.09640686867066e-13
1 5.04372206933694e-43 6.94103545219961e-69 1.84669748355353e-41
7.67076959661679e-66 2.54462631209971e-53 1 1.21960914734439e-38
1.34054067795983e-36 0.000100884398961269 3.68810050920529e-41 0.999899115601039
5.14338692235208e-33 1.44898538499551e-12 3.26217738948363e-32 0.999999999998551
6.93008056877946e-38 0.999999940646795 1.5095217634789e-44 5.93532051378939e-08
1.70975989096711e-35 0.999999998665865 6.86078092573571e-39 1.33413451758097e-09
5.36273436267787e-46 2.63983104198027e-13 1.89765097389273e-32 0.999999999999736
4.83887091890936e-44 0.999999999992666 2.05240186247598e-50 7.3338249175488e-12
3.35026678331984e-36 7.15490886268303e-14 4.83968422422107e-34 0.999999999999929
7.04562471283745e-47 0.999999999999941 1.47310666582786e-62 5.8535036762916e-14
1.31403439354454e-67 6.39048472206156e-51 1 3.55218732189385e-40
7.66769371196646e-42 0.999999997933086 3.61834967441625e-48 2.06691411770772e-09
2.53542742218185e-42 0.99999941595209 1.63699999889275e-31 5.84047909498283e-07
1.82559834706877e-45 0.999999999999378 2.57018114615145e-45 6.21963594096191e-13
1 3.8197896563021e-45 2.23418663459025e-63 1.22909263874256e-43
1.85085266295632e-33 3.77863267335863e-10 4.25370698481443e-45 0.999999999622137
1 2.6742327787665e-41 5.73374045213191e-68 7.13812179566281e-42
1 2.76801313006366e-36 7.14827002179355e-55 9.14831939450169e-36
1 1.19019516317197e-43 1.00899875919139e-69 1.44918855140765e-44
