2.026722575181e-34 4.7159034014875e-35 1 7.55492361617312e-60
7.46440460657879e-15 0.999999999999992 1.6139994684599e-30 7.23960929249199e-34
0.99999999366649 6.33350976953213e-09 1.22079428033333e-38 1.81292826795848e-39
2.28440303809591e-55 2.03816907224771e-44 3.40381215002326e-56 1
7.27160901589853e-45 2.7179537992139e-35 1.46774183365619e-56 1
2.31155918019984e-43 1.23142209328653e-41 1 3.9050530889856e-61
5.16662706609837e-52 1.08880435673383e-39 1.47923490276515e-74 1
2.52892836207983e-36 7.45454460065556e-37 1 5.76969955859406e-48
0.999999961680225 3.83197747200647e-08 1.20617593891627e-34 2.07391318769415e-50
0.999999999987063 1.29366337164751e-11 1.25933698752057e-35 7.97197762947085e-54
1.19475907052389e-38 1.41366707326561e-30 9.45718451127784e-56 1
2.42775590579484e-49 1.75806423929358e-35 2.98911141427917e-55 1
0.999998575543875 1.42445612454416e-06 3.78490746820716e-31 8.31928248203617e-33
2.38144325921065e-56 1.24926502829543e-40 2.55191017606709e-62 1
2.24587895915496e-54 1.35673503506949e-41 1.38444655241761e-64 1
0.999999999999994 6.319528417453e-15 3.64705302355279e-41 5.88856122476267e-46
0.999999999964376 3.56234994053173e-11 6.70418695709151e-43 3.17822196320465e-44
4.27079566558812e-10 0.999999999572921 7.9813988294666e-38 5.01500101966643e-30
1.03757712269617e-09 0.999999998962423 1.75701669939284e-42 7.62069497768575e-47
1.86381241933411e-36 4.08685726506207e-33 1 8.46738704485475e-53
0.999999999999996 3.91977681684935e-15 2.26328196749579e-21 3.38781725478163e-38
1.5993775136791e-08 0.999999984006225 6.31309824114378e-28 7.50353685789553e-28
5.38912975045496e-13 0.999999999999461 2.54316486681655e-31 1.4598000549363e-33
1.15943904635054e-42 1.15728849568573e-42 1 5.8338547013897e-60
9.26384084165666e-59 1.79912744272538e-47 6.71361860534603e-69 1
8.76245424075016e-46 3.02856750403069e-42 1 1.46820745337047e-57
2.88970082140325e-35 5.55403678139323e-35 1 2.81359807920096e-60
1.54064005994433e-09 0.99999999845936 5.65943516065666e-28 2.38941446536246e-28
9.92566735593756e-37 1.5321385830615e-33 1 3.17876282272757e-60
3.12128133821473e-48 3.69484662639165e-38 1.36610662073228e-72 1
4.67290365997893e-29 7.1586908752387e-23 1 5.1203977059227e-40
0.999999999996282 3.7179137625189e-12 4.57702231950691e-29 4.46743148254409e-48
3.13667767425248e-36 8.40331957321818e-30 1 8.56711846384636e-53
9.50087100305373e-48 1.80645657141696e-43 1 7.667440284564e-66
1.46164615286775e-48 6.54142551418614e-48 1 5.34279613568834e-63
5.25013207339707e-12 0.99999999999475 2.10022025996622e-39 5.0072621974323e-27
2.14440839501854e-39 5.95385673300752e-31 2.02364681963982e-51 1
8.92465489992358e-47 4.03932820057746e-35 3.97408467321397e-55 1
2.12199107115356e-14 0.999999999999979 5.70870821375421e-36 1.00275380616724e-40
3.10318730226181e-42 2.41016915471937e-36 1 1.3392660492342e-59
2.49088719602768e-12 0.999999999997509 5.91462640576839e-41 1.65093257997336e-36
6.68598359278755e-48 4.11010108916035e-36 1.26930437876733e-62 1
6.20834855996827e-50 7.62872395115103e-38 1.42316082963691e-59 1
2.76739191699282e-06 0.999997232608083 1.40237916274747e-38 1.50102020570555e-43
8.31964955561221e-49 1.41283191407866e-46 1 5.37137820870765e-62
1.14153273379854e-52 3.3343007659754e-38 2.63264713029054e-61 1
0.999999991131074 8.86892570615052e-09 1.44865148800054e-41 2.62648904324393e-47
0.999999999298248 7.01752312588883e-10 1.639763855566e-37 6.72385431529359e-40
1.90636607417845e-35 5.96636928373533e-32 1 9.6691755545011e-63
9.83351302867209e-07 0.999999016648697 7.34856444271101e-47 8.99156996801589e-39
0.000246510641273963 0.999753489358726 4.88919749213668e-32 6.71239442849868e-33
0.999999999999073 9.27287188178612e-13 1.4247140612472e-34 1.86463431743553e-43
1.82598351501903e-54 3.08961458428745e-44 1.86064911987074e-67 1
2.72614313922231e-05 0.999972738568608 3.47918075040068e-46 3.22743450567839e-32
6.22429959399063e-48 1.78223564352705e-40 1 1.21393154395385e-67
0.999999999817521 1.82478662476697e-10 4.85044681169567e-36 9.74707752732477e-49
4.60837670596515e-35 5.85919787772674e-34 1 1.17523900259228e-55
0.999999999999977 2.27603825820813e-14 6.34502075425202e-44 1.32648763978547e-62
1.32113744876515e-44 8.11321723657924e-42 1 6.52530716299882e-57
1.27849178153829e-38 1.7905868865375e-43 1 2.16511740582479e-69
4.89586269372804e-46 2.44745197900974e-36 3.0525518143484e-62 1
1.558500653959e-44 1.00578478771932e-33 2.47493729737559e-48 1
0.999999999958103 4.18968033197876e-11 2.38663956298123e-34 4.31454378569949e-46
7.4829008153743e-09 0.999999992517099 9.41375753570168e-38 1.20802614053262e-42
3.08341112573867e-40 1.34295606088498e-37 1 7.66124033322269e-64
6.71263251902747e-41 1.73532470636582e-39 1 3.37212931772072e-65
1.16025366775024e-33 2.60737617269308e-31 1 5.66614522141393e-49
2.87512415849279e-09 0.999999997124876 1.94547608210651e-27 5.48946762156716e-42
0.999999963589815 3.64101849181181e-08 2.10820715024247e-33 4.87913073576332e-40
2.24118509023003e-11 0.999999999977588 2.17051550144484e-38 1.22941387803614e-41
6.98749124243786e-17 1 2.8180692023819e-35 8.76153288570641e-43
0.999999999999764 2.36489592159887e-13 9.20932124279883e-46 3.33876435609356e-53
5.72889560412923e-27 7.87747056266489e-30 1 3.81502429102198e-45
4.85476730518366e-08 0.999999951452327 2.36791300454232e-44 9.56452434992182e-44
4.07926412509522e-55 2.29765869392826e-38 2.89457178185612e-67 1
0.999999999957594 4.24060615423058e-11 1.434806842041e-38 2.88503895165286e-43
1.92406720010609e-07 0.99999980759328 1.66041875259013e-32 6.86454885526628e-33
5.62864047734897e-06 0.999994371359523 8.61830748117681e-38 5.5133970208037e-43
1.03934116119201e-08 0.999999989606588 9.29160390286061e-32 7.430675883753e-27
0.999999999998901 1.09881310521556e-12 1.70879398687998e-37 2.45847324055714e-43
0.999999999990885 9.1153546606223e-12 1.08664799253394e-42 8.04636537777397e-50
0.999999999877216 1.22783858969019e-10 9.3926124041222e-26 5.41856542536012e-37
7.95970515079872e-53 3.44969316735359e-43 3.13937631385214e-71 1
0.999999999999592 4.08301601440075e-13 1.84215751979359e-43 1.15339740308865e-43
7.44118711901665e-13 0.999999999999256 4.00139240437279e-39 2.0948745863543e-32
1.93368474724367e-32 1.52009278515655e-30 1 2.05259562733017e-41
9.03838805178525e-40 7.61755614835722e-39 1 7.0848761423701e-48
4.29781855973748e-57 5.38927372921028e-46 4.85074805873741e-60 1
9.72855643158781e-44 3.58212551866686e-43 1 4.54613349473339e-68
0.999999999970919 2.90814020093044e-11 2.13610738738051e-43 3.85089477884872e-50
1.31889226425227e-09 0.999999998681108 5.70273743947694e-30 2.599162091512e-41
5.75410834555187e-11 0.999999999942459 1.11527252042165e-24 3.87234837083356e-30
3.46574107324363e-34 4.35973447248771e-29 1 9.41307885496754e-62
1.08359454284973e-36 4.96968445086065e-35 1 1.47778736152376e-55
2.849860849237e-41 1.26727349971335e-30 4.68660720940941e-58 1
3.81158185085805e-12 0.999999999996188 4.0070322815584e-44 3.43564058713342e-42
4.44218560350505e-58 4.81712145177487e-42 8.59015929062649e-64 1
1.02359443420372e-44 2.95235684877523e-39 6.18563091006071e-58 1
2.04379747598658e-53 6.28285433443677e-40 1.98990330011652e-60 1
1.50310266654492e-47 7.37671426334377e-42 1 2.00795036847554e-59
0.999999993920641 6.07935875316308e-09 7.79607645895674e-51 1.41600424490072e-53
0.000642162728049853 0.99935783727195 3.67904747823077e-32 1.3837407508917e-40
0.99999999326905 6.73094971236885e-09 2.51408366421742e-44 1.27383746129269e-49
6.57297869933542e-40 6.229365032422e-35 1 3.24467733439494e-56
8.88540453274121e-59 9.82044280677152e-42 5.95052863962762e-66 1
1.87025193694395e-31 3.73995002499348e-27 1 3.08451023963841e-59
0.999999947280479 5.27195213444737e-08 4.68886454995408e-41 1.48792207655261e-42
1.31749155158625e-45 3.83745655550926e-36 1.25421162865355e-58 1
0.99999999313825 6.86174996414749e-09 4.99873083436003e-46 1.35718719230482e-45
0.999999999026515 9.73484613108174e-10 2.76760349353667e-38 9.20735121553494e-49
6.48996049441346e-44 9.27458489347623e-34 4.17810934875543e-54 1
0.999999999988551 1.14488549357698e-11 3.22271823555411e-44 5.68541454870865e-52
1.7807039506284e-45 7.33488926595632e-37 3.61312330340775e-56 1
3.00278700388829e-46 7.91484830726956e-36 5.45849185675526e-54 1
1.1009964985119e-06 0.999998899003501 9.82076343741896e-41 2.81798995193979e-35
3.45854711420309e-14 0.999999999999965 3.66063742176257e-41 6.19856140007671e-33
2.78247657385038e-10 0.999999999721752 2.04892620394924e-37 8.180975524021e-48
0.999999997787189 2.21281147429429e-09 2.46964202710688e-38 1.99538896206365e-48
1.49643745044231e-38 5.75758587776098e-39 1 1.16755111118622e-52
4.28180718359899e-37 1.59369991028868e-29 1 2.88205287898538e-50
0.999999999999921 7.89758715051039e-14 4.3589173528944e-37 1.9701925435962e-45
8.0247759530223e-42 4.44185068714846e-40 1 1.98117076971524e-61
7.98446836132419e-11 0.999999999920155 5.76364705949094e-43 1.1420054474163e-28
1.95529820786984e-10 0.99999999980447 1.49096425309882e-30 2.76584473472212e-38
7.62368751441561e-40 1.66342631218154e-42 1 7.25822227647487e-64
0.999999910479322 8.95206782339205e-08 1.54120895039813e-33 1.2726837414284e-43
7.37459044842001e-12 0.999999999992625 2.40118591945628e-34 1.00315231541223e-38
2.56142228407052e-42 1.0577968418148e-34 4.62654759227665e-58 1
2.93262486851126e-12 0.999999999997067 1.01527617260372e-34 3.61794959858501e-38
1.07555552969958e-43 1.21648440615682e-35 3.76420035524779e-60 1
4.83468397701596e-08 0.99999995165316 5.68649310009167e-36 5.71495647178812e-37
0.999999999926306 7.36941692169613e-11 1.54750906522383e-43 6.76946426775559e-49
1.5447327363649e-46 4.87902705461592e-36 2.58396852623781e-60 1
0.999999990120703 9.8792975804944e-09 1.25590996352515e-34 2.09838880732146e-38
2.47444908591599e-39 1.4619156064724e-38 1 1.73369199256084e-58
2.3371067027345e-13 0.999999999999766 4.31773856019986e-31 8.30993543056749e-44
5.69577503578975e-44 2.52937455225039e-37 1 1.13207374223824e-62
2.4728199331604e-50 1.70678672504242e-37 2.07272598179996e-63 1
0.999999999999817 1.82914857172696e-13 4.03498449446487e-40 4.62180260460359e-44
0.999992693481558 7.30651844250682e-06 5.04396214920787e-43 7.03778520354211e-44
2.24825632234521e-38 4.00780959105757e-29 1.60479833961271e-50 1
1.71771486591064e-43 1.04127676521895e-33 5.78090446164525e-60 1
1.38903544522568e-29 1.15719910911048e-30 1 3.15484830885357e-53
1.656701533475e-27 9.7325636858852e-28 1 2.14995108980206e-55
5.67691935795785e-46 9.87698184111979e-39 1 3.76669977107928e-64
3.38504266446766e-31 7.5694489804828e-23 8.90983349234534e-35 1
1 2.68394464929129e-16 8.8814270644591e-38 1.95796057187373e-52
0.999999999999807 1.93326445123651e-13 2.81110580041351e-37 9.81468929102827e-48
2.60290566059876e-34 2.29353532556869e-31 1 1.32978707553534e-51
1.83920693372281e-35 1.36729398756522e-34 1 5.35301924638298e-56
0.999999999997608 2.39229617519418e-12 1.24414901512905e-36 1.61236056860682e-47
1.79131405591627e-41 1.5349609091526e-40 1 1.35244554522182e-61
3.71579900822182e-42 1.72650112535231e-33 5.82953374204534e-54 1
3.67561131512649e-51 1.3142604596037e-39 1.75164106791314e-66 1
3.43006468434029e-41 8.74688817041174e-35 3.57610312290469e-54 1
0.999998997177252 1.00282274792026e-06 3.5451144074295e-43 3.2751408182538e-51
0.999999946364482 5.36355185573489e-08 2.50639350081182e-34 5.14974366692511e-40
9.64729733436555e-43 1.12571453337349e-30 1.4699872697171e-62 1
0.999999999873577 1.26423208143201e-10 2.41230609297073e-26 2.48068547437405e-52
0.99999540517515 4.59482484985613e-06 1.82654447261118e-35 3.58173335736224e-40
3.05722175259348e-52 6.5674370292443e-41 2.21861987608261e-58 1
0.999999990655955 9.3440447712149e-09 3.57621422841291e-35 1.55788236243135e-41
1.69545197802838e-41 8.89005957335442e-32 2.08455711940975e-58 1
6.73226438792602e-57 4.30805225415205e-44 1.23813501577078e-63 1
4.38649416646242e-43 3.67948217014986e-39 1 5.72819584345645e-60
7.493879925974e-51 2.77006241911137e-41 3.98488267600781e-64 1
0.999999999974687 2.53125545636061e-11 6.68264378062962e-37 1.39855926793146e-47
4.55848458762695e-50 4.15156596009315e-40 5.62411555666145e-65 1
1.81738527323671e-39 1.22753200814804e-37 1 7.00741115055065e-62
3.15476613714904e-32 4.35799484333205e-29 1 2.61238398355385e-53
1.40181856588206e-29 1.57601450475233e-29 1 4.62276666478864e-48
4.52316766761706e-10 0.999999999547683 2.77105067362541e-34 1.26899817860564e-36
0.999999999992111 7.88879436269588e-12 1.85244522190207e-43 2.6839630018068e-51
0.999999996284652 3.71534847475504e-09 1.48430106476904e-35 9.10423387748106e-42
6.45334426953999e-39 3.53787176247006e-33 5.77661697730711e-66 1
0.999999987848297 1.21517026183011e-08 1.17460420261164e-47 4.99700809310006e-52
2.20977336807307e-40 6.05942399644379e-37 1 1.10429896637563e-63
1.18263570914767e-33 1.27640594267475e-30 1 2.33244423450906e-50
4.97789418741754e-12 0.999999999995022 6.77695004452113e-40 7.86870238713205e-32
1.1996183815784e-36 2.06523164028331e-27 2.80468074797375e-39 1
1.23301245577111e-37 3.38591510205722e-36 1 3.79309556841609e-63
1.4770981933814e-29 4.64665770618051e-30 1 3.24194013265493e-57
5.77936440007268e-43 1.00573646545248e-40 1 1.73657115735363e-67
1.44559645631796e-14 0.999999999999986 2.26648391792193e-37 4.31856374079845e-42
0.999999999999837 1.63261919685309e-13 1.34524723259685e-45 2.44358528953213e-47
1.34677114523536e-37 1.12694760943767e-25 1.4851050511945e-53 1
1.14039758762506e-35 3.4411987052534e-37 1 3.58460416143429e-67
9.34330664317684e-39 6.94734866007577e-36 1 1.25123508799366e-67
4.11963744349102e-37 5.74692267317183e-36 1 8.03166812544747e-62
3.21542015294045e-16 1 8.09674991483972e-35 5.03113253942582e-34
7.6683176939891e-51 5.22529047042021e-40 5.80211724124515e-57 1
0.999999999999195 8.04748230929631e-13 9.64711663141121e-39 8.18935428122092e-56
0.999999011134489 9.88865510966522e-07 2.10165798743483e-35 1.0086605280005e-45
5.13766611742948e-39 1.47225687554397e-37 1 2.92613205229995e-61
0.999999999744418 2.55581921345371e-10 1.25062833418059e-50 1.01680310389698e-42
1.14600736539579e-39 1.2327935487184e-37 1 3.53836511084904e-60
0.999999999999994 5.73511773128308e-15 9.81393597724913e-48 4.78951480454624e-60
3.27234355431943e-43 1.6888092652839e-43 1 1.55470774788368e-61
0.999999999992972 7.02836556490383e-12 6.66578196903723e-40 7.29915161570324e-53
1.98996398226696e-32 7.74214576789e-35 1 1.0237447253916e-54
9.55128549030668e-43 2.71459967675783e-32 2.47778690010812e-54 1
1.02498540194347e-10 0.999999999897502 2.0893733767065e-48 5.03066296517564e-40
5.76133814826739e-12 0.999999999994239 3.29072538837517e-38 8.06015274353139e-25
0.18065125211811 0.81934874788189 9.75726433441698e-33 1.09972725804112e-36
3.81570545661916e-55 7.28942299827802e-42 3.64201342575251e-62 1
1.07909541378456e-39 3.11083798870618e-35 1 5.56185721792123e-66
1.15022277424749e-41 4.59828463379901e-38 1 2.21043994526667e-66
0.999999999987738 1.22619859753083e-11 1.26946597568639e-45 1.79317420309096e-44
0.999999999971054 2.8946186252928e-11 4.73849445434321e-34 2.20458534471147e-52
8.00995752954894e-41 1.66081317756433e-40 1 2.81746963320534e-66
2.39305181673781e-11 0.99999999997607 1.19715615171966e-28 5.78061722846052e-32
3.03187694579353e-39 1.04866647696342e-34 1 7.23971421792418e-54
6.80696345296672e-39 4.6220896422781e-29 1.12740106148419e-47 1
0.999999999999984 1.61017439988278e-14 2.66755005040282e-40 1.20658736965688e-66
4.96437767251628e-44 3.84544254067125e-28 1.47866401885046e-48 1
1.11903434238107e-11 0.99999999998881 7.09608991549664e-28 7.44994114130722e-32
0.999999678341888 3.21658112037463e-07 6.49497568927056e-40 2.48950613003543e-31
0.99999999999469 5.30942990097759e-12 1.04187956020371e-40 1.82978924564782e-51
1.20020449561849e-45 6.31192710838502e-42 5.54731270153418e-55 1
7.64766675802347e-16 0.999999999999999 6.69818908879594e-45 2.98802014136644e-31
7.08161764944636e-29 1.89774536632958e-25 1 1.23036537616605e-44
0.99999991043545 8.95645494636192e-08 2.17877682629363e-46 3.33554750013625e-49
0.999999998972223 1.02777667710124e-09 2.2573188972519e-32 2.68946137277704e-41
2.72843786716901e-06 0.999997271562133 7.31236542852756e-31 1.33421827108394e-40
1.59819583344434e-36 1.10118491528348e-30 1.63310475484287e-62 1
0.999999999999993 7.40243150580361e-15 5.3777555707903e-38 6.28106887201779e-48
9.02916376377895e-42 1.52301957896422e-37 1.22986093486414e-54 1
0.999999999977871 2.2129412414658e-11 2.506439001505e-34 5.49395647304231e-38
0.9999999999859 1.4099912747151e-11 8.48879732627134e-39 2.41123619404317e-52
0.999999838062699 1.61937300768129e-07 6.73371678388546e-37 6.41681433003265e-44
8.09035657607483e-44 3.7955252346101e-31 8.00810874419e-48 1
6.70875275426547e-38 2.34093198505569e-28 2.31644403981437e-47 1
1.70887298767501e-45 3.78461279068037e-40 1 1.36655627372322e-59
9.00659810664341e-17 1 2.87467958575179e-32 6.26053339333751e-25
1.05993097839825e-43 3.59385772012745e-35 1 3.78218062743096e-52
0.999999999790584 2.09415845096394e-10 2.05664940846076e-36 3.55099060574706e-46
2.63106990410186e-11 0.999999999973689 1.60923271626118e-40 3.30514084551614e-38
3.16122378336871e-43 3.93030188406638e-35 6.22061709011802e-65 1
1.25150062299987e-55 2.32898600154495e-40 8.16379976539117e-61 1
3.61584741696434e-10 0.999999999638415 2.24001140216719e-37 9.78410024346536e-31
4.66526579161133e-13 0.999999999999533 1.08162688786178e-42 5.59884470226005e-28
3.54446948510894e-17 1 6.7093684761132e-35 1.89989314026107e-38
0.999999999778994 2.21005885040214e-10 9.49876039819007e-44 8.00542872978372e-55
0.999999999999995 5.01252940477377e-15 4.37915099348508e-38 4.62855303748683e-57
1.06694595928379e-38 4.66203360705458e-37 1 4.24080697314218e-61
1.08523889035023e-05 0.999989147611097 2.33438610967054e-34 1.39291589800626e-37
1.78696294256408e-11 0.99999999998213 1.18704360522265e-28 8.83527285086164e-36
4.12189022796917e-34 8.25974239597778e-35 1 1.34621277578222e-49
5.22041051336906e-41 6.19788617897862e-31 2.7567381936979e-52 1
0.999999999999998 1.63770239001132e-15 9.15526608295898e-42 9.45903269388962e-56
4.1674449535046e-12 0.999999999995832 2.55360314984215e-31 1.37516201739046e-39
6.76072400243989e-40 1.5710031088876e-39 1 1.12545346446495e-60
2.15465396138252e-07 0.999999784534604 4.50636535816128e-32 2.90645325639372e-40
3.37816501955566e-43 9.01591618198312e-29 2.5899630732763e-55 1
3.51842962219009e-41 5.56137354631967e-36 1 4.62991451757654e-60
8.82052204461362e-36 5.57435731856249e-35 1 4.75285075876571e-61
4.26499177181821e-50 4.04261674023892e-46 1 7.34669363950905e-64
0.999999756454035 2.4354596476805e-07 3.1251056713992e-44 3.96859252285836e-52
2.77215953012941e-38 3.97545442519413e-32 1 2.33678232995463e-52
4.6912457779747e-49 2.31484041410702e-39 1.67900248384897e-69 1
0.999999983822811 1.61771888294505e-08 1.16222716086622e-37 1.08707341399726e-39
0.999999999999238 7.62225652036229e-13 5.10782912126918e-50 6.8550972189049e-60
0.99999996500569 3.49943095650704e-08 3.19388121942077e-35 1.02464560454725e-47
7.85309540386986e-58 1.4044654562357e-43 1.75588137073745e-73 1
1.91605875016995e-46 1.49530656630803e-37 2.39248120755127e-53 1
0.999999999999841 1.59015537835168e-13 1.20458587258218e-44 1.96651307680029e-37
4.72410876363822e-42 1.37514378445388e-33 4.6338404213805e-57 1
2.94231679235829e-45 1.94255816877205e-33 6.20716005198202e-62 1
0.999999999999929 7.13887285350552e-14 8.39979316840369e-39 2.1390689361101e-46
7.94198968798508e-39 5.25218512522578e-31 1.327770292992e-48 1
0.999999999999475 5.25108156299113e-13 2.79203636528378e-37 1.0481281822165e-45
2.6323176565545e-30 1.8809812001213e-29 1 1.47804547049919e-48
0.99999998888578 1.11142199046659e-08 3.0922901086802e-39 2.49433007090803e-48
1.27847734674025e-41 2.33921675688426e-30 2.03350578270287e-46 1
0.999999990435853 9.56414684228569e-09 2.31603874781819e-45 2.17768694782812e-40
1.1014066692119e-10 0.999999999889859 5.60112045961838e-39 5.48061119470396e-35
9.29918283757131e-34 3.94519079817368e-34 1 1.60177039087545e-54
6.72157230372611e-55 1.16201357843804e-42 2.26133351826697e-59 1
3.72801072546123e-43 5.26265286552699e-37 1 1.55827559562567e-56
2.14341944214714e-44 1.28837841750156e-35 1.09858419204828e-54 1
4.58264859266396e-10 0.999999999541735 7.1942885256878e-32 2.02792221257847e-44
2.25517096778033e-12 0.999999999997745 7.81625881890355e-41 1.27250108609756e-35
8.14473728597136e-14 0.999999999999919 4.23792596580775e-43 8.46988152964229e-35
3.462418758508e-47 2.96564919567817e-38 1.46905239948697e-60 1
2.13798135998262e-46 4.5142499489282e-36 1 3.07421897847013e-62
0.999999999991825 8.17507403416626e-12 3.30356348689517e-33 1.86776073015777e-45
0.999999845538492 1.54461508249743e-07 2.92255176586751e-33 6.06557635411698e-37
3.06896963516435e-49 2.28475828025405e-36 1.22827681663267e-57 1
1.98786251351109e-50 3.54281448945347e-45 1 1.4695916704608e-65
2.89338510550987e-38 7.58797791747249e-30 1 4.35922714229942e-65
0.99999999996969 3.03096381710024e-11 2.69542413713234e-40 3.51604698238016e-50
1.05564598741421e-58 3.96375831054689e-43 3.00263566979724e-67 1
4.78811477515287e-45 2.76915756656175e-43 1 2.56453410054688e-64
0.00661476230699388 0.993385237693006 1.63541011505702e-32 4.22625629054832e-23
1.10628607076636e-42 6.76799010225942e-41 1 3.8706045275904e-73
0.99999999933937 6.60629479069248e-10 1.64164498534176e-37 1.18193352240618e-55
3.85824084915679e-13 0.999999999999614 5.91983126371493e-51 1.50484844044736e-34
5.07405139249224e-50 5.47938223716957e-49 1 6.88451510660238e-63
0.99999999858346 1.41654010262984e-09 8.29521002130222e-40 7.95865886763725e-48
2.21010845453442e-51 2.83413566947213e-32 1.27334113830623e-57 1
