6.3263130998852e-38 9.294922863889e-50 1 1.35379613515501e-28
1.17263521345529e-44 6.98015792396212e-51 1 3.36296912260152e-34
0.999999999495065 2.23612347604184e-53 9.86822907434016e-43 5.04935451700755e-10
3.13040277840183e-50 9.11454856584899e-68 1 1.77612845047673e-40
1.64162529928176e-48 1 1.03352238736856e-69 1.45479171930015e-49
5.31094914805618e-12 4.14278252756714e-31 4.37477061122168e-30 0.999999999994689
0.999998623239669 3.41955163082153e-38 1.22146179528055e-45 1.37676033099724e-06
8.74578868813924e-46 6.44666245643517e-66 1 5.60747289863501e-34
1.92820485838332e-11 4.44584607152277e-53 2.60269928945129e-40 0.999999999980718
0.999999999967245 7.80796350083355e-46 1.1746390999171e-54 3.27545779502531e-11
0.99999999999981 4.51582849521868e-45 5.32791958417864e-44 1.89997730980659e-13
0.999999999999692 2.76188583841675e-40 2.22836870904067e-53 3.08119297354814e-13
5.35133994855741e-17 2.18029700500259e-51 2.0665063575892e-31 1
8.76073567658258e-42 6.48535161316325e-59 1 3.29447540010767e-33
0.999999992045333 1.72688836756543e-41 2.11314340272177e-48 7.95466748600586e-09
4.58966014596051e-12 2.95595498915924e-41 1.00055308584429e-24 0.99999999999541
1.78174308273936e-51 6.32842136263082e-70 1 9.69274579671199e-38
2.86075229782235e-35 1 1.72668080352267e-59 8.74989829829083e-40
7.45493711861128e-50 1 5.8285781488978e-71 1.47993435183918e-44
1.51460753350515e-34 1 3.74124527392786e-51 2.21264942414416e-33
0.99999998718807 1.7851364346611e-47 1.4029133625911e-49 1.28119300882026e-08
0.000108860753041399 1.21650794486376e-46 3.98513842512775e-32 0.999891139246959
1.20273715858364e-12 3.57729333462753e-35 6.01864797540101e-40 0.999999999998797
2.92704653138479e-41 1 2.87694105196346e-66 9.58298129845111e-40
0.999999999999985 2.60552748750293e-40 8.16505399976654e-45 1.49829469050656e-14
1.12695244760487e-17 1.66177290433606e-40 6.71983430195048e-43 1
6.52279575596836e-44 2.8269410242956e-55 1 9.00954499791511e-36
0.999999999997553 3.56341919408589e-45 1.16177565179207e-48 2.44676367869485e-12
3.42131608447123e-55 1.7952583748291e-57 1 4.39370389014951e-45
1.98595265487013e-58 2.79210143298739e-70 1 2.29553521173201e-47
0.999999999999981 1.42298641407955e-41 1.53779775846251e-47 1.90197414568352e-14
7.43780408688775e-42 1 1.59911413078785e-72 1.1607551943831e-41
4.14400338178394e-42 5.84083763427293e-60 1 6.46988599729474e-35
0.99999999977423 9.20557294381039e-39 2.78702781721549e-46 2.25770162435893e-10
1.59793881195718e-12 1.64691793366631e-48 6.31684136187091e-42 0.999999999998402
5.4148043965095e-43 1 1.6904128765235e-67 1.03179528357484e-43
1.2129678496764e-07 4.85400233169722e-36 9.82360930446289e-33 0.999999878703215
3.81262453526273e-51 1 3.69518371699993e-65 5.51334870744417e-48
2.75151305383334e-12 4.47463898858114e-37 2.60870558589241e-38 0.999999999997248
5.83205126551977e-45 2.59664747979826e-59 1 2.02096031720937e-35
0.999999994447284 9.43575436449495e-47 6.83163519813746e-41 5.55271622680285e-09
1.59378173823549e-45 1 2.03186762765595e-60 8.49494419218096e-42
2.73125293249413e-12 8.24531418056172e-38 4.45081337797799e-39 0.999999999997269
5.27802841681561e-41 1 1.23359284375395e-56 6.39342563406871e-44
4.54655309398707e-57 1.10906743588891e-62 1 6.40720121616767e-42
5.64696913906606e-53 7.66953734656283e-75 1 1.45778717124976e-42
2.89612898357392e-38 1 3.54180042175178e-65 9.42393120273903e-40
3.22815046776137e-41 1 7.57752659854079e-65 2.90665704024832e-42
6.60544716418634e-13 5.93339439599818e-45 3.47503015026504e-27 0.999999999999339
9.08839799739243e-43 1 6.19346708979391e-71 8.75631473359279e-41
3.90407641645309e-49 6.38232933416226e-60 1 3.46602908190533e-36
0.999999999999984 3.66483588230608e-45 9.71768590782389e-56 1.57982929986443e-14
1.69735286363096e-37 1.7373755314631e-68 1 7.71747788705482e-31
9.58006408948028e-11 1.05071263303382e-41 5.42265616832446e-35 0.999999999904199
0.999999991366207 5.44740798049132e-40 1.16906244985462e-39 8.63379325498368e-09
1.85986139043312e-41 7.5038470311125e-56 1 1.27975528435785e-31
5.06867050848649e-42 4.02186667208328e-63 1 7.21103664501483e-31
2.08790368085366e-42 1 1.5678068395497e-60 2.24255574216382e-39
1.34294133111314e-37 1 2.81518668700963e-55 1.17669558451228e-35
3.62633295919376e-50 3.99384874760001e-76 1 2.34695137917384e-39
2.09722580585137e-40 1 3.30264962767728e-56 5.98561415533501e-36
3.12419852600618e-31 1 1.33393134686735e-50 5.6091292511589e-32
0.999999998665865 1.70975989096723e-35 6.8607809257361e-39 1.33413451758109e-09
1.13231982931804e-44 4.94147350635366e-60 1 1.52569018258148e-39
6.57372521076225e-40 1 1.65483306039882e-53 2.46926279419675e-43
1.9890270802228e-12 5.90846297702867e-47 2.50354733389746e-38 0.999999999998011
5.29807214465768e-46 1 1.79484536003169e-59 2.94246494201822e-45
4.03906839650343e-06 2.28450342376885e-41 3.66495908031549e-35 0.999995960931603
2.2073268900428e-46 7.29507526264720e-60 1 2.54358625183273e-42
0.999999999988083 5.87903839211901e-36 2.52248346393979e-46 1.19172706637345e-11
0.999999988185446 8.1435596935808e-37 5.4099346754729e-48 1.18145535481442e-08
7.61180771314453e-39 2.14034644315796e-51 1 9.18093482582996e-31
0.999999999999941 7.04562471283565e-47 1.47310666582765e-62 5.85350367629216e-14
0.999999999989695 6.47742433401393e-42 9.38056365376167e-43 1.03053095996161e-11
4.69958814817103e-49 1 2.91954227528689e-68 8.08452860301111e-47
1.79049432731611e-06 6.70965514006875e-41 4.8555593776512e-44 0.999998209505673
0.999999987547727 2.78665522861623e-42 5.85915402780259e-43 1.24522725115606e-08
0.999999970606913 1.04903767239821e-35 1.63680497700778e-40 2.9393087151226e-08
0.99999999718107 7.86962253057392e-47 1.9241659602079e-49 2.81892942449517e-09
0.999999997134571 3.18092642302205e-49 3.03641814004116e-52 2.86542855633238e-09
0.999999999999999 9.05892220628166e-41 3.17785312531867e-67 1.20105127223159e-15
7.21562067594846e-48 1 1.39182701675657e-67 1.80875044971138e-42
6.11844559051529e-33 1 2.22578155021446e-53 1.58170685263078e-35
2.07814385515638e-42 2.99540497348522e-55 1 1.09442146712488e-32
0.000698743394167157 6.94392553721458e-34 2.41039595759151e-32 0.999301256605833
1.0657757867246e-09 7.25447298591111e-35 8.33771950705145e-28 0.999999998934224
3.36274324448207e-44 1 5.87779270717578e-64 1.72478223319803e-38
3.77863267335846e-10 1.8508526629569e-33 4.25370698481425e-45 0.999999999622137
2.06672392342412e-42 1 1.06776259877206e-60 1.12451811123709e-37
2.16376075478565e-49 7.19812633212764e-58 1 1.43398652916775e-35
5.04372206933665e-43 1 6.9410354522004e-69 1.84669748355377e-41
8.16184024938678e-52 5.08736747312626e-76 1 4.77805961962208e-40
2.67423277876666e-41 1 5.73374045213403e-68 7.13812179566494e-42
7.61003213650599e-51 1.09333427882608e-59 1 8.85293768380888e-40
4.9516069782221e-31 1 2.51314633267266e-48 9.58761474728984e-30
4.15512378398955e-12 1.5605520648355e-32 2.58000604834001e-36 0.999999999995845
2.63983104198047e-13 5.36273436267939e-46 1.89765097389254e-32 0.999999999999736
2.07903854151251e-15 8.09183097587098e-34 1.46018043286002e-34 0.999999999999998
0.999999999996999 5.34275529322329e-43 1.8215058714499e-51 3.0006516936409e-12
7.67353604146575e-43 1 2.79543213816533e-63 3.57396109878972e-39
2.36929597364433e-29 1 1.34501091051958e-53 8.81248082659671e-32
9.82754231079618e-48 1.12595412556232e-64 1 9.96381239435772e-39
5.43477261269457e-13 8.81136342156527e-45 4.47046974378233e-28 0.999999999999456
0.999999999999938 3.76178491395028e-46 4.50371623055246e-45 6.19769110988479e-14
1.79121783392337e-12 3.98903921561018e-44 2.1438567084047e-35 0.999999999998209
0.999999999992666 4.83887091890963e-44 2.0524018624761e-50 7.33382491754961e-12
0.999999950027744 3.11598217898367e-35 5.28506061970719e-37 4.99722556867221e-08
1.19019516317181e-43 1 1.00899875919171e-69 1.44918855140789e-44
4.51895145839436e-54 7.28685539676367e-59 1 1.28172736355247e-42
1.77863849993566e-36 1 9.40848531084499e-66 2.6271949290239e-33
2.57909492559096e-39 1 3.94829086945557e-54 9.81653184779201e-34
2.01930990475864e-41 8.47971275794115e-48 1 8.23835187999127e-31
7.15490886268318e-14 3.35026678332022e-36 4.83968422422079e-34 0.999999999999929
6.3502216806714e-45 1.25948219986287e-54 1 7.58672101079906e-28
5.31128562223153e-52 1 3.07970962506722e-67 4.8891832508216e-52
3.99599138919117e-39 1.04814832490197e-55 1 3.10273892820626e-29
1.58799740564338e-14 2.0889098233443e-47 2.96698671588572e-35 0.999999999999984
0.99999999993781 6.42722487046443e-39 3.22259487668053e-49 6.21898737319931e-11
3.04074819409351e-14 5.32456156539977e-36 2.74185972942274e-44 0.99999999999997
1.47628051677565e-06 4.79884951912886e-42 3.3019674949305e-43 0.999998523719483
4.69280580419035e-37 1.69489072750214e-53 1 2.55617282744666e-26
1.50192615868064e-33 1 4.73177562004206e-55 5.0963635357771e-35
1.2093327947589e-36 1 4.76350228745211e-63 6.56763200912108e-38
7.62907434751716e-48 1.0403146225703e-64 1 2.35014760256818e-36
3.21268693462416e-11 1.01579691076914e-43 1.89608440408076e-30 0.999999999967873
2.39192354131241e-46 1 2.55895697381121e-72 3.20467493663759e-48
0.999999999999952 5.03188146359672e-47 1.11995692542292e-47 4.77343419262021e-14
0.999951837946191 1.90454676773134e-47 3.1917208657583e-43 4.81620538092518e-05
7.65612409873756e-58 1.23793216025564e-64 1 8.93082246623707e-47
1.33897096345822e-43 5.30918343535778e-68 1 4.57473020768773e-36
0.999999999999378 1.82559834706893e-45 2.5701811461517e-45 6.21963594096275e-13
0.999999990610022 3.5051234957071e-35 3.71438064086025e-40 9.38997821514328e-09
2.58722072819023e-14 1.03849132975676e-44 1.27746488145318e-32 0.999999999999974
4.1587617083162e-55 7.00695332499112e-65 1 1.78861298933446e-41
1.44898538499567e-12 5.14338692235383e-33 3.26217738948322e-32 0.999999999998551
2.76801313006331e-36 1 7.14827002179528e-55 9.14831939450247e-36
0.000100884398961278 1.34054067796021e-36 3.68810050920471e-41 0.999899115601039
2.78122647277574e-12 2.34770929699522e-43 1.79683308753799e-36 0.999999999997219
8.78697766668808e-11 7.88180877656044e-33 4.03397632308734e-39 0.99999999991213
6.59947837776078e-55 3.35377208572081e-69 1 1.95611643699746e-41
2.36448980980847e-45 2.61733967340358e-60 1 5.0839779621063e-36
1.04498270136384e-38 9.39256773582659e-59 1 2.91911581008933e-30
0.196700435729265 6.10467653052139e-35 8.93594322806255e-37 0.803299564270735
4.22910123779839e-10 4.05135542362442e-37 1.66857128937525e-36 0.99999999957709
1.14680175871694e-32 1 1.18751748463425e-54 5.09152982947036e-31
8.31475334061928e-31 1 9.22775156822016e-60 6.53232423923743e-33
3.81978965630254e-45 1 2.23418663459146e-63 1.22909263874304e-43
0.999999997933086 7.6676937119658e-42 3.61834967441641e-48 2.06691411770799e-09
3.79812602915983e-36 1 1.4566769776389e-54 2.83228684630723e-35
4.78551843432271e-41 1 9.54349821031826e-63 5.51928888987323e-41
1.67772906883416e-58 2.2956242269114e-78 1 1.0696405390674e-43
4.09045298922252e-37 1 3.46131185483773e-64 2.81545690965086e-40
1.64419869742299e-55 1.08877791980181e-62 1 1.38394882774593e-40
5.26059335424602e-07 1.14250496077741e-35 8.60326567519778e-41 0.999999473940665
1.90178487499694e-37 1 2.84316232004228e-66 6.32622516358344e-36
1.41717706105517e-45 1 7.93374824950279e-65 1.03165175105055e-47
1.19316658267774e-08 2.31932094765435e-48 3.67659092328241e-44 0.999999988068334
3.89135948650413e-28 1 4.48216444063945e-57 9.07494379628283e-30
3.91483040735106e-09 1.17280092406976e-40 5.32242143986762e-43 0.99999999608517
1.10062710480648e-50 1 2.11105170215382e-65 2.88533436098238e-48
1.82195473138671e-43 8.32603918702473e-62 1 2.3057401524908e-34
1.05039982065636e-42 1 2.45769663162838e-67 5.06198097642751e-42
3.73280519518352e-47 4.9649691393718e-60 1 1.28500917515142e-35
0.999999823586725 4.81939100772715e-37 3.2314954872242e-43 1.76413274964913e-07
1.22481316292323e-17 6.42045154111393e-38 4.16235815021902e-39 1
5.92095112067547e-50 6.94081094486936e-62 1 3.70520339683038e-38
0.999999999999987 8.3955954312378e-49 4.29287276820088e-61 1.33686337488491e-14
0.999999999981077 2.62484658888992e-40 2.59497638615207e-47 1.89229654552087e-11
0.999999999906628 1.07971036928226e-28 2.33822176188608e-52 9.33721126839602e-11
0.99999999941256 3.44169311029415e-37 7.31234686656925e-42 5.87440269545424e-10
6.0792177597906e-15 9.25696996780177e-40 3.98874929181174e-41 0.999999999999994
0.999999993433097 1.12134153072441e-47 4.64366069575562e-46 6.56690315328312e-09
7.29246422413361e-45 1 1.89008278272752e-66 2.36882190260571e-45
2.67434085762161e-46 1.10314251008881e-61 1 2.4605228715223e-36
2.89555694780403e-43 8.40229752269462e-58 1 4.44583954603457e-29
1.81886407680389e-39 3.09518986560441e-54 1 6.61023006627763e-31
0.999999999996647 7.99674394683829e-41 8.24312841847816e-51 3.35315942085402e-12
0.999999999999653 1.02276788161043e-32 1.91272961987578e-46 3.47013796773044e-13
4.31948778999445e-47 2.43357490959998e-68 1 1.09230387495082e-36
0.99999998973695 2.46140946555618e-44 8.66932163705717e-53 1.02630495512109e-08
8.38439816306733e-09 4.51805219813927e-29 1.24974970622358e-27 0.999999991615602
2.45054801401122e-05 1.24034734274003e-36 5.4116674787122e-37 0.99997549451986
1.67364192304671e-47 2.84193183811926e-60 1 3.5339228647844e-35
1.83430328226348e-42 1 1.97457225707348e-67 1.37334795996449e-41
1.87558604870858e-07 3.00569480445455e-34 1.43201898531392e-40 0.999999812441395
4.50460339335894e-48 1 2.66584830429147e-65 1.18770758180813e-39
7.41587136310914e-37 1 6.77401582152617e-63 2.67265937312555e-36
0.999999999977114 2.9159219087669e-48 2.83879252511546e-51 2.28864139323371e-11
0.999999999534823 6.14510012318229e-40 1.34300457741227e-48 4.65176638221239e-10
3.91648561731146e-46 1 7.48102302216976e-59 6.66338850103229e-44
6.39048472206011e-51 1.31403439354492e-67 1 3.5521873218931e-40
2.2445415945424e-39 1.07545157427267e-51 1 2.27357914182773e-29
0.999999940646795 6.93008056878074e-38 1.509521763479e-44 5.93532051378984e-08
3.47704829588765e-52 1 1.11824387104838e-68 5.58386872996472e-49
2.38350769342726e-48 3.91170407915383e-75 1 1.29225182811506e-38
0.99999999999994 1.21021749843818e-38 4.02911951696081e-48 6.04758673823393e-14
1.99660634346081e-13 6.27996934313655e-55 2.51896928640449e-34 0.9999999999998
6.57944058914256e-10 2.30374044345844e-38 6.49726588590159e-48 0.999999999342056
3.55095881793743e-12 3.25178693181892e-33 1.61316004585467e-32 0.999999999996449
7.34324684021723e-43 3.33391919073071e-65 1 5.0641473235875e-31
2.52554604156492e-10 1.75102698049253e-33 3.44376883181212e-42 0.999999999747445
0.999999999987954 1.47257387613516e-38 6.77694680842572e-48 1.20463999750143e-11
4.73579324445095e-37 1 9.29980070687375e-55 4.70651954800528e-32
4.63925167884871e-53 1 6.90090363147971e-68 2.70698119022781e-54
4.36546471807344e-52 1 1.11016225985181e-68 7.56072448900658e-54
0.999999998497249 3.35072388387331e-35 3.34553186169309e-41 1.50275050185439e-09
0.999999999903085 1.64363460743873e-37 4.09049782735742e-52 9.69152338358833e-11
2.62817757861494e-52 2.1049465874076e-61 1 1.32853526082827e-40
2.04478279471283e-41 1 8.3651284919371e-51 1.4287131503784e-42
0.999999999759664 1.23249275867546e-39 6.90983740580855e-40 2.40335939764768e-10
1.93135317888573e-32 1 1.52808266826608e-61 2.14500960943942e-29
5.86482060955775e-44 9.54782468263214e-64 1 1.62916362179196e-35
7.1100565186882e-37 1 1.39626791012815e-56 1.53355010220304e-36
2.37423292530801e-42 1 7.25345688619884e-59 2.70380083581481e-40
1.21273726810363e-43 1 2.83628272018594e-75 2.22249785588959e-43
0.99999999999186 1.3362692573707e-35 3.63737734463153e-57 8.14032780553844e-12
2.74297777387973e-44 3.38463147625013e-52 1 5.29994229893904e-31
0.999999999999998 3.66395497641596e-23 1.9146246097989e-38 1.92826272650838e-15
1.56267869852528e-45 1 9.42733425323505e-65 3.82258012607996e-46
1.89917823690403e-45 1 8.66967705438219e-68 2.58937267788288e-47
0.99999999999949 2.58882774554459e-49 8.60889666120687e-53 5.09640686867044e-13
2.21853110204419e-11 9.37190234484293e-41 9.99831849335956e-42 0.999999999977815
9.06497012071374e-47 1 4.25813604428172e-57 1.05479556243593e-40
1.27946389098059e-39 1 1.01842420789895e-67 5.81562795426522e-33
0.999999999999987 2.02218888382552e-41 8.31243276394298e-57 1.29628267416338e-14
4.47648738001163e-42 4.84644499737998e-58 1 8.2804221813361e-38
8.50111762328746e-44 1 4.34144456337416e-63 1.31506303262363e-45
0.999999999999998 1.15863020542973e-49 4.0283969595608e-60 1.77727578405979e-15
2.15602704117095e-36 1.82108509438594e-40 1 7.56349966660379e-28
0.99999999985663 9.62326192245723e-42 3.70509805626707e-43 1.43370440480223e-10
3.40589378883006e-06 1.4137542076788e-47 1.15499778183026e-38 0.999996594106211
0.999999999988868 3.38071277135522e-38 9.24836295366745e-54 1.11316631147739e-11
0.999999999999065 2.83318100571949e-44 8.76626642087473e-52 9.35148837048947e-13
6.8887425149597e-54 2.86080799432821e-67 1 6.97163339940242e-45
0.999999999999369 4.46685538925232e-30 1.57091713323721e-48 6.30944211708819e-13
2.09357682071658e-46 1.40227876631663e-55 1 1.04362546425894e-37
7.22340001053036e-57 1.25401881051508e-65 1 1.49464387178486e-44
0.999999999911923 4.12818032203107e-46 2.91172839245649e-50 8.80766657530391e-11
1.02968949075788e-41 1 2.6446900291389e-67 4.04780443169931e-46
0.999999999999265 1.41356095021827e-41 1.28867836617325e-55 7.34744737307259e-13
0.999999999974059 8.04928738179431e-37 2.78732747485019e-49 2.59414514601612e-11
4.66509119091959e-46 4.77913989939446e-61 1 1.29950663905356e-36
5.52061845649687e-32 2.44060994208899e-40 1 1.09733517017844e-22
1.18304479052057e-58 2.23514818676648e-69 1 2.34436515000093e-43
7.72105607589584e-11 1.78597587887963e-35 3.59253018306803e-42 0.99999999992279
0.99999941595209 2.53542742218213e-42 1.6369999988928e-31 5.84047909498323e-07
5.49682502538793e-43 6.39554603368707e-63 1 7.70490998147833e-35
0.999999811261201 1.72383146368308e-31 1.4114175083398e-33 1.88738798736428e-07
1.31942142857793e-27 1 8.39000739545102e-47 6.05539010384073e-32
0.999999999998987 2.71206390552618e-39 6.68802675064417e-53 1.01304217695867e-12
0.999999997020368 1.15410694041408e-39 3.96036855148909e-40 2.97963215832463e-09
0.99999999999993 1.37718406036918e-38 6.01631749433206e-46 7.03944904087631e-14
8.16791998266852e-13 9.21302224497179e-51 8.30304932689553e-30 0.999999999999183
1.10247722061506e-41 1 9.60857913326904e-66 7.14510181854779e-43
1.13020339941338e-09 8.09895075157535e-38 7.32560278871771e-27 0.999999998869797
3.16028383598407e-37 1 3.12560908925109e-59 1.58141283727015e-38
3.79203286876302e-40 1 1.82790336063538e-65 6.08708198044271e-40
5.17954638415811e-40 1 2.41490562745921e-60 1.93178406892598e-40
0.999999999999982 2.91118663768289e-39 3.11903056704012e-47 1.76498641779452e-14
1.74114239512515e-51 9.16584957916409e-60 1 3.95785005462525e-33
0.999999999998252 2.22653566088811e-35 2.94583081939795e-38 1.7483136852702e-12
7.86096815349252e-57 3.5328760045206e-66 1 4.04002091723287e-41
1.95914849394464e-09 1.90863220677582e-44 1.38742935747808e-46 0.999999998040852
0.999999999967999 8.13005183058788e-28 5.8800178600339e-37 3.20007828247237e-11
3.9120272147574e-32 1 4.23299665664921e-45 3.63545867553449e-28
0.999999999956878 1.69663200880601e-45 3.22888584709733e-44 4.31217364153993e-11
3.63328723985857e-55 3.93683226710238e-70 1 3.58066353247173e-38
1.07166078113479e-37 1 2.86941881657426e-63 2.70513186838682e-38
3.23035374312131e-54 2.09563085070372e-65 1 1.72427740712441e-40
7.03554696815877e-15 4.06266993227843e-40 1.34416607474182e-42 0.999999999999993
1.96891707102975e-51 1.1612259910237e-68 1 2.02182222983457e-41
4.39320168578466e-08 4.34115537369664e-39 1.01422824663673e-36 0.999999956067983
0.0274267077861017 2.70456362049661e-32 2.41805260167957e-23 0.972573292213898
4.75304063597819e-36 1 1.67055643723636e-68 6.78601793557867e-39
0.99999999999998 1.12640036644396e-38 1.19775272211128e-45 1.96235054370634e-14
0.999999998549977 3.72783320398022e-52 6.25589872901352e-54 1.45002276705946e-09
0.999997662255247 1.270930942037e-37 3.17103027162451e-40 2.33774475304192e-06
7.78642339092896e-37 1 1.37244848998868e-58 7.2011259893142e-38
2.54462631209993e-53 7.67076959662115e-66 1 1.2196091473443e-38
9.06731701737211e-43 2.100165233203e-58 1 7.25539220864018e-34
8.75498087935496e-39 1 1.38565159538033e-70 1.47866243171046e-44
0.999999999598031 1.28396511750097e-35 5.19398560946573e-42 4.01968710072513e-10
1.13732361355902e-44 4.38146775824341e-59 1 3.94734194834571e-34
3.05541380971458e-59 2.11673110135879e-70 1 1.77069466043691e-41
5.8742714953287e-42 2.66597252948951e-63 1 5.30023767025649e-31
3.56833170183611e-36 1 3.17192613737731e-53 7.62499454703894e-39
1.18161719565279e-46 1 6.80448819120167e-62 3.97848326183014e-43
1.10480166908762e-13 9.13372274561173e-44 6.44136416037879e-33 0.999999999999889
0.999999227633377 2.70980892440766e-45 2.25261137661994e-51 7.72366623137578e-07
1.50033278990214e-10 4.00866604759761e-41 7.83325246966214e-31 0.999999999849967
1.35705055507963e-16 3.54398229975022e-39 9.05752737675217e-34 1
0.999999999999957 8.32654659268591e-35 4.57108779848175e-44 4.32442058141417e-14
2.06226967251557e-38 1.01128251233268e-66 1 4.71030956326924e-33
1 3.82227992140264e-39 9.86078794379590e-53 5.50596245806934e-17
0.999999999999728 9.68862379096997e-47 8.94530949016382e-38 2.71529136654274e-13
3.09246846029661e-17 3.99938269124495e-37 1.39256115127466e-24 1
2.14595171974323e-32 1 3.53697929528572e-42 1.23469567151504e-31
0.999999999594919 1.26864331913526e-41 5.2050195300173e-48 4.05080994321859e-10
0.99999999403077 4.91771322756667e-36 1.22945416099915e-50 5.96922948923607e-09
1.60002344133318e-40 1 3.49358342837853e-62 6.64362810659155e-42
