2.57909492559162e-39 3.94829086944996e-54 9.81653184778671e-34 1
0.999999997134571 3.03641814004086e-52 2.86542855633219e-09 3.18092642302114e-49
1.59378173823644e-45 2.03186762765451e-60 8.49494419218156e-42 1
4.50460339335875e-48 2.66584830428753e-65 1.18770758180725e-39 1
1.98902708022118e-12 2.50354733389878e-38 0.999999999998011 5.90846297702347e-47
4.47648738000953e-42 1 8.28042218133657e-38 4.84644499737502e-58
2.06672392342404e-42 1.06776259877099e-60 1.12451811123655e-37 1
4.09045298922368e-37 3.461311854833e-64 2.81545690964938e-40 1
0.999999999998987 6.68802675064018e-53 1.01304217695834e-12 2.71206390552564e-39
0.999999999999378 2.57018114614904e-45 6.21963594095895e-13 1.82559834706856e-45
7.78642339092929e-37 1.37244848998712e-58 7.20112598931052e-38 1
5.86482060955608e-44 1 1.62916362179215e-35 9.54782468262508e-64
2.62817757861456e-52 1 1.32853526082857e-40 2.10494658740568e-61
1.22481316292312e-17 4.1623581502186e-39 1 6.42045154111101e-38
1.82195473138608e-43 1 2.30574015249129e-34 8.32603918701124e-62
2.52554604156324e-10 3.44376883181373e-42 0.999999999747445 1.75102698049164e-33
1.19316658267758e-08 3.67659092328267e-44 0.999999988068334 2.31932094765458e-48
2.15602704117098e-36 1 7.56349966660599e-28 1.82108509438403e-40
0.999999999999952 1.11995692542247e-47 4.77343419261911e-14 5.03188146359715e-47
9.06731701736579e-43 1 7.25539220863946e-34 2.10016523320097e-58
1.85986139043203e-41 1 1.27975528435777e-31 7.50384703110535e-56
0.0274267077861081 2.41805260167849e-23 0.972573292213892 2.70456362049532e-32
1.34294133111333e-37 2.81518668700627e-55 1.17669558451173e-35 1
8.74578868813352e-46 1 5.60747289863461e-34 6.44666245642894e-66
0.999999970606913 1.63680497700685e-40 2.93930871512173e-08 1.04903767239802e-35
2.21853110204416e-11 9.99831849335914e-42 0.999999999977815 9.37190234484213e-41
2.92704653138554e-41 2.87694105196035e-66 9.58298129844811e-40 1
0.196700435729269 8.93594322806213e-37 0.803299564270731 6.10467653052171e-35
0.99999999999949 8.60889666120993e-53 5.09640686867122e-13 2.58882774554558e-49
2.75151305383346e-12 2.60870558589218e-38 0.999999999997248 4.47463898858178e-37
1.47628051677544e-06 3.3019674949311e-43 0.999998523719483 4.7988495191307e-42
5.83205126551886e-45 1 2.02096031720968e-35 2.59664747979656e-59
3.12419852600503e-31 1.33393134686515e-50 5.609129251153e-32 1
7.45493711861339e-50 5.82857814889183e-71 1.47993435183874e-44 1
3.79812602916156e-36 1.45667697763708e-54 2.83228684630634e-35 1
0.999999999967999 5.88001786003214e-37 3.20007828247156e-11 8.1300518305955e-28
4.3654647180753e-52 1.11016225984983e-68 7.56072448900163e-54 1
1.18161719565281e-46 6.80448819119452e-62 3.97848326182833e-43 1
3.99599138918646e-39 1 3.1027389282056e-29 1.04814832489981e-55
0.999999992045333 2.11314340272087e-48 7.95466748600295e-09 1.72688836756685e-41
4.22910123779741e-10 1.66857128937539e-36 0.99999999957709 4.05135542362321e-37
5.49682502538215e-43 1 7.70490998147668e-35 6.3955460336758e-63
5.52061845649083e-32 1 1.09733517017816e-22 2.44060994208538e-40
1.77863849993733e-36 9.40848531083991e-66 2.62719492902472e-33 1
2.78122647277554e-12 1.79683308753799e-36 0.999999999997219 2.34770929699526e-43
0.99999999985663 3.70509805626738e-43 1.43370440480227e-10 9.62326192245914e-42
3.91202721475996e-32 4.23299665664344e-45 3.63545867553356e-28 1
4.63925167885266e-53 6.90090363147304e-68 2.70698119022804e-54 1
5.27802841681981e-41 1.23359284375336e-56 6.39342563407071e-44 1
0.999998623239669 1.22146179528052e-45 1.37676033099709e-06 3.41955163082308e-38
4.54655309399198e-57 1 6.40720121617259e-42 1.10906743588894e-62
2.5872207281892e-14 1.27746488145342e-32 0.999999999999974 1.0384913297565e-44
0.99999941595209 1.63699999889215e-31 5.84047909498184e-07 2.53542742218257e-42
7.21562067595072e-48 1.39182701675499e-67 1.80875044971082e-42 1
2.2445415945409e-39 1 2.2735791418276e-29 1.07545157427126e-51
8.76073567658445e-42 1 3.29447540010884e-33 6.48535161315975e-59
2.09357682071611e-46 1 1.04362546425912e-37 1.40227876631497e-55
4.66509119091668e-46 1 1.29950663905341e-36 4.77913989939107e-61
2.54462631209704e-53 1 1.21960914734411e-38 7.67076959660589e-66
7.1100565186876e-37 1.39626791012692e-56 1.53355010220239e-36 1
0.999999999999982 3.1190305670368e-47 1.76498641779349e-14 2.91118663768252e-39
0.99999999941256 7.31234686656769e-42 5.87440269545333e-10 3.44169311029532e-37
7.03554696815852e-15 1.34416607474165e-42 0.999999999999993 4.06266993227733e-40
7.61003213650653e-51 1 8.85293768381089e-40 1.09333427882587e-59
2.04478279471283e-41 8.36512849192592e-51 1.42871315037751e-42 1
8.75498087935993e-39 1.38565159538001e-70 1.47866243171096e-44 1
0.999999940646795 1.509521763478e-44 5.9353205137879e-08 6.93008056877848e-38
3.21268693462254e-11 1.89608440408138e-30 0.999999999967873 1.01579691076889e-43
0.999999997020368 3.96036855148549e-40 2.97963215832304e-09 1.15410694041404e-39
2.67434085762123e-46 1 2.46052287152306e-36 1.10314251008705e-61
4.39320168578319e-08 1.0142282466369e-36 0.999999956067983 4.34115537369473e-39
3.04074819409272e-14 2.74185972942325e-44 0.99999999999997 5.32456156539954e-36
7.15490886268201e-14 4.83968422422162e-34 0.999999999999929 3.35026678332136e-36
8.16791998266301e-13 8.30304932689848e-30 0.999999999999183 9.21302224496498e-51
0.999999999598031 5.19398560946219e-42 4.01968710072332e-10 1.28396511750148e-35
1.10480166908726e-13 6.44136416037979e-33 0.999999999999889 9.13372274560939e-44
4.1587617083162e-55 1 1.78861298933492e-41 7.00695332498614e-65
4.69958814816769e-49 2.919542275281e-68 8.08452860299985e-47 1
1.20933279475866e-36 4.76350228744371e-63 6.56763200911417e-38 1
0.99999999718107 1.92416596020817e-49 2.81892942449511e-09 7.86962253057929e-47
6.35022168066436e-45 1 7.58672101079701e-28 1.25948219986091e-54
1.33897096345723e-43 1 4.57473020768747e-36 5.30918343534903e-68
0.999999997933086 3.61834967441353e-48 2.06691411770679e-09 7.66769371197168e-42
2.63983104197941e-13 1.89765097389308e-32 0.999999999999736 5.36273436267955e-46
0.999999999911923 2.91172839245587e-50 8.80766657530266e-11 4.12818032203136e-46
6.32631309988556e-38 1 1.35379613515526e-28 9.29492286388728e-50
7.41587136310598e-37 6.77401582151982e-63 2.6726593731238e-36 1
0.999999999981077 2.59497638615207e-47 1.89229654552076e-11 2.62484658889126e-40
0.999999999967245 1.1746390999172e-54 3.27545779502511e-11 7.80796350083799e-46
0.999999999906628 2.33822176188578e-52 9.33721126839472e-11 1.0797103692828e-28
1.19019516317266e-43 1.00899875919079e-69 1.44918855140789e-44 1
0.999999999989695 9.38056365376713e-43 1.03053095996193e-11 6.47742433401651e-42
0.999999999903085 4.09049782735858e-52 9.69152338358977e-11 1.6436346074391e-37
0.999999999977114 2.83879252511651e-51 2.28864139323369e-11 2.91592190877096e-48
7.43780408689155e-42 1.59911413078613e-72 1.16075519438286e-41 1
8.16184024938724e-52 1 4.77805961962358e-40 5.08736747312163e-76
0.999999999999981 1.53779775846266e-47 1.90197414568336e-14 1.42298641408083e-41
3.81262453526284e-51 3.69518371699122e-65 5.51334870743759e-48 1
0.999999999999265 1.28867836617376e-55 7.3474473730745e-13 1.41356095021781e-41
0.999999990610022 3.71438064085898e-40 9.38997821514054e-09 3.50512349570939e-35
3.4058937888303e-06 1.15499778183007e-38 0.999996594106211 1.41375420767836e-47
0.999951837946191 3.19172086575952e-43 4.81620538092559e-05 1.9045467677332e-47
0.999997662255247 3.17103027162388e-40 2.3377447530415e-06 1.27093094203761e-37
0.000100884398961244 3.68810050920513e-41 0.999899115601039 1.34054067795939e-36
3.23035374311755e-54 1 1.72427740712402e-40 2.09563085070014e-65
0.999999999999987 8.31243276394346e-57 1.29628267416329e-14 2.02218888382704e-41
0.99999999999994 4.02911951695875e-48 6.04758673823195e-14 1.21021749843852e-38
6.57372521076412e-40 1.6548330603959e-53 2.46926279419493e-43 1
4.73579324445344e-37 9.29980070686952e-55 4.70651954800609e-32 1
1.60002344133287e-40 3.49358342837515e-62 6.64362810658834e-42 1
5.43477261269515e-13 4.47046974378169e-28 0.999999999999456 8.81136342156727e-45
0.99999999403077 1.22945416099898e-50 5.96922948923567e-09 4.91771322756583e-36
8.50111762329109e-44 4.34144456337281e-63 1.31506303262389e-45 1
0.999999999759664 6.90983740580767e-40 2.40335939764743e-10 1.23249275867596e-39
0.999999999999728 8.94530949015887e-38 2.71529136654185e-13 9.68862379096887e-47
2.36929597364521e-29 1.34501091051962e-53 8.81248082659972e-32 1
2.07814385515644e-42 1 1.09442146712527e-32 2.99540497348101e-55
2.37423292530828e-42 7.2534568861842e-59 2.70380083581227e-40 1
0.999999999999957 4.57108779847876e-44 4.32442058141257e-14 8.32654659268662e-35
4.03906839650322e-06 3.66495908031466e-35 0.999995960931603 2.28450342376693e-41
5.4148043965135e-43 1.69041287652134e-67 1.03179528357465e-43 1
0.999999999999692 2.22836870903946e-53 3.08119297354722e-13 2.76188583841679e-40
1.69735286362916e-37 1 7.71747788705197e-31 1.73737553146147e-68
1.20273715858338e-12 6.01864797540144e-40 0.999999999998797 3.57729333462692e-35
7.86096815348581e-57 1 4.04002091723264e-41 3.53287600451447e-66
2.38350769342608e-48 1 1.29225182811521e-38 3.91170407914694e-75
5.3109491480509e-12 4.3747706112241e-30 0.999999999994689 4.14278252756272e-31
5.31128562223417e-52 3.07970962506214e-67 4.8891832508191e-52 1
3.79203286876302e-40 1.82790336063169e-65 6.08708198043639e-40 1
1.98595265487063e-58 1 2.29553521173305e-47 2.79210143298517e-70
9.58006408947759e-11 5.42265616832461e-35 0.999999999904199 1.05071263303302e-41
2.08790368085458e-42 1.56780683954743e-60 2.2425557421628e-39 1
0.999999999999065 8.76626642087099e-52 9.35148837048774e-13 2.83318100571857e-44
6.52279575597114e-44 1 9.00954499791933e-36 2.82694102429415e-55
0.999999991366207 1.16906244985438e-39 8.63379325498193e-09 5.44740798049457e-40
7.62907434751586e-48 1 2.35014760256871e-36 1.04031462256911e-64
0.999999998549977 6.25589872901156e-54 1.45002276705922e-09 3.727833203979e-52
4.31948778998917e-47 1 1.09230387495049e-36 2.43357490959666e-68
0.000108860753041427 3.98513842512667e-32 0.999891139246959 1.21650794486398e-46
2.76801313006445e-36 7.1482700217902e-55 9.14831939450221e-36 1
0.999999999999987 4.29287276819356e-61 1.33686337488342e-14 8.39559543124329e-49
7.2234000105279e-57 1 1.49464387178516e-44 1.25401881051309e-65
0.999999823586725 3.23149548722448e-43 1.76413274964892e-07 4.81939100773263e-37
3.05541380971328e-59 1 1.77069466043693e-41 2.11673110135759e-70
0.99999999977423 2.78702781721501e-46 2.25770162435869e-10 9.20557294381118e-39
2.16376075478488e-49 1 1.43398652916792e-35 7.19812633211843e-58
8.38439816306584e-09 1.24974970622355e-27 0.999999991615602 4.51805219813799e-29
1.99660634346012e-13 2.51896928640514e-34 0.9999999999998 6.27996934313691e-55
1.31942142857831e-27 8.39000739544577e-47 6.05539010384038e-32 1
2.86075229782325e-35 1.72668080351958e-59 8.74989829828412e-40 1
1.64419869742271e-55 1 1.38394882774625e-40 1.08877791980042e-62
0.999999993433097 4.64366069575239e-46 6.56690315328048e-09 1.12134153072427e-47
4.95160697822449e-31 2.51314633267031e-48 9.58761474728848e-30 1
0.99999998973695 8.66932163705212e-53 1.02630495512077e-08 2.4614094655553e-44
3.89135948650493e-28 4.48216444063614e-57 9.07494379628102e-30 1
3.22815046776385e-41 7.57752659853821e-65 2.90665704024939e-42 1
3.36274324448331e-44 5.87779270717261e-64 1.72478223319818e-38 1
4.51895145839802e-54 1 1.28172736355331e-42 7.28685539676243e-59
1.79049432731592e-06 4.85555937765065e-44 0.999998209505673 6.70965514006322e-41
1 9.86078794379225e-53 5.50596245806804e-17 3.82227992140313e-39
2.20732689004079e-46 1 2.54358625183233e-42 7.29507526263787e-60
2.39192354131252e-46 2.55895697380714e-72 3.20467493663504e-48 1
2.74297777387794e-44 1 5.29994229893859e-31 3.38463147624614e-52
1.35705055507868e-16 9.05752737675475e-34 1 3.54398229974714e-39
1.51460753350593e-34 3.74124527392531e-51 2.21264942414423e-33 1
1.02968949075827e-41 2.64469002913581e-67 4.04780443169804e-46 1
2.45054801401041e-05 5.4116674787132e-37 0.99997549451986 1.24034734273938e-36
1.44898538499479e-12 3.26217738948405e-32 0.999999999998551 5.14338692234996e-33
0.99999998718807 1.40291336259037e-49 1.28119300881984e-08 1.78513643466138e-47
3.55095881793591e-12 1.61316004585483e-32 0.999999999996449 3.2517869318161e-33
0.999999999594919 5.20501953001204e-48 4.050809943216e-10 1.26864331913553e-41
2.09722580585331e-40 3.30264962767512e-56 5.9856141553368e-36 1
0.999999227633377 2.25261137661898e-51 7.72366623137315e-07 2.70980892440873e-45
0.999999999988083 2.52248346393915e-46 1.19172706637324e-11 5.8790383921191e-36
1.10062710480695e-50 2.11105170215322e-65 2.88533436098303e-48 1
1.06577578672371e-09 8.33771950705631e-28 0.999999998934224 7.25447298590833e-35
2.07903854151292e-15 1.46018043285983e-34 0.999999999999998 8.09183097587523e-34
0.999999999534823 1.3430045774117e-48 4.65176638221073e-10 6.14510012318631e-40
7.29246422413714e-45 1.89008278272462e-66 2.36882190260456e-45 1
6.60544716418437e-13 3.47503015026618e-27 0.999999999999339 5.93339439600105e-45
6.3904847220602e-51 1 3.55218732189426e-40 1.31403439354361e-67
1.74114239512475e-51 1 3.95785005462564e-33 9.16584957915914e-60
0.000698743394166936 2.41039595759179e-32 0.999301256605833 6.94392553721074e-34
1.50033278990109e-10 7.83325246966325e-31 0.999999999849967 4.00866604759072e-41
0.999999999956878 3.22888584709677e-44 4.31217364153925e-11 1.69663200880663e-45
0.999999999974059 2.78732747484809e-49 2.59414514601492e-11 8.04928738179625e-37
0.999999999987954 6.77694680842273e-48 1.2046399975011e-11 1.47257387613537e-38
1.58799740564272e-14 2.96698671588597e-35 0.999999999999984 2.08890982334249e-47
0.99999999999186 3.63737734462574e-57 8.14032780553127e-12 1.33626925737015e-35
1.21273726810423e-43 2.83628272018465e-75 2.22249785588991e-43 1
0.999999999999998 1.91462460979822e-38 1.92826272650795e-15 3.66395497641706e-23
0.999999998497249 3.34553186169257e-41 1.50275050185414e-09 3.3507238838755e-35
1.64162529928188e-48 1.03352238736648e-69 1.45479171929871e-49 1
0.999999999999941 1.47310666582719e-62 5.85350367628998e-14 7.04562471284235e-47
8.3147533406214e-31 9.22775156821125e-60 6.53232423923539e-33 1
2.89555694780321e-43 1 4.4458395460352e-29 8.40229752268603e-58
0.999999999992666 2.05240186247441e-50 7.33382491754593e-12 4.83887091890991e-44
1.13231982931793e-44 1 1.52569018258176e-39 4.94147350634903e-60
6.11844559052121e-33 2.22578155021275e-53 1.58170685263118e-35 1
1.41717706105562e-45 7.93374824948881e-65 1.03165175104982e-47 1
7.67353604146564e-43 2.79543213816048e-63 3.57396109878657e-39 1
1.79121783392283e-12 2.14385670840506e-35 0.999999999998209 3.98903921560945e-44
4.7530406359765e-36 1.67055643723417e-68 6.78601793557307e-39 1
1.13732361355799e-44 1 3.94734194834492e-34 4.38146775823855e-59
1.96891707102815e-51 1 2.0218222298344e-41 1.16122599102205e-68
3.6332872398578e-55 1 3.5806635324725e-38 3.93683226709723e-70
0.999999999999985 8.16505399975889e-45 1.49829469050576e-14 2.60552748750307e-40
3.90407641645198e-49 1 3.46602908190607e-36 6.38232933415156e-60
3.42131608447128e-55 1 4.39370389015089e-45 1.79525837482787e-57
6.07921775978836e-15 3.98874929181196e-41 0.999999999999994 9.25696996779453e-40
3.4770482958871e-52 1.11824387104663e-68 5.58386872995996e-49 1
1.50192615867973e-33 4.73177562003466e-55 5.09636353577145e-35 1
0.99999999999981 5.32791958417705e-44 1.8999773098063e-13 4.51582849521688e-45
3.91483040735117e-09 5.32242143986732e-43 0.99999999608517 1.17280092406991e-40
1.89917823690592e-45 8.66967705437332e-68 2.58937267788325e-47 1
8.78697766668851e-11 4.03397632308636e-39 0.99999999991213 7.88180877655596e-33
1.93135317888622e-32 1.52808266826443e-61 2.14500960943856e-29 1
2.06226967251666e-38 1 4.71030956327151e-33 1.01128251233233e-66
1.18304479052023e-58 1 2.34436515000149e-43 2.23514818676318e-69
4.78551843432244e-41 9.54349821030605e-63 5.51928888986946e-41 1
1.05039982065635e-42 2.45769663162524e-67 5.06198097642434e-42 1
7.34324684021619e-43 1 5.06414732358822e-31 3.3339191907291e-65
0.999999994447284 6.83163519813202e-41 5.55271622680011e-09 9.43575436449709e-47
7.61180771314388e-39 1 9.18093482583153e-31 2.14034644315678e-51
1.95914849394421e-09 1.3874293574782e-46 0.999999998040852 1.90863220677471e-44
4.15512378398902e-12 2.58000604834001e-36 0.999999999995845 1.5605520648355e-32
2.67423277876726e-41 5.73374045212848e-68 7.13812179566271e-42 1
0.999999999999998 4.02839695956011e-60 1.77727578405954e-15 1.15863020542996e-49
1.90178487499764e-37 2.84316232003913e-66 6.32622516358155e-36 1
3.09246846029499e-17 1.39256115127513e-24 1 3.99938269124524e-37
2.73125293249364e-12 4.45081337797812e-39 0.999999999997269 8.24531418055949e-38
1.59793881195634e-12 6.31684136187298e-42 0.999999999998402 1.64691793366556e-48
1.67772906883273e-58 1 1.06964053906728e-43 2.29562422690827e-78
0.999999999999938 4.50371623055605e-45 6.197691109887e-14 3.76178491395306e-46
3.16028383598622e-37 3.12560908924976e-59 1.5814128372706e-38 1
0.999999998665865 6.86078092573181e-39 1.33413451758064e-09 1.70975989096745e-35
6.5994783777575e-55 1 1.95611643699746e-41 3.35377208571823e-69
9.06497012072031e-47 4.25813604427725e-57 1.05479556243587e-40 1
0.99999999993781 3.22259487667898e-49 6.2189873731975e-11 6.42722487046534e-39
3.73280519517938e-47 1 1.28500917515111e-35 4.96496913936516e-60
3.1304027784016e-50 1 1.77612845047691e-40 9.1145485658477e-68
1.92820485838263e-11 2.60269928945196e-40 0.999999999980718 4.44584607152163e-53
3.56833170183774e-36 3.17192613737389e-53 7.62499454703699e-39 1
1.56267869852528e-45 9.42733425322138e-65 3.82258012607724e-46 1
0.999999999495065 9.86822907433862e-43 5.04935451700694e-10 2.23612347604238e-53
0.999999999999984 9.71768590782127e-56 1.57982929986406e-14 3.66483588230743e-45
1.67364192304547e-47 1 3.5339228647839e-35 2.84193183811659e-60
2.36448980980904e-45 1 5.08397796210804e-36 2.61733967340232e-60
1.17263521345478e-44 1 3.36296912260186e-34 6.98015792395329e-51
4.69280580419242e-37 1 2.55617282744784e-26 1.69489072750139e-53
0.999999999999369 1.57091713323609e-48 6.30944211708507e-13 4.46685538925422e-30
5.2605933542447e-07 8.60326567519986e-41 0.999999473940665 1.14250496077767e-35
5.87427149532502e-42 1 5.30023767025634e-31 2.66597252948587e-63
3.62633295918881e-50 1 2.34695137917307e-39 3.99384874759263e-76
0.999999987547727 5.85915402779968e-43 1.24522725115566e-08 2.7866552286165e-42
6.88874251496196e-54 1 6.97163339940569e-45 2.86080799432512e-67
1.10247722061526e-41 9.60857913325402e-66 7.14510181854291e-43 1
1.8188640768035e-39 1 6.61023006627867e-31 3.0951898656012e-54
1.07166078113486e-37 2.86941881657263e-63 2.70513186838639e-38 1
5.6469691390647e-53 1 1.45778717124999e-42 7.66953734655411e-75
7.72105607589353e-11 3.5925301830687e-42 0.99999999992279 1.78597587887935e-35
2.14595171974286e-32 3.536979295282e-42 1.23469567151434e-31 1
4.58966014595852e-12 1.00055308584438e-24 0.99999999999541 2.95595498915647e-41
0.999999999999999 3.17785312531695e-67 1.20105127223125e-15 9.05892220628037e-41
0.999999988185446 5.40993467546929e-48 1.1814553548138e-08 8.14355969358751e-37
5.35133994855357e-17 2.06650635759017e-31 1 2.18029700500172e-51
3.77863267335873e-10 4.25370698481292e-45 0.999999999622137 1.85085266295577e-33
6.57944058914406e-10 6.49726588590002e-48 0.999999999342056 2.30374044345873e-38
0.99999999999993 6.01631749432932e-46 7.03944904087386e-14 1.3771840603699e-38
0.999999811261201 1.41141750833831e-33 1.88738798736308e-07 1.72383146368367e-31
5.1795463841609e-40 2.41490562745811e-60 1.93178406892631e-40 1
0.99999999999998 1.19775272211046e-45 1.96235054370527e-14 1.12640036644499e-38
1.12695244760424e-17 6.71983430195277e-43 1 1.66177290433544e-40
3.81978965630319e-45 2.23418663458911e-63 1.2290926387426e-43 1
0.999999999988868 9.24836295366785e-54 1.11316631147738e-11 3.38071277135595e-38
5.06867050848088e-42 1 7.21103664501329e-31 4.0218666720755e-63
0.999999999996647 8.24312841847031e-51 3.35315942085188e-12 7.99674394684306e-41
1.27946389098079e-39 1.01842420789785e-67 5.8156279542629e-33 1
0.999999999999653 1.91272961987344e-46 3.47013796772799e-13 1.02276788161043e-32
1.83430328226405e-42 1.97457225707393e-67 1.37334795996508e-41 1
0.999999999998252 2.94583081939661e-38 1.74831368526966e-12 2.22653566088915e-35
9.82754231078836e-48 1 9.96381239435673e-39 1.12595412556092e-64
3.91648561731207e-46 7.48102302216466e-59 6.66338850103115e-44 1
0.999999999997553 1.16177565179227e-48 2.44676367869483e-12 3.56341919408822e-45
5.2980721446567e-46 1.7948453600292e-59 2.94246494201597e-45 1
4.144003381779e-42 1 6.4698859972929e-35 5.8408376342638e-60
1.21296784967601e-07 9.82360930446456e-33 0.999999878703215 4.85400233169681e-36
1.14680175871665e-32 1.1875174846328e-54 5.09152982946667e-31 1
0.999999999996999 1.82150587144904e-51 3.00065169363946e-12 5.34275529322982e-43
1.13020339941276e-09 7.32560278872125e-27 0.999999998869797 8.09895075157615e-38
7.65612409873125e-58 1 8.93082246623606e-47 1.23793216025437e-64
5.04372206933873e-43 6.94103545219724e-69 1.84669748355395e-41 1
1.7817430827367e-51 1 9.69274579670827e-38 6.32842136261733e-70
2.01930990475853e-41 1 8.23835187999373e-31 8.4797127579326e-48
5.9209511206737e-50 1 3.70520339683101e-38 6.94081094486048e-62
1.8755860487087e-07 1.43201898531374e-40 0.999999812441395 3.00569480445464e-34
2.89612898357639e-38 3.54180042174997e-65 9.42393120274198e-40 1
9.08839799740069e-43 6.19346708978915e-71 8.75631473359428e-41 1
0.999999950027744 5.28506061970719e-37 4.99722556867252e-08 3.1159821789835e-35
1.04498270136356e-38 1 2.91911581008991e-30 9.39256773581431e-59
