0.999999999026515 2.76760349353691e-38 9.20735121553338e-49 9.73484613108143e-10
4.97789418741752e-12 6.77695004452209e-40 7.86870238713172e-32 0.999999999995022
1.461646152868e-48 1 5.34279613568758e-63 6.54142551418707e-48
4.12189022796975e-34 1 1.3462127757821e-49 8.25974239597872e-35
2.1444083950183e-39 2.02364681963931e-51 1 5.95385673300676e-31
0.99999999996969 2.69542413713273e-40 3.51604698237986e-50 3.03096381710024e-11
1.32113744876532e-44 1 6.52530716299771e-57 8.11321723658016e-42
1.11903434238107e-11 7.09608991549719e-28 7.44994114130616e-32 0.99999999998881
2.1379813599828e-46 1 3.0742189784696e-62 4.51424994892858e-36
2.25517096778029e-12 7.81625881890433e-41 1.27250108609745e-35 0.999999999997745
8.8854045327397e-59 5.95052863962627e-66 1 9.82044280677012e-42
3.4300646843398e-41 3.57610312290403e-54 1 8.74688817041049e-35
6.72157230372535e-55 2.26133351826658e-59 1 1.16201357843787e-42
1.38903544522581e-29 1 3.15484830885312e-53 1.15719910911059e-30
5.13766611743021e-39 1 2.92613205229945e-61 1.47225687554409e-37
0.999999999298248 1.63976385556625e-37 6.72385431529349e-40 7.01752312588875e-10
4.60837670596614e-35 1 1.17523900259209e-55 5.85919787772774e-34
0.99999540517515 1.82654447261133e-35 3.58173335736193e-40 4.59482484985618e-06
5.76133814826735e-12 3.29072538837526e-38 8.06015274353105e-25 0.999999999994239
6.76072400244037e-40 1 1.12545346446473e-60 1.57100310888769e-39
2.78247657385042e-10 2.04892620394945e-37 8.18097552401937e-48 0.999999999721752
1.19475907052374e-38 9.45718451127582e-56 1 1.41366707326539e-30
1.15022277424758e-41 1 2.21043994526597e-66 4.59828463379927e-38
8.82052204461487e-36 1 4.75285075876503e-61 5.57435731856312e-35
0.999999999964376 6.70418695709218e-43 3.17822196320442e-44 3.56234994053173e-11
3.67561131512607e-51 1.75164106791279e-66 1 1.31426045960351e-39
2.52892836207997e-36 1 5.76969955859299e-48 7.45454460065577e-37
1.23301245577129e-37 1 3.79309556841556e-63 3.3859151020577e-36
0.999999999999977 6.34502075425292e-44 1.32648763978532e-62 2.27603825820812e-14
9.72855643158919e-44 1 4.54613349473261e-68 3.58212551866722e-43
9.02916376377831e-42 1.22986093486394e-54 1 1.52301957896403e-37
1.8173852732371e-39 1 7.00741115054966e-62 1.22753200814831e-37
0.999992693481558 5.04396214920894e-43 7.03778520354211e-44 7.30651844250697e-06
3.06896963516404e-49 1.22827681663242e-57 1 2.28475828025379e-36
4.2818071835999e-37 1 2.88205287898514e-50 1.59369991028896e-29
6.73226438792602e-57 1.23813501577063e-63 1 4.30805225415199e-44
0.999999999999921 4.3589173528949e-37 1.97019254359603e-45 7.89758715051017e-14
0.999999999999073 1.42471406124726e-34 1.86463431743522e-43 9.27287188178585e-13
0.999999990655955 3.57621422841341e-35 1.55788236243122e-41 9.34404477121497e-09
5.22041051336854e-41 2.75673819369755e-52 1 6.19788617897792e-31
0.999999999999995 4.37915099348601e-38 4.6285530374863e-57 5.0125294047737e-15
1.7807039506283e-45 3.61312330340729e-56 1 7.33488926595579e-37
3.46241875850751e-47 1.46905239948663e-60 1 2.96564919567762e-38
2.02672257518131e-34 1 7.55492361617183e-60 4.71590340148817e-35
0.99999999858346 8.29521002130375e-40 7.95865886763657e-48 1.41654010262986e-09
0.999999999997608 1.24414901512921e-36 1.61236056860673e-47 2.3922961751942e-12
8.31964955561375e-49 1 5.37137820870719e-62 1.4128319140789e-46
8.0247759530239e-42 1 1.98117076971496e-61 4.44185068714922e-40
0.999999999999837 1.34524723259697e-45 2.44358528953185e-47 1.63261919685305e-13
1.87025193694416e-31 1 3.08451023963797e-59 3.73995002499388e-27
2.49088719602773e-12 5.91462640576949e-41 1.65093257997325e-36 0.999999999997509
0.999999999999929 8.39979316840465e-39 2.13906893610992e-46 7.13887285350542e-14
2.15465396138253e-07 4.50636535816173e-32 2.9064532563933e-40 0.999999784534604
0.999999999988551 3.22271823555484e-44 5.68541454870832e-52 1.14488549357698e-11
0.999998575543875 3.78490746820759e-31 8.31928248203582e-33 1.42445612454415e-06
2.21010845453445e-51 1.27334113830616e-57 1 2.83413566947205e-32
1.79131405591663e-41 1 1.35244554522159e-61 1.53496090915282e-40
0.99999999933937 1.6416449853419e-37 1.18193352240598e-55 6.60629479069243e-10
0.999999999817521 4.85044681169608e-36 9.74707752732366e-49 1.82478662476693e-10
9.50087100305441e-48 1 7.66744028456225e-66 1.80645657141706e-43
3.15476613714936e-32 1 2.61238398355352e-53 4.35799484333242e-29
3.45854711420306e-14 3.66063742176304e-41 6.19856140007618e-33 0.999999999999965
6.22429959399178e-48 1 1.21393154395361e-67 1.78223564352732e-40
0.999999845538492 2.92255176586781e-33 6.06557635411637e-37 1.54461508249742e-07
0.999999011134489 2.1016579874351e-35 1.00866052800041e-45 9.8886551096654e-07
1.82598351501874e-54 1.86064911987016e-67 1 3.08961458428684e-44
1.03934116119199e-08 9.29160390286167e-32 7.43067588375252e-27 0.999999989606588
4.69124577797363e-49 1.67900248384854e-69 1 2.31484041410643e-39
0.999999999999817 4.03498449446504e-40 4.62180260460306e-44 1.82914857172691e-13
1.27847734674025e-41 2.03350578270263e-46 1 2.33921675688416e-30
7.08161764944696e-29 1 1.23036537616586e-44 1.89774536632972e-25
2.3115591802001e-43 1 3.90505308898505e-61 1.23142209328666e-41
0.999999999987738 1.26946597568659e-45 1.79317420309093e-44 1.22619859753082e-11
2.24118509023002e-11 2.17051550144503e-38 1.229413878036e-41 0.999999999977588
0.99999999366649 1.22079428033342e-38 1.81292826795832e-39 6.33350976953207e-09
2.72843786716898e-06 7.31236542852891e-31 1.33421827108377e-40 0.999997271562133
0.999999999996282 4.57702231950724e-29 4.46743148254377e-48 3.71791376251881e-12
1.08359454284992e-36 1 1.47778736152374e-55 4.96968445086149e-35
1.91605875016984e-46 2.39248120755082e-53 1 1.49530656630786e-37
3.37816501955552e-43 2.58996307327612e-55 1 9.01591618198248e-29
0.999999997787189 2.46964202710719e-38 1.99538896206345e-48 2.21281147429426e-09
5.72889560412959e-27 1 3.81502429102122e-45 7.877470562665e-30
2.0437974759864e-53 1.98990330011618e-60 1 6.28285433443606e-40
0.99999999313825 4.99873083436081e-46 1.35718719230482e-45 6.86174996414754e-09
1.78696294256406e-11 1.18704360522272e-28 8.83527285086026e-36 0.99999999998213
1 8.88142706445998e-38 1.95796057187343e-52 2.68394464929123e-16
1.1415327337985e-52 2.63264713029016e-61 1 3.33430076597526e-38
0.999999999744418 1.25062833418073e-50 1.01680310389695e-42 2.55581921345374e-10
3.27234355432013e-43 1 1.55470774788354e-61 1.68880926528419e-43
1.02498540194347e-10 2.08937337670677e-48 5.03066296517514e-40 0.999999999897502
4.55848458762636e-50 5.62411555666001e-65 1 4.15156596009244e-40
7.95970515079782e-53 3.13937631385142e-71 1 3.4496931673531e-43
6.20834855996721e-50 1.42316082963654e-59 1 7.62872395114951e-38
4.29781855973699e-57 4.85074805873631e-60 1 5.38927372920936e-46
1.19961838157854e-36 2.80468074797375e-39 1 2.06523164028338e-27
1.10140666921191e-10 5.60112045961909e-39 5.48061119470334e-35 0.999999999889859
7.94198968798474e-39 1.32777029299179e-48 1 5.25218512522548e-31
0.999999999992972 6.66578196903837e-40 7.2991516157021e-53 7.02836556490363e-12
4.58264859266412e-10 7.19428852568831e-32 2.02792221257819e-44 0.999999999541735
4.26499177181918e-50 1 7.34669363950842e-64 4.04261674023972e-46
7.64766675802331e-16 6.69818908879718e-45 2.98802014136614e-31 0.999999999999999
1.55850065395905e-44 2.47493729737531e-48 1 1.00578478771933e-33
2.6310699041018e-11 1.60923271626134e-40 3.30514084551576e-38 0.999999999973689
2.33710670273449e-13 4.31773856020065e-31 8.30993543056631e-44 0.999999999999766
1.8638124193344e-36 1 8.46738704485343e-53 4.08685726506265e-33
2.24825632234505e-38 1.60479833961248e-50 1 4.00780959105717e-29
3.85824084915678e-13 5.91983126371611e-51 1.50484844044719e-34 0.999999999999614
0.999999990120703 1.25590996352519e-34 2.09838880732116e-38 9.87929758049409e-09
1.14039758762522e-35 1 3.58460416143358e-67 3.44119870525384e-37
2.93262486851132e-12 1.01527617260386e-34 3.6179495985846e-38 0.999999999997067
0.999999991131074 1.44865148800072e-41 2.62648904324378e-47 8.86892570615036e-09
9.00659810664321e-17 2.87467958575195e-32 6.2605333933368e-25 1
1.02359443420356e-44 6.1856309100593e-58 1 2.95235684877464e-39
1.71771486591056e-43 5.78090446164475e-60 1 1.04127676521886e-33
2.20977336807326e-40 1 1.10429896637531e-63 6.05942399644413e-37
0.999999961680225 1.20617593891649e-34 2.07391318769391e-50 3.83197747200649e-08
7.85309540386897e-58 1.75588137073705e-73 1 1.40446545623544e-43
8.0099575295503e-41 1 2.8174696332051e-66 1.66081317756459e-40
2.42775590579453e-49 2.98911141427875e-55 1 1.75806423929333e-35
3.0834111257392e-40 1 7.66124033322138e-64 1.34295606088517e-37
0.999999983822811 1.16222716086649e-37 1.0870734139972e-39 1.61771888294502e-08
1.16025366775047e-33 1 5.66614522141369e-49 2.60737617269359e-31
0.999999999999998 9.15526608296028e-42 9.45903269388962e-56 1.63770239001132e-15
0.99999991043545 2.17877682629391e-46 3.33554750013606e-49 8.95645494636176e-08
3.81158185085799e-12 4.00703228155891e-44 3.43564058713293e-42 0.999999999996188
5.38912975045484e-13 2.54316486681669e-31 1.45980005493614e-33 0.999999999999461
2.14341944214686e-44 1.098584192048e-54 1 1.28837841750136e-35
5.62864047734891e-06 8.61830748117841e-38 5.51339702080299e-43 0.999994371359523
1.54064005994437e-09 5.65943516065706e-28 2.38941446536207e-28 0.99999999845936
0.999999999926306 1.5475090652241e-43 6.76946426775472e-49 7.36941692169584e-11
1.06694595928394e-38 1 4.24080697314145e-61 4.66203360705504e-37
7.2716090158977e-45 1.4677418336559e-56 1 2.71795379921347e-35
0.999999999999475 2.79203636528421e-37 1.04812818221641e-45 5.25108156299104e-13
7.3745904484198e-12 2.40118591945649e-34 1.00315231541209e-38 0.999999999992625
0.000642162728049851 3.67904747823145e-32 1.38374075089159e-40 0.99935783727195
1.07555552969946e-43 3.76420035524714e-60 1 1.21648440615666e-35
0.999999838062699 6.73371678388603e-37 6.41681433003211e-44 1.61937300768129e-07
0.999999999957594 1.4348068420411e-38 2.88503895165257e-43 4.24060615423055e-11
9.6472973343646e-43 1.46998726971685e-62 1 1.12571453337333e-30
0.999999678341888 6.49497568927148e-40 2.48950613003532e-31 3.21658112037464e-07
7.46440460657868e-15 1.61399946846015e-30 7.23960929249117e-34 0.999999999999992
3.38504266446757e-31 8.90983349234433e-35 1 7.56944898048242e-23
0.999999999987063 1.2593369875207e-35 7.9719776294696e-54 1.29366337164748e-11
0.999999999999984 2.66755005040328e-40 1.20658736965661e-66 1.61017439988272e-14
1.08523889035024e-05 2.33438610967084e-34 1.39291589800612e-37 0.999989147611097
6.6859835927866e-48 1.26930437876704e-62 1 4.11010108915971e-36
2.72614313922232e-05 3.47918075040113e-46 3.22743450567798e-32 0.999972738568608
0.999999999998901 1.70879398688022e-37 2.45847324055704e-43 1.09881310521553e-12
2.56142228407015e-42 4.6265475922756e-58 1 1.05779684181462e-34
3.05722175259296e-52 2.21861987608198e-58 1 6.56743702924318e-41
7.48290081537425e-09 9.41375753570302e-38 1.20802614053243e-42 0.999999992517099
9.34330664317816e-39 1 1.25123508799337e-67 6.94734866007656e-36
1.70887298767513e-45 1 1.36655627372291e-59 3.78461279068064e-40
4.11963744349149e-37 1 8.03166812544587e-62 5.74692267317232e-36
0.000246510641273969 4.88919749213709e-32 6.71239442849773e-33 0.999753489358726
3.16122378336862e-43 6.22061709011731e-65 1 3.93030188406605e-35
4.6652657916112e-13 1.0816268878619e-42 5.59884470225965e-28 0.999999999999533
0.999999999992111 1.85244522190231e-43 2.68396300180642e-51 7.88879436269574e-12
0.999999999991825 3.30356348689555e-33 1.86776073015755e-45 8.175074034166e-12
6.70875275426528e-38 2.31644403981414e-47 1 2.34093198505554e-28
0.999999999977871 2.50643900150525e-34 5.49395647304169e-38 2.21294124146570e-11
1.18263570914786e-33 1 2.3324442345088e-50 1.27640594267491e-30
1.44559645631792e-14 2.26648391792222e-37 4.31856374079784e-42 0.999999999999986
7.66831769398823e-51 5.802117241244e-57 1 5.22529047041947e-40
1.49643745044265e-38 1 1.16755111118607e-52 5.75758587776205e-39
2.24587895915448e-54 1.38444655241718e-64 1 1.35673503506918e-41
9.29918283757289e-34 1 1.60177039087531e-54 3.94519079817429e-34
0.999999910479322 1.54120895039837e-33 1.27268374142831e-43 8.95206782339205e-08
2.38144325921045e-56 2.55191017606659e-62 1 1.24926502829522e-40
3.81570545661878e-55 3.64201342575178e-62 1 7.28942299827719e-42
5.69577503579064e-44 1 1.13207374223808e-62 2.52937455225075e-37
6.71263251902861e-41 1 3.37212931772024e-65 1.73532470636609e-39
3.54446948510892e-17 6.70936847611387e-35 1.89989314026085e-38 1
0.999999999999993 5.37775557079145e-38 6.2810688720177e-48 7.40243150580367e-15
1.65670153347514e-27 1 2.14995108980163e-55 9.73256368588582e-28
4.83468397701601e-08 5.68649310009224e-36 5.71495647178731e-37 0.99999995165316
1.93368474724394e-32 1 2.05259562732999e-41 1.52009278515673e-30
1.15943904635068e-42 1 5.83385470138904e-60 1.15728849568583e-42
2.47281993315991e-50 2.07272598179955e-63 1 1.70678672504206e-37
2.76739191699284e-06 1.40237916274761e-38 1.50102020570536e-43 0.999997232608083
1.59937751367909e-08 6.31309824114455e-28 7.50353685789511e-28 0.999999984006225
1.14600736539592e-39 1 3.53836511084844e-60 1.23279354871852e-37
2.84986084923652e-41 4.68660720940808e-58 1 1.26727349971312e-30
1.47709819338155e-29 1 3.24194013265438e-57 4.64665770618091e-30
2.12199107115352e-14 5.7087082137547e-36 1.00275380616708e-40 0.999999999999979
9.92566735593826e-37 1 3.17876282272675e-60 1.53213858306159e-33
3.12128133821447e-48 1.36610662073204e-72 1 3.69484662639118e-38
1.25150062299977e-55 8.16379976538932e-61 1 2.32898600154465e-40
1.83920693372308e-35 1 5.3530192463823e-56 1.36729398756542e-34
9.26384084165561e-59 6.7136186053445e-69 1 1.79912744272515e-47
2.88970082140366e-35 1 2.81359807920056e-60 5.55403678139394e-35
5.07405139249339e-50 1 6.88451510660218e-63 5.47938223717066e-49
0.99999998888578 3.09229010868081e-39 2.49433007090775e-48 1.11142199046658e-08
0.99999999326905 2.51408366421777e-44 1.27383746129247e-49 6.73094971236883e-09
3.51842962219059e-41 1 4.62991451757575e-60 5.5613735463203e-36
0.999999999877216 9.39261240412341e-26 5.41856542535973e-37 1.22783858969018e-10
8.1447372859713e-14 4.2379259658083e-43 8.46988152964169e-35 0.999999999999919
0.999999990435853 2.31603874781842e-45 2.177686947828e-40 9.56414684228566e-09
3.13667767425284e-36 1 8.56711846384515e-53 8.40331957321914e-30
4.67290365997986e-29 1 5.12039770592227e-40 7.15869087523997e-23
5.77936440007326e-43 1 1.73657115735329e-67 1.00573646545255e-40
1.92406720010612e-07 1.66041875259025e-32 6.8645488552654e-33 0.99999980759328
1.31889226425222e-09 5.70273743947775e-30 2.59916209151163e-41 0.999999998681108
3.46574107324417e-34 1 9.41307885496567e-62 4.35973447248833e-29
2.47444908591638e-39 1 1.73369199256074e-58 1.46191560647263e-38
0.999999999974687 6.68264378063028e-37 1.39855926793133e-47 2.53125545636055e-11
6.4899604944129e-44 4.17810934875478e-54 1 9.27458489347518e-34
0.999999946364482 2.50639350081204e-34 5.14974366692474e-40 5.36355185573483e-08
4.07926412509504e-55 2.8945717818557e-67 1 2.29765869392813e-38
3.10318730226225e-42 1 1.33926604923397e-59 2.41016915471971e-36
0.999999999999238 5.10782912126983e-50 6.85509721890334e-60 7.62225652036204e-13
3.00278700388816e-46 5.45849185675432e-54 1 7.914848307269e-36
3.7157990082214e-42 5.82953374204427e-54 1 1.72650112535207e-33
6.57297869933636e-40 1 3.24467733439452e-56 6.2293650324228e-35
0.999999999971054 4.73849445434368e-34 2.20458534471119e-52 2.89461862529274e-11
6.80696345296634e-39 1.12740106148407e-47 1 4.6220896422777e-29
4.85476730518368e-08 2.36791300454279e-44 9.56452434992059e-44 0.999999951452327
0.999999993920641 7.79607645895774e-51 1.41600424490046e-53 6.07935875316291e-09
4.96437767251586e-44 1.47866401885023e-48 1 3.84544254067084e-28
2.77215953012988e-38 1 2.33678232995423e-52 3.9754544251947e-32
1.40181856588224e-29 1 4.62276666478785e-48 1.57601450475249e-29
1.3174915515861e-45 1.25421162865334e-58 1 3.83745655550877e-36
7.62368751441767e-40 1 7.25822227647405e-64 1.6634263121819e-42
1.05564598741418e-58 3.0026356697969e-67 1 3.96375831054672e-43
4.89586269372755e-46 3.05255181434788e-62 1 2.44745197900939e-36
3.2154201529404e-16 8.09674991484052e-35 5.03113253942532e-34 1
0.999999999999592 1.84215751979372e-43 1.15339740308855e-43 4.08301601440056e-13
0.999999999999994 9.8139359772501e-48 4.78951480454569e-60 5.73511773128292e-15
2.87512415849274e-09 1.9454760821067e-27 5.48946762156646e-42 0.999999997124876
4.27079566558807e-10 7.98139882946751e-38 5.015001019666e-30 0.999999999572921
1.69545197802809e-41 2.08455711940921e-58 1 8.89005957335278e-32
0.999999999778994 9.49876039819183e-44 8.00542872978303e-55 2.21005885040209e-10
1.03757712269619e-09 1.75701669939312e-42 7.62069497768456e-47 0.999999998962423
7.44118711901651e-13 4.00139240437301e-39 2.09487458635412e-32 0.999999999999256
2.89338510551011e-38 1 4.35922714229843e-65 7.58797791747314e-30
8.76245424075153e-46 1 1.4682074533703e-57 3.02856750403112e-42
1.59819583344421e-36 1.63310475484264e-62 1 1.10118491528337e-30
1.07909541378469e-39 1 5.56185721792013e-66 3.11083798870645e-35
4.72410876363768e-42 4.63384042137958e-57 1 1.37514378445371e-33
7.98446836132390e-11 5.76364705949176e-43 1.14200544741628e-28 0.999999999920155
2.39305181673777e-11 1.19715615171974e-28 5.78061722846028e-32 0.99999999997607
1.27849178153851e-38 1 2.16511740582448e-69 1.79058688653775e-43
9.0383880517873e-40 1 7.0848761423698e-48 7.61755614835852e-39
5.75410834555187e-11 1.11527252042177e-24 3.87234837083312e-30 0.999999999942459
0.999999947280479 4.68886454995448e-41 1.48792207655248e-42 5.27195213444733e-08
3.03187694579378e-39 1 7.23971421792274e-54 1.04866647696348e-34
2.28440303809578e-55 3.40381215002273e-56 1 2.03816907224754e-44
2.60290566059913e-34 1 1.32978707553509e-51 2.29353532556895e-31
8.92465489992231e-47 3.97408467321301e-55 1 4.03932820057677e-35
0.180651252118109 9.75726433441837e-33 1.09972725804099e-36 0.81934874788189
0.999999999999195 9.64711663141217e-39 8.18935428121975e-56 8.04748230929611e-13
9.55128549030613e-43 2.47778690010776e-54 1 2.71459967675752e-32
7.49387992597315e-51 3.98488267600702e-64 1 2.77006241911102e-41
0.999999999873577 2.4123060929709e-26 2.48068547437362e-52 1.26423208143199e-10
0.999999999970919 2.13610738738088e-43 3.8508947788485e-50 2.90814020093042e-11
0.999999998972223 2.25731889725222e-32 2.68946137277692e-41 1.02777667710123e-09
0.99999999999469 1.04187956020384e-40 1.82978924564769e-51 5.30942990097755e-12
0.999999987848297 1.17460420261186e-47 4.99700809309942e-52 1.21517026183008e-08
5.250132073397e-12 2.10022025996652e-39 5.00726219743191e-27 0.99999999999475
2.94231679235812e-45 6.20716005198131e-62 1 1.94255816877188e-33
1.98786251351137e-50 1 1.46959167046055e-65 3.54281448945392e-45
1.50310266654518e-47 1 2.00795036847525e-59 7.37671426334492e-42
1.90636607417877e-35 1 9.66917555449945e-63 5.96636928373626e-32
6.98749124243786e-17 2.81806920238234e-35 8.76153288570466e-43 1
1.20020449561846e-45 5.54731270153355e-55 1 6.31192710838466e-42
0.999999999999841 1.20458587258224e-44 1.96651307680021e-37 1.59015537835163e-13
2.63231765655462e-30 1 1.47804547049896e-48 1.88098120012138e-29
4.78811477515348e-45 1 2.56453410054629e-64 2.76915756656203e-43
0.9999999999859 8.48879732627219e-39 2.4112361940429e-52 1.40999127471507e-11
3.72801072546186e-43 1 1.55827559562545e-56 5.26265286552774e-37
1.10628607076653e-42 1 3.87060452758974e-73 6.76799010226047e-41
5.16662706609734e-52 1.47923490276469e-74 1 1.08880435673358e-39
4.38649416646317e-43 1 5.72819584345564e-60 3.67948217015033e-39
4.44218560350467e-58 8.59015929062479e-64 1 4.81712145177433e-42
0.99999996500569 3.19388121942123e-35 1.02464560454715e-47 3.49943095650701e-08
0.999999996284652 1.48430106476925e-35 9.10423387748002e-42 3.71534847475493e-09
1.98996398226738e-32 1 1.02374472539153e-54 7.74214576789154e-35
0.999999999999996 2.26328196749581e-21 3.38781725478149e-38 3.91977681684929e-15
1.34677114523532e-37 1.48510505119425e-53 1 1.12694760943761e-25
0.999999999999994 3.64705302355315e-41 5.88856122476267e-46 6.319528417453e-15
1.95529820786982e-10 1.49096425309888e-30 2.76584473472172e-38 0.99999999980447
0.999999999999764 9.20932124280027e-46 3.33876435609323e-53 2.36489592159886e-13
6.45334426953916e-39 5.77661697730563e-66 1 3.53787176246956e-33
1.10099649851192e-06 9.82076343742036e-41 2.81798995193943e-35 0.999998899003501
0.00661476230699399 1.63541011505714e-32 4.2262562905479e-23 0.993385237693006
0.999999999958103 2.3866395629814e-34 4.314543785699e-46 4.18968033197864e-11
0.999998997177252 3.54511440743021e-43 3.27514081825343e-51 1.00282274792024e-06
1.54473273636486e-46 2.58396852623744e-60 1 4.87902705461564e-36
3.61584741696437e-10 2.24001140216728e-37 9.78410024346425e-31 0.999999999638415
0.999999999990885 1.08664799253406e-42 8.0463653777734e-50 9.11535466062214e-12
0.999999963589815 2.10820715024271e-33 4.87913073576311e-40 3.6410184918118e-08
4.16744495350453e-12 2.55360314984244e-31 1.37516201739025e-39 0.999999999995832
0.999999999999807 2.81110580041391e-37 9.81468929102716e-48 1.93326445123649e-13
0.999999999790584 2.05664940846102e-36 3.55099060574681e-46 2.09415845096393e-10
5.6769193579589e-46 1 3.76669977107863e-64 9.87698184112175e-39
9.83351302867227e-07 7.34856444271237e-47 8.991569968015e-39 0.999999016648697
1.05993097839845e-43 1 3.78218062743053e-52 3.59385772012801e-35
4.52316766761702e-10 2.77105067362581e-34 1.26899817860551e-36 0.999999999547683
0.999999756454035 3.12510567139964e-44 3.96859252285791e-52 2.43545964768044e-07
8.09035657607391e-44 8.00810874418852e-48 1 3.79552523460967e-31
