1.50102020570534e-43 1.40237916274741e-38 0.999997232608083 2.7673919169928e-06
7.66124033322051e-64 1 1.34295606088484e-37 3.08341112573845e-40
1.73657115735329e-67 1 1.00573646545243e-40 5.77936440007219e-43
1 1.42316082963646e-59 7.62872395114973e-38 6.20834855996633e-50
7.29915161570065e-53 6.66578196903676e-40 7.02836556490346e-12 0.999999999992972
5.03113253942524e-34 8.09674991483914e-35 1 3.21542015294038e-16
2.68946137277646e-41 2.25731889725187e-32 1.02777667710123e-09 0.999999998972223
1.36655627372291e-59 1 3.7846127906801e-40 1.70887298767489e-45
5.51339702080268e-43 8.61830748117645e-38 0.999994371359523 5.62864047734879e-06
1 4.1781093487546e-54 9.27458489347531e-34 6.48996049441198e-44
3.8706045275893e-73 1 6.76799010225894e-41 1.10628607076628e-42
1.95796057187301e-52 8.88142706445847e-38 2.68394464929112e-16 1
4.4674314825432e-48 4.57702231950672e-29 3.71791376251877e-12 0.999999999996282
2.44358528953143e-47 1.3452472325967e-45 1.63261919685298e-13 0.999999999999837
5.88856122476167e-46 3.64705302355279e-41 6.31952841745282e-15 0.999999999999994
1.15339740308837e-43 1.84215751979354e-43 4.0830160144007e-13 0.999999999999592
1.00315231541209e-38 2.40118591945614e-34 0.999999999992625 7.37459044841969e-12
1 1.47923490276477e-74 1.08880435673367e-39 5.16662706609704e-52
1.55470774788341e-61 1 1.68880926528385e-43 3.27234355431938e-43
1.27250108609743e-35 7.81625881890311e-41 0.999999999997745 2.25517096778033e-12
2.81798995193927e-35 9.8207634374184e-41 0.999998899003501 1.10099649851186e-06
5.00726219743173e-27 2.10022025996604e-39 0.99999999999475 5.25013207339677e-12
7.00741115054886e-62 1 1.22753200814799e-37 1.81738527323669e-39
1.18193352240581e-55 1.64164498534157e-37 6.60629479069192e-10 0.99999999933937
2.92613205229912e-61 1 1.47225687554384e-37 5.13766611742926e-39
1.39291589800604e-37 2.33438610967041e-34 0.999989147611097 1.08523889035021e-05
1.20658736965637e-66 2.66755005040263e-40 1.61017439988265e-14 0.999999999999984
6.2605333933368e-25 2.87467958575158e-32 1 9.00659810664296e-17
1.35244554522152e-61 1 1.53496090915245e-40 1.79131405591617e-41
7.25822227647322e-64 1 1.66342631218149e-42 7.62368751441561e-40
1.32978707553511e-51 1 2.29353532556872e-31 2.60290566059883e-34
1 5.9505286396261e-66 9.82044280677026e-42 8.88540453273869e-59
6.8845151066016e-63 1 5.47938223716934e-49 5.07405139249209e-50
1 4.68660720940821e-58 1.26727349971313e-30 2.84986084923619e-41
3.27514081825287e-51 3.54511440742935e-43 1.00282274792024e-06 0.999998997177252
7.95865886763521e-48 8.29521002130198e-40 1.4165401026298e-09 0.99999999858346
2.0525956273299e-41 1 1.52009278515651e-30 1.93368474724361e-32
2.88503895165212e-43 1.4348068420409e-38 4.24060615423043e-11 0.999999999957594
1.32648763978498e-62 6.3450207542513e-44 2.27603825820795e-14 0.999999999999977
1 1.38444655241714e-64 1.35673503506917e-41 2.24587895915406e-54
3.58460416143327e-67 1 3.44119870525326e-37 1.14039758762506e-35
1 1.25421162865327e-58 3.83745655550882e-36 1.31749155158593e-45
1.47778736152359e-55 1 4.96968445086072e-35 1.08359454284978e-36
1 9.45718451127622e-56 1.41366707326549e-30 1.19475907052365e-38
1 1.09858419204793e-54 1.28837841750136e-35 2.14341944214659e-44
7.5549236161714e-60 1 4.71590340148737e-35 2.02672257518103e-34
1 1.26930437876701e-62 4.11010108915983e-36 6.68598359278584e-48
1.09972725804093e-36 9.75726433441671e-33 0.81934874788189 0.180651252118109
1 6.20716005198131e-62 1.94255816877199e-33 2.94231679235791e-45
1.20802614053243e-42 9.41375753570155e-38 0.999999992517099 7.48290081537422e-09
3.17876282272675e-60 1 1.53213858306141e-33 9.92566735593742e-37
3.90505308898472e-61 1 1.23142209328645e-41 2.31155918019977e-43
1.37516201739027e-39 2.553603149842e-31 0.999999999995832 4.16744495350445e-12
3.58173335736142e-40 1.82654447261105e-35 4.59482484985593e-06 0.99999540517515
5.48061119470334e-35 5.60112045961806e-39 0.999999999889859 1.10140666921187e-10
1 3.97408467321318e-55 4.039328200577e-35 8.9246548999213e-47
2.3367823299542e-52 1 3.97545442519408e-32 2.77215953012933e-38
1 2.4749372973751e-48 1.00578478771929e-33 1.55850065395878e-44
3.08451023963806e-59 1 3.73995002499367e-27 1.87025193694408e-31
1.02464560454694e-47 3.19388121942032e-35 3.49943095650685e-08 0.99999996500569
3.24467733439438e-56 1 6.22936503242182e-35 6.57297869933524e-40
1.26899817860546e-36 2.77105067362525e-34 0.999999999547683 4.52316766761686e-10
2.68396300180585e-51 1.85244522190199e-43 7.8887943626954e-12 0.999999999992111
1 5.62411555666001e-65 4.15156596009256e-40 4.55848458762604e-50
3.85089477884795e-50 2.1361073873806e-43 2.90814020093044e-11 0.999999999970919
3.33876435609266e-53 9.2093212427987e-46 2.36489592159882e-13 0.999999999999764
1.4160042449003e-53 7.79607645895641e-51 6.07935875316291e-09 0.999999993920641
1 3.13937631385115e-71 3.44969316735295e-43 7.95970515079623e-53
1 3.64201342575137e-62 7.28942299827678e-42 3.81570545661786e-55
1.27268374142809e-43 1.54120895039802e-33 8.95206782339183e-08 0.999999910479322
1 1.86064911987027e-67 3.08961458428697e-44 1.82598351501854e-54
1 2.21861987608198e-58 6.56743702924299e-41 3.05722175259244e-52
3.24194013265429e-57 1 4.64665770618031e-30 1.47709819338136e-29
3.76669977107863e-64 1 9.87698184111951e-39 5.67691935795785e-46
1 1.47866401885008e-48 3.84544254067079e-28 4.96437767251501e-44
1.50484844044715e-34 5.91983126371434e-51 0.999999999999614 3.85824084915667e-13
1 1.36610662073204e-72 3.69484662639139e-38 3.1212813382142e-48
7.430675883752e-27 9.29160390285995e-32 0.999999989606588 1.03934116119196e-08
1 6.1856309100593e-58 2.95235684877481e-39 1.02359443420345e-44
7.50353685789442e-28 6.31309824114338e-28 0.999999984006225 1.59937751367899e-08
9.74707752732228e-49 4.85044681169546e-36 1.82478662476691e-10 0.999999999817521
2.8174696332047e-66 1 1.66081317756419e-40 8.00995752954837e-41
1 3.40381215002249e-56 2.03816907224745e-44 2.28440303809539e-55
2.45847324055669e-43 1.70879398688e-37 1.09881310521554e-12 0.999999999998901
3.53836511084824e-60 1 1.23279354871831e-37 1.14600736539574e-39
1 6.7136186053445e-69 1.7991274427251e-47 9.26384084165403e-59
1 1.46905239948659e-60 2.96564919567779e-38 3.46241875850722e-47
6.52530716299734e-57 1 8.11321723657866e-42 1.32113744876515e-44
4.54613349473235e-68 1 3.58212551866671e-43 9.72855643158767e-44
1.86463431743493e-43 1.42471406124705e-34 9.27287188178536e-13 0.999999999999073
2.6264890432433e-47 1.44865148800048e-41 8.86892570615023e-09 0.999999991131074
8.04636537777214e-50 1.08664799253392e-42 9.11535466062224e-12 0.999999999990885
3.55099060574641e-46 2.0566494084607e-36 2.09415845096391e-10 0.999999999790584
1.98117076971479e-61 1 4.44185068714815e-40 8.02477595302207e-42
1.10429896637528e-63 1 6.05942399644327e-37 2.20977336807304e-40
5.68541454870719e-52 3.22271823555393e-44 1.14488549357694e-11 0.999999999988551
3.15484830885281e-53 1 1.15719910911041e-30 1.3890354452256e-29
7.62069497768423e-47 1.75701669939274e-42 0.999999998962423 1.03757712269618e-09
2.41123619404235e-52 8.4887973262705e-39 1.409991274715e-11 0.9999999999859
3.33554750013549e-49 2.17877682629347e-46 8.9564549463617e-08 0.99999991043545
5.76969955859258e-48 1 7.45454460065503e-37 2.52892836207965e-36
1 2.07272598179949e-63 1.7067867250422e-37 2.47281993315963e-50
1 2.63264713029009e-61 3.33430076597512e-38 1.14153273379834e-52
1 6.22061709011661e-65 3.9303018840661e-35 3.16122378336818e-43
1 1.75164106791269e-66 1.31426045960353e-39 3.67561131512576e-51
5.37137820870703e-62 1 1.4128319140786e-46 8.31964955561197e-49
6.28106887201645e-48 5.3777555707903e-38 7.40243150580351e-15 0.999999999999993
9.45903269388787e-56 9.15526608295898e-42 1.63770239001129e-15 0.999999999999998
3.81502429102106e-45 1 7.87747056266466e-30 5.7288956041291e-27
8.56711846384478e-53 1 8.40331957321782e-30 3.1366776742523e-36
1.0481281822162e-45 2.79203636528374e-37 5.25108156299092e-13 0.999999999999475
1 1.67900248384859e-69 2.31484041410669e-39 4.6912457779733e-49
6.19856140007592e-33 3.66063742176247e-41 0.999999999999965 3.45854711420286e-14
2.98802014136605e-31 6.69818908879575e-45 0.999999999999999 7.64766675802293e-16
2.13906893610953e-46 8.39979316840333e-39 7.13887285350537e-14 0.999999999999929
6.71239442849744e-33 4.88919749213605e-32 0.999753489358726 0.000246510641273966
9.4130788549654e-62 1 4.35973447248759e-29 3.46574107324363e-34
6.76946426775318e-49 1.54750906522372e-43 7.36941692169552e-11 0.999999999926306
1 2.02364681963942e-51 5.95385673300701e-31 2.14440839501811e-39
1 2.98911141427858e-55 1.75806423929333e-35 2.42775590579415e-49
1 2.26133351826652e-59 1.16201357843789e-42 6.7215723037242e-55
1 5.80211724124334e-57 5.22529047041947e-40 7.66831769398692e-51
7.66744028456203e-66 1 1.80645657141678e-43 9.50087100305292e-48
2.81359807920032e-60 1 5.55403678139315e-35 2.88970082140333e-35
4.75285075876449e-61 1 5.57435731856209e-35 8.82052204461311e-36
1 1.46774183365582e-56 2.71795379921359e-35 7.27160901589687e-45
1 5.45849185675401e-54 7.91484830726866e-36 3.00278700388769e-46
3.87234837083323e-30 1.11527252042163e-24 0.999999999942459 5.75410834555175e-11
5.72819584345515e-60 1 3.67948217014959e-39 4.3864941664623e-43
5.14974366692416e-40 2.50639350081182e-34 5.36355185573473e-08 0.999999946364482
1 1.6331047548425e-62 1.1011849152834e-30 1.59819583344409e-36
8.31928248203463e-33 3.78490746820694e-31 1.42445612454411e-06 0.999998575543875
2.33244423450857e-50 1 1.27640594267466e-30 1.1826357091476e-33
1.48792207655225e-42 4.68886454995368e-41 5.27195213444714e-08 0.999999947280479
5.41856542535889e-37 9.39261240412194e-26 1.22783858969014e-10 0.999999999877216
6.72385431529234e-40 1.63976385556593e-37 7.0175231258885e-10 0.999999999298248
1.35718719230455e-45 4.99873083436003e-46 6.86174996414754e-09 0.99999999313825
5.03066296517485e-40 2.08937337670623e-48 0.999999999897502 1.02498540194347e-10
2.17768694782766e-40 2.31603874781809e-45 9.56414684228549e-09 0.999999990435853
5.59884470225949e-28 1.08162688786168e-42 0.999999999999533 4.66526579161106e-13
1 3.98488267600724e-64 2.77006241911121e-41 7.49387992597251e-51
3.0742189784696e-62 1 4.51424994892788e-36 2.1379813599825e-46
1.21393154395361e-67 1 1.78223564352694e-40 6.22429959399055e-48
5.83385470138871e-60 1 1.15728849568564e-42 1.15943904635046e-42
1.55788236243099e-41 3.5762142284127e-35 9.34404477121437e-09 0.999999990655955
8.30993543056619e-44 4.31773856019955e-31 0.999999999999766 2.33710670273435e-13
9.78410024346411e-31 2.24001140216703e-37 0.999999999638415 3.61584741696416e-10
5.78061722846003e-32 1.19715615171957e-28 0.99999999997607 2.39305181673769e-11
3.22743450567788e-32 3.47918075040039e-46 0.999972738568608 2.72614313922226e-05
2.48068547437338e-52 2.41230609297063e-26 1.26423208143193e-10 0.999999999873577
4.62180260460221e-44 4.03498449446435e-40 1.82914857172684e-13 0.999999999999817
1.82978924564732e-51 1.04187956020355e-40 5.30942990097721e-12 0.99999999999469
1 5.77661697730563e-66 3.53787176246971e-33 6.4533442695387e-39
4.87913073576241e-40 2.10820715024244e-33 3.64101849181168e-08 0.999999963589815
8.03166812544564e-62 1 5.74692267317166e-36 4.11963744349096e-37
1.25123508799337e-67 1 6.94734866007557e-36 9.34330664317684e-39
8.76153288570491e-43 2.81806920238178e-35 1 6.98749124243746e-17
1 3.61312330340713e-56 7.33488926595611e-37 1.78070395062812e-45
1 2.47778690010783e-54 2.71459967675779e-32 9.55128549030559e-43
4.62855303748538e-57 4.37915099348502e-38 5.01252940477362e-15 0.999999999999995
2.20458534471084e-52 4.73849445434314e-34 2.8946186252927e-11 0.999999999971054
1.02374472539147e-54 1 7.74214576789022e-35 1.98996398226707e-32
1.27383746129229e-49 2.5140836642172e-44 6.73094971236854e-09 0.99999999326905
1 5.54731270153355e-55 6.31192710838466e-42 1.20020449561829e-45
3.43564058713269e-42 4.00703228155823e-44 0.999999999996188 3.81158185085792e-12
1 1.22986093486396e-54 1.52301957896416e-37 9.02916376377767e-42
1.9701925435957e-45 4.35891735289422e-37 7.89758715051011e-14 0.999999999999921
2.07391318769362e-50 1.20617593891632e-34 3.83197747200642e-08 0.999999961680225
2.09838880732095e-38 1.25590996352508e-34 9.87929758049412e-09 0.999999990120703
1.13207374223805e-62 1 2.52937455225039e-37 5.69577503578975e-44
1.47804547049891e-48 1 1.88098120012117e-29 2.63231765655428e-30
1 1.48510505119421e-53 1.12694760943759e-25 1.34677114523517e-37
1.73369199256054e-58 1 1.46191560647236e-38 2.47444908591596e-39
1.22941387803595e-41 2.17051550144469e-38 0.999999999977588 2.24118509022998e-11
5.71495647178715e-37 5.68649310009102e-36 0.99999995165316 4.83468397701594e-08
7.86870238713149e-32 6.77695004452074e-40 0.999999999995022 4.97789418741736e-12
1 8.16379976538908e-61 2.32898600154471e-40 1.25150062299962e-55
3.51604698237906e-50 2.69542413713227e-40 3.03096381710011e-11 0.99999999996969
2.00795036847531e-59 1 7.37671426334356e-42 1.5031026665449e-47
1 1.27334113830601e-57 2.83413566947185e-32 2.21010845453398e-51
9.66917555449863e-63 1 5.96636928373507e-32 1.90636607417845e-35
9.56452434991978e-44 2.36791300454205e-44 0.999999951452327 4.85476730518349e-08
3.38781725478101e-38 2.26328196749566e-21 3.91977681684912e-15 0.999999999999996
2.49433007090729e-48 3.09229010868002e-39 1.11142199046656e-08 0.99999998888578
1 1.32777029299177e-48 5.25218512522533e-31 7.94198968798373e-39
1.7931742030906e-44 1.26946597568639e-45 1.2261985975308e-11 0.999999999987738
9.10423387747847e-42 1.48430106476892e-35 3.7153484747549e-09 0.999999996284652
1.86776073015729e-45 3.30356348689498e-33 8.17507403416608e-12 0.999999999991825
1.17523900259206e-55 1 5.85919787772666e-34 4.60837670596535e-35
1.96651307679999e-37 1.20458587258214e-44 1.59015537835167e-13 0.999999999999841
8.99156996801423e-39 7.34856444271028e-47 0.999999016648697 9.83351302867195e-07
1.33421827108369e-40 7.31236542852725e-31 0.999997271562133 2.7284378671689e-06
6.85509721890217e-60 5.10782912126838e-50 7.62225652036145e-13 0.999999999999238
7.23960929249106e-34 1.61399946845974e-30 0.999999999999992 7.4644046065781e-15
1 3.0525518143477e-62 2.44745197900946e-36 4.89586269372714e-46
1.2303653761658e-44 1 1.8977453663295e-25 7.08161764944625e-29
3.6179495985845e-38 1.01527617260366e-34 0.999999999997067 2.93262486851114e-12
5.12039770592198e-40 1 7.1586908752386e-23 4.67290365997893e-29
1 4.63384042137932e-57 1.37514378445373e-33 4.72410876363714e-42
1 8.59015929062454e-64 4.81712145177419e-42 4.44218560350378e-58
7.03778520354071e-44 5.04396214920779e-43 7.30651844250674e-06 0.999992693481558
8.18097552401961e-48 2.0489262039491e-37 0.999999999721752 2.78247657385038e-10
4.31454378569833e-46 2.38663956298103e-34 4.18968033197861e-11 0.999999999958103
5.49395647304067e-38 2.50643900150482e-34 2.21294124146570e-11 0.999999999977871
3.17822196320392e-44 6.70418695709122e-43 3.56234994053159e-11 0.999999999964376
2.59916209151167e-41 5.70273743947662e-30 0.999999998681108 1.31889226425218e-09
6.8645488552653e-33 1.66041875258997e-32 0.99999980759328 1.92406720010611e-07
2.56453410054615e-64 1 2.76915756656155e-43 4.7881147751526e-45
1 2.80468074797375e-39 2.06523164028347e-27 1.1996183815784e-36
4.78951480454447e-60 9.81393597724773e-48 5.73511773128255e-15 0.999999999999994
2.38941446536205e-28 5.65943516065626e-28 0.99999999845936 1.54064005994429e-09
1 3.00263566979664e-67 3.96375831054644e-43 1.05564598741397e-58
1.61236056860648e-47 1.24414901512898e-36 2.3922961751941e-12 0.999999999997608
7.23971421792305e-54 1 1.04866647696343e-34 3.03187694579361e-39
5.56185721791997e-66 1 3.11083798870605e-35 1.07909541378456e-39
1 3.57610312290418e-54 8.74688817041099e-35 3.43006468433961e-41
1 2.03350578270263e-46 2.33921675688416e-30 1.27847734674007e-41
1.34621277578193e-49 1 8.25974239597696e-35 4.12189022796876e-34
1.00866052800027e-45 2.10165798743472e-35 9.88865510966473e-07 0.999999011134489
1.33926604923397e-59 1 2.41016915471937e-36 3.10318730226185e-42
1 5.7809044616441e-60 1.04127676521888e-33 1.71771486591029e-43
8.18935428121836e-56 9.64711663141038e-39 8.04748230929597e-13 0.999999999999195
4.62276666478746e-48 1 1.57601450475222e-29 1.40181856588196e-29
8.00542872978121e-55 9.49876039818926e-44 2.21005885040204e-10 0.999999999778994
3.37212931771996e-65 1 1.73532470636575e-39 6.71263251902737e-41
1.81292826795814e-39 1.2207942803333e-38 6.33350976953209e-09 0.99999999366649
1 1.98990330011601e-60 6.28285433443606e-40 2.04379747598611e-53
1 1.755881370737e-73 1.4044654562355e-43 7.85309540386763e-58
9.20735121553207e-49 2.76760349353652e-38 9.73484613108101e-10 0.999999999026515
2.9064532563933e-40 4.50636535816096e-32 0.999999784534604 2.15465396138251e-07
1 2.31644403981397e-47 2.34093198505555e-28 6.70875275426442e-38
1 2.75673819369736e-52 6.19788617897792e-31 5.22041051336802e-41
1.00275380616711e-40 5.70870821375389e-36 0.999999999999979 2.12199107115343e-14
4.3592271422983e-65 1 7.58797791747238e-30 2.89338510550991e-38
1 2.55191017606666e-62 1.24926502829533e-40 2.38144325921011e-56
2.02792221257813e-44 7.19428852568708e-32 0.999999999541735 4.58264859266375e-10
4.99700809309871e-52 1.17460420261162e-47 1.21517026183008e-08 0.999999987848297
1 4.62654759227573e-58 1.05779684181471e-34 2.56142228407008e-42
5.01500101966579e-30 7.98139882946603e-38 0.999999999572921 4.27079566558798e-10
1.12545346446463e-60 1 1.57100310888747e-39 6.76072400243941e-40
2.88205287898514e-50 1 1.59369991028873e-29 4.28180718359923e-37
1 5.82953374204435e-54 1.72650112535212e-33 3.71579900822109e-42
2.61238398355337e-53 1 4.3579948433318e-29 3.154766137149e-32
8.46738704485331e-53 1 4.08685726506195e-33 1.86381241933411e-36
1 8.00810874418818e-48 3.79552523460967e-31 8.09035657607276e-44
2.09487458635412e-32 4.00139240437245e-39 0.999999999999256 7.44118711901651e-13
1.16755111118594e-52 1 5.75758587776058e-39 1.49643745044224e-38
1.38374075089147e-40 3.67904747823061e-32 0.99935783727195 0.000642162728049835
7.97197762946904e-54 1.25933698752062e-35 1.29366337164747e-11 0.999999999987063
5.35301924638199e-56 1 1.36729398756519e-34 1.83920693372281e-35
1 1.46998726971685e-62 1.1257145333734e-30 9.64729733436391e-43
9.81468929102521e-48 2.81110580041339e-37 1.93326445123642e-13 0.999999999999807
1.01680310389675e-42 1.25062833418052e-50 2.55581921345358e-10 0.999999999744418
1 1.22827681663239e-57 2.28475828025373e-36 3.06896963516348e-49
1 2.39248120755072e-53 1.49530656630786e-37 1.91605875016954e-46
1 1.12740106148403e-47 4.62208964227783e-29 6.80696345296576e-39
7.44994114130626e-32 7.09608991549598e-28 0.99999999998881 1.11903434238102e-11
8.83527285086026e-36 1.18704360522259e-28 0.99999999998213 1.78696294256404e-11
1 1.60479833961243e-50 4.00780959105723e-29 2.2482563223447e-38
1.14200544741619e-28 5.76364705949037e-43 0.999999999920155 7.98446836132342e-11
4.24080697314133e-61 1 4.66203360705445e-37 1.06694595928379e-38
1 2.08455711940915e-58 8.8900595733529e-32 1.69545197802785e-41
2.48950613003508e-31 6.49497568927056e-40 3.21658112037469e-07 0.999999678341888
1.55827559562532e-56 1 5.26265286552654e-37 3.72801072546096e-43
3.96859252285712e-52 3.12510567139889e-44 2.43545964768033e-07 0.999999756454035
3.7821806274301e-52 1 3.59385772012714e-35 1.05993097839815e-43
1 2.89457178185554e-67 2.29765869392807e-38 4.07926412509429e-55
1.8998931402608e-38 6.70936847611253e-35 1 3.54446948510872e-17
1.4682074533703e-57 1 3.02856750403069e-42 8.76245424075029e-46
3.30514084551572e-38 1.60923271626111e-40 0.999999999973689 2.63106990410174e-11
1 8.90983349234407e-35 7.56944898048226e-23 3.38504266446709e-31
1.46959167046047e-65 1 3.54281448945337e-45 1.98786251351109e-50
6.41681433003165e-44 6.73371678388584e-37 1.61937300768128e-07 0.999999838062699
1.99538896206314e-48 2.46964202710667e-38 2.21281147429421e-09 0.999999997787189
1.4598000549362e-33 2.54316486681637e-31 0.999999999999461 5.38912975045479e-13
1.08707341399702e-39 1.16222716086616e-37 1.61771888294504e-08 0.999999983822811
4.31856374079771e-42 2.26648391792164e-37 0.999999999999986 1.44559645631785e-14
4.62991451757562e-60 1 5.56137354631928e-36 3.51842962218989e-41
1 3.76420035524704e-60 1.21648440615671e-35 1.07555552969937e-43
5.48946762156646e-42 1.94547608210642e-27 0.999999997124876 2.87512415849267e-09
8.06015274353105e-25 3.29072538837493e-38 0.999999999994239 5.76133814826724e-12
8.46988152964157e-35 4.23792596580757e-43 0.999999999999919 8.14473728597096e-14
6.06557635411551e-37 2.92255176586739e-33 1.54461508249739e-07 0.999999845538492
1 2.58396852623737e-60 4.87902705461564e-36 1.54473273636461e-46
7.08487614236929e-48 1 7.61755614835722e-39 9.03838805178563e-40
1.60177039087515e-54 1 3.94519079817357e-34 9.29918283757118e-34
3.79309556841512e-63 1 3.38591510205693e-36 1.23301245577106e-37
4.22625629054781e-23 1.6354101150569e-32 0.993385237693006 0.00661476230699385
7.34669363950758e-64 1 4.04261674023863e-46 4.26499177181797e-50
1 2.58996307327601e-55 9.01591618198274e-29 3.37816501955518e-43
2.76584473472188e-38 1.49096425309871e-30 0.99999999980447 1.9552982078698e-10
1 4.85074805873658e-60 5.38927372920997e-46 4.29781855973675e-57
1.39855926793109e-47 6.68264378062924e-37 2.53125545636049e-11 0.999999999974687
1 1.23813501577042e-63 4.30805225415126e-44 6.73226438792391e-57
5.34279613568743e-63 1 6.54142551418614e-48 1.46164615286779e-48
2.21043994526604e-66 1 4.59828463379888e-38 1.15022277424747e-41
5.66614522141304e-49 1 2.60737617269293e-31 1.16025366775021e-33
1.65093257997313e-36 5.91462640576797e-41 0.999999999997509 2.49088719602763e-12
2.16511740582411e-69 1 1.79058688653735e-43 1.27849178153818e-38
2.14995108980157e-55 1 9.73256368588486e-28 1.656701533475e-27
