"LD1"
-3.85269147825215
-4.26575839760205
3.96587831773467
4.28334124391847
2.58917592481025
-3.96850784916427
-4.32514021254229
-3.69287273091438
5.02885359626055
-3.85475300084359
3.05330344171252
1.75094141275555
-3.21752613075451
5.05238083619387
2.48536326720561
-3.70611227656645
3.65559734522388
-4.50526308344846
3.33926093127431
4.6817898233583
-3.82928809821508
2.20913970314742
2.32852732048313
3.24116250631517
3.74326167174304
1.09156225230973
-3.53826928338243
-4.21249134903247
3.38822634954536
3.06550730921925
-1.71829852872002
-3.67370250961416
-2.13667074441282
-3.98777989279045
-2.05898881457338
2.68660699288768
-2.15485603870392
-3.32468249465234
3.35559611692419
-0.905746632628315
0.435613611881839
-2.55918828947017
-4.06212297361885
3.84608453667083
4.53894695870444
-2.97306218548691
-2.02471632255016
3.55820971141923
4.20341494807007
4.084116009793
4.00167420733513
-3.36941237322565
-1.66707411358234
-1.71912378988269
3.57439986267989
-2.9297106984887
3.13361726841564
3.12404886369152
3.03976471601405
-4.20866256372042
3.29409129923045
-2.33085058568903
-3.72818954878026
-2.44276575486259
-3.3118479819431
2.23005355347464
-2.98125210756672
5.1003906894101
-1.97178529355598
-2.93519822682735
-3.497272150066
4.62615616078977
4.56833499463358
3.92152655162139
-1.65161736910881
-3.89503912287375
-2.14793010864794
3.2803257138528
-3.08015393248251
2.49575705203779
-2.1497291962123
3.55221757550783
3.08320349601831
-3.04162407482626
2.83512696701208
1.64248726411267
-4.12584144616496
-5.27715416552024
-3.8462914388216
-2.57988889988865
2.65501263859383
-3.81550301204795
-3.48762786807636
2.74991341636172
-1.83122260032102
-3.95382300583885
4.82856936941887
-3.48449054362414
4.09930277902607
-4.02441239106367
-3.19323188710775
4.61773007207514
-3.28717351688553
4.16569360761019
3.7315819217272
3.04820847384706
3.43234653670684
-3.70786717193506
3.33480336263251
-3.79663340825723
4.44992603378173
-2.67811231637305
2.62480044171827
-4.15532539394359
-4.34204814889204
3.56768593908066
1.74803169793701
3.11681247057333
4.17421751593884
-2.2410719072088
-5.78693047269391
6.41170026314584
-3.59874667760865
-2.8770556472057
-3.48463028792136
-2.61335038273062
-2.41116180029043
-1.45946984090832
2.95723640703212
-2.43838575931988
3.07368198560734
4.9903077602977
2.83819966075108
4.59858728393954
-1.64833150203433
-1.29855447937243
-1.85046459808156
-2.10802958419037
-2.31592405366957
-2.52336913109887
-3.52910887989623
-1.30207174558692
4.00675697227442
3.12873044956252
3.64621926495716
-1.92582781709999
-3.14260617294064
-2.96534461778886
3.82317964156152
3.69575558119323
4.05164154511065
5.35876214228008
-2.12662234713492
-3.02677301082621
-5.0234374801804
3.22030003302613
3.91838509107074
-2.81309287346753
3.69971169870684
3.00510800164741
-3.51268466977996
-3.87406363543759
3.28916363611395
-2.77765388112148
-1.17069736100035
4.63646327033462
-2.89023714259326
3.43016229011881
2.53284463770088
-2.80506417767117
-1.00714137389736
-4.43032555870201
3.85028841772946
-3.7480645368007
-3.25510098515125
3.60628885962049
1.96034499092747
2.24130714885953
3.49537731815261
-2.36563212862393
-2.23207706207667
-3.36547797109722
-2.22397303590731
-3.42196940913137
2.03938379347759
3.30569687458566
-3.40818117121649
4.38521315134596
5.52515657305461
5.42234259777763
2.30646774648012
-4.35680159255617
-1.86857780525463
-3.636146757971
-4.38710669664507
4.54612597040681
-2.69298275509025
-1.30838266959816
4.13375413308832
-2.8763732609219
-3.5555481944677
3.96272010329027
-4.27860157783395
4.76078251984799
-3.81353313438156
5.10790420075889
-2.69573519553127
4.07952406305165
-2.98460845326901
4.11842928446349
-3.76975224669399
4.80989878868104
-1.27052310162098
2.71217731372642
-4.02549153707024
-3.17357201350144
-3.20569674039664
5.23192637730605
-2.54444325531189
-2.82527589505877
-3.397702644007
-1.41304859888611
-3.61303326225178
-3.51014922785069
-1.71741029561997
-2.16072218687108
-3.57575175930793
4.66928477747742
-2.41897186724239
2.46696391826628
-1.58780022955234
5.14652827268428
4.47741839836752
-2.56674106595298
-3.33172184568302
-2.04106805961261
-2.11693638292737
-2.45281982984975
-2.24495613029013
-4.48711352951971
5.91691146499554
2.77960514408066
-1.33853347759165
-3.14335300832017
-3.69041649367425
3.62720967203215
4.04293133202993
6.07848782011319
-3.46077930359178
4.89449349975193
-3.24052365821447
5.47653031858592
-3.61143637645015
-3.87156488625081
1.05397252104582
-3.21901987793486
4.45330010634105
-4.84765094925248
-3.27454342924081
-3.54917851579365
1.29714622165831
-3.22548637329369
-3.61702033525098
3.62555661997662
4.0010992412062
3.511233901205
-2.54686629614643
-2.65954919633236
-3.87581399291402
-3.76946566194722
4.08873990727266
-2.30392406041395
5.51816385445272
4.27092447213071
3.5540851576802
4.97788191842281
3.54426459407445
-1.39735026986775
-3.13485242345162
-2.77522577723986
2.51291505938199
1.41917696375933
-1.74316953178583
3.84934113471332
-2.61111733906612
4.49484428728604
-2.91668830048565
-3.96496985762134
2.08903896600779
3.15579099046756
4.4231935173826
-3.29919559613546
4.00531977372015
3.47977340356137
-2.68428389930354
-2.75755343087572
4.18101046665132
3.25622756673774
2.9874879517626
-2.12282289922266
