"LD1" "LD2" "LD3" "LD4"
1.7643401845753 5.70268957535238 3.38117843202693 1.76775819075795
7.37918413377915 -7.92172859105974 1.22715579056902 0.286736175799807
-9.36947320862851 -3.45183142566828 0.589711271388501 -0.219494342756253
-9.36280333559634 -4.18435813890408 0.236232943190334 -0.383095917607388
-0.221578453050593 2.4818825710972 -3.00051242169777 0.565580172845282
7.30249794731757 -5.91432172339744 0.8539518969036 0.252286516117979
7.43234045011565 -7.6192772161435 1.25842999262658 0.415164425050904
2.80978318999262 6.6553303214408 2.57767503710313 -0.858314122819241
0.238691266112708 3.17966401745543 -6.1480130861861 -0.568152401008184
5.78461620571264 -5.63566208125844 1.54025118674797 -0.54725660943992
0.77001998941983 2.93215214215585 -4.11112931886055 -0.978673303206715
0.470772610596974 4.70082299086072 -2.46915164290424 0.22564920601121
2.27521366776775 6.45700368110391 2.32240889401661 0.0274536237974635
-9.65989227201379 -4.39103980804512 -0.489854420086797 1.53154189308125
-0.694995486323332 5.2529459551314 -2.71690455254084 -1.16347874032178
7.04545891761654 -3.97555324552053 0.621298920317141 -0.156695688083539
-9.05539388862143 -4.83493803026691 0.824648879590124 -0.88020617438037
8.38520907437028 -4.58327328262112 0.851108506979549 1.13289138713241
0.980890007588558 3.50201300424651 -4.57087958726315 1.54933346551256
-1.28919189237294 4.03519911633713 -4.9390783744237 -2.68785645680598
6.44465574500984 -4.35960315009878 1.10793836305251 -0.210923072077676
-0.0500026416372456 3.7951761067771 -2.69192887473244 0.336630305125465
-5.78787660443313 -3.74705518690986 0.56730175226918 1.64382280699666
-8.59317224681269 -2.50890117088195 0.982067151645389 -0.875794685183489
-8.5158066460281 -3.42181908421877 0.375095617957094 -1.89754563530671
-1.41438089876592 3.62169021350076 -0.618451509871801 1.75111509503191
1.94479090630765 5.10469626623707 2.91912100814706 -1.34383895964796
8.32462545114219 -6.11774735250286 0.581732076276381 -0.944276428958371
-7.82861762269749 -4.65621982614576 0.473098891967803 2.17657713097721
-8.97919981058764 -3.04663091691805 1.42133854526595 -0.0495605364884444
1.69118009408643 5.78261883095047 0.910449035264186 1.85710876951134
1.46231643405678 5.57421958485331 3.33691711959202 0.879541609669265
6.5915399906796 -6.54826563402897 -0.887665379758824 0.417558951710837
3.18301493744083 7.81903082232715 2.68255303520568 -0.601329637384397
0.513627827651433 5.47790001812567 1.95522674975829 -0.861565333307975
-7.71216817135776 -3.57240474300696 1.19485340711549 1.34402229458178
5.15573254610716 -4.60331984404611 -0.136600450729726 1.81927160716824
6.60574924279475 -7.10937685920061 0.526607631980964 2.1679394749577
-1.21487835251755 3.90321666869179 -3.40582359582798 -0.0856213318109948
0.46326299614459 6.75311682788562 0.59224791490824 0.704470039298054
0.646169669550634 5.00707713807186 -1.02738047732349 0.713530203508353
6.39023589932644 -4.61317874629392 -0.349325033097724 -0.834728974325611
1.02113297426952 5.9980500667293 4.01564197344766 -0.516042426785099
-9.27018489075771 -4.91511092255199 0.722422840128117 -0.588910761108284
-10.9540801952817 -2.17711973117498 0.746389804867139 0.46334768767049
1.7560348449847 6.49578469540258 2.32319419462794 1.12560602352888
1.17411206757097 6.63985045418892 1.51260960620498 -1.34224650939353
-9.13685639258375 -3.56197308904258 0.947517789725412 0.405311178113945
-10.7566231499372 -4.92191204195334 1.12065958604641 0.0611508243962558
-9.4632356454353 -5.30093800455617 0.561974945228999 -0.399428649597485
-8.72510057534295 -4.12865122303296 0.215468678855482 -0.439095870119641
1.53824329242812 7.36424484271462 2.87057569675521 -1.11832620590723
1.12078240593639 7.88294171601462 1.08158879125953 -1.15412000166815
0.507818876011478 6.20075583263047 1.54542258238557 1.54233317003272
-8.52515410734937 -3.75180925532081 0.597005614959688 -0.117866121555295
7.11027221565936 -6.41653192119995 -0.242675141936676 0.826875018737631
-8.61742373022579 -3.89984017508684 1.17790890256919 1.63272535723274
-8.82924202480778 -3.94501404500713 1.30567075130507 1.3629755370966
-9.40155954840264 -1.30940266053553 1.63710718124292 2.50293199062206
7.13106014675437 -6.60274146638762 1.24751512476599 -0.997844137127879
-8.84443354888613 -3.05467254414296 1.0761954262645 -0.720779210833892
1.0942820336666 5.25363788732533 1.9717269984912 1.05730788534405
1.45779653088339 5.02146743793392 3.42579608998549 1.88830204366115
1.08135565960378 5.29450345024639 2.10943385155688 1.15655743419362
7.52153324340016 -7.63442294918323 0.0186452026124703 0.317839156365005
-9.01440310086332 -3.74162561633705 2.43804790255218 -1.77910128076504
1.53347538054042 6.99124914758137 2.43405371306218 0.0343302309158934
-8.6661931223472 -3.11385378867743 -1.13571028071452 0.917356013227342
0.645964929576087 4.70595968952148 1.80971535623864 0.152887380498183
7.77060728029524 -7.46382604098616 -0.568369906718594 -0.187793443917495
7.40186905456499 -5.50431298896033 0.226773553867622 -1.02577950883788
-10.0933358253421 -4.40500344828819 0.231874727064709 -2.59584571225348
-9.54184740838997 -2.84736911788783 -0.0428444465409064 -0.032869570544859
-10.0466901447931 -3.64149784243126 1.02295277269446 0.604232401722769
6.20896234607376 -5.29487328571961 -1.29417695112785 -0.812747279768248
2.31813133444346 8.07825673283915 3.04154173694866 -0.0973543025084223
1.61293820480122 5.27828573221883 1.47151038700256 1.06795256840212
-9.27298804023444 -3.02442447228795 1.32637343899254 -0.733956330074568
8.12664922446796 -5.55864926381353 -0.663964878979602 -2.15280058630752
-1.80807055695132 5.93841943321679 -2.13639383672237 -0.0489375136436546
7.60387375700243 -4.20500715831917 -1.50302731117755 0.717839481985345
-7.50247063269229 -4.2134484463338 0.075646811179083 -0.508878948640628
0.198133418636133 2.62789699297199 -3.82190095953297 -0.801357562566654
1.99957603830421 8.52471125568037 2.205199807083 1.4696670054243
-0.940423801842253 6.3761787775238 -3.02753365566679 -0.53734845438071
1.35177083976105 4.39345161477161 -2.81806056893308 -0.54559730652017
8.11168117333536 -5.67591980803542 0.597222323391566 2.61491837710264
2.3253909458796 2.59126782755953 4.84687261439226 1.12395886122433
9.11485142380082 -5.36430448201799 -0.307310042095787 -1.07482444288985
1.78990329781129 6.20645890133055 1.8552032511455 1.88803521493262
-6.48079417293377 -4.24804044660345 0.571268205978639 -0.431409073756382
6.54083672714023 -5.10736042364731 1.05701259204631 -1.74351477555332
6.82076953152735 -3.65786187908408 0.479073753760622 0.25542116580796
0.434479245714365 1.99226541291371 -3.54254572045595 -1.64617131478089
6.08549149097486 -5.81955063198377 -0.992797024855751 0.462869345257851
1.4482981311249 5.46741529904222 3.67514387818315 0.359450599416762
-0.394672596442363 2.93212101704811 -5.55517331480169 -0.104237531899536
1.60367743720625 3.45774659215442 3.09676374152139 -1.38679623104909
-0.807838434074573 4.45582022133197 -4.52165097533188 -0.17620450250583
6.12687501780312 -6.35419082199255 1.58121515663853 0.813382937003086
0.67024688126288 4.64596298210239 3.23549299683193 0.515322392826672
-8.80719804947976 -4.51375436739835 -0.450772548900241 -0.394976271184451
7.77032282406061 -5.55001691712983 -0.216159495050082 0.0617938660698984
0.159030080233981 2.53301910818738 -5.06946556672942 -0.762710350890849
-0.353600403413558 4.7809010685285 -4.34723440110095 0.298674739887666
-8.06224594698983 -3.22698198538855 0.934714636812108 -2.40850525063366
-9.41027164870427 -3.66958826253174 1.24157090049202 -1.33957689024438
3.83877689547479 4.82514827002649 2.090068617815 -1.05112463450103
-1.05941893123972 3.87876874869624 -3.46073533250096 1.12646978025193
7.27853644558526 -7.62907565052154 0.717992101542429 -0.520113282134855
-9.10552762242259 -4.24273795895205 -0.0966020904731509 0.126700633725134
0.539616181842521 6.37408479644821 2.64120890349677 -0.407381992467876
-0.896788597291032 3.00334030632938 -2.69135606585917 0.0393989127506835
5.29349883058221 -4.59588018692337 2.13111311825199 -0.00455275754004783
4.23996711925663 7.63598090790041 2.53065259865506 0.683380027594734
-8.22693316225694 -3.37138780933714 0.431880125875024 0.59485908663358
-8.53643052998479 -3.65832045572994 2.74930848053356 0.497852980588261
-9.88720734760382 -1.35717133649327 1.80786332528077 0.935651824614976
-10.5825597477986 -2.80336382283239 0.987516229767527 -0.555715432798901
7.3005646832511 -3.85905464321541 -1.24594554193367 -0.538144396169925
8.6579339816575 -5.28047320804181 2.22109920419256 -1.15430959101694
-9.15962090341527 -4.24298589525412 -2.37474382256518 -0.368318588315781
7.55126784262821 -5.12939752103029 0.251761572792157 -1.03966354261381
1.64436814375209 5.70000556187055 2.29281154067715 -0.0250015658812007
7.50160556050389 -5.59150823002031 0.158712455718189 -1.34754973797105
1.16697772455119 6.88551351813432 2.20101301957013 -1.17667724847855
1.46232206387149 6.3590821007464 1.8275060702486 0.926972544177238
1.55545528703318 7.50046195764343 0.61954518913847 0.702913251700231
0.0904275005129153 6.26076562651155 -3.73376961577545 -0.801965961206391
6.29993580399979 -6.00679461593514 -0.399877503235838 -1.72199198959022
1.51284531589509 5.31748401955012 -4.61841087722834 -0.45478710157947
-2.25745503219111 5.64719274750082 -4.81323497742002 -0.269939454756968
0.918375828243439 3.51940228965525 -3.94325788854843 2.73306570713102
-9.81310157156705 -4.87749369238507 0.128977115515485 -1.90324587961833
-0.347731010534845 6.57567214109462 1.91037180707485 -0.544443205599196
5.91862321471064 -6.85120215101695 -1.49646596026576 -0.229454409193385
1.24354972427409 5.79957042269633 1.30111884911627 -0.423899151174417
0.972415537929221 5.07020907069197 1.78134276878018 0.738839099387743
2.5055567208644 5.9903943587725 1.14848962619703 -0.728738313976761
0.562584325693483 5.36736901822368 2.47968724203884 -0.413181385380741
1.81992633720836 5.69449132361719 2.96368749160721 0.118454019073828
7.99925304921326 -4.58058495893594 -2.70252939672699 1.03137009267732
-1.24811208212871 4.06739704576806 -4.16253220390669 -1.0885399304785
0.259037742966001 2.4418866694756 -3.89312610339807 1.4734513864198
-9.60367976455503 -5.78530026947391 1.17123342445559 0.00192209152741098
1.16162364174468 7.17373847013269 1.39922920817032 1.8545043032013
5.71529513374284 -4.77849376446717 0.720110865698677 1.09389922670722
2.08436558093702 5.87461449995308 2.14296818709987 -1.5829914983384
-9.00014768043145 -2.65155318644985 0.526615389023993 -0.70334959921276
0.0546999168696098 2.8764307963852 -4.4657150386924 0.528425884982926
-1.91483149720581 3.58882050469707 -3.82926035424949 0.0213175405805987
-9.87104837826812 -4.95200008681627 -0.7245117386097 -0.541283013379932
0.356150797154095 5.55972551758226 2.11985370981822 -0.518865554181208
7.74524842742865 -5.528686624117 -0.511866934755747 -0.579481874022695
7.79179909985105 -5.85282912166085 1.81872896284658 -0.87045595945147
-7.52476615112677 -3.38804660870748 0.450340366470839 -0.653890019542216
-2.08828491671152 4.37878763286927 -3.59886557045689 1.09219677107422
5.69350350377715 -5.37094690744396 0.362949866301822 0.801905771845274
-9.95524114058703 -3.95273190547314 1.23975344256304 -0.330522663802795
0.223268400047372 3.9738233508052 -3.78495148433319 -0.0825902011725605
1.08519977693167 5.44289126344498 3.35269112602765 -0.569561645925808
1.38333059877484 5.79079287782407 3.60224810300294 -0.634510906903221
-7.59867750221109 -3.56265411099368 0.423994181344799 1.32210070554322
1.36988570653939 6.93522080384508 2.28339004139134 -0.659476992901516
4.46500451481324 -4.79896258742938 -0.918319272851147 -0.611746534112771
-9.56146099179826 -4.7378856751774 -0.0494755431941626 0.147931603070371
1.53947596587406 7.16414297351415 2.31832613068713 0.0815094307882316
-9.08401368961245 -5.9560164728792 1.15122671434695 1.30113165584195
0.11125637600816 4.52020241202912 -3.18159882820812 1.04351434792939
2.92921427872834 6.67478767631484 1.47596070146548 1.01303637799387
7.36858859087098 -6.4663329575367 -2.6463044769364 -0.105546810090045
6.59709473236879 -4.96699896639741 1.75133833923756 -0.046063689250762
-9.2504017537189 -2.88396003442752 0.643709203277573 0.26602483372096
7.9628633807937 -5.66707210734163 0.220093727898897 -0.810297350807556
2.21792009418455 6.63557768701413 2.38963355771267 -0.568188488489474
1.62363278750979 3.6653755595062 -5.25249409345741 -0.797540568716252
0.8481640495712 5.5878667428662 -2.95240424777533 -0.0341663210189398
1.91138916765967 3.60192564431182 -3.8019090857131 -0.316888667704387
-8.8548520889146 -3.66556884663846 0.86647520960739 -0.452035717637272
6.63057673582861 -5.93598534835122 -0.663672862211929 -0.447224894950893
7.07564077170338 -6.10887627438436 -1.0543833428392 0.666551127599894
5.66300512778904 -4.71292081037016 1.00557526604584 0.379217972326795
1.09856732078622 4.94576753001421 1.84665034656234 -0.648280746176934
2.88287904628933 5.84533300463962 2.24318895471995 -1.45720970060863
1.12280611865419 4.37540606361517 -3.16041748862088 -1.02975614080476
-7.94088117094324 -3.09773204192341 0.576058932930558 1.0944106349734
6.66139195475784 -5.22314510970784 0.530464217747124 1.69799886900572
0.542524213986058 4.20039662467736 -5.58889265223557 0.073105445731733
-11.3132180811265 -3.86911556215759 -0.158736560726077 0.843040328690781
-2.06380095219688 4.14671330350065 -5.37974721712623 -0.664543683943611
-0.253534510243365 2.60367058232826 -2.66408774562469 -1.6601461765723
7.34900766570865 -6.62524213743732 1.30771524506355 0.160699929413244
-0.663583161972711 7.36118080426399 2.32363982577705 1.09197805935514
7.46826930105018 -4.92661429685341 0.335111226282034 -0.918085696935164
2.42281824336996 6.86134024085626 3.5995398832964 -0.757730932523391
-2.21134250594938 3.96692906369169 -4.25985023916346 0.104756564039285
6.07496882506256 -5.24451034742448 0.00648353635937848 0.342576330729528
1.55124073868509 7.32911408096774 0.448053342182746 0.267016982413312
-0.223672971825351 5.4958893916165 -4.91761871716374 -0.417510554898479
7.31438794667848 -5.03363830191741 -0.46646002375872 -0.0861274196407589
5.37216979871203 -6.9296967357638 1.46509943873697 1.32967011749335
-10.462971102993 -4.24182086877189 1.21714774730524 -0.667900609156894
1.71631465989289 5.73500847695412 3.89651451882381 -0.728690586693915
-9.85094920082463 -3.68141406439303 -0.0766567990821001 -1.09304217292554
7.73250685082255 -6.61800641763272 0.447854028624843 -2.39289175402457
-7.8392998058306 -4.11306442415732 -1.5671728162981 0.48076388136055
8.10776748248066 -5.10650179986464 -1.11327772058133 -0.502852988266525
-0.679953075810224 4.57045146800114 -4.57970480269274 -1.93194073716534
1.41086901839923 6.77364531500093 2.50917319599277 -0.72374015193216
-8.9554408588453 -2.58895969537211 0.157005671592792 0.239251051777992
6.99045418668576 -5.93531087125453 0.789053090569738 -0.489020160150647
-9.55469337633956 -2.18083239654389 -0.343403865185619 -0.472945770288813
5.80152360893147 -5.62084485289295 -1.50426293108662 0.0606937581065942
1.70608619267008 4.30893231820474 -4.26989231174901 -1.26501629004778
7.32168405458325 -4.83649120380857 0.871079585832663 -0.70095112094258
1.79292183776062 5.81064919415113 2.55841033441243 0.495256680953839
8.37386795269456 -4.89480143504261 -0.660635249020414 0.955110205158573
-11.2932133517472 -2.56523101864629 0.126724284520306 -0.461319168150726
2.0314748517868 7.44560571441991 1.62884793109988 -0.865775662380547
1.42080935496875 4.79782066447865 2.37923798591673 -1.18166536124083
7.2328898094415 -5.77796030305375 0.216197035667943 0.114318564868242
0.858253100895557 7.54620649295768 0.933993203284556 -2.11394635010437
0.861365204153096 5.79719777620163 3.58574742730553 0.367919556572659
6.71183817298742 -5.28207629032701 0.616633523304233 -0.184237113007878
0.285899581293577 4.13885994031709 1.72763894861965 0.352364848592796
1.61342125712649 6.39906782395746 1.44526911125841 0.0482517195772788
7.4129140973289 -5.58593798256559 0.320361362281157 0.096253399107787
-1.26107744036986 4.47194335433072 -4.9366083204086 1.46045116059016
7.17546949157898 -5.88218168863826 -0.899738302534034 -0.00688778180529359
-8.45813957615408 -3.41434531310207 1.8471815814192 -0.975472005678193
0.953980041725658 8.4237180849542 1.06379214469636 -0.773756618498513
-9.66636758876007 -5.03858892765846 -0.582274597429308 -0.0159676221941986
-9.69910331261376 -3.34888313845189 0.17024250650872 0.809898271551136
6.99113170713875 -6.87529539578032 -0.58860531924184 0.899958768897988
0.669514184037706 6.82434189091115 3.32580340608436 0.156882641245612
7.66054033672487 -6.46332971792928 -1.58346485441766 1.75747296456694
7.50757521574873 -6.15045647153982 -1.43720687951763 -2.16854153940206
1.74319542144886 6.23332056626873 1.72141156879386 -0.28869541792502
2.02914505488352 5.84400271599086 1.32967091692463 -1.08341541193722
3.07991769617202 6.49944056281744 3.36959871714492 -0.507045786697858
-10.390825572703 -4.89463831585912 -1.09538415065738 -0.0817860569501119
0.725049557918308 5.13032846799994 -3.83110552050832 0.36630216978855
-1.03805555946831 5.16504204210437 1.97785519848659 1.06255746795484
6.67960292813009 -7.24572397421807 0.271596240923456 0.781080576079967
7.28633072481228 -6.53425812929438 0.553444739797261 -0.418867069957383
0.348089482391134 3.8516448585591 -4.58375689180625 -0.835028291795428
-1.05344334557388 6.10389107385754 -4.37225737298128 0.396361988055523
-10.4658568205644 -3.93151006870423 -1.27275304507393 0.613141665339072
2.89436744794742 6.13931559417452 2.2803897881356 0.324821003749889
0.846835118493102 3.62744577121745 -6.33343124724776 0.58742360083506
1.89162600382027 5.35750133290781 2.59494954283862 -0.182346263811614
-10.1019936155883 -5.1135656086196 -0.728860031210869 -0.0406239043930611
8.2546311192583 -5.87004769471033 -0.0937509997324942 -0.783477932119272
7.40771911899511 -6.12938138922279 0.68323738821565 -1.19606294429776
1.24272382932726 4.90543884830674 -2.07841138013507 0.619068376728596
1.89980083240152 6.6065278016592 2.52834947248624 0.782160571309289
-10.0557433325261 -5.1298520731508 0.45399643371594 1.15840686289326
2.41629453874715 5.95989965257395 4.18037874612883 0.77003595038913
0.385975775385313 6.25678950956975 3.43058794190468 -0.343674789181349
7.7280668175938 -5.13137241765005 0.105014317872171 0.955198623063872
0.089632687305268 4.18219898941654 -1.70811701764272 0.61653683480588
-0.705298168157774 5.85635424062386 3.98842862601701 0.571986667320239
7.36609350453018 -6.17428728789378 0.414835258753072 0.337994650532613
-9.862111097614 -2.26290468375846 1.22018607395425 -0.400951676168828
-2.09850400893854 3.24062739762886 -3.65586176040742 0.460602671776912
-0.632351299763122 4.3826300064371 -3.91954236602686 0.958178922049337
6.91503652425474 -7.3159903770292 -0.556966952810386 0.622095117716478
0.22845756089161 6.71877668503961 2.78555321048599 1.20333169850404
5.49023176422448 -6.23471828006516 1.73938373365334 -2.13590891141981
7.36063325166481 -4.92605197518348 0.554981509683907 0.068415869635046
-10.8943912426087 -3.4050502575597 1.27860089086972 -0.582889595505782
0.696882372218793 4.92916805298398 2.16365245549731 -0.131134828516284
-10.5485265246552 -4.80663229637086 -0.54488273842795 -0.501035987482078
0.511870028326311 3.90719520757712 -5.42383207971102 1.0967381739247
0.424271818360981 4.75772094627458 -4.56102224776703 1.1208985921155
-1.45793607959886 1.73968092849222 -5.10977215640638 -0.417873420362687
-8.57707143292584 -4.27989669410322 0.684617413719585 1.40451371898086
0.854977400722236 5.39169667146861 0.997564211302989 0.175345204349033
7.87253654260426 -6.93860431985048 -0.398756895657809 1.72332806818902
4.59342141629098 -5.754464087165 0.92779658465318 -0.753453022748181
1.47722985133328 3.83161486801232 -3.8850664412721 0.981196007929853
-8.67132405462793 -4.49528364605974 3.23173559685739 -0.802092617254457
0.358952307221818 7.10582556442053 1.61162407228871 -1.79172452213066
-9.59913132580823 -3.13877914610678 0.84350614686999 0.0461971304860495
5.91221679500324 -5.1800340106558 -0.00976075424879837 -1.35889458992478
-10.2604292118615 -3.54800441838288 0.45987066022062 -0.204307965736432
0.933408457186861 5.69398847737084 2.73202656668865 0.568454816855739
2.85669884651449 4.72442788823621 2.9349869493729 -0.859561396104101
0.821947251554779 5.68958586336158 -3.08862788025453 0.911068563645355
-8.4679544366901 -3.50797654678405 1.05534050623363 1.23114921541529
-8.30247843369212 -2.30433929068885 -0.565722364899092 0.930775131486631
6.60519134748582 -5.54949023007157 0.443560205256347 1.62140396498955
-7.73834559187298 -4.40745035416878 -0.318300688897525 0.172525159800203
0.488421809083568 3.9037011779832 -4.4883901198031 -0.656629816875715
6.19004234910569 -5.61116751966606 -0.045457069691188 2.56810995021079
7.71946187081702 -4.52763796887314 -0.839231174909525 1.24672301957684
-1.09242115995875 3.876532623026 -4.44104552171837 0.198956939361807
0.745553620498904 6.01439602664087 -4.43401006482892 -0.229709501214668
-8.49149839967472 -4.50846088309693 1.29153375580359 -0.499802421995384
8.14118109664044 -6.57894983386811 -1.75108978254354 0.83563405843685
